 Fermi (or HOMO) energy (hartree) =   0.27993   Average Vxc (hartree)=  -0.44594
 Eigenvalues (hartree) for nkpt= 112  k points:
 kpt#   1, nband= 50, wtk=  0.00463, kpt=  0.0000  0.0000  0.0000 (reduced coord)
  -1.94320   -1.94247   -1.94238   -1.94234   -0.80685   -0.80595   -0.80589   -0.79561
  -0.79299   -0.79291   -0.79277   -0.79270   -0.79196   -0.78781   -0.78764   -0.78722
  -0.39861   -0.34361   -0.34313   -0.33646   -0.31758   -0.31200   -0.31070   -0.30760
   0.06655    0.06807    0.07517    0.09803    0.10580    0.10659    0.15942    0.15971
   0.15993    0.16365    0.17623    0.19177    0.19345    0.20273    0.21441    0.21578
   0.22827    0.23390    0.23410    0.23697    0.24762    0.26534    0.27983    0.27993
   0.45610    0.46399
 kpt#   2, nband= 50, wtk=  0.00926, kpt=  0.1667  0.0000  0.0000 (reduced coord)
  -1.94316   -1.94251   -1.94239   -1.94234   -0.80614   -0.80520   -0.80488   -0.79580
  -0.79398   -0.79338   -0.79252   -0.79232   -0.79190   -0.78898   -0.78811   -0.78757
  -0.39426   -0.34263   -0.34193   -0.33546   -0.31856   -0.31830   -0.31054   -0.30863
   0.07033    0.07401    0.07525    0.09996    0.10063    0.12341    0.15005    0.15053
   0.15518    0.16247    0.17570    0.18712    0.18741    0.20752    0.21214    0.22103
   0.23115    0.23410    0.23835    0.24434    0.24696    0.25257    0.27666    0.27893
   0.46115    0.46868
 kpt#   3, nband= 50, wtk=  0.00926, kpt=  0.3333  0.0000  0.0000 (reduced coord)
  -1.94305   -1.94261   -1.94239   -1.94234   -0.80431   -0.80343   -0.80193   -0.79710
  -0.79589   -0.79377   -0.79248   -0.79244   -0.79165   -0.79138   -0.78886   -0.78851
  -0.38305   -0.34082   -0.33918   -0.33328   -0.33183   -0.31993   -0.31230   -0.31106
   0.07567    0.07654    0.09700    0.10454    0.10628    0.12113    0.13530    0.13712
   0.16045    0.16254    0.16412    0.17956    0.19143    0.20658    0.21004    0.21455
   0.22803    0.23794    0.24176    0.24211    0.24701    0.25422    0.27471    0.27560
   0.45645    0.46190
 kpt#   4, nband= 50, wtk=  0.00463, kpt=  0.5000  0.0000  0.0000 (reduced coord)
  -1.94298   -1.94268   -1.94239   -1.94235   -0.80285   -0.80206   -0.79884   -0.79848
  -0.79725   -0.79589   -0.79376   -0.79244   -0.79135   -0.79052   -0.78939   -0.78938
  -0.37436   -0.34379   -0.33749   -0.33740   -0.33215   -0.32082   -0.31342   -0.31255
   0.08029    0.08084    0.10758    0.10812    0.10879    0.11832    0.12758    0.12956
   0.15308    0.16426    0.17504    0.17898    0.18571    0.19041    0.21337    0.21707
   0.22915    0.23073    0.24025    0.24289    0.25116    0.25664    0.27352    0.27614
   0.45132    0.45908
 kpt#   5, nband= 50, wtk=  0.00926, kpt=  0.0000  0.1667  0.0000 (reduced coord)
  -1.94315   -1.94247   -1.94243   -1.94235   -0.80578   -0.80534   -0.80514   -0.79665
  -0.79352   -0.79290   -0.79284   -0.79280   -0.79133   -0.78839   -0.78814   -0.78793
  -0.39408   -0.34319   -0.34272   -0.33649   -0.32128   -0.31233   -0.31203   -0.30820
   0.07174    0.07244    0.07696    0.09961    0.10903    0.11712    0.14759    0.15320
   0.15860    0.16582    0.16794    0.18965    0.19274    0.20057    0.21436    0.22067
   0.22598    0.23035    0.23695    0.23788    0.24254    0.26378    0.27796    0.27802
   0.45411    0.46486
 kpt#   6, nband= 50, wtk=  0.00926, kpt=  0.1667  0.1667  0.0000 (reduced coord)
  -1.94311   -1.94250   -1.94243   -1.94236   -0.80528   -0.80474   -0.80419   -0.79693
  -0.79391   -0.79386   -0.79249   -0.79227   -0.79127   -0.79018   -0.78849   -0.78754
  -0.39010   -0.34267   -0.34178   -0.33536   -0.32176   -0.31928   -0.31095   -0.30902
   0.07126    0.07997    0.08105    0.10113    0.10533    0.12776    0.14241    0.15060
   0.15508    0.15803    0.17257    0.18369    0.18877    0.20236    0.21377    0.21868
   0.23027    0.23395    0.23582    0.24151    0.24754    0.25029    0.27563    0.27700
   0.45549    0.46572
 kpt#   7, nband= 50, wtk=  0.00926, kpt=  0.3333  0.1667  0.0000 (reduced coord)
  -1.94301   -1.94259   -1.94243   -1.94237   -0.80401   -0.80298   -0.80177   -0.79814
  -0.79577   -0.79381   -0.79363   -0.79232   -0.79117   -0.79085   -0.78932   -0.78814
  -0.37989   -0.34129   -0.34005   -0.33335   -0.33164   -0.32240   -0.31235   -0.31103
   0.07535    0.08525    0.09950    0.10713    0.10790    0.12347    0.13328    0.13881
   0.15813    0.15937    0.16852    0.18004    0.18931    0.20294    0.20988    0.21021
   0.22679    0.23501    0.23906    0.23943    0.24774    0.24931    0.27399    0.27407
   0.45525    0.45897
 kpt#   8, nband= 50, wtk=  0.00926, kpt=  0.5000  0.1667  0.0000 (reduced coord)
  -1.94294   -1.94266   -1.94242   -1.94237   -0.80305   -0.80154   -0.79938   -0.79917
  -0.79700   -0.79676   -0.79306   -0.79245   -0.79108   -0.78988   -0.78977   -0.78915
  -0.37210   -0.34251   -0.34039   -0.33687   -0.33264   -0.32230   -0.31334   -0.31236
   0.08172    0.08626    0.10615    0.11035    0.11261    0.12108    0.12678    0.13425
   0.15504    0.16181    0.17726    0.17760    0.18016    0.19310    0.21276    0.21364
   0.22499    0.22943    0.23706    0.23880    0.25094    0.25106    0.27213    0.27506
   0.45537    0.45713
 kpt#   9, nband= 50, wtk=  0.00926, kpt= -0.3333  0.1667  0.0000 (reduced coord)
  -1.94301   -1.94259   -1.94243   -1.94237   -0.80401   -0.80298   -0.80178   -0.79815
  -0.79577   -0.79381   -0.79362   -0.79233   -0.79117   -0.79085   -0.78932   -0.78814
  -0.37989   -0.34129   -0.34005   -0.33335   -0.33164   -0.32239   -0.31235   -0.31103
   0.07535    0.08525    0.09950    0.10713    0.10790    0.12347    0.13329    0.13879
   0.15813    0.15937    0.16853    0.18003    0.18931    0.20295    0.20987    0.21020
   0.22680    0.23501    0.23905    0.23944    0.24774    0.24931    0.27400    0.27407
   0.45528    0.45897
 kpt#  10, nband= 50, wtk=  0.00926, kpt= -0.1667  0.1667  0.0000 (reduced coord)
  -1.94311   -1.94250   -1.94243   -1.94236   -0.80528   -0.80474   -0.80419   -0.79693
  -0.79390   -0.79386   -0.79250   -0.79228   -0.79127   -0.79018   -0.78849   -0.78754
  -0.39010   -0.34267   -0.34178   -0.33536   -0.32176   -0.31927   -0.31095   -0.30902
   0.07126    0.07997    0.08105    0.10113    0.10533    0.12776    0.14241    0.15058
   0.15508    0.15804    0.17259    0.18368    0.18876    0.20236    0.21377    0.21870
   0.23024    0.23396    0.23583    0.24152    0.24753    0.25027    0.27562    0.27700
   0.45551    0.46574
 kpt#  11, nband= 50, wtk=  0.00926, kpt=  0.0000  0.3333  0.0000 (reduced coord)
  -1.94300   -1.94258   -1.94246   -1.94236   -0.80379   -0.80294   -0.80288   -0.79895
  -0.79571   -0.79377   -0.79259   -0.79253   -0.79053   -0.79030   -0.78898   -0.78869
  -0.38157   -0.34880   -0.34051   -0.33687   -0.32545   -0.31669   -0.31189   -0.30969
   0.07394    0.08515    0.10106    0.10108    0.11697    0.13121    0.13267    0.13915
   0.14291    0.16163    0.17231    0.17952    0.19438    0.19584    0.20701    0.20853
   0.21347    0.22299    0.24266    0.24553    0.25215    0.26310    0.27444    0.27454
   0.44926    0.46055
 kpt#  12, nband= 50, wtk=  0.00926, kpt=  0.1667  0.3333  0.0000 (reduced coord)
  -1.94297   -1.94257   -1.94248   -1.94238   -0.80359   -0.80300   -0.80213   -0.79899
  -0.79586   -0.79489   -0.79246   -0.79208   -0.79098   -0.79031   -0.78940   -0.78815
  -0.37861   -0.34863   -0.33971   -0.33588   -0.32601   -0.32146   -0.31154   -0.31018
   0.07537    0.09206    0.10159    0.10311    0.11489    0.12846    0.13395    0.14205
   0.14324    0.16497    0.17110    0.18261    0.18861    0.19167    0.19664    0.21464
   0.21651    0.22932    0.23927    0.24300    0.25276    0.25374    0.27360    0.27394
   0.44761    0.45742
 kpt#  13, nband= 50, wtk=  0.00926, kpt=  0.3333  0.3333  0.0000 (reduced coord)
  -1.94289   -1.94256   -1.94254   -1.94241   -0.80312   -0.80256   -0.80046   -0.79966
  -0.79711   -0.79508   -0.79406   -0.79170   -0.79037   -0.79022   -0.78982   -0.78808
  -0.37118   -0.34809   -0.33822   -0.33436   -0.33088   -0.32655   -0.31235   -0.31143
   0.08112    0.10163    0.10218    0.11097    0.11702    0.12464    0.12940    0.14341
   0.14621    0.16094    0.17707    0.17769    0.18838    0.19332    0.19613    0.21062
   0.21827    0.22619    0.23790    0.23908    0.24260    0.24980    0.27107    0.27220
   0.44546    0.45373
 kpt#  14, nband= 50, wtk=  0.00926, kpt=  0.5000  0.3333  0.0000 (reduced coord)
  -1.94283   -1.94261   -1.94252   -1.94243   -0.80312   -0.80094   -0.80053   -0.80014
  -0.79763   -0.79571   -0.79408   -0.79224   -0.79058   -0.78964   -0.78902   -0.78879
  -0.36582   -0.34773   -0.33927   -0.33514   -0.33401   -0.32629   -0.31305   -0.31227
   0.08658    0.10046    0.10323    0.11787    0.12034    0.12342    0.12460    0.14396
   0.15207    0.16040    0.16796    0.17956    0.18044    0.20050    0.20402    0.21094
   0.21353    0.22695    0.22934    0.23331    0.24377    0.24903    0.26897    0.27146
   0.44676    0.45330
 kpt#  15, nband= 50, wtk=  0.00926, kpt= -0.3333  0.3333  0.0000 (reduced coord)
  -1.94289   -1.94256   -1.94254   -1.94241   -0.80312   -0.80256   -0.80046   -0.79966
  -0.79710   -0.79507   -0.79406   -0.79170   -0.79036   -0.79022   -0.78983   -0.78807
  -0.37118   -0.34809   -0.33822   -0.33436   -0.33087   -0.32655   -0.31236   -0.31143
   0.08112    0.10163    0.10218    0.11097    0.11703    0.12464    0.12939    0.14340
   0.14621    0.16094    0.17706    0.17770    0.18840    0.19333    0.19613    0.21062
   0.21826    0.22618    0.23791    0.23908    0.24258    0.24980    0.27108    0.27220
   0.44549    0.45370
 kpt#  16, nband= 50, wtk=  0.00926, kpt= -0.1667  0.3333  0.0000 (reduced coord)
  -1.94297   -1.94257   -1.94248   -1.94238   -0.80359   -0.80300   -0.80213   -0.79900
  -0.79585   -0.79489   -0.79247   -0.79208   -0.79098   -0.79031   -0.78940   -0.78815
  -0.37861   -0.34863   -0.33971   -0.33589   -0.32601   -0.32145   -0.31154   -0.31018
   0.07538    0.09206    0.10159    0.10311    0.11489    0.12846    0.13395    0.14206
   0.14322    0.16497    0.17111    0.18260    0.18861    0.19168    0.19665    0.21464
   0.21651    0.22931    0.23928    0.24300    0.25275    0.25373    0.27360    0.27394
   0.44763    0.45740
 kpt#  17, nband= 50, wtk=  0.00463, kpt=  0.0000  0.5000  0.0000 (reduced coord)
  -1.94283   -1.94275   -1.94245   -1.94237   -0.80154   -0.80150   -0.80061   -0.80057
  -0.79693   -0.79689   -0.79242   -0.79239   -0.78999   -0.78993   -0.78968   -0.78963
  -0.36446   -0.36440   -0.33823   -0.33820   -0.32222   -0.32219   -0.31116   -0.31113
   0.08372    0.08375    0.11366    0.11372    0.12394    0.12397    0.13306    0.13312
   0.14191    0.14199    0.18129    0.18140    0.18204    0.18206    0.21061    0.21068
   0.21131    0.21134    0.24631    0.24637    0.26104    0.26108    0.27288    0.27291
   0.44944    0.44944
 kpt#  18, nband= 50, wtk=  0.00926, kpt=  0.1667  0.5000  0.0000 (reduced coord)
  -1.94281   -1.94273   -1.94247   -1.94239   -0.80207   -0.80204   -0.79977   -0.79973
  -0.79766   -0.79765   -0.79197   -0.79196   -0.79049   -0.79045   -0.78922   -0.78919
  -0.36294   -0.36289   -0.33751   -0.33748   -0.32457   -0.32454   -0.31132   -0.31128
   0.08647    0.08650    0.11429    0.11435    0.12263    0.12265    0.13183    0.13187
   0.15006    0.15009    0.17777    0.17783    0.18319    0.18322    0.20079    0.20083
   0.22129    0.22136    0.24257    0.24261    0.25596    0.25598    0.27259    0.27262
   0.44700    0.44705
 kpt#  19, nband= 50, wtk=  0.00926, kpt=  0.3333  0.5000  0.0000 (reduced coord)
  -1.94276   -1.94267   -1.94252   -1.94244   -0.80243   -0.80242   -0.79975   -0.79974
  -0.79751   -0.79746   -0.79265   -0.79259   -0.79017   -0.79016   -0.78877   -0.78875
  -0.35933   -0.35928   -0.33620   -0.33617   -0.32927   -0.32924   -0.31207   -0.31204
   0.09228    0.09232    0.11399    0.11403    0.12430    0.12434    0.13305    0.13308
   0.15732    0.15734    0.17046    0.17052    0.18620    0.18628    0.20603    0.20605
   0.21640    0.21648    0.23836    0.23836    0.24605    0.24606    0.27015    0.27020
   0.44442    0.44453
 kpt#  20, nband= 50, wtk=  0.00463, kpt=  0.5000  0.5000  0.0000 (reduced coord)
  -1.94272   -1.94263   -1.94256   -1.94248   -0.80242   -0.80241   -0.80043   -0.80043
  -0.79632   -0.79627   -0.79383   -0.79377   -0.78962   -0.78962   -0.78870   -0.78869
  -0.35704   -0.35698   -0.33613   -0.33612   -0.33136   -0.33132   -0.31262   -0.31260
   0.09567    0.09571    0.11197    0.11198    0.12782    0.12786    0.13549    0.13552
   0.15318    0.15324    0.16924    0.16927    0.19221    0.19228    0.20817    0.20829
   0.21868    0.21869    0.22517    0.22522    0.24545    0.24548    0.26812    0.26818
   0.44539    0.44625
 kpt#  21, nband= 50, wtk=  0.00926, kpt=  0.0000  0.0000  0.1667 (reduced coord)
  -1.94315   -1.94252   -1.94238   -1.94234   -0.80608   -0.80515   -0.80492   -0.79600
  -0.79414   -0.79331   -0.79264   -0.79232   -0.79188   -0.78891   -0.78789   -0.78754
  -0.39409   -0.34365   -0.34143   -0.33571   -0.31796   -0.31757   -0.31227   -0.30815
   0.07082    0.07203    0.08435    0.09622    0.10908    0.11369    0.14757    0.15163
   0.15864    0.16825    0.17651    0.18828    0.19466    0.20081    0.21085    0.21473
   0.22255    0.23273    0.23939    0.24103    0.24953    0.26393    0.26844    0.27384
   0.45856    0.46477
 kpt#  22, nband= 50, wtk=  0.00926, kpt=  0.1667  0.0000  0.1667 (reduced coord)
  -1.94311   -1.94255   -1.94239   -1.94235   -0.80555   -0.80438   -0.80421   -0.79603
  -0.79521   -0.79302   -0.79262   -0.79233   -0.79195   -0.79008   -0.78791   -0.78785
  -0.39016   -0.34375   -0.33987   -0.33484   -0.32168   -0.31839   -0.31358   -0.30908
   0.07282    0.07964    0.08295    0.09735    0.10784    0.12435    0.14429    0.15021
   0.15372    0.16215    0.17554    0.18243    0.19228    0.20194    0.21373    0.21803
   0.22308    0.23374    0.23674    0.24482    0.24970    0.25209    0.26925    0.27409
   0.46119    0.46853
 kpt#  23, nband= 50, wtk=  0.00926, kpt=  0.3333  0.0000  0.1667 (reduced coord)
  -1.94302   -1.94262   -1.94240   -1.94236   -0.80408   -0.80292   -0.80190   -0.79725
  -0.79654   -0.79427   -0.79289   -0.79231   -0.79161   -0.79078   -0.78889   -0.78846
  -0.38008   -0.34294   -0.33778   -0.33445   -0.33131   -0.31948   -0.31486   -0.31134
   0.07774    0.08211    0.10003    0.10511    0.11035    0.12229    0.13551    0.14360
   0.15421    0.15962    0.16719    0.17935    0.19373    0.20076    0.20577    0.21721
   0.22515    0.22814    0.24123    0.24382    0.24559    0.25493    0.26537    0.27440
   0.45612    0.46126
 kpt#  24, nband= 50, wtk=  0.00926, kpt=  0.5000  0.0000  0.1667 (reduced coord)
  -1.94295   -1.94269   -1.94240   -1.94236   -0.80259   -0.80241   -0.79947   -0.79797
  -0.79775   -0.79687   -0.79276   -0.79217   -0.79093   -0.79051   -0.78977   -0.78908
  -0.37244   -0.34255   -0.34164   -0.33716   -0.33088   -0.31967   -0.31563   -0.31270
   0.08138    0.08466    0.10601    0.11109    0.11221    0.12572    0.12976    0.13541
   0.15038    0.16404    0.17157    0.17477    0.18276    0.19012    0.21514    0.21866
   0.22728    0.22772    0.23447    0.24268    0.24811    0.25706    0.26333    0.27452
   0.45171    0.45776
 kpt#  25, nband= 50, wtk=  0.00926, kpt= -0.3333  0.0000  0.1667 (reduced coord)
  -1.94302   -1.94262   -1.94240   -1.94236   -0.80408   -0.80292   -0.80190   -0.79725
  -0.79654   -0.79427   -0.79289   -0.79231   -0.79161   -0.79078   -0.78889   -0.78846
  -0.38008   -0.34294   -0.33778   -0.33445   -0.33131   -0.31948   -0.31486   -0.31134
   0.07774    0.08211    0.10003    0.10511    0.11035    0.12229    0.13551    0.14360
   0.15421    0.15962    0.16719    0.17935    0.19373    0.20076    0.20577    0.21721
   0.22515    0.22814    0.24123    0.24382    0.24559    0.25493    0.26537    0.27440
   0.45611    0.46118
 kpt#  26, nband= 50, wtk=  0.00926, kpt= -0.1667  0.0000  0.1667 (reduced coord)
  -1.94311   -1.94255   -1.94239   -1.94235   -0.80555   -0.80438   -0.80421   -0.79603
  -0.79521   -0.79303   -0.79262   -0.79233   -0.79195   -0.79008   -0.78791   -0.78785
  -0.39016   -0.34375   -0.33986   -0.33484   -0.32168   -0.31839   -0.31359   -0.30908
   0.07282    0.07964    0.08295    0.09735    0.10784    0.12435    0.14429    0.15021
   0.15372    0.16214    0.17554    0.18243    0.19228    0.20194    0.21373    0.21803
   0.22308    0.23374    0.23674    0.24482    0.24970    0.25209    0.26925    0.27409
   0.46122    0.46803
 kpt#  27, nband= 50, wtk=  0.00926, kpt=  0.0000  0.1667  0.1667 (reduced coord)
  -1.94310   -1.94252   -1.94243   -1.94235   -0.80529   -0.80454   -0.80426   -0.79721
  -0.79385   -0.79357   -0.79283   -0.79211   -0.79163   -0.78997   -0.78820   -0.78768
  -0.38989   -0.34324   -0.34170   -0.33577   -0.32146   -0.31732   -0.31349   -0.30856
   0.07520    0.08035    0.08168    0.10141    0.11091    0.11994    0.14593    0.14693
   0.15785    0.15934    0.17207    0.18720    0.19239    0.20205    0.21252    0.22019
   0.22028    0.22929    0.23258    0.24295    0.24360    0.26228    0.26862    0.27205
   0.45557    0.46615
 kpt#  28, nband= 50, wtk=  0.00926, kpt=  0.1667  0.1667  0.1667 (reduced coord)
  -1.94307   -1.94254   -1.94243   -1.94236   -0.80511   -0.80393   -0.80367   -0.79707
  -0.79490   -0.79344   -0.79309   -0.79192   -0.79158   -0.79078   -0.78814   -0.78779
  -0.38636   -0.34393   -0.34042   -0.33521   -0.32205   -0.32076   -0.31422   -0.30889
   0.07692    0.08339    0.08645    0.10240    0.10952    0.12666    0.14260    0.14758
   0.15340    0.15778    0.17158    0.17873    0.19517    0.20291    0.21236    0.21644
   0.22529    0.22939    0.23526    0.24063    0.24570    0.25148    0.26859    0.27277
   0.45518    0.46714
 kpt#  29, nband= 50, wtk=  0.00926, kpt=  0.3333  0.1667  0.1667 (reduced coord)
  -1.94298   -1.94261   -1.94243   -1.94238   -0.80426   -0.80291   -0.80202   -0.79732
  -0.79645   -0.79531   -0.79290   -0.79168   -0.79114   -0.79079   -0.78881   -0.78839
  -0.37737   -0.34358   -0.33993   -0.33691   -0.32858   -0.32090   -0.31505   -0.31033
   0.08004    0.08756    0.10188    0.10907    0.11125    0.12391    0.13699    0.14247
   0.15327    0.15754    0.16491    0.17964    0.19311    0.20243    0.20614    0.21416
   0.22392    0.22930    0.23508    0.24050    0.24374    0.24976    0.26534    0.27312
   0.45125    0.46139
 kpt#  30, nband= 50, wtk=  0.00926, kpt=  0.5000  0.1667  0.1667 (reduced coord)
  -1.94291   -1.94267   -1.94243   -1.94239   -0.80337   -0.80280   -0.79985   -0.79888
  -0.79709   -0.79671   -0.79229   -0.79173   -0.79070   -0.78999   -0.78958   -0.78927
  -0.37064   -0.34317   -0.34222   -0.34054   -0.32942   -0.32005   -0.31561   -0.31139
   0.08540    0.08730    0.10850    0.11138    0.11219    0.12998    0.13247    0.13609
   0.15139    0.16090    0.16714    0.17432    0.18512    0.19436    0.21147    0.21900
   0.22379    0.22799    0.23374    0.23546    0.24382    0.25266    0.26418    0.27262
   0.44973    0.45514
 kpt#  31, nband= 50, wtk=  0.00926, kpt= -0.3333  0.1667  0.1667 (reduced coord)
  -1.94298   -1.94261   -1.94243   -1.94238   -0.80426   -0.80292   -0.80202   -0.79731
  -0.79645   -0.79530   -0.79290   -0.79169   -0.79114   -0.79079   -0.78881   -0.78839
  -0.37737   -0.34359   -0.33992   -0.33691   -0.32858   -0.32090   -0.31505   -0.31033
   0.08003    0.08757    0.10188    0.10907    0.11125    0.12391    0.13698    0.14247
   0.15326    0.15754    0.16491    0.17964    0.19311    0.20243    0.20614    0.21415
   0.22392    0.22929    0.23509    0.24051    0.24374    0.24975    0.26534    0.27313
   0.45127    0.46213
 kpt#  32, nband= 50, wtk=  0.00926, kpt= -0.1667  0.1667  0.1667 (reduced coord)
  -1.94307   -1.94254   -1.94243   -1.94236   -0.80510   -0.80394   -0.80367   -0.79707
  -0.79489   -0.79344   -0.79310   -0.79192   -0.79159   -0.79078   -0.78814   -0.78779
  -0.38636   -0.34394   -0.34042   -0.33521   -0.32205   -0.32075   -0.31422   -0.30889
   0.07693    0.08338    0.08645    0.10240    0.10952    0.12666    0.14259    0.14758
   0.15340    0.15779    0.17159    0.17873    0.19517    0.20290    0.21236    0.21645
   0.22527    0.22941    0.23526    0.24063    0.24569    0.25147    0.26859    0.27277
   0.45520    0.46714
 kpt#  33, nband= 50, wtk=  0.00926, kpt=  0.0000  0.3333  0.1667 (reduced coord)
  -1.94296   -1.94257   -1.94249   -1.94238   -0.80342   -0.80307   -0.80195   -0.79945
  -0.79556   -0.79443   -0.79307   -0.79195   -0.79079   -0.79067   -0.78900   -0.78850
  -0.37828   -0.34755   -0.34176   -0.33687   -0.32500   -0.31716   -0.31574   -0.31009
   0.08170    0.08923    0.10250    0.10558    0.11679    0.12458    0.13705    0.13854
   0.14709    0.16216    0.16704    0.18040    0.19296    0.19446    0.20974    0.20990
   0.21577    0.22227    0.22892    0.24132    0.25170    0.26183    0.26819    0.26939
   0.45033    0.46283
 kpt#  34, nband= 50, wtk=  0.00926, kpt=  0.1667  0.3333  0.1667 (reduced coord)
  -1.94293   -1.94256   -1.94251   -1.94239   -0.80391   -0.80306   -0.80201   -0.79864
  -0.79596   -0.79530   -0.79278   -0.79156   -0.79110   -0.79033   -0.78888   -0.78839
  -0.37588   -0.34832   -0.34144   -0.33697   -0.32494   -0.32116   -0.31442   -0.30965
   0.08260    0.09349    0.10470    0.10768    0.11514    0.12572    0.13750    0.14103
   0.14556    0.16052    0.16732    0.18196    0.18692    0.19886    0.20223    0.21135
   0.21875    0.22703    0.22917    0.23743    0.24955    0.25477    0.26699    0.26984
   0.44790    0.45950
 kpt#  35, nband= 50, wtk=  0.00926, kpt=  0.3333  0.3333  0.1667 (reduced coord)
  -1.94286   -1.94257   -1.94254   -1.94242   -0.80414   -0.80306   -0.80229   -0.79910
  -0.79669   -0.79436   -0.79319   -0.79122   -0.79036   -0.78991   -0.78952   -0.78824
  -0.36984   -0.34880   -0.34238   -0.33996   -0.32579   -0.32271   -0.31397   -0.30999
   0.08627    0.10082    0.10777    0.11127    0.11795    0.12502    0.13667    0.14115
   0.14774    0.15709    0.16725    0.18425    0.18890    0.19635    0.20291    0.20701
   0.21779    0.22391    0.23150    0.23537    0.24139    0.24881    0.26438    0.26957
   0.44364    0.45506
 kpt#  36, nband= 50, wtk=  0.00926, kpt=  0.5000  0.3333  0.1667 (reduced coord)
  -1.94281   -1.94262   -1.94252   -1.94244   -0.80410   -0.80300   -0.80187   -0.80095
  -0.79574   -0.79468   -0.79257   -0.79148   -0.79021   -0.78961   -0.78910   -0.78888
  -0.36547   -0.34853   -0.34408   -0.34330   -0.32640   -0.32128   -0.31407   -0.31061
   0.09024    0.10180    0.10759    0.11595    0.11696    0.12724    0.13313    0.14528
   0.14723    0.16178    0.16460    0.17912    0.18773    0.19890    0.20268    0.21219
   0.21429    0.22337    0.22448    0.23287    0.24075    0.24795    0.26394    0.26871
   0.44325    0.45171
 kpt#  37, nband= 50, wtk=  0.00926, kpt= -0.3333  0.3333  0.1667 (reduced coord)
  -1.94286   -1.94257   -1.94254   -1.94242   -0.80414   -0.80306   -0.80230   -0.79910
  -0.79669   -0.79435   -0.79320   -0.79122   -0.79036   -0.78991   -0.78953   -0.78823
  -0.36985   -0.34880   -0.34238   -0.33995   -0.32578   -0.32271   -0.31396   -0.31000
   0.08627    0.10082    0.10777    0.11128    0.11796    0.12502    0.13666    0.14115
   0.14774    0.15709    0.16724    0.18426    0.18891    0.19636    0.20291    0.20701
   0.21778    0.22392    0.23149    0.23537    0.24140    0.24880    0.26438    0.26957
   0.44366    0.45489
 kpt#  38, nband= 50, wtk=  0.00926, kpt= -0.1667  0.3333  0.1667 (reduced coord)
  -1.94293   -1.94256   -1.94251   -1.94239   -0.80390   -0.80307   -0.80202   -0.79864
  -0.79595   -0.79529   -0.79279   -0.79156   -0.79111   -0.79033   -0.78888   -0.78839
  -0.37589   -0.34833   -0.34144   -0.33697   -0.32494   -0.32115   -0.31442   -0.30965
   0.08261    0.09349    0.10470    0.10768    0.11515    0.12571    0.13749    0.14103
   0.14555    0.16053    0.16732    0.18196    0.18692    0.19886    0.20223    0.21134
   0.21875    0.22704    0.22917    0.23743    0.24954    0.25477    0.26699    0.26984
   0.44792    0.45949
 kpt#  39, nband= 50, wtk=  0.00926, kpt=  0.0000  0.5000  0.1667 (reduced coord)
  -1.94281   -1.94272   -1.94248   -1.94239   -0.80168   -0.80164   -0.80050   -0.80047
  -0.79705   -0.79702   -0.79228   -0.79226   -0.78996   -0.78992   -0.78973   -0.78969
  -0.36235   -0.36230   -0.33932   -0.33928   -0.32204   -0.32201   -0.31284   -0.31280
   0.09099    0.09102    0.11231    0.11237    0.12037    0.12040    0.13773    0.13779
   0.14682    0.14689    0.17556    0.17558    0.18290    0.18302    0.21113    0.21118
   0.21441    0.21444    0.23530    0.23537    0.25943    0.25947    0.26819    0.26822
   0.45129    0.45135
 kpt#  40, nband= 50, wtk=  0.00926, kpt=  0.1667  0.5000  0.1667 (reduced coord)
  -1.94279   -1.94270   -1.94249   -1.94241   -0.80282   -0.80279   -0.79998   -0.79996
  -0.79711   -0.79707   -0.79168   -0.79166   -0.79021   -0.79018   -0.78940   -0.78936
  -0.36155   -0.36149   -0.33960   -0.33957   -0.32354   -0.32351   -0.31201   -0.31198
   0.09285    0.09288    0.11102    0.11108    0.12423    0.12424    0.13651    0.13654
   0.15127    0.15131    0.16937    0.16939    0.18829    0.18835    0.20479    0.20483
   0.21994    0.21998    0.23338    0.23343    0.25515    0.25517    0.26714    0.26717
   0.44833    0.44841
 kpt#  41, nband= 50, wtk=  0.00926, kpt=  0.3333  0.5000  0.1667 (reduced coord)
  -1.94274   -1.94266   -1.94254   -1.94245   -0.80360   -0.80358   -0.80140   -0.80139
  -0.79553   -0.79548   -0.79168   -0.79163   -0.79011   -0.79009   -0.78885   -0.78883
  -0.35933   -0.35928   -0.34192   -0.34190   -0.32413   -0.32410   -0.31159   -0.31157
   0.09713    0.09716    0.11227    0.11230    0.12544    0.12547    0.13674    0.13680
   0.15592    0.15595    0.16883    0.16887    0.19305    0.19310    0.20223    0.20224
   0.21660    0.21664    0.23139    0.23143    0.24706    0.24709    0.26552    0.26556
   0.44425    0.44437
 kpt#  42, nband= 50, wtk=  0.00926, kpt=  0.5000  0.5000  0.1667 (reduced coord)
  -1.94271   -1.94262   -1.94257   -1.94249   -0.80356   -0.80356   -0.80248   -0.80246
  -0.79420   -0.79416   -0.79257   -0.79252   -0.78962   -0.78961   -0.78872   -0.78871
  -0.35767   -0.35762   -0.34414   -0.34412   -0.32347   -0.32345   -0.31185   -0.31182
   0.09968    0.09971    0.11369    0.11371    0.12518    0.12524    0.13458    0.13464
   0.15897    0.15903    0.17095    0.17097    0.19476    0.19481    0.20405    0.20412
   0.21417    0.21422    0.22464    0.22471    0.24512    0.24515    0.26507    0.26511
   0.44409    0.44424
 kpt#  43, nband= 50, wtk=  0.00926, kpt= -0.3333  0.5000  0.1667 (reduced coord)
  -1.94274   -1.94266   -1.94254   -1.94245   -0.80360   -0.80358   -0.80140   -0.80139
  -0.79553   -0.79548   -0.79167   -0.79164   -0.79011   -0.79009   -0.78885   -0.78884
  -0.35934   -0.35928   -0.34192   -0.34190   -0.32412   -0.32410   -0.31160   -0.31157
   0.09713    0.09716    0.11227    0.11230    0.12543    0.12547    0.13675    0.13679
   0.15592    0.15595    0.16883    0.16887    0.19305    0.19310    0.20222    0.20226
   0.21660    0.21665    0.23140    0.23142    0.24706    0.24708    0.26552    0.26556
   0.44426    0.44436
 kpt#  44, nband= 50, wtk=  0.00926, kpt= -0.1667  0.5000  0.1667 (reduced coord)
  -1.94279   -1.94270   -1.94249   -1.94241   -0.80282   -0.80279   -0.79998   -0.79996
  -0.79711   -0.79707   -0.79168   -0.79166   -0.79021   -0.79017   -0.78939   -0.78936
  -0.36155   -0.36149   -0.33960   -0.33957   -0.32354   -0.32351   -0.31201   -0.31198
   0.09285    0.09289    0.11102    0.11107    0.12423    0.12425    0.13651    0.13655
   0.15127    0.15131    0.16938    0.16939    0.18829    0.18835    0.20480    0.20482
   0.21993    0.21999    0.23338    0.23343    0.25515    0.25517    0.26713    0.26717
   0.44834    0.44839
 kpt#  45, nband= 50, wtk=  0.00926, kpt=  0.0000 -0.3333  0.1667 (reduced coord)
  -1.94296   -1.94257   -1.94249   -1.94238   -0.80342   -0.80306   -0.80197   -0.79945
  -0.79555   -0.79444   -0.79307   -0.79194   -0.79079   -0.79066   -0.78900   -0.78850
  -0.37828   -0.34755   -0.34175   -0.33689   -0.32501   -0.31715   -0.31576   -0.31006
   0.08169    0.08924    0.10251    0.10557    0.11680    0.12457    0.13707    0.13850
   0.14712    0.16215    0.16706    0.18043    0.19297    0.19450    0.20974    0.20986
   0.21576    0.22225    0.22887    0.24139    0.25170    0.26184    0.26820    0.26937
   0.45036    0.46286
 kpt#  46, nband= 50, wtk=  0.00926, kpt=  0.1667 -0.3333  0.1667 (reduced coord)
  -1.94293   -1.94256   -1.94251   -1.94239   -0.80389   -0.80308   -0.80203   -0.79864
  -0.79596   -0.79528   -0.79279   -0.79154   -0.79112   -0.79032   -0.78889   -0.78839
  -0.37589   -0.34832   -0.34143   -0.33699   -0.32495   -0.32115   -0.31443   -0.30962
   0.08259    0.09348    0.10469    0.10768    0.11517    0.12572    0.13752    0.14101
   0.14555    0.16053    0.16733    0.18195    0.18697    0.19888    0.20221    0.21136
   0.21874    0.22700    0.22914    0.23747    0.24954    0.25477    0.26701    0.26983
   0.44795    0.45942
 kpt#  47, nband= 50, wtk=  0.00926, kpt=  0.3333 -0.3333  0.1667 (reduced coord)
  -1.94286   -1.94257   -1.94254   -1.94242   -0.80413   -0.80308   -0.80230   -0.79910
  -0.79669   -0.79434   -0.79321   -0.79121   -0.79036   -0.78991   -0.78955   -0.78823
  -0.36985   -0.34880   -0.34237   -0.33998   -0.32577   -0.32271   -0.31398   -0.30997
   0.08625    0.10080    0.10777    0.11125    0.11796    0.12507    0.13666    0.14120
   0.14770    0.15709    0.16722    0.18428    0.18893    0.19637    0.20289    0.20703
   0.21777    0.22390    0.23147    0.23537    0.24139    0.24880    0.26440    0.26956
   0.44369    0.45488
 kpt#  48, nband= 50, wtk=  0.00926, kpt=  0.5000 -0.3333  0.1667 (reduced coord)
  -1.94281   -1.94262   -1.94252   -1.94244   -0.80410   -0.80300   -0.80187   -0.80095
  -0.79573   -0.79469   -0.79257   -0.79144   -0.79024   -0.78962   -0.78910   -0.78887
  -0.36547   -0.34854   -0.34409   -0.34330   -0.32639   -0.32128   -0.31408   -0.31060
   0.09023    0.10177    0.10758    0.11593    0.11694    0.12730    0.13312    0.14533
   0.14721    0.16180    0.16458    0.17912    0.18776    0.19895    0.20266    0.21216
   0.21429    0.22329    0.22448    0.23290    0.24076    0.24796    0.26395    0.26870
   0.44326    0.45227
 kpt#  49, nband= 50, wtk=  0.00926, kpt= -0.3333 -0.3333  0.1667 (reduced coord)
  -1.94286   -1.94257   -1.94254   -1.94242   -0.80414   -0.80307   -0.80229   -0.79911
  -0.79669   -0.79436   -0.79319   -0.79121   -0.79036   -0.78992   -0.78954   -0.78823
  -0.36985   -0.34880   -0.34237   -0.33998   -0.32577   -0.32271   -0.31398   -0.30997
   0.08625    0.10080    0.10778    0.11124    0.11796    0.12507    0.13667    0.14119
   0.14770    0.15710    0.16723    0.18427    0.18891    0.19636    0.20290    0.20703
   0.21778    0.22389    0.23148    0.23537    0.24139    0.24881    0.26439    0.26956
   0.44366    0.45772
 kpt#  50, nband= 50, wtk=  0.00926, kpt= -0.1667 -0.3333  0.1667 (reduced coord)
  -1.94293   -1.94256   -1.94251   -1.94239   -0.80390   -0.80308   -0.80202   -0.79864
  -0.79596   -0.79529   -0.79278   -0.79155   -0.79112   -0.79033   -0.78888   -0.78839
  -0.37589   -0.34832   -0.34143   -0.33699   -0.32494   -0.32115   -0.31443   -0.30963
   0.08258    0.09348    0.10470    0.10768    0.11517    0.12572    0.13752    0.14100
   0.14556    0.16053    0.16732    0.18195    0.18696    0.19888    0.20220    0.21137
   0.21874    0.22700    0.22914    0.23747    0.24955    0.25477    0.26700    0.26983
   0.44793    0.45950
 kpt#  51, nband= 50, wtk=  0.00926, kpt=  0.0000 -0.1667  0.1667 (reduced coord)
  -1.94310   -1.94252   -1.94243   -1.94235   -0.80529   -0.80454   -0.80426   -0.79722
  -0.79385   -0.79356   -0.79284   -0.79210   -0.79164   -0.78996   -0.78820   -0.78768
  -0.38989   -0.34323   -0.34170   -0.33578   -0.32147   -0.31733   -0.31348   -0.30854
   0.07519    0.08035    0.08168    0.10140    0.11091    0.11994    0.14592    0.14692
   0.15785    0.15938    0.17208    0.18724    0.19240    0.20207    0.21248    0.22016
   0.22025    0.22921    0.23259    0.24299    0.24365    0.26229    0.26862    0.27204
   0.45557    0.46616
 kpt#  52, nband= 50, wtk=  0.00926, kpt=  0.1667 -0.1667  0.1667 (reduced coord)
  -1.94307   -1.94254   -1.94243   -1.94236   -0.80510   -0.80394   -0.80367   -0.79707
  -0.79489   -0.79343   -0.79309   -0.79191   -0.79159   -0.79078   -0.78814   -0.78779
  -0.38636   -0.34393   -0.34042   -0.33522   -0.32204   -0.32077   -0.31422   -0.30887
   0.07691    0.08339    0.08644    0.10240    0.10953    0.12666    0.14259    0.14758
   0.15337    0.15781    0.17161    0.17875    0.19520    0.20292    0.21235    0.21644
   0.22523    0.22936    0.23526    0.24066    0.24571    0.25148    0.26860    0.27277
   0.45521    0.46710
 kpt#  53, nband= 50, wtk=  0.00926, kpt=  0.3333 -0.1667  0.1667 (reduced coord)
  -1.94298   -1.94261   -1.94243   -1.94238   -0.80425   -0.80293   -0.80202   -0.79732
  -0.79645   -0.79529   -0.79289   -0.79169   -0.79114   -0.79079   -0.78881   -0.78838
  -0.37738   -0.34358   -0.33993   -0.33693   -0.32856   -0.32090   -0.31506   -0.31031
   0.08002    0.08756    0.10186    0.10909    0.11125    0.12392    0.13699    0.14248
   0.15327    0.15754    0.16489    0.17967    0.19312    0.20243    0.20615    0.21417
   0.22392    0.22927    0.23507    0.24051    0.24371    0.24977    0.26535    0.27313
   0.45130    0.46159
 kpt#  54, nband= 50, wtk=  0.00926, kpt=  0.5000 -0.1667  0.1667 (reduced coord)
  -1.94291   -1.94267   -1.94243   -1.94239   -0.80337   -0.80280   -0.79986   -0.79888
  -0.79709   -0.79670   -0.79227   -0.79174   -0.79071   -0.78998   -0.78959   -0.78928
  -0.37064   -0.34318   -0.34222   -0.34054   -0.32940   -0.32005   -0.31562   -0.31137
   0.08539    0.08728    0.10847    0.11139    0.11218    0.12998    0.13250    0.13610
   0.15138    0.16092    0.16714    0.17431    0.18514    0.19437    0.21147    0.21900
   0.22377    0.22798    0.23375    0.23545    0.24380    0.25268    0.26418    0.27263
   0.44976    0.45514
 kpt#  55, nband= 50, wtk=  0.00926, kpt= -0.3333 -0.1667  0.1667 (reduced coord)
  -1.94298   -1.94261   -1.94243   -1.94238   -0.80426   -0.80292   -0.80202   -0.79733
  -0.79644   -0.79529   -0.79289   -0.79169   -0.79114   -0.79079   -0.78881   -0.78838
  -0.37737   -0.34358   -0.33992   -0.33693   -0.32857   -0.32090   -0.31506   -0.31031
   0.08002    0.08756    0.10186    0.10909    0.11125    0.12392    0.13700    0.14247
   0.15328    0.15754    0.16489    0.17966    0.19312    0.20243    0.20614    0.21418
   0.22392    0.22928    0.23506    0.24050    0.24371    0.24978    0.26535    0.27312
   0.45127    0.46297
 kpt#  56, nband= 50, wtk=  0.00926, kpt= -0.1667 -0.1667  0.1667 (reduced coord)
  -1.94307   -1.94254   -1.94243   -1.94236   -0.80510   -0.80394   -0.80367   -0.79707
  -0.79490   -0.79344   -0.79308   -0.79191   -0.79159   -0.79078   -0.78814   -0.78779
  -0.38636   -0.34393   -0.34042   -0.33523   -0.32204   -0.32077   -0.31423   -0.30887
   0.07690    0.08339    0.08644    0.10240    0.10954    0.12666    0.14260    0.14759
   0.15338    0.15780    0.17160    0.17875    0.19520    0.20292    0.21236    0.21643
   0.22525    0.22935    0.23526    0.24066    0.24572    0.25148    0.26860    0.27276
   0.45519    0.46717
 kpt#  57, nband= 50, wtk=  0.00926, kpt=  0.0000  0.0000  0.3333 (reduced coord)
  -1.94302   -1.94266   -1.94237   -1.94234   -0.80392   -0.80300   -0.80230   -0.79788
  -0.79602   -0.79431   -0.79341   -0.79225   -0.79087   -0.79062   -0.78866   -0.78842
  -0.38159   -0.34884   -0.33729   -0.33411   -0.32398   -0.31863   -0.31639   -0.31222
   0.08216    0.08333    0.09620    0.11054    0.11610    0.12511    0.12824    0.14031
   0.14034    0.17193    0.18154    0.18434    0.19182    0.19688    0.19909    0.21415
   0.21593    0.23288    0.23979    0.24669    0.24890    0.25593    0.26117    0.26151
   0.46431    0.46697
 kpt#  58, nband= 50, wtk=  0.00926, kpt=  0.1667  0.0000  0.3333 (reduced coord)
  -1.94299   -1.94266   -1.94238   -1.94235   -0.80378   -0.80282   -0.80191   -0.79768
  -0.79697   -0.79465   -0.79304   -0.79212   -0.79129   -0.79043   -0.78885   -0.78832
  -0.37881   -0.34908   -0.33711   -0.33370   -0.32522   -0.31931   -0.31796   -0.31210
   0.08089    0.09087    0.09750    0.10569    0.11744    0.12453    0.13646    0.14043
   0.14522    0.16783    0.17509    0.18395    0.18675    0.19954    0.20308    0.20930
   0.21875    0.22700    0.23591    0.24863    0.25035    0.25320    0.25978    0.26216
   0.46125    0.46483
 kpt#  59, nband= 50, wtk=  0.00926, kpt=  0.3333  0.0000  0.3333 (reduced coord)
  -1.94292   -1.94268   -1.94241   -1.94238   -0.80338   -0.80243   -0.80067   -0.79865
  -0.79719   -0.79637   -0.79246   -0.79173   -0.79127   -0.78994   -0.78980   -0.78830
  -0.37189   -0.34964   -0.33700   -0.33451   -0.32949   -0.32047   -0.31776   -0.31303
   0.08314    0.09604    0.10063    0.11327    0.11718    0.12382    0.13948    0.14271
   0.15543    0.16077    0.17276    0.17665    0.18575    0.19362    0.19839    0.21163
   0.21562    0.22429    0.23565    0.24513    0.24743    0.25136    0.25668    0.26549
   0.45325    0.45812
 kpt#  60, nband= 50, wtk=  0.00926, kpt=  0.5000  0.0000  0.3333 (reduced coord)
  -1.94287   -1.94271   -1.94243   -1.94239   -0.80310   -0.80215   -0.79952   -0.79898
  -0.79854   -0.79676   -0.79242   -0.79134   -0.79082   -0.79068   -0.78936   -0.78870
  -0.36703   -0.35012   -0.33894   -0.33644   -0.32956   -0.32072   -0.31747   -0.31376
   0.08635    0.09390    0.10370    0.11653    0.11939    0.12687    0.13900    0.14211
   0.16221    0.16606    0.16953    0.17077    0.17758    0.18047    0.20717    0.20985
   0.22046    0.22181    0.23853    0.24237    0.24436    0.24580    0.25756    0.26671
   0.44988    0.45376
 kpt#  61, nband= 50, wtk=  0.00926, kpt= -0.3333  0.0000  0.3333 (reduced coord)
  -1.94292   -1.94268   -1.94241   -1.94238   -0.80338   -0.80243   -0.80067   -0.79865
  -0.79719   -0.79637   -0.79246   -0.79173   -0.79127   -0.78994   -0.78980   -0.78830
  -0.37189   -0.34964   -0.33700   -0.33451   -0.32948   -0.32047   -0.31776   -0.31303
   0.08314    0.09604    0.10063    0.11328    0.11718    0.12382    0.13948    0.14271
   0.15543    0.16077    0.17275    0.17665    0.18575    0.19362    0.19839    0.21163
   0.21562    0.22429    0.23565    0.24513    0.24743    0.25136    0.25668    0.26549
   0.45325    0.45813
 kpt#  62, nband= 50, wtk=  0.00926, kpt= -0.1667  0.0000  0.3333 (reduced coord)
  -1.94299   -1.94266   -1.94238   -1.94235   -0.80378   -0.80282   -0.80191   -0.79768
  -0.79697   -0.79465   -0.79304   -0.79212   -0.79129   -0.79043   -0.78885   -0.78832
  -0.37881   -0.34908   -0.33711   -0.33370   -0.32522   -0.31931   -0.31796   -0.31210
   0.08089    0.09087    0.09750    0.10569    0.11744    0.12453    0.13646    0.14043
   0.14521    0.16783    0.17509    0.18395    0.18676    0.19954    0.20308    0.20930
   0.21875    0.22700    0.23591    0.24863    0.25035    0.25320    0.25978    0.26216
   0.46125    0.46482
 kpt#  63, nband= 50, wtk=  0.00926, kpt=  0.0000  0.1667  0.3333 (reduced coord)
  -1.94298   -1.94264   -1.94241   -1.94236   -0.80371   -0.80235   -0.80215   -0.79892
  -0.79557   -0.79486   -0.79260   -0.79256   -0.79122   -0.79082   -0.78895   -0.78815
  -0.37830   -0.34823   -0.33832   -0.33543   -0.32294   -0.32135   -0.31645   -0.31248
   0.08684    0.08916    0.09879    0.11142    0.11610    0.12708    0.12923    0.13949
   0.14259    0.16484    0.17935    0.18308    0.18840    0.19745    0.20176    0.21410
   0.22024    0.22555    0.23334    0.24247    0.24778    0.25485    0.25897    0.26145
   0.46014    0.46845
 kpt#  64, nband= 50, wtk=  0.00926, kpt=  0.1667  0.1667  0.3333 (reduced coord)
  -1.94295   -1.94265   -1.94242   -1.94238   -0.80408   -0.80268   -0.80210   -0.79795
  -0.79636   -0.79537   -0.79262   -0.79211   -0.79103   -0.79068   -0.78857   -0.78840
  -0.37604   -0.34898   -0.33917   -0.33590   -0.32346   -0.32053   -0.31818   -0.31140
   0.08560    0.09581    0.09984    0.10801    0.11799    0.12541    0.13597    0.14277
   0.14479    0.16039    0.17262    0.17980    0.19134    0.20120    0.20577    0.21125
   0.21611    0.22379    0.23378    0.24164    0.24494    0.25100    0.25914    0.26277
   0.45556    0.46825
 kpt#  65, nband= 50, wtk=  0.00926, kpt=  0.3333  0.1667  0.3333 (reduced coord)
  -1.94289   -1.94266   -1.94244   -1.94240   -0.80428   -0.80334   -0.80184   -0.79879
  -0.79646   -0.79545   -0.79192   -0.79151   -0.79072   -0.79024   -0.78908   -0.78844
  -0.37037   -0.35028   -0.34121   -0.33911   -0.32487   -0.31932   -0.31741   -0.31136
   0.08738    0.09902    0.10494    0.11281    0.11780    0.12619    0.14103    0.14223
   0.15255    0.15778    0.16590    0.17911    0.18962    0.19649    0.19980    0.21438
   0.21894    0.22316    0.22914    0.23806    0.24230    0.25066    0.25332    0.26506
   0.44835    0.45807
 kpt#  66, nband= 50, wtk=  0.00926, kpt=  0.5000  0.1667  0.3333 (reduced coord)
  -1.94284   -1.94269   -1.94245   -1.94241   -0.80397   -0.80390   -0.80112   -0.80056
  -0.79626   -0.79507   -0.79144   -0.79102   -0.79044   -0.79012   -0.78941   -0.78883
  -0.36636   -0.35104   -0.34344   -0.34126   -0.32496   -0.31851   -0.31661   -0.31187
   0.09200    0.09468    0.10734    0.11695    0.11935    0.12729    0.14067    0.14628
   0.15326    0.16166    0.16252    0.17374    0.18544    0.18899    0.20824    0.21153
   0.22039    0.22309    0.23322    0.23351    0.23865    0.24794    0.25378    0.26531
   0.44615    0.45109
 kpt#  67, nband= 50, wtk=  0.00926, kpt= -0.3333  0.1667  0.3333 (reduced coord)
  -1.94289   -1.94266   -1.94244   -1.94240   -0.80428   -0.80335   -0.80185   -0.79879
  -0.79646   -0.79545   -0.79192   -0.79151   -0.79072   -0.79024   -0.78908   -0.78844
  -0.37037   -0.35028   -0.34121   -0.33911   -0.32486   -0.31931   -0.31741   -0.31136
   0.08738    0.09902    0.10494    0.11281    0.11780    0.12619    0.14102    0.14222
   0.15255    0.15777    0.16591    0.17912    0.18962    0.19649    0.19980    0.21438
   0.21894    0.22316    0.22914    0.23807    0.24230    0.25066    0.25331    0.26506
   0.44837    0.45805
 kpt#  68, nband= 50, wtk=  0.00926, kpt= -0.1667  0.1667  0.3333 (reduced coord)
  -1.94295   -1.94265   -1.94242   -1.94238   -0.80407   -0.80268   -0.80211   -0.79794
  -0.79636   -0.79537   -0.79262   -0.79211   -0.79103   -0.79068   -0.78857   -0.78840
  -0.37604   -0.34899   -0.33917   -0.33590   -0.32345   -0.32053   -0.31818   -0.31140
   0.08560    0.09581    0.09984    0.10802    0.11799    0.12541    0.13596    0.14277
   0.14479    0.16039    0.17262    0.17982    0.19134    0.20118    0.20576    0.21125
   0.21611    0.22380    0.23379    0.24163    0.24494    0.25100    0.25914    0.26277
   0.45559    0.46838
 kpt#  69, nband= 50, wtk=  0.00926, kpt=  0.0000  0.3333  0.3333 (reduced coord)
  -1.94286   -1.94259   -1.94252   -1.94241   -0.80261   -0.80230   -0.80057   -0.80047
  -0.79668   -0.79443   -0.79418   -0.79182   -0.79071   -0.79066   -0.78947   -0.78835
  -0.36922   -0.34626   -0.34461   -0.33888   -0.32328   -0.32002   -0.31836   -0.31376
   0.09609    0.10506    0.10575    0.11444    0.11673    0.12649    0.13370    0.13599
   0.14810    0.15817    0.17086    0.17412    0.18883    0.19934    0.20072    0.20954
   0.21402    0.22249    0.22270    0.23145    0.24859    0.25371    0.25838    0.26022
   0.45492    0.46892
 kpt#  70, nband= 50, wtk=  0.00926, kpt=  0.1667  0.3333  0.3333 (reduced coord)
  -1.94284   -1.94260   -1.94252   -1.94243   -0.80395   -0.80292   -0.80239   -0.79936
  -0.79635   -0.79426   -0.79308   -0.79122   -0.79063   -0.79035   -0.78909   -0.78850
  -0.36833   -0.34849   -0.34568   -0.34073   -0.32132   -0.32057   -0.31761   -0.31158
   0.09580    0.10397    0.10996    0.11478    0.11869    0.12578    0.13474    0.14102
   0.14816    0.15518    0.16525    0.18045    0.18796    0.20083    0.20272    0.21032
   0.21343    0.22043    0.22350    0.22934    0.24484    0.24994    0.25770    0.26162
   0.44983    0.46432
 kpt#  71, nband= 50, wtk=  0.00926, kpt=  0.3333  0.3333  0.3333 (reduced coord)
  -1.94279   -1.94262   -1.94252   -1.94246   -0.80514   -0.80432   -0.80361   -0.80155
  -0.79412   -0.79314   -0.79168   -0.79073   -0.79021   -0.78987   -0.78889   -0.78862
  -0.36581   -0.35128   -0.34879   -0.34566   -0.32021   -0.31738   -0.31514   -0.30996
   0.09632    0.10731    0.11351    0.11665    0.11925    0.12522    0.13383    0.14449
   0.14915    0.16011    0.16673    0.18051    0.18770    0.19586    0.20466    0.20881
   0.21473    0.22003    0.22193    0.23020    0.23754    0.24845    0.25255    0.26144
   0.44243    0.45758
 kpt#  72, nband= 50, wtk=  0.00926, kpt=  0.5000  0.3333  0.3333 (reduced coord)
  -1.94276   -1.94264   -1.94252   -1.94247   -0.80540   -0.80502   -0.80358   -0.80321
  -0.79304   -0.79285   -0.79078   -0.79056   -0.78974   -0.78959   -0.78910   -0.78890
  -0.36377   -0.35246   -0.35024   -0.34906   -0.31917   -0.31536   -0.31432   -0.30982
   0.09899    0.10585    0.11500    0.11804    0.11909    0.12693    0.13237    0.14267
   0.15343    0.16366    0.16846    0.17689    0.19156    0.19439    0.20116    0.20908
   0.21544    0.21839    0.22166    0.22989    0.23377    0.24947    0.24979    0.26109
   0.44118    0.44774
 kpt#  73, nband= 50, wtk=  0.00926, kpt= -0.3333  0.3333  0.3333 (reduced coord)
  -1.94279   -1.94262   -1.94252   -1.94246   -0.80514   -0.80433   -0.80362   -0.80154
  -0.79412   -0.79313   -0.79169   -0.79073   -0.79022   -0.78986   -0.78889   -0.78861
  -0.36581   -0.35128   -0.34878   -0.34566   -0.32021   -0.31738   -0.31514   -0.30996
   0.09632    0.10731    0.11351    0.11666    0.11925    0.12522    0.13382    0.14449
   0.14916    0.16010    0.16673    0.18051    0.18772    0.19586    0.20466    0.20881
   0.21473    0.22004    0.22193    0.23020    0.23754    0.24844    0.25255    0.26144
   0.44245    0.45756
 kpt#  74, nband= 50, wtk=  0.00926, kpt= -0.1667  0.3333  0.3333 (reduced coord)
  -1.94284   -1.94260   -1.94252   -1.94243   -0.80395   -0.80292   -0.80240   -0.79935
  -0.79635   -0.79424   -0.79310   -0.79121   -0.79065   -0.79035   -0.78909   -0.78850
  -0.36833   -0.34849   -0.34568   -0.34072   -0.32132   -0.32057   -0.31761   -0.31158
   0.09580    0.10397    0.10995    0.11479    0.11869    0.12577    0.13473    0.14103
   0.14816    0.15518    0.16524    0.18047    0.18796    0.20083    0.20272    0.21031
   0.21343    0.22042    0.22352    0.22935    0.24483    0.24994    0.25770    0.26163
   0.44985    0.46430
 kpt#  75, nband= 50, wtk=  0.00926, kpt=  0.0000  0.5000  0.3333 (reduced coord)
  -1.94274   -1.94265   -1.94254   -1.94246   -0.80178   -0.80176   -0.80078   -0.80076
  -0.79646   -0.79641   -0.79295   -0.79290   -0.78995   -0.78993   -0.78938   -0.78936
  -0.35668   -0.35663   -0.34296   -0.34292   -0.32134   -0.32131   -0.31650   -0.31647
   0.10735    0.10739    0.11581    0.11582    0.11587    0.11591    0.14499    0.14507
   0.14880    0.14885    0.16633    0.16638    0.18796    0.18808    0.20481    0.20484
   0.21400    0.21402    0.22661    0.22666    0.25433    0.25438    0.25598    0.25602
   0.45738    0.45747
 kpt#  76, nband= 50, wtk=  0.00926, kpt=  0.1667  0.5000  0.3333 (reduced coord)
  -1.94273   -1.94264   -1.94255   -1.94247   -0.80344   -0.80341   -0.80152   -0.80150
  -0.79520   -0.79514   -0.79180   -0.79176   -0.78983   -0.78980   -0.78942   -0.78938
  -0.35756   -0.35751   -0.34492   -0.34489   -0.32085   -0.32083   -0.31405   -0.31402
   0.10678    0.10679    0.11247    0.11252    0.12316    0.12319    0.14430    0.14434
   0.14882    0.14887    0.16679    0.16685    0.19150    0.19158    0.20457    0.20461
   0.21284    0.21286    0.22616    0.22620    0.24903    0.24906    0.25797    0.25798
   0.45253    0.45262
 kpt#  77, nband= 50, wtk=  0.00926, kpt=  0.3333  0.5000  0.3333 (reduced coord)
  -1.94270   -1.94262   -1.94258   -1.94249   -0.80499   -0.80497   -0.80365   -0.80363
  -0.79287   -0.79281   -0.79054   -0.79052   -0.78986   -0.78984   -0.78907   -0.78904
  -0.35850   -0.35845   -0.34949   -0.34946   -0.31787   -0.31785   -0.31140   -0.31137
   0.10751    0.10754    0.11418    0.11422    0.12473    0.12478    0.13694    0.13703
   0.15924    0.15930    0.17147    0.17151    0.19056    0.19062    0.20260    0.20263
   0.21241    0.21246    0.22494    0.22499    0.24557    0.24558    0.25553    0.25555
   0.44550    0.44559
 kpt#  78, nband= 50, wtk=  0.00926, kpt=  0.5000  0.5000  0.3333 (reduced coord)
  -1.94268   -1.94260   -1.94260   -1.94251   -0.80527   -0.80525   -0.80486   -0.80484
  -0.79165   -0.79161   -0.79064   -0.79059   -0.78963   -0.78960   -0.78882   -0.78881
  -0.35838   -0.35834   -0.35219   -0.35216   -0.31585   -0.31582   -0.31077   -0.31074
   0.10869    0.10873    0.11649    0.11651    0.12407    0.12414    0.13234    0.13244
   0.16753    0.16758    0.17224    0.17227    0.19395    0.19401    0.19612    0.19616
   0.21340    0.21348    0.22320    0.22327    0.24369    0.24373    0.25535    0.25539
   0.44387    0.44398
 kpt#  79, nband= 50, wtk=  0.00926, kpt= -0.3333  0.5000  0.3333 (reduced coord)
  -1.94270   -1.94262   -1.94258   -1.94249   -0.80498   -0.80497   -0.80365   -0.80363
  -0.79287   -0.79282   -0.79054   -0.79051   -0.78987   -0.78983   -0.78906   -0.78905
  -0.35850   -0.35845   -0.34950   -0.34946   -0.31787   -0.31784   -0.31141   -0.31137
   0.10751    0.10754    0.11418    0.11422    0.12473    0.12478    0.13695    0.13702
   0.15925    0.15930    0.17148    0.17150    0.19057    0.19061    0.20260    0.20263
   0.21241    0.21245    0.22494    0.22499    0.24557    0.24558    0.25553    0.25555
   0.44551    0.44557
 kpt#  80, nband= 50, wtk=  0.00926, kpt= -0.1667  0.5000  0.3333 (reduced coord)
  -1.94273   -1.94264   -1.94255   -1.94247   -0.80343   -0.80342   -0.80152   -0.80151
  -0.79519   -0.79514   -0.79180   -0.79176   -0.78982   -0.78980   -0.78941   -0.78939
  -0.35756   -0.35751   -0.34492   -0.34488   -0.32085   -0.32083   -0.31405   -0.31402
   0.10677    0.10679    0.11248    0.11252    0.12317    0.12318    0.14430    0.14434
   0.14882    0.14887    0.16680    0.16684    0.19150    0.19158    0.20457    0.20461
   0.21285    0.21285    0.22616    0.22620    0.24903    0.24906    0.25798    0.25798
   0.45255    0.45261
 kpt#  81, nband= 50, wtk=  0.00926, kpt=  0.0000 -0.3333  0.3333 (reduced coord)
  -1.94286   -1.94259   -1.94252   -1.94241   -0.80261   -0.80230   -0.80057   -0.80047
  -0.79668   -0.79444   -0.79417   -0.79179   -0.79071   -0.79068   -0.78946   -0.78835
  -0.36923   -0.34624   -0.34460   -0.33890   -0.32329   -0.32003   -0.31834   -0.31374
   0.09609    0.10502    0.10576    0.11442    0.11676    0.12649    0.13364    0.13600
   0.14811    0.15823    0.17088    0.17418    0.18881    0.19938    0.20069    0.20954
   0.21395    0.22246    0.22270    0.23150    0.24856    0.25373    0.25841    0.26021
   0.45495    0.46853
 kpt#  82, nband= 50, wtk=  0.00926, kpt=  0.1667 -0.3333  0.3333 (reduced coord)
  -1.94284   -1.94260   -1.94252   -1.94243   -0.80393   -0.80294   -0.80240   -0.79935
  -0.79635   -0.79423   -0.79310   -0.79121   -0.79063   -0.79037   -0.78908   -0.78850
  -0.36835   -0.34848   -0.34567   -0.34075   -0.32133   -0.32056   -0.31762   -0.31156
   0.09579    0.10393    0.10996    0.11480    0.11869    0.12578    0.13474    0.14101
   0.14816    0.15521    0.16526    0.18048    0.18798    0.20081    0.20274    0.21031
   0.21340    0.22040    0.22348    0.22937    0.24481    0.24998    0.25770    0.26161
   0.44988    0.46424
 kpt#  83, nband= 50, wtk=  0.00926, kpt=  0.3333 -0.3333  0.3333 (reduced coord)
  -1.94279   -1.94262   -1.94252   -1.94246   -0.80513   -0.80435   -0.80362   -0.80154
  -0.79412   -0.79312   -0.79168   -0.79074   -0.79020   -0.78988   -0.78891   -0.78860
  -0.36582   -0.35127   -0.34878   -0.34568   -0.32020   -0.31739   -0.31515   -0.30994
   0.09631    0.10727    0.11349    0.11665    0.11926    0.12525    0.13385    0.14449
   0.14917    0.16011    0.16672    0.18052    0.18775    0.19581    0.20471    0.20883
   0.21471    0.22000    0.22193    0.23019    0.23754    0.24843    0.25255    0.26145
   0.44247    0.45759
 kpt#  84, nband= 50, wtk=  0.00926, kpt=  0.5000 -0.3333  0.3333 (reduced coord)
  -1.94276   -1.94264   -1.94252   -1.94247   -0.80539   -0.80503   -0.80359   -0.80320
  -0.79304   -0.79285   -0.79077   -0.79054   -0.78976   -0.78960   -0.78911   -0.78889
  -0.36378   -0.35246   -0.35024   -0.34907   -0.31916   -0.31537   -0.31433   -0.30980
   0.09899    0.10582    0.11496    0.11799    0.11907    0.12702    0.13241    0.14264
   0.15346    0.16367    0.16844    0.17691    0.19158    0.19441    0.20115    0.20906
   0.21543    0.21834    0.22167    0.22991    0.23379    0.24946    0.24976    0.26112
   0.44117    0.44776
 kpt#  85, nband= 50, wtk=  0.00926, kpt= -0.3333 -0.3333  0.3333 (reduced coord)
  -1.94279   -1.94262   -1.94252   -1.94246   -0.80513   -0.80434   -0.80361   -0.80154
  -0.79412   -0.79313   -0.79167   -0.79075   -0.79020   -0.78988   -0.78890   -0.78861
  -0.36582   -0.35127   -0.34878   -0.34568   -0.32020   -0.31739   -0.31515   -0.30994
   0.09631    0.10727    0.11349    0.11664    0.11926    0.12526    0.13385    0.14449
   0.14916    0.16012    0.16673    0.18051    0.18773    0.19582    0.20471    0.20884
   0.21471    0.22000    0.22193    0.23020    0.23755    0.24843    0.25254    0.26145
   0.44245    0.45765
 kpt#  86, nband= 50, wtk=  0.00926, kpt= -0.1667 -0.3333  0.3333 (reduced coord)
  -1.94284   -1.94260   -1.94252   -1.94243   -0.80394   -0.80294   -0.80238   -0.79936
  -0.79635   -0.79425   -0.79308   -0.79122   -0.79062   -0.79037   -0.78908   -0.78850
  -0.36834   -0.34848   -0.34567   -0.34075   -0.32133   -0.32056   -0.31762   -0.31156
   0.09579    0.10393    0.10997    0.11479    0.11869    0.12578    0.13474    0.14100
   0.14816    0.15520    0.16526    0.18047    0.18799    0.20081    0.20274    0.21032
   0.21340    0.22040    0.22347    0.22936    0.24483    0.24998    0.25770    0.26161
   0.44986    0.46424
 kpt#  87, nband= 50, wtk=  0.00926, kpt=  0.0000 -0.1667  0.3333 (reduced coord)
  -1.94298   -1.94264   -1.94241   -1.94236   -0.80371   -0.80235   -0.80215   -0.79892
  -0.79558   -0.79487   -0.79260   -0.79255   -0.79121   -0.79082   -0.78895   -0.78815
  -0.37831   -0.34822   -0.33832   -0.33545   -0.32294   -0.32136   -0.31643   -0.31247
   0.08684    0.08917    0.09876    0.11141    0.11612    0.12709    0.12921    0.13949
   0.14259    0.16489    0.17935    0.18313    0.18844    0.19740    0.20178    0.21403
   0.22020    0.22560    0.23325    0.24250    0.24779    0.25488    0.25899    0.26143
   0.46012    0.46849
 kpt#  88, nband= 50, wtk=  0.00926, kpt=  0.1667 -0.1667  0.3333 (reduced coord)
  -1.94295   -1.94265   -1.94242   -1.94238   -0.80407   -0.80269   -0.80211   -0.79795
  -0.79636   -0.79537   -0.79262   -0.79210   -0.79103   -0.79068   -0.78856   -0.78841
  -0.37604   -0.34898   -0.33917   -0.33592   -0.32346   -0.32054   -0.31817   -0.31138
   0.08559    0.09583    0.09980    0.10802    0.11800    0.12541    0.13595    0.14277
   0.14480    0.16041    0.17265    0.17983    0.19136    0.20122    0.20575    0.21124
   0.21607    0.22377    0.23376    0.24165    0.24495    0.25102    0.25914    0.26277
   0.45559    0.46822
 kpt#  89, nband= 50, wtk=  0.00926, kpt=  0.3333 -0.1667  0.3333 (reduced coord)
  -1.94289   -1.94266   -1.94244   -1.94240   -0.80427   -0.80336   -0.80185   -0.79879
  -0.79644   -0.79546   -0.79191   -0.79151   -0.79072   -0.79026   -0.78908   -0.78844
  -0.37037   -0.35027   -0.34122   -0.33913   -0.32486   -0.31932   -0.31741   -0.31134
   0.08737    0.09900    0.10493    0.11282    0.11779    0.12620    0.14101    0.14226
   0.15255    0.15777    0.16590    0.17915    0.18963    0.19647    0.19980    0.21440
   0.21893    0.22316    0.22913    0.23808    0.24228    0.25064    0.25332    0.26508
   0.44837    0.45804
 kpt#  90, nband= 50, wtk=  0.00926, kpt=  0.5000 -0.1667  0.3333 (reduced coord)
  -1.94284   -1.94269   -1.94245   -1.94241   -0.80398   -0.80389   -0.80114   -0.80055
  -0.79625   -0.79508   -0.79142   -0.79101   -0.79046   -0.79013   -0.78940   -0.78884
  -0.36636   -0.35103   -0.34345   -0.34126   -0.32495   -0.31852   -0.31661   -0.31185
   0.09198    0.09469    0.10730    0.11692    0.11933    0.12734    0.14071    0.14627
   0.15324    0.16166    0.16254    0.17376    0.18545    0.18900    0.20825    0.21151
   0.22041    0.22306    0.23324    0.23351    0.23861    0.24792    0.25378    0.26534
   0.44614    0.45108
 kpt#  91, nband= 50, wtk=  0.00926, kpt= -0.3333 -0.1667  0.3333 (reduced coord)
  -1.94289   -1.94266   -1.94244   -1.94240   -0.80428   -0.80336   -0.80184   -0.79880
  -0.79645   -0.79545   -0.79191   -0.79151   -0.79072   -0.79025   -0.78908   -0.78844
  -0.37037   -0.35027   -0.34121   -0.33912   -0.32486   -0.31932   -0.31741   -0.31135
   0.08737    0.09900    0.10493    0.11282    0.11779    0.12620    0.14102    0.14227
   0.15255    0.15777    0.16590    0.17913    0.18963    0.19648    0.19980    0.21440
   0.21893    0.22316    0.22913    0.23807    0.24228    0.25064    0.25332    0.26508
   0.44835    0.45805
 kpt#  92, nband= 50, wtk=  0.00926, kpt= -0.1667 -0.1667  0.3333 (reduced coord)
  -1.94295   -1.94265   -1.94242   -1.94238   -0.80407   -0.80269   -0.80210   -0.79795
  -0.79636   -0.79536   -0.79262   -0.79211   -0.79103   -0.79068   -0.78856   -0.78841
  -0.37604   -0.34897   -0.33917   -0.33591   -0.32346   -0.32054   -0.31817   -0.31139
   0.08558    0.09583    0.09981    0.10802    0.11800    0.12540    0.13596    0.14277
   0.14480    0.16040    0.17264    0.17981    0.19137    0.20123    0.20576    0.21124
   0.21607    0.22376    0.23376    0.24166    0.24495    0.25102    0.25914    0.26277
   0.45557    0.46852
 kpt#  93, nband= 50, wtk=  0.00463, kpt=  0.0000  0.0000  0.5000 (reduced coord)
  -1.94286   -1.94283   -1.94237   -1.94234   -0.80092   -0.80091   -0.80059   -0.80058
  -0.79692   -0.79690   -0.79324   -0.79322   -0.78984   -0.78984   -0.78959   -0.78958
  -0.36438   -0.36437   -0.33394   -0.33394   -0.32186   -0.32186   -0.31688   -0.31687
   0.09222    0.09223    0.10534    0.10536    0.12629    0.12631    0.12889    0.12890
   0.14891    0.14892    0.18084    0.18085    0.19165    0.19169    0.20948    0.20949
   0.21832    0.21835    0.24483    0.24484    0.25025    0.25026    0.25973    0.25973
   0.46792    0.46794
 kpt#  94, nband= 50, wtk=  0.00926, kpt=  0.1667  0.0000  0.5000 (reduced coord)
  -1.94284   -1.94281   -1.94238   -1.94236   -0.80177   -0.80177   -0.79967   -0.79966
  -0.79761   -0.79760   -0.79254   -0.79253   -0.79015   -0.79014   -0.78938   -0.78937
  -0.36322   -0.36322   -0.33429   -0.33428   -0.32344   -0.32344   -0.31618   -0.31618
   0.09124    0.09126    0.10768    0.10769    0.12586    0.12587    0.13393    0.13394
   0.15267    0.15267    0.17648    0.17649    0.18811    0.18812    0.20746    0.20747
   0.22104    0.22104    0.24113    0.24113    0.25123    0.25124    0.25794    0.25795
   0.46171    0.46173
 kpt#  95, nband= 50, wtk=  0.00926, kpt=  0.3333  0.0000  0.5000 (reduced coord)
  -1.94281   -1.94278   -1.94242   -1.94239   -0.80256   -0.80256   -0.79891   -0.79891
  -0.79831   -0.79830   -0.79164   -0.79163   -0.79084   -0.79084   -0.78891   -0.78890
  -0.36062   -0.36061   -0.33548   -0.33548   -0.32563   -0.32562   -0.31556   -0.31555
   0.09237    0.09238    0.10983    0.10984    0.12356    0.12357    0.14602    0.14603
   0.16069    0.16069    0.16954    0.16955    0.18404    0.18405    0.19935    0.19936
   0.22383    0.22385    0.23440    0.23440    0.24919    0.24920    0.25845    0.25846
   0.45332    0.45335
 kpt#  96, nband= 50, wtk=  0.00463, kpt=  0.5000  0.0000  0.5000 (reduced coord)
  -1.94279   -1.94276   -1.94244   -1.94240   -0.80286   -0.80285   -0.79939   -0.79938
  -0.79768   -0.79766   -0.79209   -0.79206   -0.79046   -0.79045   -0.78878   -0.78878
  -0.35912   -0.35911   -0.33643   -0.33643   -0.32641   -0.32640   -0.31543   -0.31542
   0.09467    0.09468    0.10941    0.10942    0.12160    0.12162    0.15456    0.15458
   0.16227    0.16228    0.16918    0.16918    0.18366    0.18368    0.19265    0.19265
   0.21848    0.21850    0.23644    0.23644    0.24754    0.24755    0.25824    0.25825
   0.44944    0.44946
 kpt#  97, nband= 50, wtk=  0.00926, kpt=  0.0000  0.1667  0.5000 (reduced coord)
  -1.94282   -1.94280   -1.94240   -1.94237   -0.80137   -0.80135   -0.80034   -0.80033
  -0.79704   -0.79703   -0.79273   -0.79271   -0.79054   -0.79053   -0.78913   -0.78912
  -0.36239   -0.36238   -0.33599   -0.33598   -0.32152   -0.32152   -0.31737   -0.31737
   0.09719    0.09720    0.10711    0.10714    0.12634    0.12635    0.13157    0.13158
   0.14758    0.14759    0.17778    0.17782    0.19444    0.19449    0.20234    0.20237
   0.22129    0.22132    0.23988    0.23995    0.24896    0.24898    0.25705    0.25708
   0.46597    0.46603
 kpt#  98, nband= 50, wtk=  0.00926, kpt=  0.1667  0.1667  0.5000 (reduced coord)
  -1.94281   -1.94278   -1.94241   -1.94238   -0.80281   -0.80259   -0.80004   -0.79958
  -0.79699   -0.79694   -0.79236   -0.79200   -0.79051   -0.78998   -0.78925   -0.78916
  -0.36249   -0.36118   -0.33806   -0.33654   -0.32341   -0.32115   -0.31693   -0.31478
   0.09501    0.09660    0.10919    0.11012    0.12382    0.12796    0.13506    0.13697
   0.14950    0.15255    0.16973    0.17504    0.19144    0.19298    0.20518    0.20591
   0.21993    0.22225    0.23737    0.23901    0.24277    0.24888    0.25360    0.26053
   0.45595    0.46755
 kpt#  99, nband= 50, wtk=  0.00926, kpt=  0.3333  0.1667  0.5000 (reduced coord)
  -1.94279   -1.94275   -1.94244   -1.94241   -0.80388   -0.80383   -0.80121   -0.80060
  -0.79576   -0.79574   -0.79151   -0.79101   -0.79047   -0.79024   -0.78896   -0.78895
  -0.36118   -0.35973   -0.34123   -0.34004   -0.32242   -0.32155   -0.31479   -0.31358
   0.09476    0.09952    0.10845    0.11427    0.12302    0.12515    0.14026    0.14890
   0.15681    0.15699    0.16532    0.17687    0.18644    0.18671    0.19874    0.20813
   0.22238    0.22245    0.22748    0.23687    0.23994    0.24571    0.25676    0.25718
   0.44812    0.45503
 kpt# 100, nband= 50, wtk=  0.00926, kpt=  0.5000  0.1667  0.5000 (reduced coord)
  -1.94277   -1.94273   -1.94246   -1.94243   -0.80422   -0.80420   -0.80161   -0.80158
  -0.79504   -0.79502   -0.79119   -0.79115   -0.79023   -0.79021   -0.78883   -0.78882
  -0.35957   -0.35956   -0.34257   -0.34257   -0.32132   -0.32131   -0.31384   -0.31383
   0.09906    0.09909    0.11089    0.11095    0.12264    0.12266    0.14644    0.14646
   0.16478    0.16479    0.16768    0.16770    0.18810    0.18813    0.19851    0.19856
   0.21978    0.21983    0.23167    0.23169    0.24195    0.24197    0.25697    0.25699
   0.44701    0.44704
 kpt# 101, nband= 50, wtk=  0.00926, kpt= -0.3333  0.1667  0.5000 (reduced coord)
  -1.94279   -1.94275   -1.94244   -1.94241   -0.80387   -0.80383   -0.80122   -0.80059
  -0.79576   -0.79574   -0.79149   -0.79101   -0.79047   -0.79025   -0.78897   -0.78894
  -0.36117   -0.35974   -0.34123   -0.34004   -0.32242   -0.32154   -0.31479   -0.31359
   0.09476    0.09951    0.10845    0.11427    0.12303    0.12515    0.14025    0.14889
   0.15682    0.15700    0.16531    0.17686    0.18644    0.18671    0.19875    0.20812
   0.22238    0.22246    0.22748    0.23688    0.23992    0.24571    0.25675    0.25719
   0.44814    0.45501
 kpt# 102, nband= 50, wtk=  0.00926, kpt= -0.1667  0.1667  0.5000 (reduced coord)
  -1.94281   -1.94278   -1.94241   -1.94238   -0.80280   -0.80259   -0.80005   -0.79957
  -0.79699   -0.79694   -0.79236   -0.79199   -0.79051   -0.78999   -0.78925   -0.78916
  -0.36248   -0.36119   -0.33805   -0.33655   -0.32341   -0.32114   -0.31693   -0.31478
   0.09502    0.09659    0.10920    0.11011    0.12382    0.12796    0.13505    0.13696
   0.14951    0.15255    0.16974    0.17503    0.19144    0.19297    0.20517    0.20592
   0.21994    0.22227    0.23738    0.23901    0.24275    0.24887    0.25360    0.26054
   0.45598    0.46753
 kpt# 103, nband= 50, wtk=  0.00926, kpt=  0.0000  0.3333  0.5000 (reduced coord)
  -1.94274   -1.94271   -1.94248   -1.94246   -0.80174   -0.80173   -0.80066   -0.80064
  -0.79647   -0.79646   -0.79287   -0.79286   -0.79057   -0.79056   -0.78893   -0.78893
  -0.35692   -0.35690   -0.34162   -0.34161   -0.32069   -0.32068   -0.31846   -0.31845
   0.10597    0.10598    0.11403    0.11406    0.12666    0.12668    0.13742    0.13742
   0.14698    0.14700    0.17277    0.17282    0.18217    0.18223    0.20618    0.20619
   0.22201    0.22201    0.22749    0.22753    0.24492    0.24499    0.25527    0.25530
   0.46373    0.46377
 kpt# 104, nband= 50, wtk=  0.00926, kpt=  0.1667  0.3333  0.5000 (reduced coord)
  -1.94273   -1.94270   -1.94249   -1.94246   -0.80363   -0.80318   -0.80186   -0.80105
  -0.79528   -0.79480   -0.79226   -0.79147   -0.79041   -0.79035   -0.78896   -0.78895
  -0.35873   -0.35685   -0.34413   -0.34408   -0.31996   -0.31970   -0.31694   -0.31466
   0.10398    0.10655    0.11424    0.11637    0.12302    0.13061    0.13791    0.13882
   0.14908    0.15154    0.16710    0.16818    0.18986    0.19135    0.20429    0.20831
   0.21783    0.22002    0.22385    0.22455    0.24206    0.24795    0.24978    0.25999
   0.45187    0.46953
 kpt# 105, nband= 50, wtk=  0.00926, kpt=  0.3333  0.3333  0.5000 (reduced coord)
  -1.94272   -1.94269   -1.94251   -1.94248   -0.80529   -0.80505   -0.80371   -0.80306
  -0.79293   -0.79265   -0.79090   -0.79053   -0.79009   -0.78978   -0.78891   -0.78887
  -0.36004   -0.35826   -0.34877   -0.34868   -0.31723   -0.31667   -0.31316   -0.31183
   0.10436    0.10708    0.11616    0.11989    0.12080    0.12890    0.13435    0.13679
   0.15826    0.16009    0.17026    0.17164    0.18888    0.19226    0.20498    0.20577
   0.21389    0.22089    0.22267    0.22280    0.23650    0.24540    0.25148    0.25572
   0.44286    0.45629
 kpt# 106, nband= 50, wtk=  0.00926, kpt=  0.5000  0.3333  0.5000 (reduced coord)
  -1.94271   -1.94267   -1.94252   -1.94248   -0.80578   -0.80577   -0.80428   -0.80426
  -0.79190   -0.79188   -0.79032   -0.79027   -0.78977   -0.78973   -0.78880   -0.78879
  -0.35958   -0.35957   -0.35098   -0.35097   -0.31520   -0.31518   -0.31146   -0.31144
   0.10702    0.10706    0.11822    0.11831    0.12378    0.12383    0.13449    0.13450
   0.16365    0.16366    0.17297    0.17298    0.19151    0.19154    0.20012    0.20016
   0.22016    0.22019    0.22506    0.22507    0.23568    0.23573    0.25334    0.25338
   0.44378    0.44379
 kpt# 107, nband= 50, wtk=  0.00926, kpt= -0.3333  0.3333  0.5000 (reduced coord)
  -1.94272   -1.94269   -1.94251   -1.94248   -0.80528   -0.80506   -0.80373   -0.80305
  -0.79293   -0.79264   -0.79089   -0.79053   -0.79010   -0.78979   -0.78891   -0.78887
  -0.36003   -0.35826   -0.34877   -0.34869   -0.31723   -0.31667   -0.31316   -0.31183
   0.10436    0.10708    0.11617    0.11989    0.12080    0.12889    0.13435    0.13679
   0.15826    0.16009    0.17026    0.17163    0.18888    0.19226    0.20498    0.20576
   0.21388    0.22089    0.22268    0.22282    0.23649    0.24539    0.25149    0.25572
   0.44288    0.45621
 kpt# 108, nband= 50, wtk=  0.00926, kpt= -0.1667  0.3333  0.5000 (reduced coord)
  -1.94273   -1.94270   -1.94249   -1.94246   -0.80362   -0.80318   -0.80187   -0.80104
  -0.79528   -0.79480   -0.79226   -0.79146   -0.79042   -0.79035   -0.78896   -0.78895
  -0.35872   -0.35686   -0.34413   -0.34408   -0.31996   -0.31970   -0.31693   -0.31466
   0.10398    0.10655    0.11423    0.11638    0.12301    0.13061    0.13792    0.13882
   0.14909    0.15154    0.16710    0.16818    0.18984    0.19135    0.20428    0.20831
   0.21784    0.22002    0.22385    0.22457    0.24204    0.24794    0.24979    0.26000
   0.45189    0.46959
 kpt# 109, nband= 50, wtk=  0.00463, kpt=  0.0000  0.5000  0.5000 (reduced coord)
  -1.94266   -1.94262   -1.94258   -1.94254   -0.80146   -0.80145   -0.80143   -0.80143
  -0.79477   -0.79474   -0.79471   -0.79468   -0.78949   -0.78948   -0.78946   -0.78945
  -0.34934   -0.34934   -0.34929   -0.34929   -0.31965   -0.31964   -0.31962   -0.31962
   0.11245    0.11246    0.11247    0.11248    0.13659    0.13661    0.13664    0.13666
   0.15434    0.15435    0.15441    0.15443    0.19209    0.19211    0.19219    0.19221
   0.22354    0.22355    0.22356    0.22358    0.24903    0.24905    0.24909    0.24910
   0.46765    0.46771
 kpt# 110, nband= 50, wtk=  0.00926, kpt=  0.1667  0.5000  0.5000 (reduced coord)
  -1.94266   -1.94262   -1.94258   -1.94254   -0.80330   -0.80328   -0.80261   -0.80259
  -0.79356   -0.79354   -0.79278   -0.79276   -0.78948   -0.78945   -0.78944   -0.78941
  -0.35223   -0.35222   -0.35087   -0.35086   -0.31804   -0.31803   -0.31655   -0.31655
   0.11100    0.11100    0.11502    0.11504    0.13393    0.13395    0.13501    0.13503
   0.15763    0.15765    0.15868    0.15871    0.19429    0.19430    0.19612    0.19614
   0.21826    0.21826    0.22029    0.22031    0.24562    0.24564    0.25393    0.25393
   0.45655    0.45657
 kpt# 111, nband= 50, wtk=  0.00926, kpt=  0.3333  0.5000  0.5000 (reduced coord)
  -1.94266   -1.94262   -1.94258   -1.94254   -0.80527   -0.80526   -0.80480   -0.80479
  -0.79132   -0.79131   -0.79076   -0.79074   -0.78937   -0.78934   -0.78933   -0.78930
  -0.35587   -0.35587   -0.35477   -0.35477   -0.31396   -0.31395   -0.31273   -0.31273
   0.11298    0.11299    0.11547    0.11548    0.12908    0.12910    0.13285    0.13286
   0.16459    0.16459    0.16684    0.16685    0.19378    0.19379    0.19669    0.19671
   0.21578    0.21579    0.21995    0.21997    0.24419    0.24421    0.25130    0.25131
   0.44761    0.44762
 kpt# 112, nband= 50, wtk=  0.00463, kpt=  0.5000  0.5000  0.5000 (reduced coord)
  -1.94266   -1.94262   -1.94258   -1.94254   -0.80587   -0.80586   -0.80585   -0.80584
  -0.79033   -0.79032   -0.79029   -0.79028   -0.78918   -0.78916   -0.78915   -0.78913
  -0.35700   -0.35700   -0.35696   -0.35696   -0.31163   -0.31163   -0.31161   -0.31160
   0.11492    0.11492    0.11495    0.11496    0.12949    0.12951    0.12956    0.12957
   0.16840    0.16841    0.16844    0.16845    0.19414    0.19415    0.19419    0.19420
   0.21956    0.21957    0.21960    0.21961    0.24539    0.24540    0.24544    0.24544
   0.44840    0.44844
