 Fermi (or HOMO) energy (hartree) =   0.27714   Average Vxc (hartree)=  -0.44601
 Eigenvalues (hartree) for nkpt= 112  k points:
 kpt#   1, nband= 50, wtk=  0.00463, kpt=  0.0000  0.0000  0.0000 (reduced coord)
  -1.94370   -1.94304   -1.94300   -1.94300   -0.80523   -0.80523   -0.80489   -0.79312
  -0.79312   -0.79281   -0.79281   -0.79147   -0.79147   -0.78862   -0.78698   -0.78698
  -0.39504   -0.33819   -0.32893   -0.32893   -0.31889   -0.31581   -0.31581   -0.29679
   0.06029    0.06029    0.07167    0.09588    0.10257    0.10257    0.16431    0.16431
   0.16650    0.16650    0.17274    0.17274    0.22370    0.22370    0.22845    0.22845
   0.24960    0.24960    0.25533    0.25534    0.25962    0.26629    0.26629    0.27519
   0.44246    0.44524
 kpt#   2, nband= 50, wtk=  0.00926, kpt=  0.1667  0.0000  0.0000 (reduced coord)
  -1.94365   -1.94305   -1.94303   -1.94300   -0.80437   -0.80414   -0.80412   -0.79411
  -0.79303   -0.79251   -0.79251   -0.79225   -0.79161   -0.78884   -0.78834   -0.78736
  -0.39030   -0.33666   -0.32816   -0.32696   -0.32197   -0.31949   -0.31726   -0.29917
   0.06604    0.07033    0.07101    0.09829    0.10566    0.11756    0.15211    0.15278
   0.16015    0.16255    0.17253    0.17505    0.21854    0.22053    0.22059    0.23705
   0.24548    0.24712    0.25037    0.25818    0.25986    0.26469    0.26586    0.27577
   0.45109    0.45185
 kpt#   3, nband= 50, wtk=  0.00926, kpt=  0.3333  0.0000  0.0000 (reduced coord)
  -1.94352   -1.94318   -1.94303   -1.94301   -0.80209   -0.80197   -0.80102   -0.79633
  -0.79517   -0.79277   -0.79195   -0.79194   -0.79170   -0.79119   -0.78955   -0.78839
  -0.37704   -0.33789   -0.33246   -0.32618   -0.32151   -0.32126   -0.32118   -0.30550
   0.07817    0.08253    0.09885    0.10543    0.11443    0.12559    0.13430    0.13696
   0.14487    0.15217    0.18243    0.18318    0.18613    0.20742    0.21107    0.22857
   0.23685    0.24071    0.25204    0.26445    0.26506    0.26589    0.26992    0.27714
   0.46648    0.46743
 kpt#   4, nband= 50, wtk=  0.00463, kpt=  0.5000  0.0000  0.0000 (reduced coord)
  -1.94336   -1.94334   -1.94303   -1.94301   -0.79924   -0.79923   -0.79864   -0.79863
  -0.79661   -0.79660   -0.79238   -0.79237   -0.79061   -0.79060   -0.78980   -0.78979
  -0.35810   -0.35809   -0.32681   -0.32681   -0.32360   -0.32360   -0.31373   -0.31373
   0.09521    0.09522    0.11094    0.11094    0.11756    0.11757    0.12822    0.12823
   0.14004    0.14004    0.19153    0.19153    0.19388    0.19389    0.19731    0.19732
   0.23753    0.23754    0.26179    0.26179    0.26635    0.26636    0.27639    0.27639
   0.47822    0.47938
 kpt#   5, nband= 50, wtk=  0.00926, kpt=  0.0000  0.1667  0.0000 (reduced coord)
  -1.94365   -1.94305   -1.94303   -1.94300   -0.80437   -0.80414   -0.80412   -0.79411
  -0.79303   -0.79251   -0.79251   -0.79225   -0.79161   -0.78884   -0.78834   -0.78736
  -0.39030   -0.33666   -0.32816   -0.32696   -0.32197   -0.31949   -0.31726   -0.29917
   0.06604    0.07033    0.07101    0.09829    0.10566    0.11756    0.15211    0.15278
   0.16015    0.16255    0.17253    0.17505    0.21854    0.22053    0.22059    0.23705
   0.24548    0.24712    0.25037    0.25818    0.25986    0.26469    0.26586    0.27577
   0.45109    0.45185
 kpt#   6, nband= 50, wtk=  0.00926, kpt=  0.1667  0.1667  0.0000 (reduced coord)
  -1.94361   -1.94305   -1.94305   -1.94303   -0.80349   -0.80349   -0.80343   -0.79395
  -0.79379   -0.79379   -0.79207   -0.79207   -0.79106   -0.79005   -0.78916   -0.78717
  -0.38597   -0.33572   -0.32692   -0.32691   -0.32241   -0.32241   -0.31990   -0.30123
   0.07271    0.07578    0.07578    0.10000    0.10957    0.12833    0.14468    0.14468
   0.15948    0.16492    0.16492    0.17297    0.21403    0.21825    0.22417    0.22417
   0.24760    0.24772    0.25067    0.25068    0.25981    0.25981    0.26786    0.27608
   0.45576    0.46025
 kpt#   7, nband= 50, wtk=  0.00926, kpt=  0.3333  0.1667  0.0000 (reduced coord)
  -1.94349   -1.94317   -1.94305   -1.94303   -0.80173   -0.80147   -0.80103   -0.79642
  -0.79584   -0.79339   -0.79292   -0.79158   -0.79106   -0.79088   -0.78998   -0.78788
  -0.37383   -0.33807   -0.33320   -0.32678   -0.32444   -0.32105   -0.32023   -0.30670
   0.08188    0.09096    0.10215    0.10549    0.11872    0.12420    0.13183    0.13868
   0.14904    0.15871    0.17590    0.17934    0.18925    0.20493    0.20680    0.22968
   0.23106    0.23493    0.25027    0.25255    0.26292    0.26756    0.26966    0.27694
   0.46433    0.47344
 kpt#   8, nband= 50, wtk=  0.00926, kpt=  0.5000  0.1667  0.0000 (reduced coord)
  -1.94334   -1.94332   -1.94305   -1.94303   -0.79920   -0.79920   -0.79891   -0.79890
  -0.79716   -0.79715   -0.79182   -0.79181   -0.79088   -0.79087   -0.78931   -0.78930
  -0.35649   -0.35649   -0.32982   -0.32982   -0.32273   -0.32273   -0.31381   -0.31380
   0.09996    0.09996    0.11419    0.11419    0.11425    0.11425    0.13246    0.13246
   0.14636    0.14636    0.18900    0.18900    0.19031    0.19031    0.19794    0.19794
   0.23281    0.23281    0.25303    0.25304    0.26580    0.26580    0.27577    0.27577
   0.47240    0.47319
 kpt#   9, nband= 50, wtk=  0.00926, kpt= -0.3333  0.1667  0.0000 (reduced coord)
  -1.94349   -1.94317   -1.94305   -1.94303   -0.80173   -0.80147   -0.80103   -0.79642
  -0.79584   -0.79339   -0.79292   -0.79158   -0.79106   -0.79088   -0.78998   -0.78788
  -0.37383   -0.33807   -0.33320   -0.32678   -0.32444   -0.32105   -0.32023   -0.30670
   0.08188    0.09096    0.10215    0.10549    0.11872    0.12420    0.13183    0.13868
   0.14904    0.15871    0.17590    0.17934    0.18925    0.20493    0.20680    0.22968
   0.23106    0.23493    0.25027    0.25255    0.26292    0.26756    0.26966    0.27694
   0.46451    0.47366
 kpt#  10, nband= 50, wtk=  0.00926, kpt= -0.1667  0.1667  0.0000 (reduced coord)
  -1.94361   -1.94305   -1.94305   -1.94303   -0.80349   -0.80349   -0.80343   -0.79395
  -0.79379   -0.79379   -0.79207   -0.79207   -0.79106   -0.79005   -0.78916   -0.78717
  -0.38597   -0.33572   -0.32692   -0.32691   -0.32241   -0.32241   -0.31990   -0.30123
   0.07271    0.07578    0.07578    0.10000    0.10957    0.12833    0.14468    0.14468
   0.15948    0.16492    0.16492    0.17297    0.21403    0.21825    0.22417    0.22417
   0.24760    0.24772    0.25067    0.25068    0.25981    0.25981    0.26786    0.27608
   0.45572    0.45966
 kpt#  11, nband= 50, wtk=  0.00926, kpt=  0.0000  0.3333  0.0000 (reduced coord)
  -1.94352   -1.94318   -1.94303   -1.94301   -0.80209   -0.80197   -0.80102   -0.79633
  -0.79517   -0.79277   -0.79195   -0.79194   -0.79170   -0.79119   -0.78955   -0.78839
  -0.37704   -0.33789   -0.33246   -0.32618   -0.32151   -0.32126   -0.32118   -0.30550
   0.07817    0.08253    0.09885    0.10543    0.11443    0.12559    0.13430    0.13696
   0.14487    0.15217    0.18243    0.18318    0.18613    0.20742    0.21107    0.22857
   0.23685    0.24071    0.25204    0.26445    0.26506    0.26589    0.26992    0.27714
   0.46653    0.46670
 kpt#  12, nband= 50, wtk=  0.00926, kpt=  0.1667  0.3333  0.0000 (reduced coord)
  -1.94349   -1.94317   -1.94305   -1.94303   -0.80173   -0.80147   -0.80103   -0.79642
  -0.79584   -0.79339   -0.79292   -0.79158   -0.79106   -0.79088   -0.78998   -0.78788
  -0.37383   -0.33807   -0.33320   -0.32678   -0.32444   -0.32105   -0.32023   -0.30670
   0.08188    0.09096    0.10215    0.10549    0.11872    0.12420    0.13183    0.13868
   0.14904    0.15871    0.17590    0.17934    0.18925    0.20493    0.20680    0.22968
   0.23106    0.23493    0.25027    0.25255    0.26292    0.26756    0.26966    0.27694
   0.46452    0.47323
 kpt#  13, nband= 50, wtk=  0.00926, kpt=  0.3333  0.3333  0.0000 (reduced coord)
  -1.94340   -1.94314   -1.94314   -1.94306   -0.80081   -0.80080   -0.79984   -0.79840
  -0.79598   -0.79456   -0.79456   -0.79124   -0.79022   -0.79022   -0.79001   -0.78776
  -0.36483   -0.33790   -0.33790   -0.33499   -0.32077   -0.32019   -0.32018   -0.31008
   0.09231    0.10677    0.10976    0.10976    0.12601    0.12601    0.12924    0.13901
   0.16019    0.16019    0.17666    0.17796    0.18926    0.18990    0.20796    0.20796
   0.21463    0.23455    0.23455    0.24026    0.26745    0.26922    0.26922    0.27628
   0.46085    0.46803
 kpt#  14, nband= 50, wtk=  0.00926, kpt=  0.5000  0.3333  0.0000 (reduced coord)
  -1.94328   -1.94326   -1.94311   -1.94309   -0.79997   -0.79996   -0.79923   -0.79923
  -0.79674   -0.79673   -0.79289   -0.79288   -0.78978   -0.78978   -0.78867   -0.78866
  -0.35185   -0.35185   -0.33681   -0.33681   -0.32043   -0.32043   -0.31496   -0.31496
   0.10566    0.10566    0.11001    0.11001    0.13039    0.13039    0.14344    0.14344
   0.15631    0.15632    0.17503    0.17503    0.18733    0.18733    0.20565    0.20565
   0.21035    0.21036    0.23648    0.23649    0.26836    0.26837    0.27434    0.27434
   0.46146    0.46246
 kpt#  15, nband= 50, wtk=  0.00926, kpt= -0.3333  0.3333  0.0000 (reduced coord)
  -1.94340   -1.94314   -1.94314   -1.94306   -0.80081   -0.80080   -0.79984   -0.79840
  -0.79598   -0.79456   -0.79456   -0.79124   -0.79022   -0.79022   -0.79001   -0.78776
  -0.36483   -0.33790   -0.33790   -0.33499   -0.32077   -0.32019   -0.32018   -0.31008
   0.09231    0.10677    0.10976    0.10976    0.12601    0.12601    0.12924    0.13901
   0.16019    0.16019    0.17666    0.17796    0.18926    0.18990    0.20796    0.20796
   0.21463    0.23455    0.23455    0.24026    0.26745    0.26922    0.26922    0.27628
   0.46124    0.46805
 kpt#  16, nband= 50, wtk=  0.00926, kpt= -0.1667  0.3333  0.0000 (reduced coord)
  -1.94349   -1.94317   -1.94305   -1.94303   -0.80173   -0.80147   -0.80103   -0.79642
  -0.79584   -0.79339   -0.79292   -0.79158   -0.79106   -0.79088   -0.78998   -0.78788
  -0.37383   -0.33807   -0.33320   -0.32678   -0.32444   -0.32105   -0.32023   -0.30670
   0.08188    0.09096    0.10215    0.10549    0.11872    0.12420    0.13183    0.13868
   0.14904    0.15871    0.17590    0.17934    0.18925    0.20493    0.20680    0.22968
   0.23106    0.23493    0.25027    0.25255    0.26292    0.26756    0.26966    0.27694
   0.46459    0.47330
 kpt#  17, nband= 50, wtk=  0.00463, kpt=  0.0000  0.5000  0.0000 (reduced coord)
  -1.94336   -1.94334   -1.94303   -1.94301   -0.79924   -0.79923   -0.79864   -0.79863
  -0.79661   -0.79660   -0.79238   -0.79237   -0.79061   -0.79060   -0.78980   -0.78979
  -0.35810   -0.35809   -0.32681   -0.32681   -0.32360   -0.32360   -0.31373   -0.31373
   0.09521    0.09522    0.11094    0.11094    0.11756    0.11757    0.12822    0.12823
   0.14004    0.14004    0.19153    0.19153    0.19388    0.19389    0.19731    0.19732
   0.23753    0.23754    0.26179    0.26179    0.26635    0.26636    0.27639    0.27639
   0.47844    0.47945
 kpt#  18, nband= 50, wtk=  0.00926, kpt=  0.1667  0.5000  0.0000 (reduced coord)
  -1.94334   -1.94332   -1.94305   -1.94303   -0.79920   -0.79920   -0.79891   -0.79890
  -0.79716   -0.79715   -0.79182   -0.79181   -0.79088   -0.79087   -0.78931   -0.78930
  -0.35649   -0.35649   -0.32982   -0.32982   -0.32273   -0.32273   -0.31381   -0.31380
   0.09996    0.09996    0.11419    0.11419    0.11425    0.11425    0.13246    0.13246
   0.14636    0.14636    0.18900    0.18900    0.19031    0.19031    0.19794    0.19794
   0.23281    0.23281    0.25303    0.25304    0.26580    0.26580    0.27577    0.27577
   0.47232    0.47497
 kpt#  19, nband= 50, wtk=  0.00926, kpt=  0.3333  0.5000  0.0000 (reduced coord)
  -1.94328   -1.94326   -1.94311   -1.94309   -0.79997   -0.79996   -0.79923   -0.79923
  -0.79674   -0.79673   -0.79289   -0.79288   -0.78978   -0.78978   -0.78867   -0.78866
  -0.35185   -0.35185   -0.33681   -0.33681   -0.32043   -0.32043   -0.31496   -0.31496
   0.10566    0.10566    0.11001    0.11001    0.13039    0.13039    0.14344    0.14344
   0.15631    0.15632    0.17503    0.17503    0.18733    0.18733    0.20565    0.20565
   0.21035    0.21036    0.23648    0.23649    0.26836    0.26837    0.27434    0.27434
   0.46134    0.46183
 kpt#  20, nband= 50, wtk=  0.00463, kpt=  0.5000  0.5000  0.0000 (reduced coord)
  -1.94320   -1.94319   -1.94319   -1.94317   -0.80000   -0.80000   -0.79999   -0.79999
  -0.79487   -0.79486   -0.79486   -0.79485   -0.78878   -0.78878   -0.78878   -0.78878
  -0.34487   -0.34487   -0.34486   -0.34486   -0.31747   -0.31747   -0.31746   -0.31746
   0.10785    0.10785    0.10785    0.10785    0.15346    0.15346    0.15347    0.15347
   0.15794    0.15795    0.15795    0.15795    0.18935    0.18935    0.18935    0.18935
   0.21896    0.21896    0.21896    0.21896    0.27180    0.27180    0.27180    0.27180
   0.45759    0.45760
 kpt#  21, nband= 50, wtk=  0.00926, kpt=  0.0000  0.0000  0.1667 (reduced coord)
  -1.94365   -1.94308   -1.94300   -1.94300   -0.80445   -0.80445   -0.80389   -0.79396
  -0.79396   -0.79283   -0.79283   -0.79118   -0.79118   -0.78983   -0.78729   -0.78729
  -0.39059   -0.33578   -0.32798   -0.32798   -0.32507   -0.31666   -0.31666   -0.29981
   0.06597    0.06597    0.08175    0.10517    0.10517    0.10616    0.15796    0.15797
   0.16258    0.16258    0.16934    0.16934    0.22349    0.22349    0.23185    0.23185
   0.24084    0.24255    0.24255    0.25888    0.26090    0.26090    0.26722    0.26722
   0.44571    0.45106
 kpt#  22, nband= 50, wtk=  0.00926, kpt=  0.1667  0.0000  0.1667 (reduced coord)
  -1.94361   -1.94308   -1.94305   -1.94301   -0.80363   -0.80350   -0.80332   -0.79507
  -0.79361   -0.79248   -0.79224   -0.79222   -0.79127   -0.79062   -0.78782   -0.78770
  -0.38617   -0.33442   -0.32776   -0.32625   -0.32525   -0.32238   -0.31787   -0.30186
   0.07142    0.07566    0.08039    0.10507    0.10761    0.12319    0.15228    0.15287
   0.15576    0.15772    0.16498    0.16904    0.21709    0.22520    0.22651    0.23303
   0.24216    0.24273    0.24528    0.25026    0.25475    0.26422    0.26446    0.26619
   0.45364    0.45678
 kpt#  23, nband= 50, wtk=  0.00926, kpt=  0.3333  0.0000  0.1667 (reduced coord)
  -1.94349   -1.94317   -1.94306   -1.94302   -0.80173   -0.80138   -0.80086   -0.79711
  -0.79487   -0.79330   -0.79276   -0.79155   -0.79153   -0.79140   -0.78891   -0.78881
  -0.37379   -0.33723   -0.33080   -0.32714   -0.32571   -0.32140   -0.32123   -0.30736
   0.08627    0.08680    0.10248    0.11069    0.11464    0.12931    0.13669    0.14018
   0.14118    0.15636    0.16942    0.17940    0.19539    0.20347    0.21279    0.23001
   0.24118    0.24157    0.24819    0.24960    0.25100    0.26464    0.26624    0.26816
   0.46809    0.46920
 kpt#  24, nband= 50, wtk=  0.00926, kpt=  0.5000  0.0000  0.1667 (reduced coord)
  -1.94334   -1.94332   -1.94305   -1.94303   -0.79950   -0.79949   -0.79821   -0.79820
  -0.79714   -0.79713   -0.79200   -0.79199   -0.79023   -0.79023   -0.79022   -0.79022
  -0.35611   -0.35611   -0.32639   -0.32639   -0.32595   -0.32595   -0.31454   -0.31454
   0.10164    0.10164    0.11072    0.11072    0.12441    0.12442    0.12588    0.12588
   0.14426    0.14426    0.18987    0.18988    0.19373    0.19373    0.19641    0.19641
   0.24094    0.24095    0.25075    0.25075    0.26060    0.26060    0.26847    0.26847
   0.47682    0.47893
 kpt#  25, nband= 50, wtk=  0.00926, kpt= -0.3333  0.0000  0.1667 (reduced coord)
  -1.94349   -1.94317   -1.94306   -1.94302   -0.80173   -0.80138   -0.80086   -0.79711
  -0.79487   -0.79330   -0.79276   -0.79155   -0.79153   -0.79140   -0.78891   -0.78881
  -0.37379   -0.33723   -0.33080   -0.32714   -0.32571   -0.32140   -0.32123   -0.30736
   0.08627    0.08680    0.10248    0.11069    0.11464    0.12931    0.13669    0.14018
   0.14118    0.15636    0.16942    0.17940    0.19539    0.20347    0.21279    0.23001
   0.24118    0.24157    0.24819    0.24960    0.25100    0.26464    0.26624    0.26816
   0.46807    0.46989
 kpt#  26, nband= 50, wtk=  0.00926, kpt= -0.1667  0.0000  0.1667 (reduced coord)
  -1.94361   -1.94308   -1.94305   -1.94301   -0.80363   -0.80350   -0.80332   -0.79507
  -0.79361   -0.79248   -0.79224   -0.79222   -0.79127   -0.79062   -0.78782   -0.78770
  -0.38617   -0.33442   -0.32776   -0.32625   -0.32525   -0.32238   -0.31787   -0.30186
   0.07142    0.07566    0.08039    0.10507    0.10761    0.12319    0.15228    0.15287
   0.15576    0.15772    0.16498    0.16904    0.21709    0.22520    0.22651    0.23303
   0.24216    0.24273    0.24528    0.25026    0.25475    0.26422    0.26446    0.26619
   0.45364    0.45678
 kpt#  27, nband= 50, wtk=  0.00926, kpt=  0.0000  0.1667  0.1667 (reduced coord)
  -1.94361   -1.94308   -1.94305   -1.94301   -0.80363   -0.80350   -0.80332   -0.79507
  -0.79361   -0.79248   -0.79224   -0.79222   -0.79127   -0.79062   -0.78782   -0.78770
  -0.38617   -0.33442   -0.32776   -0.32625   -0.32525   -0.32238   -0.31787   -0.30186
   0.07142    0.07566    0.08039    0.10507    0.10761    0.12319    0.15228    0.15287
   0.15576    0.15772    0.16498    0.16904    0.21709    0.22520    0.22651    0.23303
   0.24216    0.24273    0.24528    0.25026    0.25475    0.26422    0.26446    0.26619
   0.45364    0.45679
 kpt#  28, nband= 50, wtk=  0.00926, kpt=  0.1667  0.1667  0.1667 (reduced coord)
  -1.94357   -1.94308   -1.94305   -1.94304   -0.80300   -0.80300   -0.80284   -0.79444
  -0.79444   -0.79344   -0.79196   -0.79196   -0.79195   -0.79080   -0.78847   -0.78743
  -0.38219   -0.33436   -0.32782   -0.32781   -0.32454   -0.32147   -0.32146   -0.30359
   0.08075    0.08075    0.08161    0.10624    0.11150    0.13330    0.14779    0.14779
   0.15498    0.15954    0.15954    0.16232    0.22090    0.22353    0.22412    0.22413
   0.24270    0.24465    0.24465    0.24957    0.25094    0.25870    0.25870    0.26797
   0.45977    0.46089
 kpt#  29, nband= 50, wtk=  0.00926, kpt=  0.3333  0.1667  0.1667 (reduced coord)
  -1.94346   -1.94316   -1.94307   -1.94305   -0.80171   -0.80163   -0.80113   -0.79593
  -0.79543   -0.79492   -0.79287   -0.79133   -0.79101   -0.79075   -0.78937   -0.78814
  -0.37104   -0.33830   -0.33381   -0.33019   -0.32302   -0.32166   -0.31949   -0.30823
   0.08957    0.09473    0.10550    0.11064    0.11900    0.12883    0.13734    0.13895
   0.14529    0.16129    0.16713    0.16976    0.19545    0.20881    0.21215    0.23027
   0.23189    0.23703    0.24631    0.24845    0.25288    0.25403    0.26392    0.26807
   0.46620    0.47374
 kpt#  30, nband= 50, wtk=  0.00926, kpt=  0.5000  0.1667  0.1667 (reduced coord)
  -1.94332   -1.94330   -1.94307   -1.94305   -0.80074   -0.80073   -0.79829   -0.79828
  -0.79678   -0.79677   -0.79137   -0.79136   -0.79047   -0.79046   -0.78963   -0.78962
  -0.35511   -0.35511   -0.33239   -0.33239   -0.32173   -0.32173   -0.31426   -0.31426
   0.10613    0.10613    0.11258    0.11258    0.12331    0.12331    0.12875    0.12875
   0.15046    0.15046    0.17825    0.17825    0.19642    0.19642    0.20237    0.20237
   0.23480    0.23480    0.24923    0.24924    0.25457    0.25458    0.26730    0.26730
   0.47181    0.47260
 kpt#  31, nband= 50, wtk=  0.00926, kpt= -0.3333  0.1667  0.1667 (reduced coord)
  -1.94346   -1.94316   -1.94307   -1.94305   -0.80171   -0.80163   -0.80113   -0.79593
  -0.79543   -0.79492   -0.79287   -0.79133   -0.79101   -0.79075   -0.78937   -0.78814
  -0.37104   -0.33830   -0.33381   -0.33019   -0.32302   -0.32166   -0.31949   -0.30823
   0.08957    0.09473    0.10550    0.11064    0.11900    0.12883    0.13734    0.13895
   0.14529    0.16129    0.16713    0.16976    0.19545    0.20881    0.21215    0.23027
   0.23189    0.23703    0.24631    0.24845    0.25288    0.25403    0.26392    0.26807
   0.46620    0.47329
 kpt#  32, nband= 50, wtk=  0.00926, kpt= -0.1667  0.1667  0.1667 (reduced coord)
  -1.94357   -1.94308   -1.94305   -1.94304   -0.80300   -0.80300   -0.80284   -0.79444
  -0.79444   -0.79344   -0.79196   -0.79196   -0.79195   -0.79080   -0.78847   -0.78743
  -0.38219   -0.33436   -0.32782   -0.32781   -0.32454   -0.32147   -0.32146   -0.30359
   0.08075    0.08075    0.08161    0.10624    0.11150    0.13330    0.14779    0.14779
   0.15498    0.15954    0.15954    0.16232    0.22090    0.22353    0.22412    0.22413
   0.24270    0.24465    0.24465    0.24957    0.25094    0.25870    0.25870    0.26797
   0.45976    0.46091
 kpt#  33, nband= 50, wtk=  0.00926, kpt=  0.0000  0.3333  0.1667 (reduced coord)
  -1.94349   -1.94317   -1.94306   -1.94302   -0.80173   -0.80138   -0.80086   -0.79711
  -0.79487   -0.79330   -0.79276   -0.79155   -0.79153   -0.79140   -0.78891   -0.78881
  -0.37379   -0.33723   -0.33080   -0.32714   -0.32571   -0.32140   -0.32123   -0.30736
   0.08627    0.08680    0.10248    0.11069    0.11464    0.12931    0.13669    0.14018
   0.14118    0.15636    0.16942    0.17940    0.19539    0.20347    0.21279    0.23001
   0.24118    0.24157    0.24819    0.24960    0.25100    0.26464    0.26624    0.26816
   0.46825    0.47021
 kpt#  34, nband= 50, wtk=  0.00926, kpt=  0.1667  0.3333  0.1667 (reduced coord)
  -1.94346   -1.94316   -1.94307   -1.94305   -0.80171   -0.80163   -0.80113   -0.79593
  -0.79543   -0.79492   -0.79287   -0.79133   -0.79101   -0.79075   -0.78937   -0.78814
  -0.37104   -0.33830   -0.33381   -0.33019   -0.32302   -0.32166   -0.31949   -0.30823
   0.08957    0.09473    0.10550    0.11064    0.11900    0.12883    0.13734    0.13895
   0.14529    0.16129    0.16713    0.16976    0.19545    0.20881    0.21215    0.23027
   0.23189    0.23703    0.24631    0.24845    0.25288    0.25403    0.26392    0.26807
   0.46620    0.47357
 kpt#  35, nband= 50, wtk=  0.00926, kpt=  0.3333  0.3333  0.1667 (reduced coord)
  -1.94337   -1.94314   -1.94314   -1.94308   -0.80158   -0.80157   -0.80157   -0.79779
  -0.79569   -0.79375   -0.79375   -0.79034   -0.79023   -0.79023   -0.78986   -0.78791
  -0.36326   -0.33978   -0.33978   -0.33759   -0.31994   -0.31840   -0.31840   -0.31071
   0.09896    0.11157    0.11223    0.11223    0.12867    0.13121    0.13121    0.14153
   0.15565    0.15565    0.16113    0.17861    0.19145    0.20571    0.21258    0.21258
   0.21885    0.23184    0.23184    0.23589    0.25562    0.26074    0.26074    0.26705
   0.46227    0.47001
 kpt#  36, nband= 50, wtk=  0.00926, kpt=  0.5000  0.3333  0.1667 (reduced coord)
  -1.94326   -1.94325   -1.94312   -1.94310   -0.80170   -0.80169   -0.80022   -0.80022
  -0.79497   -0.79496   -0.79181   -0.79180   -0.78969   -0.78969   -0.78878   -0.78878
  -0.35198   -0.35198   -0.33973   -0.33973   -0.31839   -0.31839   -0.31436   -0.31436
   0.11067    0.11067    0.11402    0.11403    0.13395    0.13395    0.13911    0.13912
   0.15811    0.15812    0.16654    0.16655    0.19912    0.19913    0.20575    0.20575
   0.21452    0.21453    0.23217    0.23217    0.25931    0.25932    0.26558    0.26558
   0.46256    0.46471
 kpt#  37, nband= 50, wtk=  0.00926, kpt= -0.3333  0.3333  0.1667 (reduced coord)
  -1.94337   -1.94314   -1.94314   -1.94308   -0.80158   -0.80157   -0.80157   -0.79779
  -0.79569   -0.79375   -0.79375   -0.79034   -0.79023   -0.79023   -0.78986   -0.78791
  -0.36326   -0.33978   -0.33978   -0.33759   -0.31994   -0.31840   -0.31840   -0.31071
   0.09896    0.11157    0.11223    0.11223    0.12867    0.13121    0.13121    0.14153
   0.15565    0.15565    0.16113    0.17861    0.19145    0.20571    0.21258    0.21258
   0.21885    0.23184    0.23184    0.23589    0.25562    0.26074    0.26074    0.26705
   0.46202    0.47030
 kpt#  38, nband= 50, wtk=  0.00926, kpt= -0.1667  0.3333  0.1667 (reduced coord)
  -1.94346   -1.94316   -1.94307   -1.94305   -0.80171   -0.80163   -0.80113   -0.79593
  -0.79543   -0.79492   -0.79287   -0.79133   -0.79101   -0.79075   -0.78937   -0.78814
  -0.37104   -0.33830   -0.33381   -0.33019   -0.32302   -0.32166   -0.31949   -0.30823
   0.08957    0.09473    0.10550    0.11064    0.11900    0.12883    0.13734    0.13895
   0.14529    0.16129    0.16713    0.16976    0.19545    0.20881    0.21215    0.23027
   0.23189    0.23703    0.24631    0.24845    0.25288    0.25403    0.26392    0.26807
   0.46619    0.47363
 kpt#  39, nband= 50, wtk=  0.00926, kpt=  0.0000  0.5000  0.1667 (reduced coord)
  -1.94334   -1.94332   -1.94305   -1.94303   -0.79950   -0.79949   -0.79821   -0.79820
  -0.79714   -0.79713   -0.79200   -0.79199   -0.79023   -0.79023   -0.79022   -0.79022
  -0.35611   -0.35611   -0.32639   -0.32639   -0.32595   -0.32595   -0.31454   -0.31454
   0.10164    0.10164    0.11072    0.11072    0.12441    0.12442    0.12588    0.12588
   0.14426    0.14426    0.18987    0.18988    0.19373    0.19373    0.19641    0.19641
   0.24094    0.24095    0.25075    0.25075    0.26060    0.26060    0.26847    0.26847
   0.47684    0.47851
 kpt#  40, nband= 50, wtk=  0.00926, kpt=  0.1667  0.5000  0.1667 (reduced coord)
  -1.94332   -1.94330   -1.94307   -1.94305   -0.80074   -0.80073   -0.79829   -0.79828
  -0.79678   -0.79677   -0.79137   -0.79136   -0.79047   -0.79046   -0.78963   -0.78962
  -0.35511   -0.35511   -0.33239   -0.33239   -0.32173   -0.32173   -0.31426   -0.31426
   0.10613    0.10613    0.11258    0.11258    0.12331    0.12331    0.12875    0.12875
   0.15046    0.15046    0.17825    0.17825    0.19642    0.19642    0.20237    0.20237
   0.23480    0.23480    0.24923    0.24924    0.25457    0.25458    0.26730    0.26730
   0.47181    0.47327
 kpt#  41, nband= 50, wtk=  0.00926, kpt=  0.3333  0.5000  0.1667 (reduced coord)
  -1.94326   -1.94325   -1.94312   -1.94310   -0.80170   -0.80169   -0.80022   -0.80022
  -0.79497   -0.79496   -0.79181   -0.79180   -0.78969   -0.78969   -0.78878   -0.78878
  -0.35198   -0.35198   -0.33973   -0.33973   -0.31839   -0.31839   -0.31436   -0.31436
   0.11067    0.11067    0.11402    0.11403    0.13395    0.13395    0.13911    0.13912
   0.15811    0.15812    0.16654    0.16655    0.19912    0.19913    0.20575    0.20575
   0.21452    0.21453    0.23217    0.23217    0.25931    0.25932    0.26558    0.26558
   0.46253    0.46273
 kpt#  42, nband= 50, wtk=  0.00926, kpt=  0.5000  0.5000  0.1667 (reduced coord)
  -1.94320   -1.94318   -1.94318   -1.94317   -0.80153   -0.80153   -0.80153   -0.80153
  -0.79327   -0.79326   -0.79326   -0.79325   -0.78877   -0.78877   -0.78877   -0.78877
  -0.34668   -0.34668   -0.34668   -0.34668   -0.31580   -0.31580   -0.31580   -0.31580
   0.11248    0.11248    0.11248    0.11249    0.15017    0.15018    0.15018    0.15018
   0.15687    0.15687    0.15687    0.15687    0.19975    0.19975    0.19975    0.19975
   0.21502    0.21503    0.21503    0.21503    0.26390    0.26390    0.26390    0.26390
   0.45987    0.45987
 kpt#  43, nband= 50, wtk=  0.00926, kpt= -0.3333  0.5000  0.1667 (reduced coord)
  -1.94326   -1.94325   -1.94312   -1.94310   -0.80170   -0.80169   -0.80022   -0.80022
  -0.79497   -0.79496   -0.79181   -0.79180   -0.78969   -0.78969   -0.78878   -0.78878
  -0.35198   -0.35198   -0.33973   -0.33973   -0.31839   -0.31839   -0.31436   -0.31436
   0.11067    0.11067    0.11402    0.11403    0.13395    0.13395    0.13911    0.13912
   0.15811    0.15812    0.16654    0.16655    0.19912    0.19913    0.20575    0.20575
   0.21452    0.21453    0.23217    0.23217    0.25931    0.25932    0.26558    0.26558
   0.46257    0.46315
 kpt#  44, nband= 50, wtk=  0.00926, kpt= -0.1667  0.5000  0.1667 (reduced coord)
  -1.94332   -1.94330   -1.94307   -1.94305   -0.80074   -0.80073   -0.79829   -0.79828
  -0.79678   -0.79677   -0.79137   -0.79136   -0.79047   -0.79046   -0.78963   -0.78962
  -0.35511   -0.35511   -0.33239   -0.33239   -0.32173   -0.32173   -0.31426   -0.31426
   0.10613    0.10613    0.11258    0.11258    0.12331    0.12331    0.12875    0.12875
   0.15046    0.15046    0.17825    0.17825    0.19642    0.19642    0.20237    0.20237
   0.23480    0.23480    0.24923    0.24924    0.25457    0.25458    0.26730    0.26730
   0.47209    0.47340
 kpt#  45, nband= 50, wtk=  0.00926, kpt=  0.0000 -0.3333  0.1667 (reduced coord)
  -1.94349   -1.94317   -1.94306   -1.94302   -0.80173   -0.80138   -0.80086   -0.79711
  -0.79487   -0.79330   -0.79276   -0.79155   -0.79153   -0.79140   -0.78891   -0.78881
  -0.37379   -0.33723   -0.33080   -0.32714   -0.32571   -0.32140   -0.32123   -0.30736
   0.08627    0.08680    0.10248    0.11069    0.11464    0.12931    0.13669    0.14018
   0.14118    0.15636    0.16942    0.17940    0.19539    0.20347    0.21279    0.23001
   0.24118    0.24157    0.24819    0.24960    0.25100    0.26464    0.26624    0.26816
   0.46813    0.47166
 kpt#  46, nband= 50, wtk=  0.00926, kpt=  0.1667 -0.3333  0.1667 (reduced coord)
  -1.94346   -1.94316   -1.94307   -1.94305   -0.80171   -0.80163   -0.80113   -0.79593
  -0.79543   -0.79492   -0.79287   -0.79133   -0.79101   -0.79075   -0.78937   -0.78814
  -0.37104   -0.33830   -0.33381   -0.33019   -0.32302   -0.32166   -0.31949   -0.30823
   0.08957    0.09473    0.10550    0.11064    0.11900    0.12883    0.13734    0.13895
   0.14529    0.16129    0.16713    0.16976    0.19545    0.20881    0.21215    0.23027
   0.23189    0.23703    0.24631    0.24845    0.25288    0.25403    0.26392    0.26807
   0.46618    0.47382
 kpt#  47, nband= 50, wtk=  0.00926, kpt=  0.3333 -0.3333  0.1667 (reduced coord)
  -1.94337   -1.94314   -1.94314   -1.94308   -0.80158   -0.80157   -0.80157   -0.79779
  -0.79569   -0.79375   -0.79375   -0.79034   -0.79023   -0.79023   -0.78986   -0.78791
  -0.36326   -0.33978   -0.33978   -0.33759   -0.31994   -0.31840   -0.31840   -0.31071
   0.09896    0.11157    0.11223    0.11223    0.12867    0.13121    0.13121    0.14153
   0.15565    0.15565    0.16113    0.17861    0.19145    0.20571    0.21258    0.21258
   0.21885    0.23184    0.23184    0.23589    0.25562    0.26074    0.26074    0.26705
   0.46205    0.47005
 kpt#  48, nband= 50, wtk=  0.00926, kpt=  0.5000 -0.3333  0.1667 (reduced coord)
  -1.94326   -1.94325   -1.94312   -1.94310   -0.80170   -0.80169   -0.80022   -0.80022
  -0.79497   -0.79496   -0.79181   -0.79180   -0.78969   -0.78969   -0.78878   -0.78878
  -0.35198   -0.35198   -0.33973   -0.33973   -0.31839   -0.31839   -0.31436   -0.31436
   0.11067    0.11067    0.11402    0.11403    0.13395    0.13395    0.13911    0.13912
   0.15811    0.15812    0.16654    0.16655    0.19912    0.19913    0.20575    0.20575
   0.21452    0.21453    0.23217    0.23217    0.25931    0.25932    0.26558    0.26558
   0.46254    0.46312
 kpt#  49, nband= 50, wtk=  0.00926, kpt= -0.3333 -0.3333  0.1667 (reduced coord)
  -1.94337   -1.94314   -1.94314   -1.94308   -0.80158   -0.80157   -0.80157   -0.79779
  -0.79569   -0.79375   -0.79375   -0.79034   -0.79023   -0.79023   -0.78986   -0.78791
  -0.36326   -0.33978   -0.33978   -0.33759   -0.31994   -0.31840   -0.31840   -0.31071
   0.09896    0.11157    0.11223    0.11223    0.12867    0.13121    0.13121    0.14153
   0.15565    0.15565    0.16113    0.17861    0.19145    0.20571    0.21258    0.21258
   0.21885    0.23184    0.23184    0.23589    0.25562    0.26074    0.26074    0.26705
   0.46204    0.47018
 kpt#  50, nband= 50, wtk=  0.00926, kpt= -0.1667 -0.3333  0.1667 (reduced coord)
  -1.94346   -1.94316   -1.94307   -1.94305   -0.80171   -0.80163   -0.80113   -0.79593
  -0.79543   -0.79492   -0.79287   -0.79133   -0.79101   -0.79075   -0.78937   -0.78814
  -0.37104   -0.33830   -0.33381   -0.33019   -0.32302   -0.32166   -0.31949   -0.30823
   0.08957    0.09473    0.10550    0.11064    0.11900    0.12883    0.13734    0.13895
   0.14529    0.16129    0.16713    0.16976    0.19545    0.20881    0.21215    0.23027
   0.23189    0.23703    0.24631    0.24845    0.25288    0.25403    0.26392    0.26807
   0.46655    0.47338
 kpt#  51, nband= 50, wtk=  0.00926, kpt=  0.0000 -0.1667  0.1667 (reduced coord)
  -1.94361   -1.94308   -1.94305   -1.94301   -0.80363   -0.80350   -0.80332   -0.79507
  -0.79361   -0.79248   -0.79224   -0.79222   -0.79127   -0.79062   -0.78782   -0.78770
  -0.38617   -0.33442   -0.32776   -0.32625   -0.32525   -0.32238   -0.31787   -0.30186
   0.07142    0.07566    0.08039    0.10507    0.10761    0.12319    0.15228    0.15287
   0.15576    0.15772    0.16498    0.16904    0.21709    0.22520    0.22651    0.23303
   0.24216    0.24273    0.24528    0.25026    0.25475    0.26422    0.26446    0.26619
   0.45364    0.45680
 kpt#  52, nband= 50, wtk=  0.00926, kpt=  0.1667 -0.1667  0.1667 (reduced coord)
  -1.94357   -1.94308   -1.94305   -1.94304   -0.80300   -0.80300   -0.80284   -0.79444
  -0.79444   -0.79344   -0.79196   -0.79196   -0.79195   -0.79080   -0.78847   -0.78743
  -0.38219   -0.33436   -0.32782   -0.32781   -0.32454   -0.32147   -0.32146   -0.30359
   0.08075    0.08075    0.08161    0.10624    0.11150    0.13330    0.14779    0.14779
   0.15498    0.15954    0.15954    0.16232    0.22090    0.22353    0.22412    0.22413
   0.24270    0.24465    0.24465    0.24957    0.25094    0.25870    0.25870    0.26797
   0.45977    0.46091
 kpt#  53, nband= 50, wtk=  0.00926, kpt=  0.3333 -0.1667  0.1667 (reduced coord)
  -1.94346   -1.94316   -1.94307   -1.94305   -0.80171   -0.80163   -0.80113   -0.79593
  -0.79543   -0.79492   -0.79287   -0.79133   -0.79101   -0.79075   -0.78937   -0.78814
  -0.37104   -0.33830   -0.33381   -0.33019   -0.32302   -0.32166   -0.31949   -0.30823
   0.08957    0.09473    0.10550    0.11064    0.11900    0.12883    0.13734    0.13895
   0.14529    0.16129    0.16713    0.16976    0.19545    0.20881    0.21215    0.23027
   0.23189    0.23703    0.24631    0.24845    0.25288    0.25403    0.26392    0.26807
   0.46612    0.47358
 kpt#  54, nband= 50, wtk=  0.00926, kpt=  0.5000 -0.1667  0.1667 (reduced coord)
  -1.94332   -1.94330   -1.94307   -1.94305   -0.80074   -0.80073   -0.79829   -0.79828
  -0.79678   -0.79677   -0.79137   -0.79136   -0.79047   -0.79046   -0.78963   -0.78962
  -0.35511   -0.35511   -0.33239   -0.33239   -0.32173   -0.32173   -0.31426   -0.31426
   0.10613    0.10613    0.11258    0.11258    0.12331    0.12331    0.12875    0.12875
   0.15046    0.15046    0.17825    0.17825    0.19642    0.19642    0.20237    0.20237
   0.23480    0.23480    0.24923    0.24924    0.25457    0.25458    0.26730    0.26730
   0.47184    0.47495
 kpt#  55, nband= 50, wtk=  0.00926, kpt= -0.3333 -0.1667  0.1667 (reduced coord)
  -1.94346   -1.94316   -1.94307   -1.94305   -0.80171   -0.80163   -0.80113   -0.79593
  -0.79543   -0.79492   -0.79287   -0.79133   -0.79101   -0.79075   -0.78937   -0.78814
  -0.37104   -0.33830   -0.33381   -0.33019   -0.32302   -0.32166   -0.31949   -0.30823
   0.08957    0.09473    0.10550    0.11064    0.11900    0.12883    0.13734    0.13895
   0.14529    0.16129    0.16713    0.16976    0.19545    0.20881    0.21215    0.23027
   0.23189    0.23703    0.24631    0.24845    0.25288    0.25403    0.26392    0.26807
   0.46621    0.47358
 kpt#  56, nband= 50, wtk=  0.00926, kpt= -0.1667 -0.1667  0.1667 (reduced coord)
  -1.94357   -1.94308   -1.94305   -1.94304   -0.80300   -0.80300   -0.80284   -0.79444
  -0.79444   -0.79344   -0.79196   -0.79196   -0.79195   -0.79080   -0.78847   -0.78743
  -0.38219   -0.33436   -0.32782   -0.32781   -0.32454   -0.32147   -0.32146   -0.30359
   0.08075    0.08075    0.08161    0.10624    0.11150    0.13330    0.14779    0.14779
   0.15498    0.15954    0.15954    0.16232    0.22090    0.22353    0.22412    0.22413
   0.24270    0.24465    0.24465    0.24957    0.25094    0.25870    0.25870    0.26797
   0.45980    0.46192
 kpt#  57, nband= 50, wtk=  0.00926, kpt=  0.0000  0.0000  0.3333 (reduced coord)
  -1.94353   -1.94320   -1.94300   -1.94300   -0.80229   -0.80229   -0.80112   -0.79624
  -0.79624   -0.79302   -0.79287   -0.79286   -0.79036   -0.79036   -0.78812   -0.78812
  -0.37814   -0.34075   -0.32884   -0.32548   -0.32548   -0.31895   -0.31895   -0.30805
   0.08232    0.08232    0.10967    0.11289    0.11289    0.13452    0.13497    0.13497
   0.14463    0.14463    0.18320    0.18320    0.19845    0.21916    0.21916    0.22021
   0.22513    0.22513    0.24378    0.24378    0.26709    0.26709    0.26873    0.26873
   0.45498    0.46583
 kpt#  58, nband= 50, wtk=  0.00926, kpt=  0.1667  0.0000  0.3333 (reduced coord)
  -1.94350   -1.94319   -1.94304   -1.94302   -0.80189   -0.80151   -0.80100   -0.79710
  -0.79573   -0.79401   -0.79238   -0.79215   -0.79114   -0.79040   -0.78861   -0.78817
  -0.37460   -0.33982   -0.32810   -0.32661   -0.32435   -0.32348   -0.31954   -0.30926
   0.08668    0.09078    0.10439    0.11356    0.11926    0.13371    0.13750    0.14370
   0.14446    0.14663    0.17132    0.17795    0.20187    0.20712    0.22084    0.22353
   0.22990    0.23471    0.23620    0.23891    0.25999    0.26027    0.26501    0.26612
   0.46077    0.46940
 kpt#  59, nband= 50, wtk=  0.00926, kpt=  0.3333  0.0000  0.3333 (reduced coord)
  -1.94340   -1.94315   -1.94313   -1.94305   -0.80066   -0.80060   -0.79937   -0.79857
  -0.79623   -0.79433   -0.79336   -0.79114   -0.79108   -0.79082   -0.78968   -0.78862
  -0.36467   -0.33718   -0.33533   -0.32958   -0.32614   -0.32126   -0.32119   -0.31253
   0.09809    0.10744    0.11157    0.11591    0.11941    0.13167    0.13507    0.14245
   0.15139    0.15645    0.17115    0.17466    0.19234    0.20386    0.21039    0.21609
   0.22048    0.23417    0.23583    0.24299    0.24945    0.25201    0.25778    0.26252
   0.47113    0.47402
 kpt#  60, nband= 50, wtk=  0.00926, kpt=  0.5000  0.0000  0.3333 (reduced coord)
  -1.94327   -1.94326   -1.94311   -1.94309   -0.79981   -0.79980   -0.79867   -0.79867
  -0.79640   -0.79639   -0.79244   -0.79243   -0.79032   -0.79032   -0.78971   -0.78971
  -0.35047   -0.35047   -0.33347   -0.33347   -0.32359   -0.32359   -0.31693   -0.31693
   0.11129    0.11129    0.11922    0.11922    0.11959    0.11959    0.14637    0.14637
   0.14651    0.14652    0.18457    0.18458    0.19145    0.19145    0.20450    0.20450
   0.21648    0.21648    0.24573    0.24573    0.24829    0.24829    0.25746    0.25746
   0.47356    0.47520
 kpt#  61, nband= 50, wtk=  0.00926, kpt= -0.3333  0.0000  0.3333 (reduced coord)
  -1.94340   -1.94315   -1.94313   -1.94305   -0.80066   -0.80060   -0.79937   -0.79857
  -0.79623   -0.79433   -0.79336   -0.79114   -0.79108   -0.79082   -0.78968   -0.78862
  -0.36467   -0.33718   -0.33533   -0.32958   -0.32614   -0.32126   -0.32119   -0.31253
   0.09809    0.10744    0.11157    0.11591    0.11941    0.13167    0.13507    0.14245
   0.15139    0.15645    0.17115    0.17466    0.19234    0.20386    0.21039    0.21609
   0.22048    0.23417    0.23583    0.24299    0.24945    0.25201    0.25778    0.26252
   0.47348    0.47445
 kpt#  62, nband= 50, wtk=  0.00926, kpt= -0.1667  0.0000  0.3333 (reduced coord)
  -1.94350   -1.94319   -1.94304   -1.94302   -0.80189   -0.80151   -0.80100   -0.79710
  -0.79573   -0.79401   -0.79238   -0.79215   -0.79114   -0.79040   -0.78861   -0.78817
  -0.37460   -0.33982   -0.32810   -0.32661   -0.32435   -0.32348   -0.31954   -0.30926
   0.08668    0.09078    0.10439    0.11356    0.11926    0.13371    0.13750    0.14370
   0.14446    0.14663    0.17132    0.17795    0.20187    0.20712    0.22084    0.22353
   0.22990    0.23471    0.23620    0.23891    0.25999    0.26027    0.26501    0.26612
   0.46075    0.46922
 kpt#  63, nband= 50, wtk=  0.00926, kpt=  0.0000  0.1667  0.3333 (reduced coord)
  -1.94350   -1.94319   -1.94304   -1.94302   -0.80189   -0.80151   -0.80100   -0.79710
  -0.79573   -0.79401   -0.79238   -0.79215   -0.79114   -0.79040   -0.78861   -0.78817
  -0.37460   -0.33982   -0.32810   -0.32661   -0.32435   -0.32348   -0.31954   -0.30926
   0.08668    0.09078    0.10439    0.11356    0.11926    0.13371    0.13750    0.14370
   0.14446    0.14663    0.17132    0.17795    0.20187    0.20712    0.22084    0.22353
   0.22990    0.23471    0.23620    0.23891    0.25999    0.26027    0.26501    0.26612
   0.46075    0.46924
 kpt#  64, nband= 50, wtk=  0.00926, kpt=  0.1667  0.1667  0.3333 (reduced coord)
  -1.94346   -1.94318   -1.94305   -1.94305   -0.80177   -0.80177   -0.80113   -0.79587
  -0.79586   -0.79510   -0.79202   -0.79185   -0.79185   -0.79010   -0.78870   -0.78815
  -0.37160   -0.34031   -0.32907   -0.32907   -0.32629   -0.32013   -0.32012   -0.31011
   0.09465    0.09465    0.10364    0.11742    0.11982    0.13733    0.13734    0.14474
   0.14657    0.15181    0.16501    0.16501    0.20560    0.21893    0.21915    0.21916
   0.23263    0.23297    0.23297    0.23680    0.25330    0.25754    0.25754    0.26054
   0.46450    0.47022
 kpt#  65, nband= 50, wtk=  0.00926, kpt=  0.3333  0.1667  0.3333 (reduced coord)
  -1.94338   -1.94315   -1.94313   -1.94307   -0.80181   -0.80141   -0.80127   -0.79749
  -0.79568   -0.79341   -0.79337   -0.79105   -0.79085   -0.79009   -0.78933   -0.78858
  -0.36318   -0.34025   -0.33833   -0.33421   -0.32275   -0.31927   -0.31814   -0.31244
   0.10442    0.10853    0.11380    0.12007    0.12105    0.13528    0.13895    0.14243
   0.15143    0.15218    0.15962    0.17345    0.20138    0.20714    0.21302    0.22144
   0.22598    0.23130    0.23283    0.23563    0.24381    0.24737    0.25040    0.25785
   0.46897    0.47449
 kpt#  66, nband= 50, wtk=  0.00926, kpt=  0.5000  0.1667  0.3333 (reduced coord)
  -1.94326   -1.94325   -1.94312   -1.94310   -0.80166   -0.80166   -0.79982   -0.79981
  -0.79476   -0.79475   -0.79109   -0.79109   -0.79014   -0.79013   -0.78976   -0.78975
  -0.35110   -0.35110   -0.33823   -0.33822   -0.31988   -0.31988   -0.31553   -0.31553
   0.11509    0.11509    0.12101    0.12101    0.12366    0.12367    0.13973    0.13973
   0.15338    0.15339    0.17348    0.17349    0.20239    0.20239    0.20572    0.20572
   0.22111    0.22111    0.23993    0.23994    0.24091    0.24092    0.25472    0.25473
   0.47160    0.47167
 kpt#  67, nband= 50, wtk=  0.00926, kpt= -0.3333  0.1667  0.3333 (reduced coord)
  -1.94338   -1.94315   -1.94313   -1.94307   -0.80181   -0.80141   -0.80127   -0.79749
  -0.79568   -0.79341   -0.79337   -0.79105   -0.79085   -0.79009   -0.78933   -0.78858
  -0.36318   -0.34025   -0.33833   -0.33421   -0.32275   -0.31927   -0.31814   -0.31244
   0.10442    0.10853    0.11380    0.12007    0.12105    0.13528    0.13895    0.14243
   0.15143    0.15218    0.15962    0.17345    0.20138    0.20714    0.21302    0.22144
   0.22598    0.23130    0.23283    0.23563    0.24381    0.24737    0.25040    0.25785
   0.46889    0.47513
 kpt#  68, nband= 50, wtk=  0.00926, kpt= -0.1667  0.1667  0.3333 (reduced coord)
  -1.94346   -1.94318   -1.94305   -1.94305   -0.80177   -0.80177   -0.80113   -0.79587
  -0.79586   -0.79510   -0.79202   -0.79185   -0.79185   -0.79010   -0.78870   -0.78815
  -0.37160   -0.34031   -0.32907   -0.32907   -0.32629   -0.32013   -0.32012   -0.31011
   0.09465    0.09465    0.10364    0.11742    0.11982    0.13733    0.13734    0.14474
   0.14657    0.15181    0.16501    0.16501    0.20560    0.21893    0.21915    0.21916
   0.23263    0.23297    0.23297    0.23680    0.25330    0.25754    0.25754    0.26054
   0.46449    0.46991
 kpt#  69, nband= 50, wtk=  0.00926, kpt=  0.0000  0.3333  0.3333 (reduced coord)
  -1.94340   -1.94315   -1.94313   -1.94305   -0.80066   -0.80060   -0.79937   -0.79857
  -0.79623   -0.79433   -0.79336   -0.79114   -0.79108   -0.79082   -0.78968   -0.78862
  -0.36467   -0.33718   -0.33533   -0.32958   -0.32614   -0.32126   -0.32119   -0.31253
   0.09809    0.10744    0.11157    0.11591    0.11941    0.13167    0.13507    0.14245
   0.15139    0.15645    0.17115    0.17466    0.19234    0.20386    0.21039    0.21609
   0.22048    0.23417    0.23583    0.24299    0.24945    0.25201    0.25778    0.26252
   0.47207    0.47422
 kpt#  70, nband= 50, wtk=  0.00926, kpt=  0.1667  0.3333  0.3333 (reduced coord)
  -1.94338   -1.94315   -1.94313   -1.94307   -0.80181   -0.80141   -0.80127   -0.79749
  -0.79568   -0.79341   -0.79337   -0.79105   -0.79085   -0.79009   -0.78933   -0.78858
  -0.36318   -0.34025   -0.33833   -0.33421   -0.32275   -0.31927   -0.31814   -0.31244
   0.10442    0.10853    0.11380    0.12007    0.12105    0.13528    0.13895    0.14243
   0.15143    0.15218    0.15962    0.17345    0.20138    0.20714    0.21302    0.22144
   0.22598    0.23130    0.23283    0.23563    0.24381    0.24737    0.25040    0.25785
   0.46894    0.47454
 kpt#  71, nband= 50, wtk=  0.00926, kpt=  0.3333  0.3333  0.3333 (reduced coord)
  -1.94331   -1.94315   -1.94314   -1.94313   -0.80276   -0.80276   -0.80272   -0.80011
  -0.79289   -0.79245   -0.79245   -0.79028   -0.79028   -0.78957   -0.78945   -0.78832
  -0.35874   -0.34405   -0.34281   -0.34281   -0.31800   -0.31556   -0.31556   -0.31244
   0.11415    0.11862    0.11862    0.12138    0.12896    0.14100    0.14100    0.14465
   0.14997    0.14997    0.15060    0.18295    0.19373    0.21744    0.21994    0.21994
   0.22217    0.22550    0.22550    0.22720    0.23035    0.24290    0.24291    0.25262
   0.46585    0.47420
 kpt#  72, nband= 50, wtk=  0.00926, kpt=  0.5000  0.3333  0.3333 (reduced coord)
  -1.94323   -1.94322   -1.94315   -1.94313   -0.80331   -0.80331   -0.80214   -0.80214
  -0.79250   -0.79249   -0.79043   -0.79043   -0.78951   -0.78950   -0.78908   -0.78908
  -0.35162   -0.35162   -0.34508   -0.34508   -0.31538   -0.31538   -0.31328   -0.31328
   0.12101    0.12102    0.12332    0.12332    0.13330    0.13330    0.14020    0.14021
   0.15479    0.15479    0.17106    0.17106    0.20153    0.20154    0.21349    0.21349
   0.21966    0.21966    0.22376    0.22376    0.23754    0.23754    0.24973    0.24973
   0.46590    0.46686
 kpt#  73, nband= 50, wtk=  0.00926, kpt= -0.3333  0.3333  0.3333 (reduced coord)
  -1.94331   -1.94315   -1.94314   -1.94313   -0.80276   -0.80276   -0.80272   -0.80011
  -0.79289   -0.79245   -0.79245   -0.79028   -0.79028   -0.78957   -0.78945   -0.78832
  -0.35874   -0.34405   -0.34281   -0.34281   -0.31800   -0.31556   -0.31556   -0.31244
   0.11415    0.11862    0.11862    0.12138    0.12896    0.14100    0.14100    0.14465
   0.14997    0.14997    0.15060    0.18295    0.19373    0.21744    0.21994    0.21994
   0.22217    0.22550    0.22550    0.22720    0.23035    0.24290    0.24291    0.25262
   0.46581    0.47454
 kpt#  74, nband= 50, wtk=  0.00926, kpt= -0.1667  0.3333  0.3333 (reduced coord)
  -1.94338   -1.94315   -1.94313   -1.94307   -0.80181   -0.80141   -0.80127   -0.79749
  -0.79568   -0.79341   -0.79337   -0.79105   -0.79085   -0.79009   -0.78933   -0.78858
  -0.36318   -0.34025   -0.33833   -0.33421   -0.32275   -0.31927   -0.31814   -0.31244
   0.10442    0.10853    0.11380    0.12007    0.12105    0.13528    0.13895    0.14243
   0.15143    0.15218    0.15962    0.17345    0.20138    0.20714    0.21302    0.22144
   0.22598    0.23130    0.23283    0.23563    0.24381    0.24737    0.25040    0.25785
   0.46889    0.47529
 kpt#  75, nband= 50, wtk=  0.00926, kpt=  0.0000  0.5000  0.3333 (reduced coord)
  -1.94327   -1.94326   -1.94311   -1.94309   -0.79981   -0.79980   -0.79867   -0.79867
  -0.79640   -0.79639   -0.79244   -0.79243   -0.79032   -0.79032   -0.78971   -0.78971
  -0.35047   -0.35047   -0.33347   -0.33347   -0.32359   -0.32359   -0.31693   -0.31693
   0.11129    0.11129    0.11922    0.11922    0.11959    0.11959    0.14637    0.14637
   0.14651    0.14652    0.18457    0.18458    0.19145    0.19145    0.20450    0.20450
   0.21648    0.21648    0.24573    0.24573    0.24829    0.24829    0.25746    0.25746
   0.47347    0.47499
 kpt#  76, nband= 50, wtk=  0.00926, kpt=  0.1667  0.5000  0.3333 (reduced coord)
  -1.94326   -1.94325   -1.94312   -1.94310   -0.80166   -0.80166   -0.79982   -0.79981
  -0.79476   -0.79475   -0.79109   -0.79109   -0.79014   -0.79013   -0.78976   -0.78975
  -0.35110   -0.35110   -0.33823   -0.33822   -0.31988   -0.31988   -0.31553   -0.31553
   0.11509    0.11509    0.12101    0.12101    0.12366    0.12367    0.13973    0.13973
   0.15338    0.15339    0.17348    0.17349    0.20239    0.20239    0.20572    0.20572
   0.22111    0.22111    0.23993    0.23994    0.24091    0.24092    0.25472    0.25473
   0.47151    0.47222
 kpt#  77, nband= 50, wtk=  0.00926, kpt=  0.3333  0.5000  0.3333 (reduced coord)
  -1.94323   -1.94322   -1.94315   -1.94313   -0.80331   -0.80331   -0.80214   -0.80214
  -0.79250   -0.79249   -0.79043   -0.79043   -0.78951   -0.78950   -0.78908   -0.78908
  -0.35162   -0.35162   -0.34508   -0.34508   -0.31538   -0.31538   -0.31328   -0.31328
   0.12101    0.12102    0.12332    0.12332    0.13330    0.13330    0.14020    0.14021
   0.15479    0.15479    0.17106    0.17106    0.20153    0.20154    0.21349    0.21349
   0.21966    0.21966    0.22376    0.22376    0.23754    0.23754    0.24973    0.24973
   0.46592    0.46608
 kpt#  78, nband= 50, wtk=  0.00926, kpt=  0.5000  0.5000  0.3333 (reduced coord)
  -1.94320   -1.94318   -1.94318   -1.94317   -0.80350   -0.80350   -0.80350   -0.80350
  -0.79116   -0.79115   -0.79115   -0.79114   -0.78876   -0.78876   -0.78876   -0.78876
  -0.34986   -0.34986   -0.34985   -0.34985   -0.31297   -0.31297   -0.31296   -0.31296
   0.12314    0.12314    0.12314    0.12314    0.14044    0.14044    0.14045    0.14045
   0.16506    0.16506    0.16506    0.16507    0.20591    0.20591    0.20591    0.20591
   0.21470    0.21471    0.21471    0.21471    0.24556    0.24556    0.24556    0.24557
   0.46422    0.46423
 kpt#  79, nband= 50, wtk=  0.00926, kpt= -0.3333  0.5000  0.3333 (reduced coord)
  -1.94323   -1.94322   -1.94315   -1.94313   -0.80331   -0.80331   -0.80214   -0.80214
  -0.79250   -0.79249   -0.79043   -0.79043   -0.78951   -0.78950   -0.78908   -0.78908
  -0.35162   -0.35162   -0.34508   -0.34508   -0.31538   -0.31538   -0.31328   -0.31328
   0.12101    0.12102    0.12332    0.12332    0.13330    0.13330    0.14020    0.14021
   0.15479    0.15479    0.17106    0.17106    0.20153    0.20154    0.21349    0.21349
   0.21966    0.21966    0.22376    0.22376    0.23754    0.23754    0.24973    0.24973
   0.46590    0.46647
 kpt#  80, nband= 50, wtk=  0.00926, kpt= -0.1667  0.5000  0.3333 (reduced coord)
  -1.94326   -1.94325   -1.94312   -1.94310   -0.80166   -0.80166   -0.79982   -0.79981
  -0.79476   -0.79475   -0.79109   -0.79109   -0.79014   -0.79013   -0.78976   -0.78975
  -0.35110   -0.35110   -0.33823   -0.33822   -0.31988   -0.31988   -0.31553   -0.31553
   0.11509    0.11509    0.12101    0.12101    0.12366    0.12367    0.13973    0.13973
   0.15338    0.15339    0.17348    0.17349    0.20239    0.20239    0.20572    0.20572
   0.22111    0.22111    0.23993    0.23994    0.24091    0.24092    0.25472    0.25473
   0.47150    0.47166
 kpt#  81, nband= 50, wtk=  0.00926, kpt=  0.0000 -0.3333  0.3333 (reduced coord)
  -1.94340   -1.94315   -1.94313   -1.94305   -0.80066   -0.80060   -0.79937   -0.79857
  -0.79623   -0.79433   -0.79336   -0.79114   -0.79108   -0.79082   -0.78968   -0.78862
  -0.36467   -0.33718   -0.33533   -0.32958   -0.32614   -0.32126   -0.32119   -0.31253
   0.09809    0.10744    0.11157    0.11591    0.11941    0.13167    0.13507    0.14245
   0.15139    0.15645    0.17115    0.17466    0.19234    0.20386    0.21039    0.21609
   0.22048    0.23417    0.23583    0.24299    0.24945    0.25201    0.25778    0.26252
   0.47122    0.47427
 kpt#  82, nband= 50, wtk=  0.00926, kpt=  0.1667 -0.3333  0.3333 (reduced coord)
  -1.94338   -1.94315   -1.94313   -1.94307   -0.80181   -0.80141   -0.80127   -0.79749
  -0.79568   -0.79341   -0.79337   -0.79105   -0.79085   -0.79009   -0.78933   -0.78858
  -0.36318   -0.34025   -0.33833   -0.33421   -0.32275   -0.31927   -0.31814   -0.31244
   0.10442    0.10853    0.11380    0.12007    0.12105    0.13528    0.13895    0.14243
   0.15143    0.15218    0.15962    0.17345    0.20138    0.20714    0.21302    0.22144
   0.22598    0.23130    0.23283    0.23563    0.24381    0.24737    0.25040    0.25785
   0.46891    0.47471
 kpt#  83, nband= 50, wtk=  0.00926, kpt=  0.3333 -0.3333  0.3333 (reduced coord)
  -1.94331   -1.94315   -1.94314   -1.94313   -0.80276   -0.80276   -0.80272   -0.80011
  -0.79289   -0.79245   -0.79245   -0.79028   -0.79028   -0.78957   -0.78945   -0.78832
  -0.35874   -0.34405   -0.34281   -0.34281   -0.31800   -0.31556   -0.31556   -0.31244
   0.11415    0.11862    0.11862    0.12138    0.12896    0.14100    0.14100    0.14465
   0.14997    0.14997    0.15060    0.18295    0.19373    0.21744    0.21994    0.21994
   0.22217    0.22550    0.22550    0.22720    0.23035    0.24290    0.24291    0.25262
   0.46584    0.47389
 kpt#  84, nband= 50, wtk=  0.00926, kpt=  0.5000 -0.3333  0.3333 (reduced coord)
  -1.94323   -1.94322   -1.94315   -1.94313   -0.80331   -0.80331   -0.80214   -0.80214
  -0.79250   -0.79249   -0.79043   -0.79043   -0.78951   -0.78950   -0.78908   -0.78908
  -0.35162   -0.35162   -0.34508   -0.34508   -0.31538   -0.31538   -0.31328   -0.31328
   0.12101    0.12102    0.12332    0.12332    0.13330    0.13330    0.14020    0.14021
   0.15479    0.15479    0.17106    0.17106    0.20153    0.20154    0.21349    0.21349
   0.21966    0.21966    0.22376    0.22376    0.23754    0.23754    0.24973    0.24973
   0.46594    0.46611
 kpt#  85, nband= 50, wtk=  0.00926, kpt= -0.3333 -0.3333  0.3333 (reduced coord)
  -1.94331   -1.94315   -1.94314   -1.94313   -0.80276   -0.80276   -0.80272   -0.80011
  -0.79289   -0.79245   -0.79245   -0.79028   -0.79028   -0.78957   -0.78945   -0.78832
  -0.35874   -0.34405   -0.34281   -0.34281   -0.31800   -0.31556   -0.31556   -0.31244
   0.11415    0.11862    0.11862    0.12138    0.12896    0.14100    0.14100    0.14465
   0.14997    0.14997    0.15060    0.18295    0.19373    0.21744    0.21994    0.21994
   0.22217    0.22550    0.22550    0.22720    0.23035    0.24290    0.24291    0.25262
   0.46582    0.47394
 kpt#  86, nband= 50, wtk=  0.00926, kpt= -0.1667 -0.3333  0.3333 (reduced coord)
  -1.94338   -1.94315   -1.94313   -1.94307   -0.80181   -0.80141   -0.80127   -0.79749
  -0.79568   -0.79341   -0.79337   -0.79105   -0.79085   -0.79009   -0.78933   -0.78858
  -0.36318   -0.34025   -0.33833   -0.33421   -0.32275   -0.31927   -0.31814   -0.31244
   0.10442    0.10853    0.11380    0.12007    0.12105    0.13528    0.13895    0.14243
   0.15143    0.15218    0.15962    0.17345    0.20138    0.20714    0.21302    0.22144
   0.22598    0.23130    0.23283    0.23563    0.24381    0.24737    0.25040    0.25785
   0.46894    0.47471
 kpt#  87, nband= 50, wtk=  0.00926, kpt=  0.0000 -0.1667  0.3333 (reduced coord)
  -1.94350   -1.94319   -1.94304   -1.94302   -0.80189   -0.80151   -0.80100   -0.79710
  -0.79573   -0.79401   -0.79238   -0.79215   -0.79114   -0.79040   -0.78861   -0.78817
  -0.37460   -0.33982   -0.32810   -0.32661   -0.32435   -0.32348   -0.31954   -0.30926
   0.08668    0.09078    0.10439    0.11356    0.11926    0.13371    0.13750    0.14370
   0.14446    0.14663    0.17132    0.17795    0.20187    0.20712    0.22084    0.22353
   0.22990    0.23471    0.23620    0.23891    0.25999    0.26027    0.26501    0.26612
   0.46075    0.46922
 kpt#  88, nband= 50, wtk=  0.00926, kpt=  0.1667 -0.1667  0.3333 (reduced coord)
  -1.94346   -1.94318   -1.94305   -1.94305   -0.80177   -0.80177   -0.80113   -0.79587
  -0.79586   -0.79510   -0.79202   -0.79185   -0.79185   -0.79010   -0.78870   -0.78815
  -0.37160   -0.34031   -0.32907   -0.32907   -0.32629   -0.32013   -0.32012   -0.31011
   0.09465    0.09465    0.10364    0.11742    0.11982    0.13733    0.13734    0.14474
   0.14657    0.15181    0.16501    0.16501    0.20560    0.21893    0.21915    0.21916
   0.23263    0.23297    0.23297    0.23680    0.25330    0.25754    0.25754    0.26054
   0.46449    0.46990
 kpt#  89, nband= 50, wtk=  0.00926, kpt=  0.3333 -0.1667  0.3333 (reduced coord)
  -1.94338   -1.94315   -1.94313   -1.94307   -0.80181   -0.80141   -0.80127   -0.79749
  -0.79568   -0.79341   -0.79337   -0.79105   -0.79085   -0.79009   -0.78933   -0.78858
  -0.36318   -0.34025   -0.33833   -0.33421   -0.32275   -0.31927   -0.31814   -0.31244
   0.10442    0.10853    0.11380    0.12007    0.12105    0.13528    0.13895    0.14243
   0.15143    0.15218    0.15962    0.17345    0.20138    0.20714    0.21302    0.22144
   0.22598    0.23130    0.23283    0.23563    0.24381    0.24737    0.25040    0.25785
   0.46894    0.47546
 kpt#  90, nband= 50, wtk=  0.00926, kpt=  0.5000 -0.1667  0.3333 (reduced coord)
  -1.94326   -1.94325   -1.94312   -1.94310   -0.80166   -0.80166   -0.79982   -0.79981
  -0.79476   -0.79475   -0.79109   -0.79109   -0.79014   -0.79013   -0.78976   -0.78975
  -0.35110   -0.35110   -0.33823   -0.33822   -0.31988   -0.31988   -0.31553   -0.31553
   0.11509    0.11509    0.12101    0.12101    0.12366    0.12367    0.13973    0.13973
   0.15338    0.15339    0.17348    0.17349    0.20239    0.20239    0.20572    0.20572
   0.22111    0.22111    0.23993    0.23994    0.24091    0.24092    0.25472    0.25473
   0.47162    0.47262
 kpt#  91, nband= 50, wtk=  0.00926, kpt= -0.3333 -0.1667  0.3333 (reduced coord)
  -1.94338   -1.94315   -1.94313   -1.94307   -0.80181   -0.80141   -0.80127   -0.79749
  -0.79568   -0.79341   -0.79337   -0.79105   -0.79085   -0.79009   -0.78933   -0.78858
  -0.36318   -0.34025   -0.33833   -0.33421   -0.32275   -0.31927   -0.31814   -0.31244
   0.10442    0.10853    0.11380    0.12007    0.12105    0.13528    0.13895    0.14243
   0.15143    0.15218    0.15962    0.17345    0.20138    0.20714    0.21302    0.22144
   0.22598    0.23130    0.23283    0.23563    0.24381    0.24737    0.25040    0.25785
   0.46901    0.47566
 kpt#  92, nband= 50, wtk=  0.00926, kpt= -0.1667 -0.1667  0.3333 (reduced coord)
  -1.94346   -1.94318   -1.94305   -1.94305   -0.80177   -0.80177   -0.80113   -0.79587
  -0.79586   -0.79510   -0.79202   -0.79185   -0.79185   -0.79010   -0.78870   -0.78815
  -0.37160   -0.34031   -0.32907   -0.32907   -0.32629   -0.32013   -0.32012   -0.31011
   0.09465    0.09465    0.10364    0.11742    0.11982    0.13733    0.13734    0.14474
   0.14657    0.15181    0.16501    0.16501    0.20560    0.21893    0.21915    0.21916
   0.23263    0.23297    0.23297    0.23680    0.25330    0.25754    0.25754    0.26054
   0.46450    0.46992
 kpt#  93, nband= 50, wtk=  0.00463, kpt=  0.0000  0.0000  0.5000 (reduced coord)
  -1.94337   -1.94337   -1.94300   -1.94300   -0.79930   -0.79930   -0.79929   -0.79929
  -0.79717   -0.79717   -0.79288   -0.79288   -0.78934   -0.78934   -0.78914   -0.78914
  -0.36019   -0.36019   -0.32217   -0.32217   -0.32216   -0.32216   -0.31879   -0.31879
   0.10667    0.10667    0.10722    0.10722    0.12208    0.12208    0.13143    0.13143
   0.15080    0.15080    0.17529    0.17529    0.20321    0.20321    0.20321    0.20321
   0.21805    0.21805    0.24880    0.24880    0.26913    0.26913    0.26969    0.26969
   0.46874    0.46992
 kpt#  94, nband= 50, wtk=  0.00926, kpt=  0.1667  0.0000  0.5000 (reduced coord)
  -1.94334   -1.94334   -1.94303   -1.94303   -0.79956   -0.79956   -0.79864   -0.79864
  -0.79765   -0.79765   -0.79224   -0.79223   -0.79000   -0.78999   -0.78910   -0.78910
  -0.35791   -0.35790   -0.32502   -0.32502   -0.32190   -0.32189   -0.31898   -0.31897
   0.10853    0.10854    0.11383    0.11383    0.12173    0.12173    0.12868    0.12868
   0.15817    0.15818    0.18071    0.18071    0.18990    0.18991    0.19900    0.19900
   0.23024    0.23024    0.24108    0.24109    0.26352    0.26352    0.26418    0.26418
   0.47133    0.47133
 kpt#  95, nband= 50, wtk=  0.00926, kpt=  0.3333  0.0000  0.5000 (reduced coord)
  -1.94328   -1.94328   -1.94309   -1.94309   -0.79984   -0.79984   -0.79869   -0.79869
  -0.79686   -0.79686   -0.79186   -0.79186   -0.79091   -0.79091   -0.78915   -0.78915
  -0.35148   -0.35148   -0.33258   -0.33258   -0.32119   -0.32119   -0.31949   -0.31949
   0.11161    0.11161    0.11867    0.11868    0.13014    0.13014    0.13097    0.13097
   0.16962    0.16962    0.17605    0.17605    0.18983    0.18983    0.19633    0.19633
   0.21740    0.21740    0.24080    0.24080    0.24945    0.24945    0.25819    0.25819
   0.47359    0.47554
 kpt#  96, nband= 50, wtk=  0.00463, kpt=  0.5000  0.0000  0.5000 (reduced coord)
  -1.94320   -1.94318   -1.94318   -1.94317   -0.79956   -0.79956   -0.79955   -0.79955
  -0.79439   -0.79438   -0.79438   -0.79437   -0.78975   -0.78975   -0.78974   -0.78974
  -0.34231   -0.34231   -0.34231   -0.34231   -0.32030   -0.32030   -0.32030   -0.32030
   0.11500    0.11500    0.11500    0.11500    0.13686    0.13687    0.13687    0.13688
   0.17761    0.17762    0.17762    0.17763    0.18694    0.18694    0.18694    0.18695
   0.22217    0.22217    0.22217    0.22217    0.25299    0.25299    0.25299    0.25299
   0.47383    0.47384
 kpt#  97, nband= 50, wtk=  0.00926, kpt=  0.0000  0.1667  0.5000 (reduced coord)
  -1.94334   -1.94334   -1.94303   -1.94303   -0.79956   -0.79956   -0.79864   -0.79864
  -0.79765   -0.79765   -0.79224   -0.79223   -0.79000   -0.78999   -0.78910   -0.78910
  -0.35791   -0.35790   -0.32502   -0.32502   -0.32190   -0.32189   -0.31898   -0.31897
   0.10853    0.10854    0.11383    0.11383    0.12173    0.12173    0.12868    0.12868
   0.15817    0.15818    0.18071    0.18071    0.18990    0.18991    0.19900    0.19900
   0.23024    0.23024    0.24108    0.24109    0.26352    0.26352    0.26418    0.26418
   0.47133    0.47134
 kpt#  98, nband= 50, wtk=  0.00926, kpt=  0.1667  0.1667  0.5000 (reduced coord)
  -1.94332   -1.94332   -1.94305   -1.94305   -0.80087   -0.80087   -0.79898   -0.79777
  -0.79683   -0.79683   -0.79183   -0.79182   -0.79089   -0.78944   -0.78921   -0.78904
  -0.35666   -0.35607   -0.32957   -0.32957   -0.31959   -0.31958   -0.31925   -0.31813
   0.11125    0.11125    0.11933    0.11933    0.12060    0.12329    0.12516    0.13248
   0.15498    0.17048    0.17507    0.17508    0.18414    0.18459    0.20921    0.20921
   0.23045    0.23045    0.23238    0.24219    0.25530    0.25710    0.25710    0.26024
   0.46797    0.47848
 kpt#  99, nband= 50, wtk=  0.00926, kpt=  0.3333  0.1667  0.5000 (reduced coord)
  -1.94326   -1.94326   -1.94311   -1.94310   -0.80190   -0.80132   -0.80068   -0.79916
  -0.79501   -0.79421   -0.79203   -0.79089   -0.79069   -0.79023   -0.78921   -0.78902
  -0.35239   -0.35139   -0.33739   -0.33676   -0.31891   -0.31839   -0.31756   -0.31719
   0.11427    0.11742    0.12067    0.12071    0.12925    0.13016    0.13325    0.13921
   0.15749    0.16152    0.16596    0.18360    0.19488    0.19563    0.20338    0.20861
   0.21228    0.22659    0.23597    0.23601    0.24132    0.24561    0.24703    0.25608
   0.46831    0.48022
 kpt# 100, nband= 50, wtk=  0.00926, kpt=  0.5000  0.1667  0.5000 (reduced coord)
  -1.94320   -1.94318   -1.94318   -1.94317   -0.80182   -0.80182   -0.80063   -0.80063
  -0.79344   -0.79344   -0.79187   -0.79187   -0.78988   -0.78986   -0.78956   -0.78955
  -0.34558   -0.34558   -0.34455   -0.34455   -0.31841   -0.31841   -0.31683   -0.31683
   0.11792    0.11792    0.12034    0.12034    0.13417    0.13418    0.13912    0.13913
   0.16576    0.16576    0.17296    0.17296    0.19782    0.19782    0.20351    0.20351
   0.21804    0.21804    0.21959    0.21959    0.24362    0.24362    0.25202    0.25203
   0.47122    0.47664
 kpt# 101, nband= 50, wtk=  0.00926, kpt= -0.3333  0.1667  0.5000 (reduced coord)
  -1.94326   -1.94326   -1.94311   -1.94310   -0.80190   -0.80132   -0.80068   -0.79916
  -0.79501   -0.79421   -0.79203   -0.79089   -0.79069   -0.79023   -0.78921   -0.78902
  -0.35239   -0.35139   -0.33739   -0.33676   -0.31891   -0.31839   -0.31756   -0.31719
   0.11427    0.11742    0.12067    0.12071    0.12925    0.13016    0.13325    0.13921
   0.15749    0.16152    0.16596    0.18360    0.19488    0.19563    0.20338    0.20861
   0.21228    0.22659    0.23597    0.23601    0.24132    0.24561    0.24703    0.25608
   0.46828    0.47899
 kpt# 102, nband= 50, wtk=  0.00926, kpt= -0.1667  0.1667  0.5000 (reduced coord)
  -1.94332   -1.94332   -1.94305   -1.94305   -0.80087   -0.80087   -0.79898   -0.79777
  -0.79683   -0.79683   -0.79183   -0.79182   -0.79089   -0.78944   -0.78921   -0.78904
  -0.35666   -0.35607   -0.32957   -0.32957   -0.31959   -0.31958   -0.31925   -0.31813
   0.11125    0.11125    0.11933    0.11933    0.12060    0.12329    0.12516    0.13248
   0.15498    0.17048    0.17507    0.17508    0.18414    0.18459    0.20921    0.20921
   0.23045    0.23045    0.23238    0.24219    0.25530    0.25710    0.25710    0.26024
   0.46796    0.47907
 kpt# 103, nband= 50, wtk=  0.00926, kpt=  0.0000  0.3333  0.5000 (reduced coord)
  -1.94328   -1.94328   -1.94309   -1.94309   -0.79984   -0.79984   -0.79869   -0.79869
  -0.79686   -0.79686   -0.79186   -0.79186   -0.79091   -0.79091   -0.78915   -0.78915
  -0.35148   -0.35148   -0.33258   -0.33258   -0.32119   -0.32119   -0.31949   -0.31949
   0.11161    0.11161    0.11867    0.11868    0.13014    0.13014    0.13097    0.13097
   0.16962    0.16962    0.17605    0.17605    0.18983    0.18983    0.19633    0.19633
   0.21740    0.21740    0.24080    0.24080    0.24945    0.24945    0.25819    0.25819
   0.47360    0.47520
 kpt# 104, nband= 50, wtk=  0.00926, kpt=  0.1667  0.3333  0.5000 (reduced coord)
  -1.94326   -1.94326   -1.94311   -1.94310   -0.80190   -0.80132   -0.80068   -0.79916
  -0.79501   -0.79421   -0.79203   -0.79089   -0.79069   -0.79023   -0.78921   -0.78902
  -0.35239   -0.35139   -0.33739   -0.33676   -0.31891   -0.31839   -0.31756   -0.31719
   0.11427    0.11742    0.12067    0.12071    0.12925    0.13016    0.13325    0.13921
   0.15749    0.16152    0.16596    0.18360    0.19488    0.19563    0.20338    0.20861
   0.21228    0.22659    0.23597    0.23601    0.24132    0.24561    0.24703    0.25608
   0.46830    0.47966
 kpt# 105, nband= 50, wtk=  0.00926, kpt=  0.3333  0.3333  0.5000 (reduced coord)
  -1.94323   -1.94323   -1.94314   -1.94314   -0.80326   -0.80326   -0.80280   -0.80138
  -0.79187   -0.79187   -0.79135   -0.79034   -0.79034   -0.78972   -0.78893   -0.78883
  -0.35244   -0.35125   -0.34411   -0.34411   -0.31626   -0.31437   -0.31437   -0.31414
   0.12339    0.12339    0.12449    0.12450    0.13218    0.13531    0.13873    0.13874
   0.15560    0.15561    0.16255    0.19059    0.19457    0.19579    0.21513    0.21950
   0.21950    0.22248    0.22248    0.22850    0.23147    0.23498    0.23499    0.24783
   0.46907    0.47115
 kpt# 106, nband= 50, wtk=  0.00926, kpt=  0.5000  0.3333  0.5000 (reduced coord)
  -1.94320   -1.94318   -1.94318   -1.94317   -0.80380   -0.80380   -0.80304   -0.80304
  -0.79126   -0.79126   -0.79005   -0.79004   -0.78955   -0.78955   -0.78916   -0.78916
  -0.34980   -0.34980   -0.34906   -0.34906   -0.31410   -0.31410   -0.31282   -0.31282
   0.12595    0.12595    0.12923    0.12924    0.13303    0.13304    0.13677    0.13677
   0.16398    0.16398    0.17249    0.17249    0.20477    0.20477    0.20505    0.20505
   0.21966    0.21966    0.22339    0.22340    0.22809    0.22809    0.24364    0.24364
   0.46787    0.46840
 kpt# 107, nband= 50, wtk=  0.00926, kpt= -0.3333  0.3333  0.5000 (reduced coord)
  -1.94323   -1.94323   -1.94314   -1.94314   -0.80326   -0.80326   -0.80280   -0.80138
  -0.79187   -0.79187   -0.79135   -0.79034   -0.79034   -0.78972   -0.78893   -0.78883
  -0.35244   -0.35125   -0.34411   -0.34411   -0.31626   -0.31437   -0.31437   -0.31414
   0.12339    0.12339    0.12449    0.12450    0.13218    0.13531    0.13873    0.13874
   0.15560    0.15561    0.16255    0.19059    0.19457    0.19579    0.21513    0.21950
   0.21950    0.22248    0.22248    0.22850    0.23147    0.23498    0.23499    0.24783
   0.46905    0.47093
 kpt# 108, nband= 50, wtk=  0.00926, kpt= -0.1667  0.3333  0.5000 (reduced coord)
  -1.94326   -1.94326   -1.94311   -1.94310   -0.80190   -0.80132   -0.80068   -0.79916
  -0.79501   -0.79421   -0.79203   -0.79089   -0.79069   -0.79023   -0.78921   -0.78902
  -0.35239   -0.35139   -0.33739   -0.33676   -0.31891   -0.31839   -0.31756   -0.31719
   0.11427    0.11742    0.12067    0.12071    0.12925    0.13016    0.13325    0.13921
   0.15749    0.16152    0.16596    0.18360    0.19488    0.19563    0.20338    0.20861
   0.21228    0.22659    0.23597    0.23601    0.24132    0.24561    0.24703    0.25608
   0.46828    0.47965
 kpt# 109, nband= 50, wtk=  0.00463, kpt=  0.0000  0.5000  0.5000 (reduced coord)
  -1.94320   -1.94318   -1.94318   -1.94317   -0.79956   -0.79956   -0.79955   -0.79955
  -0.79439   -0.79438   -0.79438   -0.79437   -0.78975   -0.78975   -0.78974   -0.78974
  -0.34231   -0.34231   -0.34231   -0.34231   -0.32030   -0.32030   -0.32030   -0.32030
   0.11500    0.11500    0.11500    0.11500    0.13686    0.13687    0.13687    0.13688
   0.17761    0.17762    0.17762    0.17763    0.18694    0.18694    0.18694    0.18695
   0.22217    0.22217    0.22217    0.22217    0.25299    0.25299    0.25299    0.25299
   0.47383    0.47384
 kpt# 110, nband= 50, wtk=  0.00926, kpt=  0.1667  0.5000  0.5000 (reduced coord)
  -1.94320   -1.94318   -1.94318   -1.94317   -0.80182   -0.80182   -0.80063   -0.80063
  -0.79344   -0.79344   -0.79187   -0.79187   -0.78988   -0.78986   -0.78956   -0.78955
  -0.34558   -0.34558   -0.34455   -0.34455   -0.31841   -0.31841   -0.31683   -0.31683
   0.11792    0.11792    0.12034    0.12034    0.13417    0.13418    0.13912    0.13913
   0.16576    0.16576    0.17296    0.17296    0.19782    0.19782    0.20351    0.20351
   0.21804    0.21804    0.21959    0.21959    0.24362    0.24362    0.25202    0.25203
   0.47115    0.47232
 kpt# 111, nband= 50, wtk=  0.00926, kpt=  0.3333  0.5000  0.5000 (reduced coord)
  -1.94320   -1.94318   -1.94318   -1.94317   -0.80380   -0.80380   -0.80304   -0.80304
  -0.79126   -0.79126   -0.79005   -0.79004   -0.78955   -0.78955   -0.78916   -0.78916
  -0.34980   -0.34980   -0.34906   -0.34906   -0.31410   -0.31410   -0.31282   -0.31282
   0.12595    0.12595    0.12923    0.12924    0.13303    0.13304    0.13677    0.13677
   0.16398    0.16398    0.17249    0.17249    0.20477    0.20477    0.20505    0.20505
   0.21966    0.21966    0.22339    0.22340    0.22809    0.22809    0.24364    0.24364
   0.46781    0.46795
 kpt# 112, nband= 50, wtk=  0.00463, kpt=  0.5000  0.5000  0.5000 (reduced coord)
  -1.94320   -1.94318   -1.94318   -1.94317   -0.80427   -0.80427   -0.80427   -0.80427
  -0.79033   -0.79032   -0.79032   -0.79031   -0.78876   -0.78876   -0.78876   -0.78876
  -0.35128   -0.35128   -0.35128   -0.35128   -0.31174   -0.31174   -0.31173   -0.31173
   0.12951    0.12951    0.12951    0.12951    0.13664    0.13664    0.13664    0.13664
   0.17041    0.17041    0.17042    0.17042    0.20011    0.20012    0.20012    0.20012
   0.22097    0.22097    0.22097    0.22097    0.23527    0.23528    0.23528    0.23528
   0.46628    0.46629
