 Fermi (or HOMO) energy (hartree) =   0.28166   Average Vxc (hartree)=  -0.44596
 Eigenvalues (hartree) for nkpt= 112  k points:
 kpt#   1, nband= 50, wtk=  0.00463, kpt=  0.0000  0.0000  0.0000 (reduced coord)
  -1.94183   -1.94121   -1.94095   -1.94065   -0.80606   -0.80565   -0.80470   -0.79610
  -0.79268   -0.79248   -0.79220   -0.79192   -0.79052   -0.78716   -0.78684   -0.78636
  -0.39564   -0.34672   -0.34404   -0.33965   -0.31267   -0.31211   -0.31049   -0.29904
   0.06769    0.07135    0.08097    0.09970    0.10529    0.11046    0.14820    0.15965
   0.16165    0.16369    0.17720    0.17878    0.18290    0.19347    0.19759    0.22442
   0.22585    0.22763    0.24911    0.25573    0.25921    0.27671    0.27707    0.28129
   0.45805    0.46349
 kpt#   2, nband= 50, wtk=  0.00926, kpt=  0.1667  0.0000  0.0000 (reduced coord)
  -1.94180   -1.94121   -1.94098   -1.94065   -0.80522   -0.80466   -0.80392   -0.79621
  -0.79349   -0.79337   -0.79213   -0.79142   -0.79040   -0.78849   -0.78715   -0.78671
  -0.39085   -0.34567   -0.34325   -0.33876   -0.31677   -0.31344   -0.31248   -0.29988
   0.07442    0.07661    0.07896    0.10186    0.10534    0.12595    0.14391    0.14787
   0.15180    0.15791    0.17009    0.17756    0.18744    0.18924    0.21014    0.21406
   0.23406    0.23985    0.24140    0.24960    0.26024    0.27329    0.27489    0.28163
   0.46435    0.46954
 kpt#   3, nband= 50, wtk=  0.00926, kpt=  0.3333  0.0000  0.0000 (reduced coord)
  -1.94171   -1.94121   -1.94107   -1.94065   -0.80309   -0.80192   -0.80164   -0.79734
  -0.79568   -0.79441   -0.79217   -0.79204   -0.79034   -0.78992   -0.78799   -0.78762
  -0.37763   -0.34481   -0.34338   -0.33687   -0.32723   -0.31577   -0.31511   -0.30169
   0.08125    0.08451    0.09854    0.11026    0.11256    0.12301    0.12644    0.13413
   0.14963    0.15481    0.15832    0.17121    0.18892    0.20225    0.20569    0.20761
   0.22546    0.23780    0.24769    0.24929    0.26140    0.27099    0.27269    0.28148
   0.46054    0.47002
 kpt#   4, nband= 50, wtk=  0.00463, kpt=  0.5000  0.0000  0.0000 (reduced coord)
  -1.94166   -1.94120   -1.94112   -1.94065   -0.80081   -0.79957   -0.79937   -0.79854
  -0.79812   -0.79563   -0.79445   -0.79205   -0.78949   -0.78922   -0.78889   -0.78851
  -0.36141   -0.35738   -0.34218   -0.33580   -0.32978   -0.31782   -0.31608   -0.30271
   0.09142    0.09419    0.10561    0.10605    0.11006    0.11986    0.13001    0.13361
   0.13742    0.14497    0.16818    0.17370    0.18381    0.18997    0.19970    0.21879
   0.22468    0.23215    0.24796    0.25157    0.26190    0.27036    0.27293    0.28166
   0.45636    0.46696
 kpt#   5, nband= 50, wtk=  0.00926, kpt=  0.0000  0.1667  0.0000 (reduced coord)
  -1.94178   -1.94124   -1.94094   -1.94068   -0.80516   -0.80473   -0.80426   -0.79702
  -0.79328   -0.79226   -0.79213   -0.79176   -0.79036   -0.78756   -0.78742   -0.78716
  -0.39121   -0.34657   -0.34311   -0.33934   -0.31640   -0.31242   -0.31151   -0.30042
   0.07258    0.07659    0.07895    0.10215    0.10798    0.12460    0.14389    0.14472
   0.15797    0.16655    0.16873    0.17524    0.18161    0.19768    0.20213    0.22389
   0.22955    0.23466    0.23952    0.25391    0.25636    0.26903    0.27640    0.27827
   0.45265    0.46597
 kpt#   6, nband= 50, wtk=  0.00926, kpt=  0.1667  0.1667  0.0000 (reduced coord)
  -1.94175   -1.94124   -1.94097   -1.94068   -0.80455   -0.80416   -0.80332   -0.79726
  -0.79357   -0.79330   -0.79193   -0.79123   -0.79029   -0.78952   -0.78751   -0.78687
  -0.38683   -0.34594   -0.34240   -0.33855   -0.31781   -0.31691   -0.31215   -0.30109
   0.07471    0.08103    0.08448    0.10385    0.10776    0.13377    0.13836    0.14712
   0.15049    0.15224    0.17082    0.17520    0.18314    0.18994    0.21065    0.21603
   0.23449    0.23906    0.24332    0.24575    0.25686    0.26460    0.27457    0.27770
   0.45376    0.46672
 kpt#   7, nband= 50, wtk=  0.00926, kpt=  0.3333  0.1667  0.0000 (reduced coord)
  -1.94168   -1.94124   -1.94104   -1.94068   -0.80297   -0.80219   -0.80097   -0.79854
  -0.79558   -0.79356   -0.79293   -0.79179   -0.79010   -0.78991   -0.78840   -0.78738
  -0.37470   -0.34447   -0.34402   -0.33722   -0.32718   -0.31762   -0.31502   -0.30277
   0.07998    0.09109    0.10081    0.11059    0.11367    0.12542    0.13107    0.13324
   0.14804    0.15281    0.16445    0.17004    0.18600    0.19733    0.20815    0.20894
   0.22261    0.23666    0.24632    0.24923    0.25837    0.26466    0.27098    0.27498
   0.45543    0.46216
 kpt#   8, nband= 50, wtk=  0.00926, kpt=  0.5000  0.1667  0.0000 (reduced coord)
  -1.94163   -1.94123   -1.94109   -1.94068   -0.80111   -0.80045   -0.79966   -0.79906
  -0.79764   -0.79580   -0.79317   -0.79178   -0.78958   -0.78922   -0.78895   -0.78826
  -0.36006   -0.35555   -0.34339   -0.33674   -0.32943   -0.31771   -0.31691   -0.30384
   0.09094    0.09272    0.10888    0.11038    0.11454    0.11883    0.13405    0.13637
   0.13806    0.14634    0.16687    0.17560    0.17619    0.19560    0.20087    0.21648
   0.22320    0.22864    0.24598    0.25175    0.25915    0.26597    0.27005    0.27297
   0.45722    0.45967
 kpt#   9, nband= 50, wtk=  0.00926, kpt= -0.3333  0.1667  0.0000 (reduced coord)
  -1.94168   -1.94124   -1.94104   -1.94068   -0.80282   -0.80199   -0.80115   -0.79871
  -0.79560   -0.79360   -0.79295   -0.79166   -0.79018   -0.78996   -0.78839   -0.78730
  -0.37460   -0.34451   -0.34410   -0.33718   -0.32707   -0.31754   -0.31513   -0.30288
   0.08038    0.09097    0.10074    0.11095    0.11376    0.12515    0.13061    0.13295
   0.14787    0.15291    0.16406    0.17040    0.18587    0.19741    0.20843    0.20922
   0.22290    0.23707    0.24625    0.24883    0.25794    0.26495    0.27098    0.27475
   0.45749    0.46241
 kpt#  10, nband= 50, wtk=  0.00926, kpt= -0.1667  0.1667  0.0000 (reduced coord)
  -1.94175   -1.94124   -1.94097   -1.94068   -0.80442   -0.80406   -0.80346   -0.79738
  -0.79364   -0.79326   -0.79182   -0.79125   -0.79032   -0.78963   -0.78751   -0.78678
  -0.38677   -0.34595   -0.34244   -0.33853   -0.31755   -0.31684   -0.31244   -0.30119
   0.07503    0.08111    0.08420    0.10384    0.10824    0.13327    0.13794    0.14718
   0.15014    0.15222    0.17080    0.17555    0.18296    0.18982    0.21103    0.21649
   0.23485    0.23947    0.24295    0.24543    0.25641    0.26494    0.27458    0.27740
   0.45515    0.46770
 kpt#  11, nband= 50, wtk=  0.00926, kpt=  0.0000  0.3333  0.0000 (reduced coord)
  -1.94165   -1.94133   -1.94090   -1.94074   -0.80313   -0.80285   -0.80213   -0.79900
  -0.79531   -0.79295   -0.79155   -0.79124   -0.79013   -0.78935   -0.78835   -0.78800
  -0.37910   -0.35003   -0.34103   -0.33884   -0.32232   -0.31643   -0.31051   -0.30390
   0.07672    0.08551    0.09882    0.10669    0.11651    0.12417    0.13354    0.13488
   0.14461    0.16073    0.16625    0.17563    0.19059    0.20211    0.20559    0.21396
   0.21965    0.23586    0.23670    0.24880    0.25042    0.26104    0.27577    0.27734
   0.44371    0.45523
 kpt#  12, nband= 50, wtk=  0.00926, kpt=  0.1667  0.3333  0.0000 (reduced coord)
  -1.94163   -1.94133   -1.94093   -1.94075   -0.80335   -0.80229   -0.80155   -0.79922
  -0.79511   -0.79422   -0.79105   -0.79083   -0.79055   -0.78996   -0.78840   -0.78765
  -0.37578   -0.34941   -0.34068   -0.33870   -0.32250   -0.32020   -0.31106   -0.30445
   0.07804    0.09256    0.10127    0.10671    0.11545    0.12242    0.13424    0.13517
   0.14552    0.16555    0.16817    0.17771    0.18268    0.18829    0.20786    0.21808
   0.22209    0.23559    0.23935    0.24621    0.25011    0.25339    0.27451    0.27582
   0.44221    0.45402
 kpt#  13, nband= 50, wtk=  0.00926, kpt=  0.3333  0.3333  0.0000 (reduced coord)
  -1.94158   -1.94132   -1.94098   -1.94076   -0.80257   -0.80207   -0.80027   -0.79968
  -0.79645   -0.79395   -0.79294   -0.79080   -0.78996   -0.78944   -0.78899   -0.78746
  -0.36662   -0.34784   -0.34275   -0.33906   -0.32658   -0.32218   -0.31305   -0.30589
   0.08451    0.10087    0.10441    0.11298    0.11951    0.12096    0.12757    0.13775
   0.14481    0.16062    0.16832    0.17875    0.18137    0.19380    0.20803    0.20988
   0.21651    0.23498    0.23560    0.24442    0.24923    0.24973    0.27106    0.27162
   0.44133    0.45262
 kpt#  14, nband= 50, wtk=  0.00926, kpt=  0.5000  0.3333  0.0000 (reduced coord)
  -1.94155   -1.94132   -1.94101   -1.94076   -0.80168   -0.80139   -0.80059   -0.80022
  -0.79619   -0.79513   -0.79238   -0.79187   -0.78999   -0.78899   -0.78838   -0.78797
  -0.35640   -0.35071   -0.34676   -0.33965   -0.32823   -0.32160   -0.31438   -0.30684
   0.09360    0.09647    0.10608    0.11612    0.12074    0.12321    0.12694    0.14162
   0.14728    0.15228    0.16802    0.17089    0.18433    0.20067    0.20342    0.21641
   0.21744    0.22036    0.23850    0.23875    0.24913    0.25121    0.26894    0.26951
   0.44266    0.45258
 kpt#  15, nband= 50, wtk=  0.00926, kpt= -0.3333  0.3333  0.0000 (reduced coord)
  -1.94158   -1.94132   -1.94098   -1.94076   -0.80231   -0.80193   -0.80051   -0.79987
  -0.79641   -0.79399   -0.79299   -0.79069   -0.78996   -0.78951   -0.78906   -0.78735
  -0.36646   -0.34785   -0.34290   -0.33908   -0.32648   -0.32205   -0.31317   -0.30599
   0.08522    0.10042    0.10418    0.11375    0.11925    0.12106    0.12675    0.13722
   0.14478    0.16026    0.16963    0.17845    0.18108    0.19341    0.20866    0.21050
   0.21680    0.23493    0.23599    0.24394    0.24890    0.24914    0.27109    0.27178
   0.44303    0.45213
 kpt#  16, nband= 50, wtk=  0.00926, kpt= -0.1667  0.3333  0.0000 (reduced coord)
  -1.94163   -1.94133   -1.94093   -1.94075   -0.80315   -0.80219   -0.80169   -0.79939
  -0.79512   -0.79420   -0.79104   -0.79086   -0.79065   -0.78993   -0.78844   -0.78754
  -0.37568   -0.34942   -0.34076   -0.33872   -0.32238   -0.32003   -0.31126   -0.30454
   0.07850    0.09256    0.10079    0.10688    0.11606    0.12190    0.13388    0.13489
   0.14515    0.16630    0.16846    0.17691    0.18239    0.18844    0.20881    0.21858
   0.22173    0.23629    0.23907    0.24571    0.24970    0.25326    0.27456    0.27586
   0.44366    0.45346
 kpt#  17, nband= 50, wtk=  0.00463, kpt=  0.0000  0.5000  0.0000 (reduced coord)
  -1.94150   -1.94147   -1.94087   -1.94079   -0.80134   -0.80112   -0.80073   -0.80036
  -0.79598   -0.79583   -0.79118   -0.79092   -0.78957   -0.78943   -0.78904   -0.78893
  -0.36329   -0.36272   -0.33971   -0.33881   -0.32150   -0.32106   -0.30802   -0.30763
   0.08553    0.08692    0.11401    0.11490    0.11925    0.11934    0.12861    0.13034
   0.13532    0.13653    0.19065    0.19138    0.19236    0.19312    0.20844    0.20860
   0.20996    0.21226    0.24283    0.24355    0.25733    0.25799    0.27601    0.27764
   0.44242    0.44373
 kpt#  18, nband= 50, wtk=  0.00926, kpt=  0.1667  0.5000  0.0000 (reduced coord)
  -1.94149   -1.94146   -1.94088   -1.94080   -0.80196   -0.80164   -0.79997   -0.79976
  -0.79650   -0.79630   -0.79057   -0.79042   -0.79008   -0.78987   -0.78883   -0.78864
  -0.36139   -0.36080   -0.33975   -0.33902   -0.32295   -0.32258   -0.30860   -0.30822
   0.08886    0.09019    0.11275    0.11366    0.11742    0.11819    0.12682    0.12836
   0.14693    0.14838    0.18169    0.18312    0.19204    0.19385    0.20279    0.20386
   0.21996    0.22216    0.23945    0.24068    0.25271    0.25322    0.27492    0.27604
   0.44131    0.44249
 kpt#  19, nband= 50, wtk=  0.00926, kpt=  0.3333  0.5000  0.0000 (reduced coord)
  -1.94147   -1.94143   -1.94091   -1.94083   -0.80225   -0.80179   -0.80037   -0.80004
  -0.79593   -0.79580   -0.79171   -0.79148   -0.78949   -0.78930   -0.78836   -0.78821
  -0.35634   -0.35573   -0.34135   -0.34125   -0.32542   -0.32467   -0.31003   -0.30967
   0.09581    0.09695    0.10898    0.10912    0.12031    0.12107    0.12923    0.13003
   0.15922    0.16075    0.17111    0.17195    0.19329    0.19437    0.20579    0.20704
   0.21760    0.21872    0.23544    0.23686    0.24537    0.24643    0.27137    0.27158
   0.44029    0.44212
 kpt#  20, nband= 50, wtk=  0.00463, kpt=  0.5000  0.5000  0.0000 (reduced coord)
  -1.94145   -1.94141   -1.94093   -1.94084   -0.80193   -0.80133   -0.80128   -0.80103
  -0.79431   -0.79412   -0.79367   -0.79314   -0.78896   -0.78863   -0.78830   -0.78815
  -0.35176   -0.35126   -0.34493   -0.34440   -0.32624   -0.32501   -0.31093   -0.31055
   0.10094    0.10224    0.10449    0.10533    0.12350    0.12433    0.13072    0.13193
   0.15806    0.16112    0.17014    0.17144    0.19714    0.19744    0.20411    0.20541
   0.22162    0.22276    0.22417    0.22616    0.24423    0.24591    0.26905    0.26938
   0.44115    0.44345
 kpt#  21, nband= 50, wtk=  0.00926, kpt=  0.0000  0.0000  0.1667 (reduced coord)
  -1.94179   -1.94123   -1.94095   -1.94066   -0.80533   -0.80486   -0.80375   -0.79649
  -0.79379   -0.79281   -0.79180   -0.79123   -0.79097   -0.78795   -0.78746   -0.78669
  -0.39115   -0.34515   -0.34301   -0.33991   -0.31659   -0.31272   -0.31227   -0.30073
   0.07128    0.07616    0.09102    0.09685    0.10778    0.12001    0.13833    0.15009
   0.15657    0.17067    0.17551    0.17943    0.18104    0.19460    0.19593    0.22304
   0.22701    0.22949    0.24655    0.25403    0.25604    0.26506    0.27624    0.27897
   0.45939    0.46473
 kpt#  22, nband= 50, wtk=  0.00926, kpt=  0.1667  0.0000  0.1667 (reduced coord)
  -1.94176   -1.94123   -1.94098   -1.94066   -0.80467   -0.80411   -0.80302   -0.79656
  -0.79494   -0.79267   -0.79195   -0.79122   -0.79066   -0.78956   -0.78712   -0.78704
  -0.38679   -0.34511   -0.34222   -0.33892   -0.31864   -0.31628   -0.31286   -0.30131
   0.07705    0.08160    0.08702    0.09934    0.11096    0.12939    0.13644    0.14397
   0.15112    0.16387    0.16857    0.17928    0.18538    0.18837    0.20539    0.21497
   0.23096    0.23698    0.24059    0.24854    0.25455    0.26666    0.27497    0.27888
   0.46196    0.46963
 kpt#  23, nband= 50, wtk=  0.00926, kpt=  0.3333  0.0000  0.1667 (reduced coord)
  -1.94169   -1.94123   -1.94106   -1.94066   -0.80305   -0.80182   -0.80118   -0.79756
  -0.79672   -0.79421   -0.79215   -0.79156   -0.79063   -0.78976   -0.78803   -0.78762
  -0.37479   -0.34570   -0.34308   -0.33679   -0.32742   -0.31873   -0.31397   -0.30276
   0.08540    0.08788    0.10118    0.10609    0.11515    0.12683    0.13089    0.13504
   0.14659    0.15678    0.16163    0.17275    0.18906    0.19781    0.20416    0.20632
   0.22052    0.23634    0.24359    0.24685    0.25608    0.26378    0.27391    0.28017
   0.45885    0.46763
 kpt#  24, nband= 50, wtk=  0.00926, kpt=  0.5000  0.0000  0.1667 (reduced coord)
  -1.94165   -1.94122   -1.94110   -1.94067   -0.80140   -0.79994   -0.79953   -0.79901
  -0.79751   -0.79677   -0.79287   -0.79138   -0.78983   -0.78911   -0.78882   -0.78851
  -0.36004   -0.35677   -0.34274   -0.33571   -0.33083   -0.31904   -0.31503   -0.30360
   0.09172    0.09630    0.10276    0.10607    0.12167    0.12446    0.12934    0.13407
   0.14388    0.14523    0.16810    0.16831    0.18345    0.19434    0.19659    0.21781
   0.22380    0.23005    0.23889    0.25056    0.25596    0.26178    0.27395    0.28093
   0.45567    0.46453
 kpt#  25, nband= 50, wtk=  0.00926, kpt= -0.3333  0.0000  0.1667 (reduced coord)
  -1.94169   -1.94123   -1.94106   -1.94066   -0.80312   -0.80177   -0.80119   -0.79750
  -0.79667   -0.79424   -0.79218   -0.79153   -0.79065   -0.78974   -0.78803   -0.78765
  -0.37480   -0.34569   -0.34307   -0.33679   -0.32742   -0.31873   -0.31395   -0.30278
   0.08536    0.08788    0.10117    0.10606    0.11523    0.12706    0.13074    0.13490
   0.14669    0.15682    0.16163    0.17267    0.18907    0.19781    0.20417    0.20629
   0.22056    0.23624    0.24357    0.24695    0.25611    0.26377    0.27391    0.28017
   0.45880    0.46733
 kpt#  26, nband= 50, wtk=  0.00926, kpt= -0.1667  0.0000  0.1667 (reduced coord)
  -1.94176   -1.94123   -1.94098   -1.94066   -0.80475   -0.80404   -0.80303   -0.79652
  -0.79490   -0.79280   -0.79186   -0.79124   -0.79066   -0.78954   -0.78714   -0.78705
  -0.38680   -0.34514   -0.34217   -0.33895   -0.31867   -0.31627   -0.31283   -0.30133
   0.07708    0.08157    0.08704    0.09926    0.11101    0.12930    0.13657    0.14403
   0.15107    0.16392    0.16862    0.17924    0.18538    0.18829    0.20543    0.21498
   0.23089    0.23695    0.24055    0.24863    0.25452    0.26680    0.27479    0.27898
   0.46178    0.46974
 kpt#  27, nband= 50, wtk=  0.00926, kpt=  0.0000  0.1667  0.1667 (reduced coord)
  -1.94175   -1.94126   -1.94095   -1.94069   -0.80439   -0.80422   -0.80350   -0.79735
  -0.79354   -0.79310   -0.79222   -0.79100   -0.79057   -0.78903   -0.78781   -0.78675
  -0.38708   -0.34515   -0.34327   -0.33880   -0.31662   -0.31614   -0.31317   -0.30181
   0.07453    0.08297    0.08720    0.10119    0.10988    0.12965    0.13813    0.14446
   0.15674    0.16147    0.16864    0.17507    0.18100    0.19792    0.20328    0.22074
   0.22853    0.23337    0.24037    0.25115    0.25555    0.26408    0.26844    0.27451
   0.45387    0.46718
 kpt#  28, nband= 50, wtk=  0.00926, kpt=  0.1667  0.1667  0.1667 (reduced coord)
  -1.94172   -1.94125   -1.94097   -1.94069   -0.80424   -0.80378   -0.80268   -0.79731
  -0.79458   -0.79273   -0.79235   -0.79103   -0.79064   -0.79003   -0.78739   -0.78701
  -0.38317   -0.34599   -0.34209   -0.33817   -0.31948   -0.31775   -0.31380   -0.30211
   0.07958    0.08398    0.09060    0.10284    0.11225    0.13226    0.13821    0.14255
   0.15077    0.15914    0.16462    0.17436    0.18481    0.19288    0.20692    0.21679
   0.23005    0.23709    0.23925    0.24809    0.25236    0.26275    0.26760    0.27458
   0.45332    0.46827
 kpt#  29, nband= 50, wtk=  0.00926, kpt=  0.3333  0.1667  0.1667 (reduced coord)
  -1.94166   -1.94125   -1.94103   -1.94069   -0.80337   -0.80228   -0.80141   -0.79787
  -0.79588   -0.79436   -0.79214   -0.79155   -0.79026   -0.78965   -0.78793   -0.78764
  -0.37238   -0.34679   -0.34389   -0.33677   -0.32774   -0.31823   -0.31437   -0.30336
   0.08486    0.09167    0.10381    0.10791    0.11628    0.12940    0.13241    0.13620
   0.14839    0.15152    0.16291    0.17235    0.18822    0.19600    0.20551    0.20996
   0.22032    0.23461    0.24144    0.24676    0.25449    0.26177    0.26577    0.27356
   0.45135    0.46394
 kpt#  30, nband= 50, wtk=  0.00926, kpt=  0.5000  0.1667  0.1667 (reduced coord)
  -1.94162   -1.94125   -1.94107   -1.94069   -0.80226   -0.80172   -0.79974   -0.79954
  -0.79639   -0.79574   -0.79228   -0.79124   -0.78930   -0.78915   -0.78884   -0.78844
  -0.35919   -0.35603   -0.34465   -0.33628   -0.33099   -0.31726   -0.31530   -0.30431
   0.09293    0.09364    0.10454    0.11166    0.12113    0.12643    0.13115    0.13701
   0.14504    0.14759    0.16534    0.16710    0.18245    0.19744    0.19933    0.21791
   0.22159    0.22816    0.23778    0.24849    0.25550    0.26087    0.26734    0.27152
   0.45072    0.46260
 kpt#  31, nband= 50, wtk=  0.00926, kpt= -0.3333  0.1667  0.1667 (reduced coord)
  -1.94166   -1.94125   -1.94104   -1.94069   -0.80326   -0.80212   -0.80157   -0.79797
  -0.79585   -0.79441   -0.79224   -0.79138   -0.79041   -0.78960   -0.78797   -0.78756
  -0.37229   -0.34687   -0.34380   -0.33676   -0.32776   -0.31808   -0.31448   -0.30350
   0.08526    0.09142    0.10396    0.10811    0.11639    0.12934    0.13166    0.13570
   0.14874    0.15165    0.16271    0.17251    0.18813    0.19586    0.20551    0.21080
   0.22017    0.23453    0.24128    0.24655    0.25453    0.26189    0.26670    0.27271
   0.45274    0.46476
 kpt#  32, nband= 50, wtk=  0.00926, kpt= -0.1667  0.1667  0.1667 (reduced coord)
  -1.94172   -1.94125   -1.94097   -1.94069   -0.80416   -0.80367   -0.80279   -0.79739
  -0.79451   -0.79287   -0.79229   -0.79097   -0.79078   -0.78999   -0.78741   -0.78695
  -0.38312   -0.34603   -0.34203   -0.33817   -0.31935   -0.31756   -0.31408   -0.30223
   0.07992    0.08397    0.09038    0.10309    0.11232    0.13148    0.13852    0.14194
   0.15113    0.15907    0.16490    0.17453    0.18433    0.19281    0.20707    0.21717
   0.22986    0.23695    0.23978    0.24770    0.25220    0.26345    0.26763    0.27411
   0.45444    0.46912
 kpt#  33, nband= 50, wtk=  0.00926, kpt=  0.0000  0.3333  0.1667 (reduced coord)
  -1.94163   -1.94134   -1.94092   -1.94075   -0.80273   -0.80222   -0.80206   -0.79927
  -0.79499   -0.79374   -0.79255   -0.79070   -0.79001   -0.78971   -0.78870   -0.78751
  -0.37584   -0.34857   -0.34211   -0.33836   -0.32215   -0.31685   -0.31402   -0.30525
   0.08126    0.09219    0.10062    0.10691    0.11593    0.12498    0.13420    0.13688
   0.14889    0.15563    0.16965    0.17237    0.18833    0.20429    0.20679    0.21039
   0.22173    0.23136    0.23348    0.24605    0.25062    0.25938    0.26542    0.27120
   0.44577    0.45662
 kpt#  34, nband= 50, wtk=  0.00926, kpt=  0.1667  0.3333  0.1667 (reduced coord)
  -1.94161   -1.94133   -1.94093   -1.94076   -0.80337   -0.80261   -0.80162   -0.79863
  -0.79521   -0.79457   -0.79188   -0.79069   -0.79024   -0.78968   -0.78809   -0.78771
  -0.37313   -0.34917   -0.34182   -0.33869   -0.32234   -0.32030   -0.31294   -0.30511
   0.08394    0.09264    0.10515    0.10841    0.11603    0.12514    0.13468    0.13640
   0.14749    0.15802    0.16936    0.17561    0.18259    0.19583    0.20788    0.21666
   0.22361    0.23027    0.23679    0.24385    0.24865    0.25060    0.26569    0.27030
   0.44336    0.45481
 kpt#  35, nband= 50, wtk=  0.00926, kpt=  0.3333  0.3333  0.1667 (reduced coord)
  -1.94157   -1.94133   -1.94098   -1.94076   -0.80343   -0.80278   -0.80205   -0.79910
  -0.79577   -0.79327   -0.79229   -0.79064   -0.78972   -0.78932   -0.78849   -0.78759
  -0.36556   -0.34938   -0.34511   -0.34021   -0.32567   -0.31967   -0.31286   -0.30577
   0.08907    0.09817    0.10762    0.11234    0.11982    0.12545    0.13273    0.13586
   0.14722    0.15845    0.16815    0.17576    0.18820    0.19352    0.20505    0.21190
   0.22192    0.22938    0.23578    0.23770    0.24509    0.25170    0.26200    0.26765
   0.44005    0.45256
 kpt#  36, nband= 50, wtk=  0.00926, kpt=  0.5000  0.3333  0.1667 (reduced coord)
  -1.94154   -1.94132   -1.94100   -1.94077   -0.80306   -0.80287   -0.80150   -0.80123
  -0.79453   -0.79376   -0.79160   -0.79096   -0.78982   -0.78883   -0.78844   -0.78796
  -0.35664   -0.35318   -0.34856   -0.34167   -0.32691   -0.31742   -0.31368   -0.30654
   0.09543    0.09818    0.10624    0.11575    0.12193    0.12440    0.13036    0.13692
   0.15358    0.15675    0.16701    0.17197    0.18866    0.19966    0.20080    0.21596
   0.21678    0.22234    0.23065    0.23927    0.24506    0.25464    0.26079    0.26486
   0.43991    0.45247
 kpt#  37, nband= 50, wtk=  0.00926, kpt= -0.3333  0.3333  0.1667 (reduced coord)
  -1.94157   -1.94133   -1.94098   -1.94076   -0.80332   -0.80270   -0.80209   -0.79927
  -0.79572   -0.79324   -0.79237   -0.79064   -0.78982   -0.78921   -0.78859   -0.78749
  -0.36543   -0.34940   -0.34516   -0.34018   -0.32581   -0.31935   -0.31302   -0.30590
   0.08976    0.09779    0.10745    0.11291    0.11971    0.12500    0.13221    0.13576
   0.14703    0.15845    0.16813    0.17632    0.18830    0.19312    0.20549    0.21252
   0.22181    0.22912    0.23555    0.23763    0.24512    0.25147    0.26221    0.26759
   0.44148    0.45249
 kpt#  38, nband= 50, wtk=  0.00926, kpt= -0.1667  0.3333  0.1667 (reduced coord)
  -1.94161   -1.94133   -1.94093   -1.94076   -0.80322   -0.80260   -0.80166   -0.79875
  -0.79517   -0.79453   -0.79197   -0.79075   -0.79031   -0.78959   -0.78812   -0.78762
  -0.37304   -0.34917   -0.34189   -0.33866   -0.32246   -0.31988   -0.31321   -0.30521
   0.08439    0.09266    0.10527    0.10808    0.11616    0.12463    0.13426    0.13647
   0.14720    0.15849    0.16968    0.17589    0.18200    0.19582    0.20842    0.21654
   0.22361    0.22998    0.23730    0.24380    0.24849    0.25028    0.26583    0.27031
   0.44461    0.45452
 kpt#  39, nband= 50, wtk=  0.00926, kpt=  0.0000  0.5000  0.1667 (reduced coord)
  -1.94149   -1.94146   -1.94088   -1.94080   -0.80137   -0.80114   -0.80042   -0.80004
  -0.79637   -0.79622   -0.79144   -0.79102   -0.78963   -0.78947   -0.78876   -0.78866
  -0.36107   -0.36046   -0.34026   -0.33937   -0.32149   -0.32099   -0.31026   -0.30980
   0.09099    0.09263    0.11334    0.11472    0.11663    0.11709    0.13341    0.13564
   0.13800    0.13895    0.18478    0.18692    0.19503    0.19576    0.20666    0.20759
   0.21135    0.21379    0.23803    0.23910    0.25570    0.25639    0.26772    0.26911
   0.44393    0.44654
 kpt#  40, nband= 50, wtk=  0.00926, kpt=  0.1667  0.5000  0.1667 (reduced coord)
  -1.94148   -1.94145   -1.94089   -1.94081   -0.80247   -0.80239   -0.79996   -0.79947
  -0.79639   -0.79623   -0.79064   -0.79041   -0.78970   -0.78953   -0.78880   -0.78857
  -0.35998   -0.35936   -0.34077   -0.34018   -0.32245   -0.32221   -0.30985   -0.30923
   0.09361    0.09475    0.10854    0.10990    0.12291    0.12383    0.12890    0.13048
   0.14728    0.14951    0.17752    0.17879    0.19324    0.19471    0.20764    0.20826
   0.21796    0.21961    0.23634    0.23804    0.24928    0.24959    0.26737    0.26866
   0.44267    0.44382
 kpt#  41, nband= 50, wtk=  0.00926, kpt=  0.3333  0.5000  0.1667 (reduced coord)
  -1.94146   -1.94142   -1.94092   -1.94083   -0.80323   -0.80312   -0.80144   -0.80093
  -0.79467   -0.79452   -0.79073   -0.79059   -0.78946   -0.78930   -0.78836   -0.78819
  -0.35670   -0.35610   -0.34406   -0.34379   -0.32275   -0.32220   -0.30986   -0.30919
   0.09921    0.09991    0.10676    0.10788    0.12290    0.12407    0.13112    0.13198
   0.15866    0.16057    0.17323    0.17387    0.19251    0.19345    0.20719    0.20823
   0.21926    0.22041    0.23084    0.23179    0.24434    0.24482    0.26464    0.26543
   0.44049    0.44140
 kpt#  42, nband= 50, wtk=  0.00926, kpt=  0.5000  0.5000  0.1667 (reduced coord)
  -1.94145   -1.94141   -1.94093   -1.94084   -0.80314   -0.80269   -0.80262   -0.80239
  -0.79302   -0.79271   -0.79218   -0.79179   -0.78903   -0.78870   -0.78822   -0.78806
  -0.35310   -0.35249   -0.34823   -0.34785   -0.32210   -0.32129   -0.31019   -0.30971
   0.10288    0.10389    0.10579    0.10666    0.12262    0.12442    0.13017    0.13134
   0.16408    0.16680    0.17168    0.17329    0.19991    0.20125    0.20205    0.20342
   0.21512    0.21659    0.22422    0.22486    0.24592    0.24714    0.26310    0.26326
   0.44031    0.44222
 kpt#  43, nband= 50, wtk=  0.00926, kpt= -0.3333  0.5000  0.1667 (reduced coord)
  -1.94146   -1.94142   -1.94092   -1.94083   -0.80349   -0.80295   -0.80121   -0.80108
  -0.79461   -0.79454   -0.79075   -0.79059   -0.78955   -0.78924   -0.78832   -0.78821
  -0.35670   -0.35610   -0.34410   -0.34372   -0.32289   -0.32207   -0.30971   -0.30934
   0.09888    0.10026    0.10700    0.10760    0.12294    0.12412    0.13088    0.13212
   0.15876    0.16048    0.17329    0.17382    0.19190    0.19403    0.20766    0.20784
   0.21909    0.22059    0.23070    0.23187    0.24400    0.24515    0.26474    0.26537
   0.43979    0.44202
 kpt#  44, nband= 50, wtk=  0.00926, kpt= -0.1667  0.5000  0.1667 (reduced coord)
  -1.94148   -1.94145   -1.94089   -1.94081   -0.80271   -0.80224   -0.79973   -0.79961
  -0.79632   -0.79626   -0.79074   -0.79039   -0.78972   -0.78947   -0.78875   -0.78862
  -0.35997   -0.35939   -0.34082   -0.34010   -0.32272   -0.32195   -0.30977   -0.30931
   0.09336    0.09503    0.10875    0.10964    0.12277    0.12397    0.12884    0.13056
   0.14774    0.14900    0.17761    0.17875    0.19303    0.19485    0.20734    0.20881
   0.21769    0.21975    0.23665    0.23770    0.24903    0.24980    0.26746    0.26862
   0.44182    0.44466
 kpt#  45, nband= 50, wtk=  0.00926, kpt=  0.0000 -0.3333  0.1667 (reduced coord)
  -1.94163   -1.94134   -1.94092   -1.94075   -0.80269   -0.80243   -0.80166   -0.79941
  -0.79517   -0.79372   -0.79226   -0.79087   -0.79010   -0.78971   -0.78866   -0.78752
  -0.37567   -0.34862   -0.34102   -0.33921   -0.32201   -0.31712   -0.31389   -0.30570
   0.08209    0.09203    0.10062    0.10780    0.11597    0.12503    0.13377    0.13741
   0.14715    0.15537    0.16946    0.17157    0.18775    0.20564    0.20750    0.21299
   0.21931    0.23137    0.23316    0.24658    0.25111    0.25930    0.26394    0.27153
   0.44390    0.45894
 kpt#  46, nband= 50, wtk=  0.00926, kpt=  0.1667 -0.3333  0.1667 (reduced coord)
  -1.94161   -1.94134   -1.94093   -1.94076   -0.80332   -0.80233   -0.80147   -0.79908
  -0.79532   -0.79453   -0.79175   -0.79068   -0.79039   -0.78970   -0.78807   -0.78765
  -0.37288   -0.34901   -0.34116   -0.33937   -0.32223   -0.32008   -0.31332   -0.30558
   0.08488    0.09299    0.10552    0.10813    0.11619    0.12460    0.13463    0.13637
   0.14659    0.15778    0.17043    0.17575    0.18086    0.19579    0.20920    0.21612
   0.22352    0.22950    0.23785    0.24449    0.24866    0.25026    0.26462    0.27064
   0.44325    0.45618
 kpt#  47, nband= 50, wtk=  0.00926, kpt=  0.3333 -0.3333  0.1667 (reduced coord)
  -1.94157   -1.94133   -1.94098   -1.94076   -0.80339   -0.80249   -0.80187   -0.79955
  -0.79582   -0.79348   -0.79218   -0.79055   -0.78969   -0.78935   -0.78859   -0.78751
  -0.36529   -0.34909   -0.34478   -0.34059   -0.32579   -0.31934   -0.31338   -0.30609
   0.08984    0.09848    0.10732    0.11312    0.12036    0.12446    0.13157    0.13611
   0.14792    0.15702    0.16931    0.17725    0.18621    0.19337    0.20621    0.21108
   0.22120    0.22880    0.23665    0.23851    0.24470    0.25136    0.26148    0.26758
   0.44176    0.45286
 kpt#  48, nband= 50, wtk=  0.00926, kpt=  0.5000 -0.3333  0.1667 (reduced coord)
  -1.94154   -1.94133   -1.94100   -1.94077   -0.80308   -0.80268   -0.80145   -0.80127
  -0.79480   -0.79380   -0.79145   -0.79103   -0.78970   -0.78876   -0.78850   -0.78803
  -0.35659   -0.35290   -0.34818   -0.34186   -0.32693   -0.31751   -0.31408   -0.30665
   0.09532    0.09882    0.10627    0.11606    0.12279    0.12385    0.12984    0.13768
   0.15163    0.15660    0.16925    0.17192    0.18801    0.20049    0.20106    0.21438
   0.21552    0.22275    0.23145    0.24005    0.24408    0.25432    0.26049    0.26454
   0.44121    0.45241
 kpt#  49, nband= 50, wtk=  0.00926, kpt= -0.3333 -0.3333  0.1667 (reduced coord)
  -1.94157   -1.94133   -1.94098   -1.94077   -0.80371   -0.80245   -0.80181   -0.79929
  -0.79584   -0.79351   -0.79206   -0.79064   -0.78966   -0.78935   -0.78854   -0.78762
  -0.36544   -0.34907   -0.34469   -0.34063   -0.32569   -0.31965   -0.31317   -0.30599
   0.08912    0.09888    0.10751    0.11250    0.12047    0.12489    0.13213    0.13621
   0.14812    0.15703    0.16931    0.17653    0.18625    0.19380    0.20555    0.21070
   0.22141    0.22888    0.23721    0.23828    0.24470    0.25154    0.26138    0.26760
   0.44017    0.45319
 kpt#  50, nband= 50, wtk=  0.00926, kpt= -0.1667 -0.3333  0.1667 (reduced coord)
  -1.94161   -1.94133   -1.94093   -1.94076   -0.80362   -0.80229   -0.80142   -0.79884
  -0.79528   -0.79458   -0.79170   -0.79068   -0.79030   -0.78978   -0.78809   -0.78772
  -0.37297   -0.34902   -0.34104   -0.33941   -0.32219   -0.32046   -0.31300   -0.30551
   0.08440    0.09295    0.10558    0.10835    0.11606    0.12509    0.13470    0.13667
   0.14680    0.15743    0.16994    0.17546    0.18144    0.19590    0.20885    0.21596
   0.22373    0.22980    0.23748    0.24424    0.24857    0.25081    0.26463    0.27061
   0.44195    0.45651
 kpt#  51, nband= 50, wtk=  0.00926, kpt=  0.0000 -0.1667  0.1667 (reduced coord)
  -1.94175   -1.94126   -1.94095   -1.94069   -0.80462   -0.80391   -0.80346   -0.79751
  -0.79335   -0.79325   -0.79205   -0.79110   -0.79064   -0.78904   -0.78781   -0.78677
  -0.38699   -0.34508   -0.34213   -0.33979   -0.31668   -0.31602   -0.31326   -0.30220
   0.07506    0.08299    0.08683    0.10287    0.10984    0.12922    0.13815    0.14398
   0.15555    0.16043    0.16841    0.17560    0.18061    0.19872    0.20411    0.22146
   0.22909    0.23227    0.24020    0.25180    0.25570    0.26294    0.26898    0.27395
   0.45288    0.46639
 kpt#  52, nband= 50, wtk=  0.00926, kpt=  0.1667 -0.1667  0.1667 (reduced coord)
  -1.94172   -1.94126   -1.94097   -1.94069   -0.80426   -0.80343   -0.80273   -0.79765
  -0.79459   -0.79261   -0.79232   -0.79100   -0.79072   -0.79012   -0.78737   -0.78698
  -0.38302   -0.34559   -0.34149   -0.33894   -0.31925   -0.31752   -0.31431   -0.30256
   0.08033    0.08385    0.09058    0.10411    0.11199    0.13220    0.13860    0.14080
   0.15130    0.15772    0.16470    0.17514    0.18350    0.19330    0.20755    0.21666
   0.23030    0.23665    0.23995    0.24795    0.25251    0.26341    0.26732    0.27367
   0.45381    0.46803
 kpt#  53, nband= 50, wtk=  0.00926, kpt=  0.3333 -0.1667  0.1667 (reduced coord)
  -1.94166   -1.94125   -1.94103   -1.94069   -0.80324   -0.80193   -0.80143   -0.79838
  -0.79592   -0.79437   -0.79217   -0.79138   -0.79027   -0.78975   -0.78794   -0.78758
  -0.37218   -0.34644   -0.34340   -0.33753   -0.32737   -0.31817   -0.31484   -0.30371
   0.08516    0.09235    0.10378    0.10804    0.11653    0.12954    0.13173    0.13620
   0.14843    0.15057    0.16362    0.17267    0.18752    0.19589    0.20603    0.20947
   0.21996    0.23426    0.24209    0.24670    0.25491    0.26107    0.26641    0.27263
   0.45304    0.46461
 kpt#  54, nband= 50, wtk=  0.00926, kpt=  0.5000 -0.1667  0.1667 (reduced coord)
  -1.94162   -1.94125   -1.94107   -1.94069   -0.80202   -0.80172   -0.79982   -0.79952
  -0.79665   -0.79574   -0.79228   -0.79115   -0.78927   -0.78911   -0.78884   -0.78853
  -0.35911   -0.35578   -0.34425   -0.33696   -0.33038   -0.31768   -0.31551   -0.30445
   0.09316    0.09433    0.10423    0.11108    0.12126    0.12735    0.13170    0.13716
   0.14339    0.14747    0.16631    0.16728    0.18332    0.19689    0.19855    0.21716
   0.22137    0.22807    0.23844    0.24837    0.25580    0.26003    0.26677    0.27168
   0.45172    0.46185
 kpt#  55, nband= 50, wtk=  0.00926, kpt= -0.3333 -0.1667  0.1667 (reduced coord)
  -1.94166   -1.94125   -1.94103   -1.94069   -0.80349   -0.80200   -0.80130   -0.79815
  -0.79588   -0.79437   -0.79215   -0.79145   -0.79017   -0.78978   -0.78794   -0.78766
  -0.37228   -0.34635   -0.34346   -0.33755   -0.32739   -0.31833   -0.31468   -0.30360
   0.08473    0.09258    0.10358    0.10783    0.11650    0.13017    0.13216    0.13635
   0.14845    0.15028    0.16385    0.17237    0.18768    0.19602    0.20601    0.20858
   0.22025    0.23418    0.24222    0.24707    0.25485    0.26109    0.26533    0.27350
   0.45156    0.46375
 kpt#  56, nband= 50, wtk=  0.00926, kpt= -0.1667 -0.1667  0.1667 (reduced coord)
  -1.94172   -1.94126   -1.94097   -1.94069   -0.80449   -0.80342   -0.80264   -0.79749
  -0.79455   -0.79263   -0.79236   -0.79098   -0.79064   -0.79015   -0.78742   -0.78702
  -0.38308   -0.34558   -0.34147   -0.33898   -0.31945   -0.31771   -0.31392   -0.30247
   0.08001    0.08383    0.09080    0.10378    0.11199    0.13295    0.13839    0.14134
   0.15099    0.15777    0.16466    0.17476    0.18391    0.19339    0.20750    0.21629
   0.23049    0.23656    0.23945    0.24837    0.25269    0.26306    0.26687    0.27431
   0.45254    0.46778
 kpt#  57, nband= 50, wtk=  0.00926, kpt=  0.0000  0.0000  0.3333 (reduced coord)
  -1.94170   -1.94130   -1.94096   -1.94068   -0.80337   -0.80268   -0.80129   -0.79782
  -0.79604   -0.79374   -0.79178   -0.79106   -0.79023   -0.79011   -0.78832   -0.78759
  -0.37878   -0.34689   -0.34141   -0.33876   -0.32347   -0.31690   -0.31229   -0.30524
   0.08328    0.08962    0.09955    0.11430    0.11699    0.12040    0.12917    0.13408
   0.13593    0.17095    0.17173    0.18419    0.18966    0.20022    0.20183    0.20817
   0.21497    0.23083    0.23770    0.24427    0.24971    0.25445    0.27532    0.27925
   0.46373    0.46765
 kpt#  58, nband= 50, wtk=  0.00926, kpt=  0.1667  0.0000  0.3333 (reduced coord)
  -1.94168   -1.94130   -1.94098   -1.94068   -0.80312   -0.80251   -0.80089   -0.79787
  -0.79686   -0.79389   -0.79153   -0.79098   -0.79066   -0.79014   -0.78802   -0.78773
  -0.37562   -0.34688   -0.34244   -0.33787   -0.32316   -0.32056   -0.31232   -0.30520
   0.08670    0.09305    0.10105    0.10795    0.11375    0.12550    0.13314    0.13501
   0.14270    0.16709    0.17554    0.18288    0.18491    0.19295    0.19759    0.21046
   0.21646    0.23105    0.23341    0.24437    0.24866    0.25456    0.27528    0.27788
   0.46248    0.46800
 kpt#  59, nband= 50, wtk=  0.00926, kpt=  0.3333  0.0000  0.3333 (reduced coord)
  -1.94164   -1.94127   -1.94103   -1.94069   -0.80254   -0.80171   -0.80041   -0.79854
  -0.79765   -0.79497   -0.79130   -0.79116   -0.79030   -0.78942   -0.78901   -0.78754
  -0.36704   -0.34851   -0.34350   -0.33755   -0.32753   -0.32243   -0.31242   -0.30564
   0.09145    0.10016    0.10372    0.10884    0.11429    0.12309    0.13640    0.14077
   0.14894    0.16566    0.17112    0.17595    0.18628    0.18917    0.19682    0.20236
   0.21562    0.22918    0.23117    0.23771    0.24709    0.25566    0.27515    0.27771
   0.45857    0.46246
 kpt#  60, nband= 50, wtk=  0.00926, kpt=  0.5000  0.0000  0.3333 (reduced coord)
  -1.94162   -1.94125   -1.94107   -1.94070   -0.80204   -0.80067   -0.80055   -0.79994
  -0.79661   -0.79642   -0.79127   -0.79061   -0.79031   -0.78984   -0.78849   -0.78797
  -0.35671   -0.35530   -0.34379   -0.33850   -0.32991   -0.32221   -0.31249   -0.30599
   0.09571    0.10032    0.10570    0.10861    0.11886    0.11946    0.14138    0.14758
   0.15264    0.15636    0.16922    0.17103    0.18214    0.18532    0.19512    0.21628
   0.21889    0.22153    0.22233    0.23668    0.25002    0.25165    0.27447    0.27904
   0.45610    0.45876
 kpt#  61, nband= 50, wtk=  0.00926, kpt= -0.3333  0.0000  0.3333 (reduced coord)
  -1.94164   -1.94127   -1.94103   -1.94069   -0.80263   -0.80170   -0.80037   -0.79849
  -0.79762   -0.79498   -0.79142   -0.79109   -0.79026   -0.78942   -0.78900   -0.78757
  -0.36706   -0.34848   -0.34350   -0.33756   -0.32752   -0.32245   -0.31240   -0.30566
   0.09142    0.10006    0.10374    0.10889    0.11433    0.12314    0.13641    0.14076
   0.14894    0.16575    0.17099    0.17595    0.18628    0.18909    0.19690    0.20233
   0.21570    0.22910    0.23122    0.23769    0.24715    0.25560    0.27512    0.27775
   0.45847    0.46203
 kpt#  62, nband= 50, wtk=  0.00926, kpt= -0.1667  0.0000  0.3333 (reduced coord)
  -1.94168   -1.94130   -1.94098   -1.94068   -0.80322   -0.80245   -0.80089   -0.79780
  -0.79687   -0.79389   -0.79156   -0.79096   -0.79064   -0.79015   -0.78802   -0.78776
  -0.37563   -0.34688   -0.34243   -0.33787   -0.32318   -0.32054   -0.31231   -0.30522
   0.08672    0.09298    0.10106    0.10792    0.11379    0.12557    0.13281    0.13529
   0.14273    0.16710    0.17568    0.18285    0.18484    0.19272    0.19781    0.21033
   0.21647    0.23105    0.23353    0.24423    0.24878    0.25454    0.27515    0.27800
   0.46232    0.46799
 kpt#  63, nband= 50, wtk=  0.00926, kpt=  0.0000  0.1667  0.3333 (reduced coord)
  -1.94166   -1.94131   -1.94096   -1.94070   -0.80296   -0.80211   -0.80146   -0.79845
  -0.79576   -0.79417   -0.79166   -0.79113   -0.79073   -0.78989   -0.78865   -0.78724
  -0.37558   -0.34650   -0.34176   -0.33882   -0.32264   -0.31834   -0.31418   -0.30636
   0.08504    0.09410    0.10188    0.11425    0.11460    0.12491    0.13089    0.13775
   0.13898    0.16642    0.16862    0.17705    0.18681    0.20060    0.20673    0.20817
   0.21617    0.23333    0.23712    0.23982    0.25022    0.25496    0.26732    0.26932
   0.45779    0.46818
 kpt#  64, nband= 50, wtk=  0.00926, kpt=  0.1667  0.1667  0.3333 (reduced coord)
  -1.94165   -1.94131   -1.94098   -1.94071   -0.80334   -0.80270   -0.80112   -0.79791
  -0.79605   -0.79456   -0.79167   -0.79100   -0.79040   -0.78997   -0.78808   -0.78749
  -0.37300   -0.34758   -0.34269   -0.33840   -0.32343   -0.31980   -0.31376   -0.30569
   0.08819    0.09574    0.10256    0.10952    0.11688    0.12736    0.13342    0.13723
   0.14552    0.15918    0.17051    0.17927    0.18612    0.19691    0.20209    0.21047
   0.21802    0.22939    0.23406    0.24229    0.24851    0.25316    0.26624    0.26980
   0.45469    0.46834
 kpt#  65, nband= 50, wtk=  0.00926, kpt=  0.3333  0.1667  0.3333 (reduced coord)
  -1.94161   -1.94129   -1.94102   -1.94072   -0.80358   -0.80288   -0.80148   -0.79896
  -0.79556   -0.79462   -0.79118   -0.79073   -0.79004   -0.78938   -0.78835   -0.78768
  -0.36588   -0.34995   -0.34527   -0.33942   -0.32657   -0.31965   -0.31237   -0.30556
   0.09231    0.10107    0.10569    0.10976    0.11602    0.12844    0.13551    0.14026
   0.15086    0.15811    0.16849    0.17767    0.18754    0.19278    0.19914    0.20802
   0.21645    0.22707    0.23135    0.23785    0.24452    0.25378    0.26625    0.26935
   0.44996    0.46146
 kpt#  66, nband= 50, wtk=  0.00926, kpt=  0.5000  0.1667  0.3333 (reduced coord)
  -1.94159   -1.94128   -1.94105   -1.94072   -0.80341   -0.80289   -0.80102   -0.80090
  -0.79486   -0.79465   -0.79103   -0.79020   -0.78960   -0.78935   -0.78849   -0.78812
  -0.35688   -0.35615   -0.34684   -0.34076   -0.32771   -0.31891   -0.31164   -0.30595
   0.09800    0.09869    0.10616    0.11091    0.12007    0.12529    0.13891    0.14162
   0.15586    0.15826    0.16629    0.16957    0.18638    0.19266    0.19872    0.21596
   0.21750    0.22167    0.22324    0.23614    0.24711    0.25115    0.26682    0.26936
   0.44845    0.45641
 kpt#  67, nband= 50, wtk=  0.00926, kpt= -0.3333  0.1667  0.3333 (reduced coord)
  -1.94161   -1.94129   -1.94102   -1.94072   -0.80346   -0.80279   -0.80160   -0.79900
  -0.79560   -0.79470   -0.79124   -0.79063   -0.79003   -0.78937   -0.78829   -0.78773
  -0.36585   -0.35000   -0.34511   -0.33935   -0.32653   -0.31982   -0.31228   -0.30574
   0.09260    0.10086    0.10564    0.10993    0.11645    0.12766    0.13539    0.14069
   0.15029    0.15813    0.16863    0.17807    0.18743    0.19232    0.19911    0.20882
   0.21587    0.22698    0.23108    0.23831    0.24433    0.25409    0.26744    0.26816
   0.45111    0.46125
 kpt#  68, nband= 50, wtk=  0.00926, kpt= -0.1667  0.1667  0.3333 (reduced coord)
  -1.94165   -1.94130   -1.94098   -1.94071   -0.80323   -0.80258   -0.80126   -0.79796
  -0.79606   -0.79467   -0.79159   -0.79111   -0.79033   -0.78993   -0.78805   -0.78753
  -0.37297   -0.34766   -0.34251   -0.33836   -0.32292   -0.32044   -0.31366   -0.30583
   0.08836    0.09610    0.10215    0.10980    0.11694    0.12662    0.13254    0.13798
   0.14602    0.15931    0.17039    0.17946    0.18578    0.19625    0.20219    0.21025
   0.21852    0.22953    0.23421    0.24236    0.24852    0.25315    0.26720    0.26883
   0.45574    0.46777
 kpt#  69, nband= 50, wtk=  0.00926, kpt=  0.0000  0.3333  0.3333 (reduced coord)
  -1.94157   -1.94135   -1.94094   -1.94077   -0.80182   -0.80164   -0.80039   -0.79992
  -0.79595   -0.79445   -0.79385   -0.79099   -0.78981   -0.78950   -0.78894   -0.78735
  -0.36674   -0.34512   -0.34483   -0.33979   -0.32150   -0.31980   -0.31747   -0.30984
   0.09150    0.10424    0.10787    0.11310    0.11511    0.12843    0.13330    0.14056
   0.14445    0.15798    0.15830    0.17928    0.19386    0.19525    0.20414    0.21121
   0.21703    0.22782    0.23224    0.24063    0.24530    0.24904    0.25489    0.25883
   0.45113    0.46269
 kpt#  70, nband= 50, wtk=  0.00926, kpt=  0.1667  0.3333  0.3333 (reduced coord)
  -1.94156   -1.94135   -1.94095   -1.94078   -0.80332   -0.80268   -0.80174   -0.79881
  -0.79592   -0.79381   -0.79265   -0.79041   -0.78972   -0.78939   -0.78855   -0.78750
  -0.36566   -0.34848   -0.34493   -0.34105   -0.32209   -0.31948   -0.31511   -0.30821
   0.09420    0.10022    0.10807    0.11164    0.12241    0.12837    0.13671    0.13976
   0.14449    0.15266    0.16593    0.18090    0.18831    0.19903    0.20420    0.21050
   0.22044    0.22597    0.23044    0.23766    0.24191    0.24796    0.25420    0.25935
   0.44676    0.45876
 kpt#  71, nband= 50, wtk=  0.00926, kpt=  0.3333  0.3333  0.3333 (reduced coord)
  -1.94154   -1.94134   -1.94097   -1.94078   -0.80451   -0.80402   -0.80321   -0.80111
  -0.79361   -0.79219   -0.79104   -0.79034   -0.78932   -0.78900   -0.78810   -0.78781
  -0.36217   -0.35174   -0.34902   -0.34485   -0.32208   -0.31595   -0.31237   -0.30674
   0.09701    0.10213    0.10780    0.11287    0.12337    0.12840    0.13287    0.13701
   0.15607    0.15924    0.17270    0.17909    0.18822    0.19253    0.20494    0.21023
   0.22062    0.22333    0.22780    0.23398    0.24081    0.24677    0.25122    0.25678
   0.44069    0.45356
 kpt#  72, nband= 50, wtk=  0.00926, kpt=  0.5000  0.3333  0.3333 (reduced coord)
  -1.94153   -1.94134   -1.94098   -1.94078   -0.80475   -0.80453   -0.80324   -0.80298
  -0.79245   -0.79153   -0.79046   -0.79018   -0.78902   -0.78862   -0.78836   -0.78801
  -0.35667   -0.35619   -0.35169   -0.34703   -0.32144   -0.31346   -0.31173   -0.30667
   0.09959    0.10317    0.10758    0.11296    0.12455    0.12765    0.13097    0.13471
   0.16437    0.16502    0.17196    0.17617    0.18833    0.19435    0.20471    0.21318
   0.21427    0.22128    0.22151    0.23781    0.24148    0.24284    0.25192    0.25527
   0.43953    0.45180
 kpt#  73, nband= 50, wtk=  0.00926, kpt= -0.3333  0.3333  0.3333 (reduced coord)
  -1.94154   -1.94134   -1.94097   -1.94078   -0.80440   -0.80396   -0.80326   -0.80121
  -0.79362   -0.79225   -0.79100   -0.79041   -0.78937   -0.78888   -0.78811   -0.78779
  -0.36212   -0.35179   -0.34894   -0.34476   -0.32221   -0.31560   -0.31266   -0.30686
   0.09734    0.10220    0.10770    0.11313    0.12319    0.12741    0.13303    0.13769
   0.15525    0.15905    0.17320    0.17953    0.18824    0.19243    0.20464    0.21043
   0.22028    0.22330    0.22788    0.23402    0.24095    0.24701    0.25125    0.25664
   0.44179    0.45410
 kpt#  74, nband= 50, wtk=  0.00926, kpt= -0.1667  0.3333  0.3333 (reduced coord)
  -1.94156   -1.94135   -1.94095   -1.94078   -0.80314   -0.80264   -0.80183   -0.79889
  -0.79593   -0.79386   -0.79267   -0.79045   -0.78976   -0.78931   -0.78851   -0.78751
  -0.36562   -0.34849   -0.34491   -0.34092   -0.32217   -0.31913   -0.31553   -0.30826
   0.09429    0.10083    0.10808    0.11152    0.12184    0.12770    0.13716    0.13978
   0.14403    0.15304    0.16648    0.18035    0.18893    0.19873    0.20380    0.21000
   0.22074    0.22618    0.23057    0.23801    0.24223    0.24762    0.25430    0.25913
   0.44775    0.45896
 kpt#  75, nband= 50, wtk=  0.00926, kpt=  0.0000  0.5000  0.3333 (reduced coord)
  -1.94147   -1.94143   -1.94091   -1.94083   -0.80129   -0.80104   -0.80018   -0.79986
  -0.79640   -0.79613   -0.79282   -0.79235   -0.78914   -0.78897   -0.78838   -0.78827
  -0.35518   -0.35447   -0.34260   -0.34172   -0.32117   -0.32054   -0.31526   -0.31464
   0.10140    0.10312    0.11235    0.11326    0.12012    0.12157    0.13802    0.13990
   0.14275    0.14600    0.17540    0.17713    0.19769    0.19890    0.20582    0.20700
   0.21108    0.21229    0.23271    0.23430    0.25009    0.25074    0.25118    0.25141
   0.45046    0.45363
 kpt#  76, nband= 50, wtk=  0.00926, kpt=  0.1667  0.5000  0.3333 (reduced coord)
  -1.94146   -1.94142   -1.94092   -1.94083   -0.80297   -0.80283   -0.80109   -0.80068
  -0.79505   -0.79473   -0.79143   -0.79111   -0.78903   -0.78896   -0.78849   -0.78822
  -0.35601   -0.35535   -0.34444   -0.34386   -0.32055   -0.32016   -0.31299   -0.31203
   0.10231    0.10347    0.10828    0.10995    0.12573    0.12739    0.13501    0.13600
   0.14959    0.15125    0.17507    0.17641    0.19779    0.19844    0.20539    0.20624
   0.21338    0.21458    0.23276    0.23387    0.24175    0.24252    0.25462    0.25549
   0.44691    0.44890
 kpt#  77, nband= 50, wtk=  0.00926, kpt=  0.3333  0.5000  0.3333 (reduced coord)
  -1.94146   -1.94142   -1.94092   -1.94084   -0.80454   -0.80445   -0.80339   -0.80294
  -0.79252   -0.79217   -0.78989   -0.78968   -0.78917   -0.78908   -0.78832   -0.78802
  -0.35661   -0.35594   -0.34947   -0.34889   -0.31741   -0.31717   -0.31033   -0.30929
   0.10429    0.10478    0.10722    0.10843    0.12559    0.12724    0.13264    0.13364
   0.16364    0.16473    0.17824    0.18031    0.19016    0.19071    0.20599    0.20794
   0.21510    0.21600    0.22785    0.22924    0.24137    0.24196    0.25066    0.25188
   0.44207    0.44273
 kpt#  78, nband= 50, wtk=  0.00926, kpt=  0.5000  0.5000  0.3333 (reduced coord)
  -1.94145   -1.94141   -1.94093   -1.94084   -0.80494   -0.80464   -0.80451   -0.80435
  -0.79113   -0.79074   -0.78999   -0.78970   -0.78914   -0.78888   -0.78808   -0.78787
  -0.35547   -0.35465   -0.35339   -0.35268   -0.31556   -0.31492   -0.30946   -0.30880
   0.10619    0.10658    0.10696    0.10779    0.12560    0.12743    0.12980    0.13091
   0.17398    0.17539    0.17646    0.17796    0.19469    0.19692    0.19934    0.20060
   0.21384    0.21512    0.22542    0.22711    0.24285    0.24324    0.24839    0.24953
   0.44081    0.44230
 kpt#  79, nband= 50, wtk=  0.00926, kpt= -0.3333  0.5000  0.3333 (reduced coord)
  -1.94146   -1.94142   -1.94092   -1.94084   -0.80478   -0.80430   -0.80318   -0.80306
  -0.79239   -0.79222   -0.79003   -0.78967   -0.78920   -0.78900   -0.78824   -0.78810
  -0.35662   -0.35595   -0.34947   -0.34887   -0.31778   -0.31681   -0.30998   -0.30964
   0.10406    0.10495    0.10747    0.10825    0.12529    0.12766    0.13233    0.13382
   0.16326    0.16501    0.17863    0.18003    0.18993    0.19100    0.20573    0.20809
   0.21467    0.21654    0.22764    0.22937    0.24145    0.24186    0.25072    0.25189
   0.44157    0.44320
 kpt#  80, nband= 50, wtk=  0.00926, kpt= -0.1667  0.5000  0.3333 (reduced coord)
  -1.94146   -1.94142   -1.94092   -1.94083   -0.80317   -0.80272   -0.80094   -0.80074
  -0.79494   -0.79476   -0.79155   -0.79109   -0.78911   -0.78883   -0.78842   -0.78832
  -0.35600   -0.35538   -0.34449   -0.34379   -0.32086   -0.31986   -0.31279   -0.31223
   0.10210    0.10368    0.10881    0.10944    0.12546    0.12764    0.13481    0.13624
   0.14935    0.15136    0.17543    0.17612    0.19741    0.19890    0.20545    0.20608
   0.21342    0.21463    0.23250    0.23403    0.24183    0.24245    0.25458    0.25559
   0.44645    0.44937
 kpt#  81, nband= 50, wtk=  0.00926, kpt=  0.0000 -0.3333  0.3333 (reduced coord)
  -1.94157   -1.94135   -1.94094   -1.94077   -0.80175   -0.80150   -0.80031   -0.80009
  -0.79610   -0.79429   -0.79393   -0.79102   -0.78975   -0.78963   -0.78886   -0.78739
  -0.36646   -0.34531   -0.34446   -0.33988   -0.32120   -0.31974   -0.31782   -0.31033
   0.09290    0.10393    0.10803    0.11312    0.11528    0.12918    0.13237    0.14172
   0.14291    0.15490    0.16023    0.17783    0.19377    0.19685    0.20556    0.21207
   0.21642    0.22641    0.23143    0.24138    0.24500    0.24989    0.25501    0.25814
   0.44866    0.46529
 kpt#  82, nband= 50, wtk=  0.00926, kpt=  0.1667 -0.3333  0.3333 (reduced coord)
  -1.94156   -1.94135   -1.94095   -1.94078   -0.80325   -0.80239   -0.80162   -0.79921
  -0.79608   -0.79381   -0.79259   -0.79032   -0.78984   -0.78939   -0.78845   -0.78754
  -0.36536   -0.34823   -0.34502   -0.34095   -0.32203   -0.31911   -0.31581   -0.30863
   0.09542    0.10068    0.10851    0.11129    0.12106    0.12838    0.13724    0.14060
   0.14348    0.15252    0.16595    0.17966    0.18879    0.19938    0.20345    0.21063
   0.22025    0.22540    0.22995    0.23889    0.24289    0.24781    0.25409    0.25886
   0.44605    0.46087
 kpt#  83, nband= 50, wtk=  0.00926, kpt=  0.3333 -0.3333  0.3333 (reduced coord)
  -1.94154   -1.94134   -1.94097   -1.94078   -0.80444   -0.80381   -0.80307   -0.80140
  -0.79390   -0.79227   -0.79081   -0.79025   -0.78942   -0.78899   -0.78803   -0.78787
  -0.36191   -0.35163   -0.34849   -0.34523   -0.32189   -0.31585   -0.31303   -0.30701
   0.09709    0.10318    0.10800    0.11311    0.12234    0.12802    0.13343    0.13752
   0.15633    0.15861    0.17309    0.17972    0.18664    0.19285    0.20440    0.20964
   0.22055    0.22326    0.22780    0.23415    0.24077    0.24702    0.25101    0.25677
   0.44201    0.45491
 kpt#  84, nband= 50, wtk=  0.00926, kpt=  0.5000 -0.3333  0.3333 (reduced coord)
  -1.94153   -1.94134   -1.94098   -1.94078   -0.80474   -0.80441   -0.80323   -0.80304
  -0.79274   -0.79157   -0.79030   -0.79000   -0.78905   -0.78860   -0.78832   -0.78816
  -0.35680   -0.35576   -0.35103   -0.34763   -0.32104   -0.31404   -0.31199   -0.30671
   0.09913    0.10351    0.10852    0.11345    0.12393    0.12758    0.13107    0.13493
   0.16363    0.16553    0.17358    0.17507    0.18859    0.19409    0.20470    0.21299
   0.21417    0.22055    0.22108    0.23851    0.24069    0.24271    0.25183    0.25504
   0.44131    0.45155
 kpt#  85, nband= 50, wtk=  0.00926, kpt= -0.3333 -0.3333  0.3333 (reduced coord)
  -1.94154   -1.94134   -1.94097   -1.94078   -0.80474   -0.80378   -0.80300   -0.80125
  -0.79377   -0.79228   -0.79082   -0.79022   -0.78944   -0.78901   -0.78804   -0.78792
  -0.36198   -0.35157   -0.34853   -0.34533   -0.32184   -0.31614   -0.31267   -0.30695
   0.09671    0.10314    0.10813    0.11280    0.12263    0.12901    0.13306    0.13699
   0.15715    0.15873    0.17269    0.17915    0.18674    0.19295    0.20458    0.20957
   0.22023    0.22394    0.22765    0.23415    0.24064    0.24681    0.25085    0.25703
   0.44081    0.46007
 kpt#  86, nband= 50, wtk=  0.00926, kpt= -0.1667 -0.3333  0.3333 (reduced coord)
  -1.94156   -1.94135   -1.94095   -1.94078   -0.80357   -0.80237   -0.80152   -0.79902
  -0.79597   -0.79382   -0.79257   -0.79037   -0.78982   -0.78940   -0.78851   -0.78754
  -0.36541   -0.34822   -0.34504   -0.34105   -0.32210   -0.31935   -0.31533   -0.30861
   0.09531    0.10006    0.10878    0.11108    0.12173    0.12919    0.13654    0.14026
   0.14426    0.15233    0.16519    0.18025    0.18828    0.19985    0.20380    0.21114
   0.21969    0.22522    0.22999    0.23854    0.24256    0.24791    0.25411    0.25917
   0.44500    0.46072
 kpt#  87, nband= 50, wtk=  0.00926, kpt=  0.0000 -0.1667  0.3333 (reduced coord)
  -1.94166   -1.94131   -1.94096   -1.94070   -0.80300   -0.80193   -0.80141   -0.79865
  -0.79556   -0.79435   -0.79176   -0.79114   -0.79056   -0.78998   -0.78863   -0.78727
  -0.37543   -0.34619   -0.34174   -0.33883   -0.32269   -0.31849   -0.31420   -0.30672
   0.08594    0.09385    0.10266    0.11422    0.11470    0.12488    0.13149    0.13646
   0.13852    0.16718    0.16787    0.17544    0.18658    0.20101    0.20788    0.20954
   0.21612    0.23157    0.23694    0.24039    0.25034    0.25506    0.26645    0.26990
   0.45673    0.46768
 kpt#  88, nband= 50, wtk=  0.00926, kpt=  0.1667 -0.1667  0.3333 (reduced coord)
  -1.94164   -1.94131   -1.94098   -1.94071   -0.80329   -0.80234   -0.80112   -0.79833
  -0.79612   -0.79455   -0.79168   -0.79097   -0.79037   -0.78995   -0.78803   -0.78755
  -0.37282   -0.34733   -0.34247   -0.33841   -0.32304   -0.32049   -0.31377   -0.30614
   0.08886    0.09614    0.10297    0.10990    0.11632    0.12695    0.13235    0.13858
   0.14536    0.15924    0.16913    0.17964    0.18553    0.19660    0.20221    0.21132
   0.21764    0.22860    0.23462    0.24191    0.24901    0.25405    0.26648    0.26888
   0.45513    0.46721
 kpt#  89, nband= 50, wtk=  0.00926, kpt=  0.3333 -0.1667  0.3333 (reduced coord)
  -1.94161   -1.94129   -1.94102   -1.94072   -0.80343   -0.80265   -0.80145   -0.79924
  -0.79586   -0.79461   -0.79100   -0.79077   -0.78997   -0.78943   -0.78834   -0.78770
  -0.36569   -0.34983   -0.34454   -0.33994   -0.32614   -0.32025   -0.31247   -0.30593
   0.09244    0.10193    0.10606    0.10943    0.11673    0.12685    0.13572    0.14137
   0.15059    0.15754    0.16874    0.17824    0.18696    0.19196    0.19865    0.20856
   0.21639    0.22678    0.23066    0.23865    0.24371    0.25442    0.26723    0.26818
   0.45164    0.46087
 kpt#  90, nband= 50, wtk=  0.00926, kpt=  0.5000 -0.1667  0.3333 (reduced coord)
  -1.94159   -1.94128   -1.94105   -1.94072   -0.80316   -0.80298   -0.80109   -0.80085
  -0.79510   -0.79464   -0.79092   -0.79006   -0.78972   -0.78930   -0.78855   -0.78814
  -0.35687   -0.35584   -0.34619   -0.34148   -0.32711   -0.31953   -0.31183   -0.30607
   0.09798    0.09904    0.10682    0.11071    0.11991    0.12502    0.13969    0.14175
   0.15587    0.15775    0.16648    0.17017    0.18726    0.19087    0.19800    0.21677
   0.21781    0.22209    0.22272    0.23538    0.24652    0.25057    0.26677    0.26968
   0.44995    0.45623
 kpt#  91, nband= 50, wtk=  0.00926, kpt= -0.3333 -0.1667  0.3333 (reduced coord)
  -1.94161   -1.94129   -1.94102   -1.94072   -0.80371   -0.80267   -0.80133   -0.79910
  -0.79573   -0.79459   -0.79107   -0.79077   -0.78994   -0.78944   -0.78839   -0.78771
  -0.36576   -0.34974   -0.34468   -0.34000   -0.32624   -0.32002   -0.31254   -0.30579
   0.09210    0.10205    0.10613    0.10932    0.11630    0.12773    0.13581    0.14092
   0.15116    0.15752    0.16863    0.17781    0.18718    0.19233    0.19854    0.20779
   0.21705    0.22685    0.23091    0.23822    0.24400    0.25405    0.26587    0.26952
   0.45037    0.46093
 kpt#  92, nband= 50, wtk=  0.00926, kpt= -0.1667 -0.1667  0.3333 (reduced coord)
  -1.94164   -1.94131   -1.94098   -1.94071   -0.80357   -0.80236   -0.80100   -0.79815
  -0.79607   -0.79446   -0.79182   -0.79083   -0.79041   -0.79003   -0.78809   -0.78753
  -0.37286   -0.34724   -0.34265   -0.33843   -0.32360   -0.31979   -0.31385   -0.30603
   0.08869    0.09574    0.10335    0.10962    0.11633    0.12769    0.13322    0.13781
   0.14488    0.15916    0.16929    0.17937    0.18593    0.19720    0.20232    0.21123
   0.21719    0.22857    0.23450    0.24172    0.24913    0.25407    0.26528    0.27001
   0.45391    0.46775
 kpt#  93, nband= 50, wtk=  0.00463, kpt=  0.0000  0.0000  0.5000 (reduced coord)
  -1.94163   -1.94136   -1.94096   -1.94068   -0.80102   -0.80082   -0.79986   -0.79963
  -0.79640   -0.79634   -0.79195   -0.79173   -0.78961   -0.78949   -0.78892   -0.78870
  -0.36206   -0.36163   -0.33841   -0.33827   -0.32263   -0.32192   -0.31042   -0.30951
   0.10105    0.10122    0.10900    0.10956    0.11283    0.11334    0.12379    0.12509
   0.15270    0.15316    0.17973    0.18108    0.19802    0.19807    0.20574    0.20579
   0.21176    0.21362    0.23489    0.23506    0.25158    0.25190    0.27708    0.27904
   0.46677    0.46860
 kpt#  94, nband= 50, wtk=  0.00926, kpt=  0.1667  0.0000  0.5000 (reduced coord)
  -1.94162   -1.94134   -1.94098   -1.94069   -0.80135   -0.80119   -0.79976   -0.79956
  -0.79664   -0.79663   -0.79144   -0.79128   -0.78949   -0.78937   -0.78893   -0.78889
  -0.36060   -0.36019   -0.33911   -0.33896   -0.32372   -0.32298   -0.31018   -0.30927
   0.10039    0.10063    0.10627    0.10661    0.11644    0.11706    0.13055    0.13114
   0.15524    0.15542    0.17807    0.17900    0.19225    0.19291    0.20197    0.20218
   0.21478    0.21599    0.23676    0.23692    0.24789    0.24814    0.27624    0.27805
   0.46416    0.46524
 kpt#  95, nband= 50, wtk=  0.00926, kpt=  0.3333  0.0000  0.5000 (reduced coord)
  -1.94160   -1.94130   -1.94102   -1.94071   -0.80179   -0.80164   -0.80023   -0.79999
  -0.79647   -0.79637   -0.79071   -0.79054   -0.79023   -0.79014   -0.78834   -0.78824
  -0.35702   -0.35668   -0.34114   -0.34102   -0.32575   -0.32495   -0.30983   -0.30892
   0.10122    0.10156    0.10628    0.10683    0.11604    0.11649    0.14287    0.14321
   0.16309    0.16329    0.17348    0.17435    0.18406    0.18482    0.19847    0.19870
   0.21861    0.21877    0.22515    0.22553    0.24909    0.24938    0.27554    0.27708
   0.45768    0.45837
 kpt#  96, nband= 50, wtk=  0.00463, kpt=  0.5000  0.0000  0.5000 (reduced coord)
  -1.94160   -1.94127   -1.94105   -1.94072   -0.80190   -0.80169   -0.80076   -0.80046
  -0.79599   -0.79586   -0.79136   -0.79111   -0.78980   -0.78974   -0.78811   -0.78799
  -0.35462   -0.35432   -0.34280   -0.34273   -0.32670   -0.32588   -0.30969   -0.30878
   0.10435    0.10455    0.10809    0.10825    0.11071    0.11135    0.15072    0.15152
   0.16794    0.16823    0.17118    0.17267    0.18063    0.18082    0.19743    0.19829
   0.21146    0.21172    0.22365    0.22374    0.24958    0.25012    0.27524    0.27665
   0.45345    0.45420
 kpt#  97, nband= 50, wtk=  0.00926, kpt=  0.0000  0.1667  0.5000 (reduced coord)
  -1.94160   -1.94136   -1.94097   -1.94071   -0.80121   -0.80099   -0.79953   -0.79927
  -0.79691   -0.79680   -0.79157   -0.79132   -0.79029   -0.79002   -0.78842   -0.78827
  -0.36003   -0.35959   -0.33921   -0.33895   -0.32245   -0.32181   -0.31205   -0.31119
   0.09885    0.10033    0.11217    0.11254    0.11905    0.11989    0.12626    0.12728
   0.14886    0.14978    0.17864    0.18010    0.19435    0.19587    0.20168    0.20305
   0.21698    0.21865    0.23414    0.23608    0.25173    0.25208    0.26658    0.26885
   0.46272    0.46423
 kpt#  98, nband= 50, wtk=  0.00926, kpt=  0.1667  0.1667  0.5000 (reduced coord)
  -1.94159   -1.94134   -1.94098   -1.94072   -0.80251   -0.80208   -0.79966   -0.79887
  -0.79666   -0.79626   -0.79136   -0.79086   -0.78976   -0.78952   -0.78858   -0.78845
  -0.35933   -0.35887   -0.34135   -0.33903   -0.32534   -0.32003   -0.31186   -0.30948
   0.09897    0.10007    0.10826    0.11113    0.12002    0.12221    0.13145    0.13465
   0.14809    0.15650    0.17482    0.17710    0.19137    0.19233    0.20257    0.20749
   0.21396    0.21794    0.23508    0.23665    0.24611    0.24941    0.26593    0.26958
   0.45650    0.46613
 kpt#  99, nband= 50, wtk=  0.00926, kpt=  0.3333  0.1667  0.5000 (reduced coord)
  -1.94158   -1.94131   -1.94101   -1.94073   -0.80348   -0.80313   -0.80113   -0.80037
  -0.79507   -0.79480   -0.79060   -0.79014   -0.78973   -0.78937   -0.78839   -0.78829
  -0.35738   -0.35684   -0.34454   -0.34254   -0.32517   -0.32053   -0.31014   -0.30814
   0.09904    0.10321    0.10919    0.11036    0.11479    0.12348    0.13982    0.14114
   0.15579    0.16665    0.17523    0.17914    0.18116    0.18705    0.20124    0.20701
   0.21220    0.22037    0.22330    0.23036    0.24628    0.24788    0.26667    0.26790
   0.45119    0.45844
 kpt# 100, nband= 50, wtk=  0.00926, kpt=  0.5000  0.1667  0.5000 (reduced coord)
  -1.94157   -1.94129   -1.94103   -1.94074   -0.80363   -0.80337   -0.80174   -0.80153
  -0.79424   -0.79409   -0.79035   -0.79016   -0.78963   -0.78953   -0.78816   -0.78804
  -0.35569   -0.35536   -0.34633   -0.34554   -0.32307   -0.32218   -0.30895   -0.30816
   0.10308    0.10364    0.10982    0.11035    0.11531    0.11609    0.14374    0.14481
   0.16599    0.16659    0.17285    0.17378    0.18888    0.18971    0.20169    0.20256
   0.21309    0.21381    0.21953    0.22024    0.24867    0.24919    0.26633    0.26765
   0.45020    0.45180
 kpt# 101, nband= 50, wtk=  0.00926, kpt= -0.3333  0.1667  0.5000 (reduced coord)
  -1.94158   -1.94131   -1.94101   -1.94073   -0.80329   -0.80301   -0.80136   -0.80037
  -0.79522   -0.79487   -0.79042   -0.79002   -0.78975   -0.78950   -0.78838   -0.78831
  -0.35767   -0.35654   -0.34442   -0.34242   -0.32472   -0.32126   -0.30935   -0.30890
   0.09935    0.10350    0.10897    0.11013    0.11513    0.12277    0.14023    0.14122
   0.15565    0.16596    0.17515    0.17982    0.18114    0.18675    0.20120    0.20737
   0.21190    0.22070    0.22284    0.23068    0.24630    0.24773    0.26651    0.26825
   0.45243    0.45781
 kpt# 102, nband= 50, wtk=  0.00926, kpt= -0.1667  0.1667  0.5000 (reduced coord)
  -1.94159   -1.94134   -1.94098   -1.94072   -0.80225   -0.80197   -0.79995   -0.79884
  -0.79682   -0.79636   -0.79132   -0.79070   -0.78979   -0.78950   -0.78859   -0.78847
  -0.35970   -0.35847   -0.34116   -0.33899   -0.32492   -0.32081   -0.31100   -0.31024
   0.09924    0.10038    0.10825    0.11112    0.11980    0.12132    0.13153    0.13532
   0.14843    0.15587    0.17497    0.17692    0.19067    0.19240    0.20226    0.20821
   0.21325    0.21934    0.23500    0.23669    0.24574    0.24924    0.26728    0.26848
   0.45782    0.46544
 kpt# 103, nband= 50, wtk=  0.00926, kpt=  0.0000  0.3333  0.5000 (reduced coord)
  -1.94153   -1.94137   -1.94096   -1.94078   -0.80134   -0.80108   -0.79968   -0.79943
  -0.79668   -0.79659   -0.79251   -0.79236   -0.78967   -0.78950   -0.78806   -0.78795
  -0.35462   -0.35417   -0.34216   -0.34173   -0.32157   -0.32106   -0.31575   -0.31505
   0.10169    0.10285    0.11273    0.11316    0.12647    0.12742    0.13613    0.13686
   0.14687    0.14783    0.16959    0.17218    0.18866    0.19009    0.20826    0.20969
   0.21961    0.22021    0.23564    0.23719    0.24320    0.24461    0.25045    0.25121
   0.45858    0.46029
 kpt# 104, nband= 50, wtk=  0.00926, kpt=  0.1667  0.3333  0.5000 (reduced coord)
  -1.94152   -1.94136   -1.94096   -1.94078   -0.80322   -0.80264   -0.80117   -0.80024
  -0.79519   -0.79448   -0.79181   -0.79081   -0.78966   -0.78927   -0.78815   -0.78797
  -0.35591   -0.35484   -0.34537   -0.34303   -0.32274   -0.31767   -0.31386   -0.31237
   0.10151    0.10368    0.10980    0.11225    0.12531    0.12915    0.13633    0.13948
   0.14895    0.15572    0.16846    0.17278    0.19078    0.19639    0.20208    0.21357
   0.21559    0.21835    0.22826    0.23569    0.24149    0.24509    0.24854    0.25661
   0.44979    0.46365
 kpt# 105, nband= 50, wtk=  0.00926, kpt=  0.3333  0.3333  0.5000 (reduced coord)
  -1.94152   -1.94136   -1.94097   -1.94079   -0.80490   -0.80449   -0.80325   -0.80253
  -0.79258   -0.79213   -0.79029   -0.78950   -0.78934   -0.78897   -0.78817   -0.78802
  -0.35718   -0.35611   -0.34980   -0.34804   -0.31948   -0.31551   -0.31014   -0.30907
   0.10199    0.10389    0.11055    0.11136    0.12249    0.13051    0.13385    0.13568
   0.16089    0.16921    0.17374    0.17982    0.18701    0.19188    0.20149    0.21037
   0.21583    0.22069    0.22154    0.22840    0.24187    0.24325    0.25049    0.25134
   0.44304    0.45641
 kpt# 106, nband= 50, wtk=  0.00926, kpt=  0.5000  0.3333  0.5000 (reduced coord)
  -1.94152   -1.94135   -1.94098   -1.94079   -0.80536   -0.80508   -0.80404   -0.80380
  -0.79148   -0.79130   -0.78941   -0.78930   -0.78913   -0.78901   -0.78804   -0.78798
  -0.35700   -0.35652   -0.35192   -0.35106   -0.31642   -0.31564   -0.30855   -0.30794
   0.10351    0.10427    0.11057    0.11106    0.12476    0.12549    0.13398    0.13517
   0.16967    0.17071    0.17477    0.17730    0.19327    0.19410    0.20521    0.20561
   0.21629    0.21715    0.22199    0.22299    0.24144    0.24217    0.24905    0.24986
   0.44469    0.44626
 kpt# 107, nband= 50, wtk=  0.00926, kpt= -0.3333  0.3333  0.5000 (reduced coord)
  -1.94152   -1.94136   -1.94097   -1.94079   -0.80469   -0.80440   -0.80346   -0.80259
  -0.79272   -0.79221   -0.79013   -0.78946   -0.78925   -0.78910   -0.78814   -0.78802
  -0.35738   -0.35593   -0.34969   -0.34794   -0.31916   -0.31600   -0.30967   -0.30957
   0.10222    0.10393    0.11087    0.11143    0.12184    0.12962    0.13453    0.13610
   0.16064    0.16820    0.17457    0.18022    0.18666    0.19183    0.20181    0.20959
   0.21584    0.22080    0.22184    0.22874    0.24175    0.24319    0.25032    0.25163
   0.44397    0.45607
 kpt# 108, nband= 50, wtk=  0.00926, kpt= -0.1667  0.3333  0.5000 (reduced coord)
  -1.94152   -1.94136   -1.94096   -1.94078   -0.80297   -0.80254   -0.80142   -0.80027
  -0.79531   -0.79459   -0.79173   -0.79073   -0.78957   -0.78938   -0.78809   -0.78800
  -0.35622   -0.35456   -0.34516   -0.34295   -0.32253   -0.31829   -0.31320   -0.31291
   0.10159    0.10366    0.11037    0.11253    0.12449    0.12842    0.13683    0.13998
   0.14899    0.15473    0.16895    0.17287    0.19077    0.19609    0.20157    0.21288
   0.21642    0.21900    0.22890    0.23582    0.24065    0.24502    0.24908    0.25624
   0.45068    0.46332
 kpt# 109, nband= 50, wtk=  0.00463, kpt=  0.0000  0.5000  0.5000 (reduced coord)
  -1.94145   -1.94141   -1.94093   -1.94084   -0.80086   -0.80080   -0.80049   -0.80045
  -0.79490   -0.79480   -0.79451   -0.79437   -0.78865   -0.78852   -0.78838   -0.78824
  -0.34812   -0.34784   -0.34725   -0.34699   -0.31985   -0.31946   -0.31874   -0.31832
   0.10759    0.10843    0.10869    0.10957    0.13176    0.13237    0.13323    0.13373
   0.15828    0.15947    0.16057    0.16163    0.19709    0.19718    0.19941    0.19956
   0.22604    0.22682    0.22748    0.22838    0.24264    0.24297    0.24378    0.24410
   0.46182    0.46325
 kpt# 110, nband= 50, wtk=  0.00926, kpt=  0.1667  0.5000  0.5000 (reduced coord)
  -1.94145   -1.94141   -1.94093   -1.94084   -0.80283   -0.80258   -0.80201   -0.80182
  -0.79343   -0.79331   -0.79252   -0.79240   -0.78864   -0.78850   -0.78836   -0.78821
  -0.35095   -0.35069   -0.34911   -0.34891   -0.31794   -0.31718   -0.31613   -0.31518
   0.10699    0.10786    0.10852    0.10927    0.12958    0.13044    0.13376    0.13450
   0.16239    0.16308    0.16591    0.16728    0.19939    0.19980    0.20160    0.20187
   0.21524    0.21620    0.22478    0.22531    0.24348    0.24437    0.24787    0.24816
   0.45237    0.45311
 kpt# 111, nband= 50, wtk=  0.00926, kpt=  0.3333  0.5000  0.5000 (reduced coord)
  -1.94145   -1.94141   -1.94093   -1.94084   -0.80493   -0.80468   -0.80432   -0.80413
  -0.79106   -0.79091   -0.79034   -0.79022   -0.78860   -0.78842   -0.78828   -0.78809
  -0.35471   -0.35457   -0.35314   -0.35307   -0.31364   -0.31288   -0.31212   -0.31120
   0.10679    0.10753    0.10776    0.10830    0.12799    0.12924    0.13256    0.13370
   0.16965    0.17034    0.17795    0.17985    0.19401    0.19496    0.20006    0.20074
   0.21445    0.21532    0.22405    0.22479    0.24195    0.24289    0.24463    0.24515
   0.44492    0.44549
 kpt# 112, nband= 50, wtk=  0.00463, kpt=  0.5000  0.5000  0.5000 (reduced coord)
  -1.94145   -1.94141   -1.94093   -1.94084   -0.80567   -0.80543   -0.80526   -0.80515
  -0.79010   -0.78991   -0.78961   -0.78957   -0.78852   -0.78833   -0.78817   -0.78797
  -0.35607   -0.35600   -0.35517   -0.35515   -0.31144   -0.31074   -0.31058   -0.30987
   0.10678    0.10708    0.10759    0.10796    0.12920    0.13025    0.13102    0.13203
   0.17433    0.17476    0.17712    0.17748    0.19767    0.19795    0.19880    0.19886
   0.22023    0.22115    0.22201    0.22282    0.23914    0.23989    0.24023    0.24099
   0.44656    0.44769
