 Fermi (or HOMO) energy (hartree) =   0.27702   Average Vxc (hartree)=  -0.44600
 Eigenvalues (hartree) for nkpt= 112  k points:
 kpt#   1, nband= 50, wtk=  0.00463, kpt=  0.0000  0.0000  0.0000 (reduced coord)
  -1.94356   -1.94290   -1.94287   -1.94287   -0.80519   -0.80517   -0.80484   -0.79334
  -0.79306   -0.79274   -0.79247   -0.79146   -0.79141   -0.78850   -0.78691   -0.78690
  -0.39509   -0.33821   -0.32914   -0.32890   -0.31890   -0.31596   -0.31576   -0.29719
   0.06036    0.06042    0.07181    0.09590    0.10272    0.10290    0.16299    0.16416
   0.16650    0.16765    0.17258    0.17260    0.22249    0.22378    0.22722    0.22862
   0.24829    0.25079    0.25479    0.25521    0.25768    0.26614    0.26736    0.27518
   0.44332    0.44545
 kpt#   2, nband= 50, wtk=  0.00926, kpt=  0.1667  0.0000  0.0000 (reduced coord)
  -1.94352   -1.94292   -1.94290   -1.94287   -0.80431   -0.80409   -0.80407   -0.79405
  -0.79318   -0.79249   -0.79224   -0.79218   -0.79155   -0.78873   -0.78827   -0.78729
  -0.39034   -0.33670   -0.32844   -0.32701   -0.32184   -0.31950   -0.31734   -0.29951
   0.06615    0.07041    0.07113    0.09830    0.10539    0.11817    0.15158    0.15269
   0.16041    0.16220    0.17239    0.17524    0.21778    0.22007    0.22040    0.23482
   0.24736    0.24743    0.24976    0.25797    0.25961    0.26142    0.26810    0.27571
   0.45197    0.45205
 kpt#   3, nband= 50, wtk=  0.00926, kpt=  0.3333  0.0000  0.0000 (reduced coord)
  -1.94339   -1.94304   -1.94289   -1.94288   -0.80203   -0.80192   -0.80097   -0.79626
  -0.79514   -0.79281   -0.79190   -0.79187   -0.79153   -0.79112   -0.78944   -0.78832
  -0.37707   -0.33798   -0.33256   -0.32621   -0.32275   -0.32121   -0.32017   -0.30570
   0.07818    0.08255    0.09888    0.10540    0.11417    0.12535    0.13423    0.13684
   0.14480    0.15249    0.18269    0.18290    0.18581    0.20720    0.21046    0.22875
   0.23698    0.23931    0.25280    0.26206    0.26440    0.26800    0.26959    0.27701
   0.46680    0.47123
 kpt#   4, nband= 50, wtk=  0.00463, kpt=  0.5000  0.0000  0.0000 (reduced coord)
  -1.94322   -1.94321   -1.94289   -1.94288   -0.79918   -0.79918   -0.79859   -0.79859
  -0.79655   -0.79654   -0.79236   -0.79236   -0.79049   -0.79048   -0.78972   -0.78972
  -0.35813   -0.35813   -0.32705   -0.32705   -0.32365   -0.32365   -0.31370   -0.31370
   0.09507    0.09507    0.11088    0.11088    0.11752    0.11752    0.12805    0.12805
   0.13997    0.13997    0.19036    0.19037    0.19542    0.19543    0.19685    0.19685
   0.23716    0.23716    0.26071    0.26072    0.26703    0.26703    0.27615    0.27615
   0.47849    0.47998
 kpt#   5, nband= 50, wtk=  0.00926, kpt=  0.0000  0.1667  0.0000 (reduced coord)
  -1.94352   -1.94292   -1.94290   -1.94287   -0.80432   -0.80409   -0.80406   -0.79414
  -0.79297   -0.79248   -0.79244   -0.79210   -0.79155   -0.78874   -0.78827   -0.78729
  -0.39034   -0.33667   -0.32814   -0.32718   -0.32210   -0.31949   -0.31721   -0.29954
   0.06612    0.07042    0.07108    0.09830    0.10578    0.11788    0.15195    0.15261
   0.16012    0.16248    0.17252    0.17494    0.21753    0.21998    0.22066    0.23721
   0.24446    0.24556    0.24998    0.25868    0.25944    0.26537    0.26573    0.27571
   0.45168    0.45169
 kpt#   6, nband= 50, wtk=  0.00926, kpt=  0.1667  0.1667  0.0000 (reduced coord)
  -1.94347   -1.94292   -1.94291   -1.94290   -0.80344   -0.80343   -0.80338   -0.79392
  -0.79381   -0.79373   -0.79200   -0.79193   -0.79102   -0.78998   -0.78905   -0.78709
  -0.38601   -0.33576   -0.32718   -0.32702   -0.32242   -0.32230   -0.31991   -0.30155
   0.07277    0.07582    0.07584    0.10000    0.10946    0.12879    0.14453    0.14457
   0.15926    0.16480    0.16486    0.17308    0.21335    0.21781    0.22354    0.22389
   0.24560    0.24885    0.25017    0.25050    0.25962    0.26015    0.26801    0.27600
   0.45557    0.46023
 kpt#   7, nband= 50, wtk=  0.00926, kpt=  0.3333  0.1667  0.0000 (reduced coord)
  -1.94336   -1.94303   -1.94291   -1.94290   -0.80167   -0.80141   -0.80098   -0.79639
  -0.79577   -0.79333   -0.79294   -0.79144   -0.79103   -0.79081   -0.78986   -0.78781
  -0.37387   -0.33812   -0.33329   -0.32706   -0.32451   -0.32109   -0.32010   -0.30689
   0.08184    0.09090    0.10217    0.10548    0.11850    0.12413    0.13175    0.13859
   0.14889    0.15897    0.17562    0.17962    0.18891    0.20437    0.20653    0.22911
   0.23121    0.23495    0.24955    0.25242    0.26308    0.26760    0.26935    0.27679
   0.46421    0.47394
 kpt#   8, nband= 50, wtk=  0.00926, kpt=  0.5000  0.1667  0.0000 (reduced coord)
  -1.94320   -1.94319   -1.94291   -1.94290   -0.79916   -0.79916   -0.79885   -0.79885
  -0.79709   -0.79709   -0.79182   -0.79182   -0.79073   -0.79073   -0.78924   -0.78924
  -0.35653   -0.35652   -0.32999   -0.32999   -0.32279   -0.32279   -0.31383   -0.31383
   0.09967    0.09967    0.11416    0.11416    0.11436    0.11436    0.13226    0.13226
   0.14627    0.14627    0.18864    0.18865    0.18984    0.18984    0.19861    0.19861
   0.23252    0.23253    0.25259    0.25259    0.26589    0.26589    0.27552    0.27552
   0.47228    0.47284
 kpt#   9, nband= 50, wtk=  0.00926, kpt= -0.3333  0.1667  0.0000 (reduced coord)
  -1.94336   -1.94303   -1.94291   -1.94290   -0.80167   -0.80141   -0.80098   -0.79639
  -0.79577   -0.79333   -0.79294   -0.79144   -0.79103   -0.79081   -0.78986   -0.78781
  -0.37387   -0.33812   -0.33329   -0.32706   -0.32451   -0.32109   -0.32010   -0.30689
   0.08184    0.09090    0.10217    0.10548    0.11850    0.12413    0.13175    0.13859
   0.14889    0.15897    0.17562    0.17962    0.18891    0.20437    0.20653    0.22911
   0.23121    0.23495    0.24955    0.25242    0.26308    0.26760    0.26935    0.27679
   0.46427    0.47378
 kpt#  10, nband= 50, wtk=  0.00926, kpt= -0.1667  0.1667  0.0000 (reduced coord)
  -1.94347   -1.94292   -1.94291   -1.94290   -0.80344   -0.80343   -0.80338   -0.79392
  -0.79381   -0.79373   -0.79200   -0.79193   -0.79102   -0.78998   -0.78905   -0.78709
  -0.38601   -0.33576   -0.32718   -0.32702   -0.32242   -0.32230   -0.31991   -0.30155
   0.07277    0.07582    0.07584    0.10000    0.10946    0.12879    0.14453    0.14457
   0.15926    0.16480    0.16486    0.17308    0.21335    0.21781    0.22354    0.22389
   0.24560    0.24885    0.25017    0.25050    0.25962    0.26015    0.26801    0.27600
   0.45557    0.46024
 kpt#  11, nband= 50, wtk=  0.00926, kpt=  0.0000  0.3333  0.0000 (reduced coord)
  -1.94339   -1.94304   -1.94289   -1.94288   -0.80204   -0.80193   -0.80095   -0.79630
  -0.79514   -0.79271   -0.79189   -0.79187   -0.79163   -0.79110   -0.78946   -0.78832
  -0.37709   -0.33800   -0.33246   -0.32616   -0.32175   -0.32122   -0.32117   -0.30583
   0.07812    0.08255    0.09881    0.10544    0.11454    0.12547    0.13428    0.13687
   0.14490    0.15259    0.18234    0.18309    0.18560    0.20723    0.21109    0.22854
   0.23557    0.23972    0.25207    0.26411    0.26492    0.26611    0.26996    0.27702
   0.46521    0.46682
 kpt#  12, nband= 50, wtk=  0.00926, kpt=  0.1667  0.3333  0.0000 (reduced coord)
  -1.94336   -1.94303   -1.94291   -1.94290   -0.80168   -0.80142   -0.80097   -0.79639
  -0.79580   -0.79332   -0.79286   -0.79151   -0.79101   -0.79079   -0.78988   -0.78781
  -0.37388   -0.33817   -0.33322   -0.32683   -0.32442   -0.32106   -0.32038   -0.30699
   0.08182    0.09100    0.10204    0.10550    0.11871    0.12408    0.13187    0.13863
   0.14897    0.15913    0.17572    0.17930    0.18872    0.20477    0.20663    0.22910
   0.23102    0.23382    0.25061    0.25225    0.26278    0.26741    0.26967    0.27679
   0.46329    0.47190
 kpt#  13, nband= 50, wtk=  0.00926, kpt=  0.3333  0.3333  0.0000 (reduced coord)
  -1.94326   -1.94300   -1.94300   -1.94293   -0.80076   -0.80075   -0.79979   -0.79836
  -0.79591   -0.79451   -0.79449   -0.79118   -0.79015   -0.79013   -0.78993   -0.78769
  -0.36486   -0.33801   -0.33793   -0.33504   -0.32081   -0.32032   -0.32020   -0.31027
   0.09218    0.10675    0.10941    0.10975    0.12592    0.12627    0.12904    0.13899
   0.15992    0.15994    0.17644    0.17860    0.18865    0.18965    0.20759    0.20792
   0.21448    0.23445    0.23470    0.24020    0.26722    0.26891    0.26912    0.27606
   0.46028    0.46730
 kpt#  14, nband= 50, wtk=  0.00926, kpt=  0.5000  0.3333  0.0000 (reduced coord)
  -1.94314   -1.94313   -1.94297   -1.94296   -0.79992   -0.79992   -0.79918   -0.79918
  -0.79667   -0.79666   -0.79282   -0.79282   -0.78970   -0.78970   -0.78860   -0.78859
  -0.35188   -0.35188   -0.33690   -0.33690   -0.32052   -0.32052   -0.31505   -0.31505
   0.10539    0.10539    0.10998    0.10998    0.13046    0.13046    0.14325    0.14326
   0.15619    0.15619    0.17451    0.17451    0.18712    0.18713    0.20605    0.20605
   0.21042    0.21043    0.23633    0.23633    0.26815    0.26815    0.27406    0.27406
   0.46131    0.46230
 kpt#  15, nband= 50, wtk=  0.00926, kpt= -0.3333  0.3333  0.0000 (reduced coord)
  -1.94326   -1.94300   -1.94300   -1.94293   -0.80076   -0.80075   -0.79979   -0.79836
  -0.79591   -0.79451   -0.79449   -0.79118   -0.79015   -0.79013   -0.78993   -0.78769
  -0.36486   -0.33801   -0.33793   -0.33504   -0.32081   -0.32032   -0.32020   -0.31027
   0.09218    0.10675    0.10941    0.10975    0.12592    0.12627    0.12904    0.13899
   0.15992    0.15994    0.17644    0.17860    0.18865    0.18965    0.20759    0.20792
   0.21448    0.23445    0.23470    0.24020    0.26722    0.26891    0.26912    0.27606
   0.46045    0.46700
 kpt#  16, nband= 50, wtk=  0.00926, kpt= -0.1667  0.3333  0.0000 (reduced coord)
  -1.94336   -1.94303   -1.94291   -1.94290   -0.80168   -0.80142   -0.80097   -0.79639
  -0.79580   -0.79332   -0.79286   -0.79151   -0.79101   -0.79079   -0.78988   -0.78781
  -0.37388   -0.33817   -0.33322   -0.32683   -0.32442   -0.32106   -0.32038   -0.30699
   0.08182    0.09100    0.10204    0.10550    0.11871    0.12408    0.13187    0.13863
   0.14897    0.15913    0.17572    0.17930    0.18872    0.20477    0.20663    0.22910
   0.23102    0.23382    0.25061    0.25225    0.26278    0.26741    0.26967    0.27679
   0.46329    0.47197
 kpt#  17, nband= 50, wtk=  0.00463, kpt=  0.0000  0.5000  0.0000 (reduced coord)
  -1.94322   -1.94321   -1.94289   -1.94288   -0.79920   -0.79919   -0.79859   -0.79859
  -0.79654   -0.79653   -0.79232   -0.79232   -0.79053   -0.79053   -0.78971   -0.78971
  -0.35817   -0.35817   -0.32680   -0.32679   -0.32359   -0.32358   -0.31402   -0.31401
   0.09500    0.09501    0.11105    0.11106    0.11757    0.11758    0.12830    0.12831
   0.13979    0.13980    0.19175    0.19177    0.19380    0.19381    0.19725    0.19726
   0.23644    0.23644    0.26171    0.26171    0.26626    0.26627    0.27626    0.27627
   0.47460    0.47545
 kpt#  18, nband= 50, wtk=  0.00926, kpt=  0.1667  0.5000  0.0000 (reduced coord)
  -1.94320   -1.94319   -1.94291   -1.94290   -0.79916   -0.79916   -0.79887   -0.79886
  -0.79709   -0.79708   -0.79176   -0.79175   -0.79080   -0.79079   -0.78923   -0.78923
  -0.35656   -0.35656   -0.32983   -0.32982   -0.32273   -0.32273   -0.31405   -0.31404
   0.09975    0.09976    0.11413    0.11414    0.11435    0.11436    0.13245    0.13246
   0.14619    0.14620    0.18910    0.18910    0.19012    0.19013    0.19802    0.19802
   0.23194    0.23194    0.25306    0.25307    0.26563    0.26563    0.27561    0.27562
   0.46999    0.47259
 kpt#  19, nband= 50, wtk=  0.00926, kpt=  0.3333  0.5000  0.0000 (reduced coord)
  -1.94314   -1.94313   -1.94297   -1.94296   -0.79992   -0.79992   -0.79919   -0.79919
  -0.79667   -0.79666   -0.79281   -0.79281   -0.78971   -0.78971   -0.78859   -0.78859
  -0.35191   -0.35190   -0.33684   -0.33683   -0.32047   -0.32047   -0.31514   -0.31513
   0.10553    0.10553    0.10992    0.10992    0.13034    0.13035    0.14323    0.14324
   0.15616    0.15617    0.17477    0.17478    0.18748    0.18749    0.20576    0.20577
   0.20995    0.20996    0.23661    0.23662    0.26804    0.26805    0.27409    0.27410
   0.46041    0.46069
 kpt#  20, nband= 50, wtk=  0.00463, kpt=  0.5000  0.5000  0.0000 (reduced coord)
  -1.94306   -1.94305   -1.94305   -1.94304   -0.79995   -0.79995   -0.79995   -0.79995
  -0.79480   -0.79480   -0.79480   -0.79479   -0.78871   -0.78871   -0.78871   -0.78871
  -0.34491   -0.34491   -0.34490   -0.34490   -0.31758   -0.31758   -0.31757   -0.31757
   0.10774    0.10775    0.10775    0.10775    0.15320    0.15320    0.15320    0.15321
   0.15772    0.15772    0.15773    0.15773    0.18939    0.18939    0.18940    0.18941
   0.21909    0.21909    0.21910    0.21910    0.27150    0.27150    0.27151    0.27151
   0.45729    0.45729
 kpt#  21, nband= 50, wtk=  0.00926, kpt=  0.0000  0.0000  0.1667 (reduced coord)
  -1.94352   -1.94294   -1.94287   -1.94287   -0.80440   -0.80438   -0.80384   -0.79403
  -0.79390   -0.79276   -0.79264   -0.79119   -0.79111   -0.78968   -0.78722   -0.78721
  -0.39063   -0.33581   -0.32818   -0.32796   -0.32509   -0.31679   -0.31662   -0.30016
   0.06604    0.06608    0.08188    0.10329    0.10529    0.10828    0.15735    0.15789
   0.16232    0.16256    0.16919    0.16973    0.22245    0.22363    0.23051    0.23180
   0.24041    0.24167    0.24337    0.25880    0.26039    0.26068    0.26708    0.26738
   0.44655    0.45126
 kpt#  22, nband= 50, wtk=  0.00926, kpt=  0.1667  0.0000  0.1667 (reduced coord)
  -1.94347   -1.94294   -1.94291   -1.94287   -0.80358   -0.80345   -0.80327   -0.79502
  -0.79363   -0.79240   -0.79223   -0.79208   -0.79124   -0.79048   -0.78773   -0.78763
  -0.38621   -0.33448   -0.32801   -0.32630   -0.32527   -0.32227   -0.31793   -0.30216
   0.07150    0.07573    0.08049    0.10456    0.10774    0.12382    0.15097    0.15344
   0.15538    0.15808    0.16521    0.16893    0.21689    0.22359    0.22674    0.23162
   0.24247    0.24298    0.24461    0.25022    0.25529    0.26362    0.26366    0.26690
   0.45448    0.45698
 kpt#  23, nband= 50, wtk=  0.00926, kpt=  0.3333  0.0000  0.1667 (reduced coord)
  -1.94336   -1.94303   -1.94292   -1.94289   -0.80168   -0.80133   -0.80081   -0.79705
  -0.79484   -0.79324   -0.79276   -0.79147   -0.79145   -0.79127   -0.78882   -0.78873
  -0.37383   -0.33731   -0.33094   -0.32722   -0.32571   -0.32245   -0.32029   -0.30754
   0.08626    0.08680    0.10246    0.11038    0.11464    0.12906    0.13659    0.14009
   0.14120    0.15653    0.16971    0.17914    0.19495    0.20320    0.21239    0.22993
   0.24066    0.24126    0.24744    0.24810    0.25322    0.26435    0.26646    0.26769
   0.46879    0.46960
 kpt#  24, nband= 50, wtk=  0.00926, kpt=  0.5000  0.0000  0.1667 (reduced coord)
  -1.94320   -1.94319   -1.94291   -1.94290   -0.79946   -0.79946   -0.79815   -0.79814
  -0.79708   -0.79707   -0.79196   -0.79196   -0.79016   -0.79015   -0.79012   -0.79011
  -0.35615   -0.35615   -0.32686   -0.32685   -0.32576   -0.32575   -0.31453   -0.31453
   0.10145    0.10145    0.11058    0.11058    0.12430    0.12430    0.12594    0.12594
   0.14418    0.14418    0.18883    0.18884    0.19407    0.19408    0.19688    0.19688
   0.24063    0.24063    0.25001    0.25002    0.26110    0.26110    0.26817    0.26817
   0.47685    0.47864
 kpt#  25, nband= 50, wtk=  0.00926, kpt= -0.3333  0.0000  0.1667 (reduced coord)
  -1.94336   -1.94303   -1.94292   -1.94289   -0.80168   -0.80133   -0.80081   -0.79705
  -0.79484   -0.79324   -0.79276   -0.79147   -0.79145   -0.79127   -0.78882   -0.78873
  -0.37383   -0.33731   -0.33094   -0.32722   -0.32571   -0.32246   -0.32029   -0.30754
   0.08626    0.08680    0.10246    0.11038    0.11464    0.12906    0.13659    0.14009
   0.14120    0.15653    0.16971    0.17914    0.19495    0.20320    0.21239    0.22993
   0.24066    0.24126    0.24744    0.24810    0.25322    0.26435    0.26646    0.26769
   0.46871    0.46972
 kpt#  26, nband= 50, wtk=  0.00926, kpt= -0.1667  0.0000  0.1667 (reduced coord)
  -1.94347   -1.94294   -1.94291   -1.94287   -0.80358   -0.80345   -0.80327   -0.79502
  -0.79363   -0.79240   -0.79223   -0.79208   -0.79125   -0.79048   -0.78773   -0.78763
  -0.38621   -0.33448   -0.32801   -0.32630   -0.32527   -0.32227   -0.31794   -0.30216
   0.07150    0.07573    0.08049    0.10456    0.10774    0.12382    0.15097    0.15345
   0.15538    0.15807    0.16521    0.16893    0.21689    0.22359    0.22674    0.23162
   0.24247    0.24298    0.24461    0.25022    0.25529    0.26362    0.26366    0.26690
   0.45448    0.45698
 kpt#  27, nband= 50, wtk=  0.00926, kpt=  0.0000  0.1667  0.1667 (reduced coord)
  -1.94347   -1.94294   -1.94291   -1.94287   -0.80360   -0.80343   -0.80327   -0.79506
  -0.79357   -0.79241   -0.79223   -0.79210   -0.79121   -0.79051   -0.78773   -0.78763
  -0.38621   -0.33445   -0.32784   -0.32635   -0.32527   -0.32252   -0.31781   -0.30218
   0.07149    0.07573    0.08044    0.10479    0.10773    0.12371    0.15194    0.15281
   0.15577    0.15756    0.16473    0.16921    0.21652    0.22437    0.22648    0.23311
   0.24047    0.24120    0.24553    0.25148    0.25442    0.26417    0.26476    0.26605
   0.45426    0.45654
 kpt#  28, nband= 50, wtk=  0.00926, kpt=  0.1667  0.1667  0.1667 (reduced coord)
  -1.94343   -1.94294   -1.94291   -1.94291   -0.80299   -0.80290   -0.80279   -0.79448
  -0.79433   -0.79342   -0.79199   -0.79188   -0.79175   -0.79074   -0.78838   -0.78736
  -0.38223   -0.33440   -0.32847   -0.32736   -0.32457   -0.32203   -0.32096   -0.30388
   0.08047    0.08109    0.08165    0.10602    0.11148    0.13379    0.14725    0.14790
   0.15478    0.15942    0.15966    0.16239    0.22010    0.22322    0.22322    0.22411
   0.24100    0.24341    0.24551    0.24980    0.25180    0.25792    0.25942    0.26800
   0.45943    0.46161
 kpt#  29, nband= 50, wtk=  0.00926, kpt=  0.3333  0.1667  0.1667 (reduced coord)
  -1.94332   -1.94302   -1.94293   -1.94292   -0.80166   -0.80158   -0.80108   -0.79586
  -0.79542   -0.79483   -0.79286   -0.79124   -0.79091   -0.79071   -0.78926   -0.78807
  -0.37108   -0.33837   -0.33389   -0.33031   -0.32307   -0.32193   -0.31930   -0.30840
   0.08950    0.09465    0.10546    0.11048    0.11889    0.12877    0.13726    0.13888
   0.14520    0.16128    0.16756    0.16952    0.19501    0.20845    0.21173    0.22957
   0.23220    0.23705    0.24499    0.24788    0.25367    0.25470    0.26363    0.26797
   0.46586    0.47388
 kpt#  30, nband= 50, wtk=  0.00926, kpt=  0.5000  0.1667  0.1667 (reduced coord)
  -1.94318   -1.94317   -1.94293   -1.94292   -0.80069   -0.80069   -0.79824   -0.79824
  -0.79670   -0.79670   -0.79136   -0.79135   -0.79033   -0.79033   -0.78955   -0.78955
  -0.35514   -0.35514   -0.33251   -0.33251   -0.32185   -0.32185   -0.31428   -0.31428
   0.10574    0.10575    0.11258    0.11258    0.12342    0.12342    0.12865    0.12865
   0.15037    0.15038    0.17790    0.17790    0.19610    0.19610    0.20275    0.20275
   0.23457    0.23457    0.24824    0.24824    0.25528    0.25528    0.26709    0.26710
   0.47170    0.47198
 kpt#  31, nband= 50, wtk=  0.00926, kpt= -0.3333  0.1667  0.1667 (reduced coord)
  -1.94332   -1.94302   -1.94293   -1.94292   -0.80166   -0.80158   -0.80108   -0.79586
  -0.79542   -0.79483   -0.79286   -0.79124   -0.79091   -0.79071   -0.78926   -0.78807
  -0.37108   -0.33837   -0.33389   -0.33031   -0.32307   -0.32193   -0.31930   -0.30841
   0.08950    0.09465    0.10546    0.11048    0.11889    0.12877    0.13726    0.13888
   0.14520    0.16128    0.16757    0.16952    0.19501    0.20845    0.21173    0.22957
   0.23220    0.23705    0.24499    0.24788    0.25368    0.25470    0.26363    0.26797
   0.46586    0.47380
 kpt#  32, nband= 50, wtk=  0.00926, kpt= -0.1667  0.1667  0.1667 (reduced coord)
  -1.94343   -1.94294   -1.94291   -1.94291   -0.80299   -0.80290   -0.80279   -0.79448
  -0.79433   -0.79342   -0.79198   -0.79188   -0.79175   -0.79074   -0.78838   -0.78736
  -0.38223   -0.33440   -0.32848   -0.32735   -0.32457   -0.32204   -0.32096   -0.30388
   0.08047    0.08109    0.08165    0.10602    0.11148    0.13379    0.14725    0.14791
   0.15478    0.15942    0.15966    0.16239    0.22010    0.22322    0.22323    0.22411
   0.24100    0.24341    0.24551    0.24980    0.25180    0.25792    0.25942    0.26800
   0.45943    0.46161
 kpt#  33, nband= 50, wtk=  0.00926, kpt=  0.0000  0.3333  0.1667 (reduced coord)
  -1.94336   -1.94303   -1.94292   -1.94289   -0.80168   -0.80134   -0.80079   -0.79708
  -0.79484   -0.79323   -0.79272   -0.79149   -0.79145   -0.79130   -0.78883   -0.78873
  -0.37385   -0.33734   -0.33081   -0.32721   -0.32574   -0.32155   -0.32119   -0.30763
   0.08622    0.08680    0.10241    0.11054    0.11473    0.12914    0.13669    0.14015
   0.14121    0.15679    0.16915    0.17934    0.19495    0.20323    0.21278    0.22997
   0.23891    0.24047    0.24931    0.24946    0.25103    0.26449    0.26651    0.26833
   0.46796    0.46854
 kpt#  34, nband= 50, wtk=  0.00926, kpt=  0.1667  0.3333  0.1667 (reduced coord)
  -1.94332   -1.94302   -1.94293   -1.94292   -0.80167   -0.80159   -0.80107   -0.79589
  -0.79540   -0.79484   -0.79281   -0.79128   -0.79090   -0.79070   -0.78927   -0.78807
  -0.37110   -0.33841   -0.33383   -0.33026   -0.32306   -0.32165   -0.31960   -0.30847
   0.08949    0.09470    0.10541    0.11051    0.11901    0.12865    0.13737    0.13895
   0.14527    0.16166    0.16699    0.16964    0.19503    0.20859    0.21202    0.23010
   0.23136    0.23528    0.24712    0.24819    0.25292    0.25373    0.26426    0.26812
   0.46473    0.47280
 kpt#  35, nband= 50, wtk=  0.00926, kpt=  0.3333  0.3333  0.1667 (reduced coord)
  -1.94324   -1.94300   -1.94300   -1.94295   -0.80158   -0.80154   -0.80147   -0.79774
  -0.79563   -0.79372   -0.79367   -0.79030   -0.79023   -0.79007   -0.78975   -0.78784
  -0.36331   -0.34003   -0.33967   -0.33764   -0.32001   -0.31864   -0.31830   -0.31087
   0.09880    0.11146    0.11159    0.11248    0.12852    0.13105    0.13149    0.14153
   0.15468    0.15621    0.16103    0.17892    0.19113    0.20531    0.21160    0.21297
   0.21860    0.23146    0.23227    0.23585    0.25552    0.25971    0.26156    0.26698
   0.46129    0.46861
 kpt#  36, nband= 50, wtk=  0.00926, kpt=  0.5000  0.3333  0.1667 (reduced coord)
  -1.94312   -1.94312   -1.94298   -1.94297   -0.80165   -0.80165   -0.80017   -0.80017
  -0.79490   -0.79489   -0.79175   -0.79175   -0.78961   -0.78960   -0.78871   -0.78871
  -0.35202   -0.35202   -0.33981   -0.33981   -0.31851   -0.31851   -0.31442   -0.31441
   0.11037    0.11037    0.11394    0.11394    0.13392    0.13393    0.13911    0.13911
   0.15800    0.15800    0.16621    0.16621    0.19861    0.19861    0.20611    0.20612
   0.21463    0.21463    0.23199    0.23200    0.25920    0.25920    0.26539    0.26539
   0.46219    0.46556
 kpt#  37, nband= 50, wtk=  0.00926, kpt= -0.3333  0.3333  0.1667 (reduced coord)
  -1.94324   -1.94300   -1.94300   -1.94295   -0.80158   -0.80154   -0.80148   -0.79774
  -0.79563   -0.79372   -0.79367   -0.79030   -0.79023   -0.79008   -0.78975   -0.78784
  -0.36331   -0.34003   -0.33967   -0.33764   -0.32001   -0.31864   -0.31830   -0.31087
   0.09880    0.11146    0.11159    0.11249    0.12852    0.13105    0.13149    0.14153
   0.15468    0.15621    0.16103    0.17891    0.19113    0.20531    0.21160    0.21297
   0.21860    0.23146    0.23227    0.23585    0.25552    0.25971    0.26156    0.26698
   0.46121    0.46887
 kpt#  38, nband= 50, wtk=  0.00926, kpt= -0.1667  0.3333  0.1667 (reduced coord)
  -1.94332   -1.94302   -1.94293   -1.94292   -0.80167   -0.80159   -0.80107   -0.79589
  -0.79540   -0.79484   -0.79281   -0.79128   -0.79090   -0.79070   -0.78927   -0.78807
  -0.37110   -0.33841   -0.33383   -0.33026   -0.32306   -0.32165   -0.31960   -0.30847
   0.08949    0.09470    0.10541    0.11051    0.11901    0.12865    0.13737    0.13895
   0.14528    0.16166    0.16699    0.16964    0.19503    0.20859    0.21202    0.23010
   0.23136    0.23528    0.24712    0.24819    0.25292    0.25373    0.26426    0.26812
   0.46474    0.47327
 kpt#  39, nband= 50, wtk=  0.00926, kpt=  0.0000  0.5000  0.1667 (reduced coord)
  -1.94320   -1.94319   -1.94291   -1.94290   -0.79945   -0.79945   -0.79816   -0.79816
  -0.79707   -0.79707   -0.79195   -0.79194   -0.79015   -0.79015   -0.79014   -0.79013
  -0.35619   -0.35618   -0.32644   -0.32643   -0.32594   -0.32593   -0.31474   -0.31474
   0.10140    0.10141    0.11072    0.11073    0.12440    0.12441    0.12594    0.12594
   0.14408    0.14408    0.18970    0.18971    0.19382    0.19383    0.19649    0.19651
   0.23950    0.23950    0.25086    0.25087    0.26051    0.26052    0.26874    0.26875
   0.47369    0.47515
 kpt#  40, nband= 50, wtk=  0.00926, kpt=  0.1667  0.5000  0.1667 (reduced coord)
  -1.94318   -1.94317   -1.94293   -1.94292   -0.80069   -0.80069   -0.79823   -0.79822
  -0.79672   -0.79672   -0.79131   -0.79130   -0.79039   -0.79038   -0.78954   -0.78954
  -0.35518   -0.35518   -0.33242   -0.33242   -0.32175   -0.32175   -0.31445   -0.31444
   0.10589    0.10590    0.11249    0.11249    0.12336    0.12337    0.12875    0.12876
   0.15031    0.15031    0.17813    0.17814    0.19653    0.19654    0.20233    0.20234
   0.23381    0.23381    0.24897    0.24898    0.25470    0.25471    0.26744    0.26745
   0.46955    0.47026
 kpt#  41, nband= 50, wtk=  0.00926, kpt=  0.3333  0.5000  0.1667 (reduced coord)
  -1.94312   -1.94312   -1.94298   -1.94297   -0.80165   -0.80165   -0.80016   -0.80016
  -0.79491   -0.79490   -0.79174   -0.79173   -0.78962   -0.78962   -0.78870   -0.78870
  -0.35205   -0.35204   -0.33977   -0.33977   -0.31844   -0.31844   -0.31450   -0.31450
   0.11052    0.11053    0.11385    0.11385    0.13389    0.13389    0.13900    0.13900
   0.15787    0.15787    0.16654    0.16655    0.19914    0.19915    0.20571    0.20572
   0.21412    0.21412    0.23224    0.23225    0.25903    0.25904    0.26556    0.26557
   0.46143    0.46157
 kpt#  42, nband= 50, wtk=  0.00926, kpt=  0.5000  0.5000  0.1667 (reduced coord)
  -1.94306   -1.94305   -1.94305   -1.94304   -0.80148   -0.80148   -0.80148   -0.80148
  -0.79319   -0.79319   -0.79319   -0.79319   -0.78870   -0.78870   -0.78870   -0.78870
  -0.34673   -0.34673   -0.34673   -0.34673   -0.31590   -0.31589   -0.31589   -0.31589
   0.11234    0.11235    0.11235    0.11235    0.14974    0.14974    0.14975    0.14975
   0.15698    0.15698    0.15698    0.15699    0.19954    0.19954    0.19955    0.19956
   0.21520    0.21521    0.21522    0.21522    0.26369    0.26369    0.26370    0.26370
   0.45946    0.45946
 kpt#  43, nband= 50, wtk=  0.00926, kpt= -0.3333  0.5000  0.1667 (reduced coord)
  -1.94312   -1.94312   -1.94298   -1.94297   -0.80165   -0.80165   -0.80016   -0.80016
  -0.79490   -0.79490   -0.79174   -0.79173   -0.78962   -0.78962   -0.78870   -0.78870
  -0.35205   -0.35204   -0.33978   -0.33977   -0.31844   -0.31844   -0.31450   -0.31450
   0.11052    0.11053    0.11385    0.11385    0.13389    0.13389    0.13899    0.13900
   0.15786    0.15787    0.16655    0.16655    0.19914    0.19915    0.20571    0.20572
   0.21412    0.21412    0.23225    0.23225    0.25903    0.25904    0.26556    0.26557
   0.46144    0.46169
 kpt#  44, nband= 50, wtk=  0.00926, kpt= -0.1667  0.5000  0.1667 (reduced coord)
  -1.94318   -1.94317   -1.94293   -1.94292   -0.80069   -0.80069   -0.79823   -0.79822
  -0.79672   -0.79672   -0.79131   -0.79130   -0.79039   -0.79038   -0.78954   -0.78954
  -0.35518   -0.35518   -0.33242   -0.33242   -0.32175   -0.32175   -0.31445   -0.31444
   0.10589    0.10590    0.11249    0.11249    0.12336    0.12337    0.12875    0.12876
   0.15030    0.15031    0.17813    0.17813    0.19653    0.19654    0.20233    0.20234
   0.23381    0.23381    0.24897    0.24897    0.25470    0.25471    0.26744    0.26745
   0.46959    0.46987
 kpt#  45, nband= 50, wtk=  0.00926, kpt=  0.0000 -0.3333  0.1667 (reduced coord)
  -1.94336   -1.94303   -1.94292   -1.94289   -0.80168   -0.80134   -0.80079   -0.79708
  -0.79484   -0.79323   -0.79272   -0.79149   -0.79145   -0.79130   -0.78883   -0.78873
  -0.37385   -0.33734   -0.33081   -0.32721   -0.32574   -0.32155   -0.32119   -0.30763
   0.08622    0.08680    0.10241    0.11054    0.11473    0.12914    0.13669    0.14015
   0.14121    0.15679    0.16915    0.17934    0.19495    0.20323    0.21278    0.22997
   0.23891    0.24047    0.24931    0.24946    0.25103    0.26449    0.26651    0.26833
   0.46820    0.46878
 kpt#  46, nband= 50, wtk=  0.00926, kpt=  0.1667 -0.3333  0.1667 (reduced coord)
  -1.94332   -1.94302   -1.94293   -1.94292   -0.80167   -0.80159   -0.80107   -0.79589
  -0.79540   -0.79484   -0.79281   -0.79128   -0.79090   -0.79070   -0.78927   -0.78807
  -0.37110   -0.33841   -0.33383   -0.33026   -0.32306   -0.32165   -0.31960   -0.30847
   0.08949    0.09470    0.10541    0.11051    0.11901    0.12865    0.13737    0.13895
   0.14527    0.16166    0.16699    0.16964    0.19503    0.20859    0.21202    0.23010
   0.23136    0.23528    0.24712    0.24819    0.25292    0.25373    0.26426    0.26812
   0.46472    0.47211
 kpt#  47, nband= 50, wtk=  0.00926, kpt=  0.3333 -0.3333  0.1667 (reduced coord)
  -1.94324   -1.94300   -1.94300   -1.94295   -0.80158   -0.80154   -0.80147   -0.79774
  -0.79563   -0.79372   -0.79367   -0.79030   -0.79023   -0.79007   -0.78975   -0.78784
  -0.36331   -0.34003   -0.33967   -0.33764   -0.32001   -0.31864   -0.31830   -0.31087
   0.09880    0.11146    0.11159    0.11248    0.12852    0.13105    0.13149    0.14153
   0.15468    0.15621    0.16103    0.17892    0.19113    0.20531    0.21160    0.21297
   0.21860    0.23146    0.23227    0.23585    0.25552    0.25971    0.26156    0.26698
   0.46121    0.46875
 kpt#  48, nband= 50, wtk=  0.00926, kpt=  0.5000 -0.3333  0.1667 (reduced coord)
  -1.94312   -1.94312   -1.94298   -1.94297   -0.80165   -0.80165   -0.80017   -0.80017
  -0.79490   -0.79489   -0.79175   -0.79175   -0.78961   -0.78960   -0.78871   -0.78871
  -0.35202   -0.35202   -0.33981   -0.33981   -0.31851   -0.31851   -0.31442   -0.31441
   0.11037    0.11037    0.11394    0.11394    0.13392    0.13393    0.13911    0.13911
   0.15800    0.15800    0.16621    0.16621    0.19861    0.19861    0.20611    0.20612
   0.21463    0.21463    0.23199    0.23200    0.25920    0.25920    0.26539    0.26539
   0.46220    0.46247
 kpt#  49, nband= 50, wtk=  0.00926, kpt= -0.3333 -0.3333  0.1667 (reduced coord)
  -1.94324   -1.94300   -1.94300   -1.94295   -0.80158   -0.80154   -0.80148   -0.79774
  -0.79563   -0.79372   -0.79367   -0.79030   -0.79023   -0.79008   -0.78975   -0.78784
  -0.36331   -0.34003   -0.33967   -0.33764   -0.32001   -0.31864   -0.31830   -0.31087
   0.09880    0.11146    0.11159    0.11249    0.12852    0.13105    0.13149    0.14153
   0.15468    0.15621    0.16103    0.17891    0.19113    0.20531    0.21160    0.21297
   0.21860    0.23146    0.23227    0.23585    0.25552    0.25971    0.26156    0.26698
   0.46122    0.46932
 kpt#  50, nband= 50, wtk=  0.00926, kpt= -0.1667 -0.3333  0.1667 (reduced coord)
  -1.94332   -1.94302   -1.94293   -1.94292   -0.80167   -0.80159   -0.80107   -0.79589
  -0.79540   -0.79484   -0.79281   -0.79128   -0.79090   -0.79070   -0.78927   -0.78807
  -0.37110   -0.33841   -0.33383   -0.33026   -0.32306   -0.32165   -0.31960   -0.30847
   0.08949    0.09470    0.10541    0.11051    0.11901    0.12865    0.13737    0.13895
   0.14528    0.16166    0.16699    0.16964    0.19503    0.20859    0.21202    0.23010
   0.23136    0.23528    0.24712    0.24819    0.25292    0.25373    0.26426    0.26812
   0.46477    0.47247
 kpt#  51, nband= 50, wtk=  0.00926, kpt=  0.0000 -0.1667  0.1667 (reduced coord)
  -1.94347   -1.94294   -1.94291   -1.94287   -0.80360   -0.80343   -0.80327   -0.79506
  -0.79357   -0.79241   -0.79223   -0.79210   -0.79121   -0.79051   -0.78773   -0.78763
  -0.38621   -0.33445   -0.32784   -0.32635   -0.32527   -0.32252   -0.31781   -0.30218
   0.07149    0.07573    0.08044    0.10479    0.10773    0.12371    0.15194    0.15281
   0.15577    0.15756    0.16473    0.16921    0.21652    0.22437    0.22648    0.23311
   0.24047    0.24120    0.24553    0.25148    0.25442    0.26417    0.26476    0.26605
   0.45426    0.45654
 kpt#  52, nband= 50, wtk=  0.00926, kpt=  0.1667 -0.1667  0.1667 (reduced coord)
  -1.94343   -1.94294   -1.94291   -1.94291   -0.80299   -0.80290   -0.80279   -0.79448
  -0.79433   -0.79342   -0.79199   -0.79188   -0.79175   -0.79074   -0.78838   -0.78736
  -0.38223   -0.33440   -0.32847   -0.32736   -0.32457   -0.32203   -0.32096   -0.30388
   0.08047    0.08109    0.08165    0.10602    0.11148    0.13379    0.14725    0.14790
   0.15478    0.15942    0.15966    0.16239    0.22010    0.22322    0.22322    0.22411
   0.24100    0.24341    0.24551    0.24980    0.25180    0.25792    0.25942    0.26800
   0.45943    0.46161
 kpt#  53, nband= 50, wtk=  0.00926, kpt=  0.3333 -0.1667  0.1667 (reduced coord)
  -1.94332   -1.94302   -1.94293   -1.94292   -0.80166   -0.80158   -0.80108   -0.79586
  -0.79542   -0.79483   -0.79286   -0.79124   -0.79091   -0.79071   -0.78926   -0.78807
  -0.37108   -0.33837   -0.33389   -0.33031   -0.32307   -0.32193   -0.31930   -0.30840
   0.08950    0.09465    0.10546    0.11048    0.11889    0.12877    0.13726    0.13888
   0.14520    0.16128    0.16756    0.16952    0.19501    0.20845    0.21173    0.22957
   0.23220    0.23705    0.24499    0.24788    0.25367    0.25470    0.26363    0.26797
   0.46584    0.47384
 kpt#  54, nband= 50, wtk=  0.00926, kpt=  0.5000 -0.1667  0.1667 (reduced coord)
  -1.94318   -1.94317   -1.94293   -1.94292   -0.80069   -0.80069   -0.79824   -0.79824
  -0.79670   -0.79670   -0.79136   -0.79135   -0.79033   -0.79033   -0.78955   -0.78955
  -0.35514   -0.35514   -0.33251   -0.33251   -0.32185   -0.32185   -0.31428   -0.31428
   0.10574    0.10575    0.11258    0.11258    0.12342    0.12342    0.12865    0.12865
   0.15037    0.15038    0.17790    0.17790    0.19610    0.19610    0.20275    0.20275
   0.23457    0.23457    0.24824    0.24824    0.25528    0.25528    0.26709    0.26710
   0.47171    0.47852
 kpt#  55, nband= 50, wtk=  0.00926, kpt= -0.3333 -0.1667  0.1667 (reduced coord)
  -1.94332   -1.94302   -1.94293   -1.94292   -0.80166   -0.80158   -0.80108   -0.79586
  -0.79542   -0.79483   -0.79286   -0.79124   -0.79091   -0.79071   -0.78926   -0.78807
  -0.37108   -0.33837   -0.33389   -0.33031   -0.32307   -0.32193   -0.31930   -0.30841
   0.08950    0.09465    0.10546    0.11048    0.11889    0.12877    0.13726    0.13888
   0.14520    0.16128    0.16757    0.16952    0.19501    0.20845    0.21173    0.22957
   0.23220    0.23705    0.24499    0.24788    0.25368    0.25470    0.26363    0.26797
   0.46585    0.47385
 kpt#  56, nband= 50, wtk=  0.00926, kpt= -0.1667 -0.1667  0.1667 (reduced coord)
  -1.94343   -1.94294   -1.94291   -1.94291   -0.80299   -0.80290   -0.80279   -0.79448
  -0.79433   -0.79342   -0.79198   -0.79188   -0.79175   -0.79074   -0.78838   -0.78736
  -0.38223   -0.33440   -0.32848   -0.32735   -0.32457   -0.32204   -0.32096   -0.30388
   0.08047    0.08109    0.08165    0.10602    0.11148    0.13379    0.14725    0.14791
   0.15478    0.15942    0.15966    0.16239    0.22010    0.22322    0.22323    0.22411
   0.24100    0.24341    0.24551    0.24980    0.25180    0.25792    0.25942    0.26800
   0.45943    0.46162
 kpt#  57, nband= 50, wtk=  0.00926, kpt=  0.0000  0.0000  0.3333 (reduced coord)
  -1.94340   -1.94306   -1.94287   -1.94287   -0.80224   -0.80223   -0.80106   -0.79622
  -0.79618   -0.79297   -0.79279   -0.79276   -0.79030   -0.79029   -0.78805   -0.78804
  -0.37817   -0.34078   -0.32892   -0.32562   -0.32548   -0.31905   -0.31895   -0.30830
   0.08235    0.08237    0.10972    0.11227    0.11299    0.13477    0.13481    0.13485
   0.14421    0.14515    0.18304    0.18312    0.19815    0.21749    0.21929    0.22034
   0.22467    0.22658    0.24308    0.24348    0.26661    0.26676    0.26861    0.26861
   0.45570    0.46603
 kpt#  58, nband= 50, wtk=  0.00926, kpt=  0.1667  0.0000  0.3333 (reduced coord)
  -1.94336   -1.94305   -1.94290   -1.94288   -0.80184   -0.80146   -0.80095   -0.79704
  -0.79569   -0.79397   -0.79232   -0.79204   -0.79108   -0.79032   -0.78854   -0.78809
  -0.37463   -0.33986   -0.32818   -0.32679   -0.32446   -0.32339   -0.31959   -0.30949
   0.08667    0.09082    0.10444    0.11296    0.11939    0.13340    0.13750    0.14309
   0.14397    0.14809    0.17126    0.17780    0.20153    0.20681    0.22072    0.22308
   0.22926    0.23544    0.23570    0.23868    0.25985    0.26016    0.26459    0.26603
   0.46145    0.46973
 kpt#  59, nband= 50, wtk=  0.00926, kpt=  0.3333  0.0000  0.3333 (reduced coord)
  -1.94326   -1.94302   -1.94300   -1.94292   -0.80062   -0.80056   -0.79938   -0.79845
  -0.79619   -0.79427   -0.79330   -0.79114   -0.79093   -0.79074   -0.78961   -0.78854
  -0.36470   -0.33725   -0.33541   -0.32967   -0.32622   -0.32187   -0.32068   -0.31268
   0.09805    0.10737    0.11142    0.11542    0.11944    0.13141    0.13512    0.14247
   0.15129    0.15639    0.17159    0.17445    0.19212    0.20326    0.20987    0.21627
   0.22006    0.23409    0.23594    0.24293    0.24959    0.25177    0.25759    0.26237
   0.47167    0.47426
 kpt#  60, nband= 50, wtk=  0.00926, kpt=  0.5000  0.0000  0.3333 (reduced coord)
  -1.94314   -1.94313   -1.94297   -1.94296   -0.79977   -0.79977   -0.79863   -0.79863
  -0.79632   -0.79632   -0.79237   -0.79237   -0.79026   -0.79026   -0.78962   -0.78961
  -0.35052   -0.35052   -0.33357   -0.33357   -0.32370   -0.32369   -0.31698   -0.31698
   0.11115    0.11115    0.11806    0.11806    0.12046    0.12046    0.14584    0.14585
   0.14697    0.14697    0.18417    0.18417    0.19100    0.19100    0.20480    0.20481
   0.21652    0.21652    0.24562    0.24562    0.24797    0.24797    0.25751    0.25751
   0.47378    0.47557
 kpt#  61, nband= 50, wtk=  0.00926, kpt= -0.3333  0.0000  0.3333 (reduced coord)
  -1.94326   -1.94302   -1.94300   -1.94292   -0.80062   -0.80056   -0.79938   -0.79845
  -0.79619   -0.79427   -0.79330   -0.79113   -0.79093   -0.79074   -0.78961   -0.78854
  -0.36470   -0.33725   -0.33541   -0.32967   -0.32621   -0.32187   -0.32067   -0.31269
   0.09805    0.10737    0.11142    0.11542    0.11944    0.13141    0.13512    0.14247
   0.15129    0.15639    0.17159    0.17445    0.19212    0.20326    0.20987    0.21627
   0.22006    0.23409    0.23594    0.24293    0.24959    0.25177    0.25759    0.26237
   0.47290    0.47451
 kpt#  62, nband= 50, wtk=  0.00926, kpt= -0.1667  0.0000  0.3333 (reduced coord)
  -1.94336   -1.94305   -1.94290   -1.94288   -0.80184   -0.80146   -0.80095   -0.79704
  -0.79569   -0.79397   -0.79232   -0.79204   -0.79108   -0.79032   -0.78854   -0.78809
  -0.37463   -0.33986   -0.32818   -0.32679   -0.32446   -0.32339   -0.31959   -0.30949
   0.08667    0.09082    0.10444    0.11297    0.11939    0.13340    0.13750    0.14309
   0.14397    0.14809    0.17126    0.17780    0.20153    0.20681    0.22072    0.22308
   0.22926    0.23544    0.23570    0.23868    0.25985    0.26016    0.26459    0.26603
   0.46145    0.46946
 kpt#  63, nband= 50, wtk=  0.00926, kpt=  0.0000  0.1667  0.3333 (reduced coord)
  -1.94336   -1.94305   -1.94290   -1.94288   -0.80184   -0.80146   -0.80095   -0.79706
  -0.79568   -0.79396   -0.79230   -0.79205   -0.79108   -0.79034   -0.78853   -0.78808
  -0.37464   -0.33986   -0.32817   -0.32679   -0.32433   -0.32365   -0.31946   -0.30949
   0.08669    0.09077    0.10430    0.11365    0.11888    0.13365    0.13731    0.14193
   0.14626    0.14689    0.17106    0.17804    0.20119    0.20656    0.22120    0.22334
   0.22992    0.23464    0.23597    0.23812    0.25994    0.26013    0.26484    0.26601
   0.46127    0.46857
 kpt#  64, nband= 50, wtk=  0.00926, kpt=  0.1667  0.1667  0.3333 (reduced coord)
  -1.94333   -1.94304   -1.94291   -1.94291   -0.80177   -0.80166   -0.80108   -0.79584
  -0.79579   -0.79505   -0.79196   -0.79185   -0.79168   -0.79004   -0.78861   -0.78808
  -0.37164   -0.34036   -0.32957   -0.32877   -0.32636   -0.32054   -0.31977   -0.31032
   0.09408    0.09514    0.10360    0.11687    0.12003    0.13649    0.13792    0.14446
   0.14585    0.15310    0.16445    0.16540    0.20487    0.21736    0.21908    0.22021
   0.23150    0.23225    0.23428    0.23638    0.25343    0.25708    0.25777    0.26052
   0.46449    0.47028
 kpt#  65, nband= 50, wtk=  0.00926, kpt=  0.3333  0.1667  0.3333 (reduced coord)
  -1.94324   -1.94301   -1.94300   -1.94294   -0.80177   -0.80137   -0.80122   -0.79744
  -0.79561   -0.79335   -0.79333   -0.79100   -0.79073   -0.79004   -0.78923   -0.78850
  -0.36322   -0.34031   -0.33842   -0.33428   -0.32283   -0.31949   -0.31802   -0.31257
   0.10433    0.10841    0.11363    0.11928    0.12144    0.13514    0.13890    0.14244
   0.15127    0.15210    0.15952    0.17388    0.20101    0.20674    0.21222    0.22149
   0.22542    0.23119    0.23305    0.23591    0.24373    0.24698    0.25077    0.25773
   0.46818    0.47548
 kpt#  66, nband= 50, wtk=  0.00926, kpt=  0.5000  0.1667  0.3333 (reduced coord)
  -1.94312   -1.94312   -1.94298   -1.94297   -0.80162   -0.80162   -0.79977   -0.79977
  -0.79469   -0.79469   -0.79105   -0.79105   -0.79005   -0.79005   -0.78966   -0.78966
  -0.35116   -0.35115   -0.33831   -0.33830   -0.32001   -0.32001   -0.31556   -0.31556
   0.11488    0.11488    0.12046    0.12046    0.12389    0.12390    0.13976    0.13976
   0.15334    0.15334    0.17321    0.17321    0.20143    0.20144    0.20646    0.20646
   0.22101    0.22101    0.23972    0.23972    0.24087    0.24087    0.25474    0.25474
   0.47127    0.47129
 kpt#  67, nband= 50, wtk=  0.00926, kpt= -0.3333  0.1667  0.3333 (reduced coord)
  -1.94324   -1.94301   -1.94300   -1.94294   -0.80177   -0.80137   -0.80122   -0.79744
  -0.79561   -0.79335   -0.79333   -0.79100   -0.79073   -0.79004   -0.78923   -0.78850
  -0.36322   -0.34031   -0.33842   -0.33428   -0.32283   -0.31949   -0.31802   -0.31257
   0.10433    0.10841    0.11363    0.11928    0.12144    0.13514    0.13890    0.14244
   0.15127    0.15210    0.15952    0.17388    0.20101    0.20674    0.21222    0.22149
   0.22542    0.23119    0.23305    0.23591    0.24373    0.24698    0.25077    0.25773
   0.46815    0.47553
 kpt#  68, nband= 50, wtk=  0.00926, kpt= -0.1667  0.1667  0.3333 (reduced coord)
  -1.94333   -1.94304   -1.94291   -1.94291   -0.80177   -0.80166   -0.80108   -0.79584
  -0.79579   -0.79505   -0.79196   -0.79185   -0.79168   -0.79004   -0.78861   -0.78808
  -0.37164   -0.34036   -0.32957   -0.32877   -0.32636   -0.32054   -0.31977   -0.31032
   0.09408    0.09514    0.10360    0.11687    0.12003    0.13649    0.13793    0.14446
   0.14585    0.15310    0.16445    0.16540    0.20487    0.21736    0.21908    0.22021
   0.23150    0.23225    0.23428    0.23638    0.25343    0.25708    0.25777    0.26052
   0.46449    0.46995
 kpt#  69, nband= 50, wtk=  0.00926, kpt=  0.0000  0.3333  0.3333 (reduced coord)
  -1.94326   -1.94302   -1.94300   -1.94292   -0.80061   -0.80055   -0.79932   -0.79852
  -0.79618   -0.79428   -0.79331   -0.79106   -0.79099   -0.79078   -0.78958   -0.78854
  -0.36473   -0.33724   -0.33546   -0.32973   -0.32618   -0.32128   -0.32115   -0.31270
   0.09801    0.10734    0.11138    0.11596    0.11922    0.13176    0.13487    0.14215
   0.15113    0.15634    0.17178    0.17465    0.19207    0.20215    0.21110    0.21601
   0.21995    0.23413    0.23573    0.24255    0.24945    0.25225    0.25808    0.26239
   0.47158    0.47349
 kpt#  70, nband= 50, wtk=  0.00926, kpt=  0.1667  0.3333  0.3333 (reduced coord)
  -1.94324   -1.94301   -1.94300   -1.94294   -0.80177   -0.80137   -0.80120   -0.79743
  -0.79563   -0.79336   -0.79332   -0.79099   -0.79074   -0.79005   -0.78923   -0.78850
  -0.36324   -0.34031   -0.33845   -0.33431   -0.32280   -0.31925   -0.31821   -0.31259
   0.10429    0.10842    0.11369    0.11964    0.12129    0.13489    0.13912    0.14226
   0.15111    0.15211    0.15959    0.17402    0.20044    0.20689    0.21293    0.22136
   0.22485    0.23138    0.23257    0.23576    0.24417    0.24692    0.25116    0.25783
   0.46658    0.47498
 kpt#  71, nband= 50, wtk=  0.00926, kpt=  0.3333  0.3333  0.3333 (reduced coord)
  -1.94318   -1.94301   -1.94300   -1.94300   -0.80276   -0.80268   -0.80268   -0.80006
  -0.79283   -0.79246   -0.79233   -0.79031   -0.79009   -0.78960   -0.78927   -0.78825
  -0.35880   -0.34410   -0.34303   -0.34275   -0.31809   -0.31575   -0.31549   -0.31255
   0.11395    0.11790    0.11893    0.12112    0.12887    0.14045    0.14115    0.14455
   0.14913    0.15051    0.15096    0.18322    0.19346    0.21622    0.21834    0.22004
   0.22199    0.22510    0.22640    0.22757    0.23085    0.24183    0.24427    0.25261
   0.46377    0.47303
 kpt#  72, nband= 50, wtk=  0.00926, kpt=  0.5000  0.3333  0.3333 (reduced coord)
  -1.94309   -1.94309   -1.94301   -1.94300   -0.80327   -0.80327   -0.80210   -0.80210
  -0.79243   -0.79242   -0.79039   -0.79039   -0.78940   -0.78940   -0.78900   -0.78900
  -0.35168   -0.35168   -0.34515   -0.34515   -0.31550   -0.31550   -0.31332   -0.31331
   0.12076    0.12076    0.12305    0.12305    0.13306    0.13306    0.14027    0.14027
   0.15477    0.15477    0.17094    0.17095    0.20131    0.20132    0.21320    0.21320
   0.21973    0.21974    0.22359    0.22359    0.23764    0.23765    0.24975    0.24975
   0.46520    0.46605
 kpt#  73, nband= 50, wtk=  0.00926, kpt= -0.3333  0.3333  0.3333 (reduced coord)
  -1.94318   -1.94301   -1.94300   -1.94300   -0.80276   -0.80268   -0.80268   -0.80006
  -0.79283   -0.79246   -0.79233   -0.79030   -0.79009   -0.78960   -0.78927   -0.78825
  -0.35880   -0.34411   -0.34303   -0.34274   -0.31808   -0.31575   -0.31549   -0.31255
   0.11396    0.11790    0.11893    0.12112    0.12888    0.14045    0.14114    0.14455
   0.14913    0.15051    0.15097    0.18322    0.19346    0.21622    0.21834    0.22004
   0.22199    0.22510    0.22640    0.22757    0.23085    0.24183    0.24427    0.25261
   0.46376    0.47273
 kpt#  74, nband= 50, wtk=  0.00926, kpt= -0.1667  0.3333  0.3333 (reduced coord)
  -1.94324   -1.94301   -1.94300   -1.94294   -0.80177   -0.80137   -0.80121   -0.79743
  -0.79563   -0.79336   -0.79332   -0.79099   -0.79074   -0.79004   -0.78923   -0.78850
  -0.36324   -0.34031   -0.33845   -0.33431   -0.32280   -0.31925   -0.31821   -0.31259
   0.10429    0.10842    0.11369    0.11964    0.12129    0.13489    0.13912    0.14226
   0.15111    0.15211    0.15959    0.17402    0.20044    0.20689    0.21293    0.22136
   0.22485    0.23138    0.23257    0.23576    0.24417    0.24692    0.25116    0.25783
   0.46657    0.47465
 kpt#  75, nband= 50, wtk=  0.00926, kpt=  0.0000  0.5000  0.3333 (reduced coord)
  -1.94314   -1.94313   -1.94297   -1.94296   -0.79976   -0.79976   -0.79862   -0.79862
  -0.79635   -0.79634   -0.79239   -0.79239   -0.79023   -0.79023   -0.78963   -0.78963
  -0.35057   -0.35057   -0.33358   -0.33357   -0.32359   -0.32359   -0.31703   -0.31702
   0.11115    0.11115    0.11917    0.11917    0.11945    0.11946    0.14619    0.14620
   0.14633    0.14634    0.18427    0.18428    0.19143    0.19144    0.20477    0.20478
   0.21582    0.21582    0.24452    0.24453    0.24964    0.24965    0.25739    0.25740
   0.47184    0.47215
 kpt#  76, nband= 50, wtk=  0.00926, kpt=  0.1667  0.5000  0.3333 (reduced coord)
  -1.94312   -1.94312   -1.94298   -1.94297   -0.80162   -0.80162   -0.79976   -0.79975
  -0.79472   -0.79471   -0.79105   -0.79105   -0.79004   -0.79003   -0.78967   -0.78966
  -0.35120   -0.35119   -0.33830   -0.33830   -0.31991   -0.31990   -0.31563   -0.31563
   0.11492    0.11492    0.12077    0.12077    0.12366    0.12366    0.13962    0.13962
   0.15321    0.15322    0.17333    0.17333    0.20252    0.20253    0.20560    0.20560
   0.22033    0.22033    0.23860    0.23861    0.24252    0.24252    0.25477    0.25477
   0.46913    0.46924
 kpt#  77, nband= 50, wtk=  0.00926, kpt=  0.3333  0.5000  0.3333 (reduced coord)
  -1.94309   -1.94309   -1.94301   -1.94300   -0.80327   -0.80327   -0.80209   -0.80209
  -0.79244   -0.79244   -0.79037   -0.79037   -0.78943   -0.78942   -0.78899   -0.78899
  -0.35169   -0.35169   -0.34514   -0.34514   -0.31543   -0.31542   -0.31338   -0.31337
   0.12080    0.12080    0.12306    0.12306    0.13313    0.13314    0.14010    0.14010
   0.15476    0.15476    0.17100    0.17100    0.20153    0.20155    0.21323    0.21324
   0.21875    0.21876    0.22404    0.22405    0.23790    0.23791    0.24977    0.24978
   0.46397    0.46400
 kpt#  78, nband= 50, wtk=  0.00926, kpt=  0.5000  0.5000  0.3333 (reduced coord)
  -1.94305   -1.94305   -1.94305   -1.94304   -0.80346   -0.80346   -0.80346   -0.80346
  -0.79109   -0.79109   -0.79109   -0.79109   -0.78868   -0.78868   -0.78868   -0.78868
  -0.34992   -0.34992   -0.34992   -0.34992   -0.31305   -0.31304   -0.31304   -0.31304
   0.12291    0.12291    0.12292    0.12292    0.14021    0.14021    0.14022    0.14022
   0.16509    0.16509    0.16510    0.16510    0.20560    0.20560    0.20561    0.20561
   0.21475    0.21475    0.21476    0.21476    0.24558    0.24558    0.24559    0.24559
   0.46356    0.46356
 kpt#  79, nband= 50, wtk=  0.00926, kpt= -0.3333  0.5000  0.3333 (reduced coord)
  -1.94309   -1.94309   -1.94301   -1.94300   -0.80327   -0.80327   -0.80209   -0.80209
  -0.79244   -0.79244   -0.79037   -0.79037   -0.78943   -0.78942   -0.78899   -0.78899
  -0.35169   -0.35169   -0.34514   -0.34514   -0.31543   -0.31542   -0.31338   -0.31338
   0.12080    0.12080    0.12306    0.12306    0.13313    0.13314    0.14010    0.14011
   0.15476    0.15476    0.17099    0.17100    0.20154    0.20154    0.21323    0.21324
   0.21875    0.21876    0.22404    0.22405    0.23791    0.23791    0.24977    0.24978
   0.46397    0.46401
 kpt#  80, nband= 50, wtk=  0.00926, kpt= -0.1667  0.5000  0.3333 (reduced coord)
  -1.94312   -1.94312   -1.94298   -1.94297   -0.80162   -0.80162   -0.79976   -0.79975
  -0.79472   -0.79471   -0.79105   -0.79105   -0.79004   -0.79003   -0.78967   -0.78966
  -0.35120   -0.35119   -0.33830   -0.33830   -0.31991   -0.31990   -0.31563   -0.31563
   0.11492    0.11492    0.12077    0.12077    0.12366    0.12367    0.13962    0.13962
   0.15322    0.15322    0.17333    0.17333    0.20252    0.20253    0.20560    0.20560
   0.22033    0.22033    0.23860    0.23861    0.24252    0.24252    0.25476    0.25477
   0.46912    0.46918
 kpt#  81, nband= 50, wtk=  0.00926, kpt=  0.0000 -0.3333  0.3333 (reduced coord)
  -1.94326   -1.94302   -1.94300   -1.94292   -0.80061   -0.80055   -0.79932   -0.79852
  -0.79618   -0.79428   -0.79331   -0.79106   -0.79099   -0.79078   -0.78958   -0.78854
  -0.36473   -0.33724   -0.33546   -0.32973   -0.32618   -0.32128   -0.32115   -0.31270
   0.09801    0.10734    0.11138    0.11596    0.11922    0.13176    0.13487    0.14215
   0.15113    0.15634    0.17178    0.17465    0.19207    0.20215    0.21110    0.21601
   0.21995    0.23413    0.23573    0.24255    0.24945    0.25225    0.25808    0.26239
   0.47137    0.47271
 kpt#  82, nband= 50, wtk=  0.00926, kpt=  0.1667 -0.3333  0.3333 (reduced coord)
  -1.94324   -1.94301   -1.94300   -1.94294   -0.80177   -0.80137   -0.80120   -0.79743
  -0.79563   -0.79336   -0.79332   -0.79099   -0.79074   -0.79005   -0.78923   -0.78850
  -0.36324   -0.34031   -0.33845   -0.33431   -0.32280   -0.31925   -0.31821   -0.31259
   0.10429    0.10842    0.11369    0.11964    0.12129    0.13489    0.13912    0.14226
   0.15111    0.15211    0.15959    0.17402    0.20044    0.20689    0.21293    0.22136
   0.22485    0.23138    0.23257    0.23576    0.24417    0.24692    0.25116    0.25783
   0.46658    0.47600
 kpt#  83, nband= 50, wtk=  0.00926, kpt=  0.3333 -0.3333  0.3333 (reduced coord)
  -1.94318   -1.94301   -1.94300   -1.94300   -0.80276   -0.80268   -0.80268   -0.80006
  -0.79283   -0.79246   -0.79233   -0.79031   -0.79009   -0.78960   -0.78927   -0.78825
  -0.35880   -0.34410   -0.34303   -0.34275   -0.31809   -0.31575   -0.31549   -0.31255
   0.11395    0.11790    0.11893    0.12112    0.12887    0.14045    0.14115    0.14455
   0.14913    0.15051    0.15096    0.18322    0.19346    0.21622    0.21834    0.22004
   0.22199    0.22510    0.22640    0.22757    0.23085    0.24183    0.24427    0.25261
   0.46379    0.47212
 kpt#  84, nband= 50, wtk=  0.00926, kpt=  0.5000 -0.3333  0.3333 (reduced coord)
  -1.94309   -1.94309   -1.94301   -1.94300   -0.80327   -0.80327   -0.80210   -0.80210
  -0.79243   -0.79242   -0.79039   -0.79039   -0.78940   -0.78940   -0.78900   -0.78900
  -0.35168   -0.35168   -0.34515   -0.34515   -0.31550   -0.31550   -0.31332   -0.31331
   0.12076    0.12076    0.12305    0.12305    0.13306    0.13306    0.14027    0.14027
   0.15477    0.15477    0.17094    0.17095    0.20131    0.20132    0.21320    0.21320
   0.21973    0.21974    0.22359    0.22359    0.23764    0.23765    0.24975    0.24975
   0.46522    0.46548
 kpt#  85, nband= 50, wtk=  0.00926, kpt= -0.3333 -0.3333  0.3333 (reduced coord)
  -1.94318   -1.94301   -1.94300   -1.94300   -0.80276   -0.80268   -0.80268   -0.80006
  -0.79283   -0.79246   -0.79233   -0.79030   -0.79009   -0.78960   -0.78927   -0.78825
  -0.35880   -0.34411   -0.34303   -0.34274   -0.31808   -0.31575   -0.31549   -0.31255
   0.11396    0.11790    0.11893    0.12112    0.12888    0.14045    0.14114    0.14455
   0.14913    0.15051    0.15097    0.18322    0.19346    0.21622    0.21834    0.22004
   0.22199    0.22510    0.22640    0.22757    0.23085    0.24183    0.24427    0.25261
   0.46376    0.47178
 kpt#  86, nband= 50, wtk=  0.00926, kpt= -0.1667 -0.3333  0.3333 (reduced coord)
  -1.94324   -1.94301   -1.94300   -1.94294   -0.80177   -0.80137   -0.80121   -0.79743
  -0.79563   -0.79336   -0.79332   -0.79099   -0.79074   -0.79004   -0.78923   -0.78850
  -0.36324   -0.34031   -0.33845   -0.33431   -0.32280   -0.31925   -0.31821   -0.31259
   0.10429    0.10842    0.11369    0.11964    0.12129    0.13489    0.13912    0.14226
   0.15111    0.15211    0.15959    0.17402    0.20044    0.20689    0.21293    0.22136
   0.22485    0.23138    0.23257    0.23576    0.24417    0.24692    0.25116    0.25783
   0.46657    0.47445
 kpt#  87, nband= 50, wtk=  0.00926, kpt=  0.0000 -0.1667  0.3333 (reduced coord)
  -1.94336   -1.94305   -1.94290   -1.94288   -0.80184   -0.80146   -0.80095   -0.79706
  -0.79568   -0.79396   -0.79230   -0.79205   -0.79108   -0.79034   -0.78853   -0.78808
  -0.37464   -0.33986   -0.32817   -0.32679   -0.32433   -0.32365   -0.31946   -0.30949
   0.08669    0.09077    0.10430    0.11365    0.11888    0.13365    0.13731    0.14193
   0.14626    0.14689    0.17106    0.17804    0.20119    0.20656    0.22120    0.22334
   0.22992    0.23464    0.23597    0.23812    0.25994    0.26013    0.26484    0.26601
   0.46127    0.46857
 kpt#  88, nband= 50, wtk=  0.00926, kpt=  0.1667 -0.1667  0.3333 (reduced coord)
  -1.94333   -1.94304   -1.94291   -1.94291   -0.80177   -0.80166   -0.80108   -0.79584
  -0.79579   -0.79505   -0.79196   -0.79185   -0.79168   -0.79004   -0.78861   -0.78808
  -0.37164   -0.34036   -0.32957   -0.32877   -0.32636   -0.32054   -0.31977   -0.31032
   0.09408    0.09514    0.10360    0.11687    0.12003    0.13649    0.13792    0.14446
   0.14585    0.15310    0.16445    0.16540    0.20487    0.21736    0.21908    0.22021
   0.23150    0.23225    0.23428    0.23638    0.25343    0.25708    0.25777    0.26052
   0.46449    0.46995
 kpt#  89, nband= 50, wtk=  0.00926, kpt=  0.3333 -0.1667  0.3333 (reduced coord)
  -1.94324   -1.94301   -1.94300   -1.94294   -0.80177   -0.80137   -0.80122   -0.79744
  -0.79561   -0.79335   -0.79333   -0.79100   -0.79073   -0.79004   -0.78923   -0.78850
  -0.36322   -0.34031   -0.33842   -0.33428   -0.32283   -0.31949   -0.31802   -0.31257
   0.10433    0.10841    0.11363    0.11928    0.12144    0.13514    0.13890    0.14244
   0.15127    0.15210    0.15952    0.17388    0.20101    0.20674    0.21222    0.22149
   0.22542    0.23119    0.23305    0.23591    0.24373    0.24698    0.25077    0.25773
   0.46820    0.47554
 kpt#  90, nband= 50, wtk=  0.00926, kpt=  0.5000 -0.1667  0.3333 (reduced coord)
  -1.94312   -1.94312   -1.94298   -1.94297   -0.80162   -0.80162   -0.79977   -0.79977
  -0.79469   -0.79469   -0.79105   -0.79105   -0.79005   -0.79005   -0.78966   -0.78966
  -0.35116   -0.35115   -0.33831   -0.33830   -0.32001   -0.32001   -0.31556   -0.31556
   0.11488    0.11488    0.12046    0.12046    0.12389    0.12390    0.13976    0.13976
   0.15334    0.15334    0.17321    0.17321    0.20143    0.20144    0.20646    0.20646
   0.22101    0.22101    0.23972    0.23972    0.24087    0.24087    0.25474    0.25474
   0.47127    0.47197
 kpt#  91, nband= 50, wtk=  0.00926, kpt= -0.3333 -0.1667  0.3333 (reduced coord)
  -1.94324   -1.94301   -1.94300   -1.94294   -0.80177   -0.80137   -0.80122   -0.79744
  -0.79561   -0.79335   -0.79333   -0.79100   -0.79073   -0.79004   -0.78923   -0.78850
  -0.36322   -0.34031   -0.33842   -0.33428   -0.32283   -0.31949   -0.31802   -0.31257
   0.10433    0.10841    0.11363    0.11928    0.12144    0.13514    0.13890    0.14244
   0.15127    0.15210    0.15952    0.17388    0.20101    0.20674    0.21222    0.22149
   0.22542    0.23119    0.23305    0.23591    0.24373    0.24698    0.25077    0.25773
   0.46815    0.47559
 kpt#  92, nband= 50, wtk=  0.00926, kpt= -0.1667 -0.1667  0.3333 (reduced coord)
  -1.94333   -1.94304   -1.94291   -1.94291   -0.80177   -0.80166   -0.80108   -0.79584
  -0.79579   -0.79505   -0.79196   -0.79185   -0.79168   -0.79004   -0.78861   -0.78808
  -0.37164   -0.34036   -0.32957   -0.32877   -0.32636   -0.32054   -0.31977   -0.31032
   0.09408    0.09514    0.10360    0.11687    0.12003    0.13649    0.13793    0.14446
   0.14585    0.15310    0.16445    0.16540    0.20487    0.21736    0.21908    0.22021
   0.23150    0.23225    0.23428    0.23638    0.25343    0.25708    0.25777    0.26052
   0.46449    0.46995
 kpt#  93, nband= 50, wtk=  0.00463, kpt=  0.0000  0.0000  0.5000 (reduced coord)
  -1.94323   -1.94323   -1.94287   -1.94287   -0.79925   -0.79925   -0.79924   -0.79924
  -0.79711   -0.79711   -0.79280   -0.79280   -0.78927   -0.78927   -0.78908   -0.78908
  -0.36022   -0.36022   -0.32226   -0.32225   -0.32220   -0.32219   -0.31895   -0.31895
   0.10662    0.10663    0.10717    0.10717    0.12196    0.12196    0.13100    0.13100
   0.15074    0.15074    0.17586    0.17586    0.20256    0.20257    0.20304    0.20304
   0.21851    0.21851    0.24823    0.24823    0.26871    0.26871    0.26957    0.26957
   0.46918    0.46921
 kpt#  94, nband= 50, wtk=  0.00926, kpt=  0.1667  0.0000  0.5000 (reduced coord)
  -1.94321   -1.94321   -1.94289   -1.94289   -0.79954   -0.79954   -0.79856   -0.79856
  -0.79760   -0.79760   -0.79216   -0.79216   -0.78993   -0.78993   -0.78903   -0.78903
  -0.35794   -0.35794   -0.32513   -0.32512   -0.32192   -0.32191   -0.31912   -0.31912
   0.10841    0.10842    0.11382    0.11382    0.12147    0.12147    0.12852    0.12852
   0.15807    0.15807    0.18115    0.18115    0.18962    0.18962    0.19885    0.19885
   0.23027    0.23028    0.24058    0.24058    0.26323    0.26323    0.26406    0.26406
   0.47177    0.47177
 kpt#  95, nband= 50, wtk=  0.00926, kpt=  0.3333  0.0000  0.5000 (reduced coord)
  -1.94314   -1.94314   -1.94296   -1.94296   -0.79981   -0.79981   -0.79864   -0.79864
  -0.79678   -0.79678   -0.79179   -0.79179   -0.79083   -0.79083   -0.78907   -0.78907
  -0.35153   -0.35152   -0.33267   -0.33267   -0.32123   -0.32123   -0.31961   -0.31961
   0.11151    0.11151    0.11842    0.11842    0.13000    0.13000    0.13091    0.13091
   0.16952    0.16952    0.17585    0.17585    0.18977    0.18977    0.19641    0.19642
   0.21727    0.21727    0.24043    0.24043    0.24960    0.24960    0.25798    0.25798
   0.47390    0.47501
 kpt#  96, nband= 50, wtk=  0.00463, kpt=  0.5000  0.0000  0.5000 (reduced coord)
  -1.94306   -1.94305   -1.94305   -1.94304   -0.79953   -0.79953   -0.79952   -0.79952
  -0.79431   -0.79431   -0.79431   -0.79431   -0.78967   -0.78967   -0.78967   -0.78966
  -0.34238   -0.34237   -0.34237   -0.34237   -0.32039   -0.32039   -0.32038   -0.32038
   0.11486    0.11486    0.11486    0.11486    0.13671    0.13671    0.13671    0.13672
   0.17720    0.17720    0.17720    0.17720    0.18708    0.18708    0.18709    0.18709
   0.22220    0.22220    0.22221    0.22221    0.25286    0.25286    0.25286    0.25287
   0.47396    0.47397
 kpt#  97, nband= 50, wtk=  0.00926, kpt=  0.0000  0.1667  0.5000 (reduced coord)
  -1.94321   -1.94321   -1.94289   -1.94289   -0.79951   -0.79951   -0.79859   -0.79859
  -0.79759   -0.79759   -0.79216   -0.79215   -0.78995   -0.78995   -0.78901   -0.78901
  -0.35795   -0.35794   -0.32522   -0.32522   -0.32182   -0.32182   -0.31911   -0.31911
   0.10823    0.10823    0.11402    0.11402    0.12159    0.12159    0.12853    0.12853
   0.15760    0.15760    0.18148    0.18148    0.18949    0.18949    0.19897    0.19897
   0.23024    0.23024    0.24059    0.24059    0.26324    0.26324    0.26412    0.26412
   0.47113    0.47113
 kpt#  98, nband= 50, wtk=  0.00926, kpt=  0.1667  0.1667  0.5000 (reduced coord)
  -1.94319   -1.94319   -1.94291   -1.94291   -0.80084   -0.80082   -0.79893   -0.79771
  -0.79678   -0.79676   -0.79175   -0.79174   -0.79084   -0.78938   -0.78912   -0.78895
  -0.35669   -0.35612   -0.32974   -0.32961   -0.31967   -0.31953   -0.31936   -0.31828
   0.11082    0.11117    0.11925    0.11961    0.12041    0.12295    0.12520    0.13234
   0.15476    0.16960    0.17488    0.17488    0.18499    0.18519    0.20879    0.20906
   0.23041    0.23048    0.23185    0.24171    0.25532    0.25683    0.25705    0.26018
   0.46728    0.47963
 kpt#  99, nband= 50, wtk=  0.00926, kpt=  0.3333  0.1667  0.5000 (reduced coord)
  -1.94313   -1.94313   -1.94297   -1.94297   -0.80186   -0.80128   -0.80064   -0.79911
  -0.79495   -0.79416   -0.79197   -0.79081   -0.79062   -0.79016   -0.78913   -0.78894
  -0.35243   -0.35146   -0.33750   -0.33681   -0.31900   -0.31847   -0.31757   -0.31731
   0.11419    0.11716    0.12046    0.12046    0.12924    0.13007    0.13314    0.13892
   0.15750    0.16139    0.16588    0.18319    0.19510    0.19579    0.20305    0.20850
   0.21227    0.22639    0.23551    0.23574    0.24134    0.24606    0.24694    0.25589
   0.46762    0.47942
 kpt# 100, nband= 50, wtk=  0.00926, kpt=  0.5000  0.1667  0.5000 (reduced coord)
  -1.94306   -1.94305   -1.94305   -1.94304   -0.80178   -0.80178   -0.80059   -0.80059
  -0.79338   -0.79337   -0.79181   -0.79181   -0.78979   -0.78978   -0.78948   -0.78947
  -0.34565   -0.34565   -0.34461   -0.34461   -0.31849   -0.31849   -0.31691   -0.31691
   0.11777    0.11777    0.12020    0.12020    0.13395    0.13395    0.13891    0.13892
   0.16570    0.16570    0.17278    0.17278    0.19777    0.19777    0.20318    0.20318
   0.21821    0.21822    0.21964    0.21964    0.24352    0.24352    0.25192    0.25193
   0.47091    0.47490
 kpt# 101, nband= 50, wtk=  0.00926, kpt= -0.3333  0.1667  0.5000 (reduced coord)
  -1.94313   -1.94313   -1.94297   -1.94297   -0.80186   -0.80128   -0.80064   -0.79911
  -0.79495   -0.79416   -0.79197   -0.79081   -0.79062   -0.79016   -0.78913   -0.78894
  -0.35243   -0.35146   -0.33750   -0.33681   -0.31900   -0.31847   -0.31757   -0.31731
   0.11419    0.11716    0.12046    0.12046    0.12924    0.13007    0.13314    0.13892
   0.15750    0.16139    0.16588    0.18319    0.19510    0.19579    0.20305    0.20850
   0.21227    0.22639    0.23551    0.23574    0.24134    0.24606    0.24694    0.25589
   0.46761    0.47898
 kpt# 102, nband= 50, wtk=  0.00926, kpt= -0.1667  0.1667  0.5000 (reduced coord)
  -1.94319   -1.94319   -1.94291   -1.94291   -0.80084   -0.80082   -0.79893   -0.79771
  -0.79678   -0.79676   -0.79175   -0.79174   -0.79084   -0.78938   -0.78912   -0.78895
  -0.35669   -0.35612   -0.32974   -0.32961   -0.31967   -0.31953   -0.31936   -0.31828
   0.11082    0.11117    0.11925    0.11961    0.12041    0.12295    0.12520    0.13234
   0.15476    0.16960    0.17488    0.17488    0.18499    0.18519    0.20879    0.20906
   0.23041    0.23048    0.23185    0.24171    0.25532    0.25683    0.25705    0.26018
   0.46728    0.48043
 kpt# 103, nband= 50, wtk=  0.00926, kpt=  0.0000  0.3333  0.5000 (reduced coord)
  -1.94314   -1.94314   -1.94296   -1.94296   -0.79979   -0.79979   -0.79863   -0.79863
  -0.79681   -0.79681   -0.79182   -0.79181   -0.79082   -0.79082   -0.78906   -0.78906
  -0.35155   -0.35155   -0.33274   -0.33274   -0.32115   -0.32115   -0.31958   -0.31958
   0.11142    0.11142    0.11861    0.11862    0.13013    0.13013    0.13086    0.13086
   0.16867    0.16867    0.17585    0.17585    0.18961    0.18961    0.19715    0.19716
   0.21720    0.21720    0.24056    0.24056    0.24959    0.24959    0.25810    0.25810
   0.47271    0.47354
 kpt# 104, nband= 50, wtk=  0.00926, kpt=  0.1667  0.3333  0.5000 (reduced coord)
  -1.94313   -1.94313   -1.94297   -1.94297   -0.80186   -0.80127   -0.80064   -0.79910
  -0.79498   -0.79415   -0.79199   -0.79081   -0.79060   -0.79018   -0.78912   -0.78894
  -0.35243   -0.35148   -0.33745   -0.33693   -0.31897   -0.31834   -0.31763   -0.31731
   0.11397    0.11733    0.12057    0.12058    0.12910    0.13003    0.13316    0.13927
   0.15737    0.16103    0.16585    0.18166    0.19603    0.19674    0.20324    0.20793
   0.21209    0.22629    0.23565    0.23594    0.24175    0.24572    0.24698    0.25605
   0.46611    0.47761
 kpt# 105, nband= 50, wtk=  0.00926, kpt=  0.3333  0.3333  0.5000 (reduced coord)
  -1.94309   -1.94309   -1.94300   -1.94300   -0.80322   -0.80321   -0.80276   -0.80133
  -0.79184   -0.79181   -0.79130   -0.79025   -0.79023   -0.78966   -0.78884   -0.78875
  -0.35248   -0.35134   -0.34423   -0.34416   -0.31631   -0.31446   -0.31438   -0.31425
   0.12304    0.12330    0.12428    0.12429    0.13202    0.13521    0.13832    0.13860
   0.15573    0.15578    0.16233    0.18939    0.19522    0.19597    0.21545    0.21743
   0.21924    0.22239    0.22362    0.22822    0.23146    0.23500    0.23563    0.24783
   0.46425    0.47335
 kpt# 106, nband= 50, wtk=  0.00926, kpt=  0.5000  0.3333  0.5000 (reduced coord)
  -1.94305   -1.94305   -1.94305   -1.94304   -0.80376   -0.80376   -0.80300   -0.80300
  -0.79120   -0.79120   -0.79002   -0.79002   -0.78943   -0.78943   -0.78908   -0.78908
  -0.34987   -0.34987   -0.34913   -0.34913   -0.31418   -0.31418   -0.31289   -0.31289
   0.12578    0.12578    0.12899    0.12900    0.13284    0.13284    0.13649    0.13649
   0.16399    0.16399    0.17247    0.17247    0.20453    0.20454    0.20479    0.20480
   0.21960    0.21960    0.22345    0.22346    0.22809    0.22809    0.24370    0.24370
   0.46670    0.46679
 kpt# 107, nband= 50, wtk=  0.00926, kpt= -0.3333  0.3333  0.5000 (reduced coord)
  -1.94309   -1.94309   -1.94300   -1.94300   -0.80322   -0.80321   -0.80276   -0.80133
  -0.79184   -0.79181   -0.79130   -0.79025   -0.79023   -0.78966   -0.78884   -0.78875
  -0.35248   -0.35134   -0.34423   -0.34416   -0.31631   -0.31446   -0.31438   -0.31425
   0.12304    0.12330    0.12428    0.12429    0.13202    0.13521    0.13832    0.13860
   0.15573    0.15578    0.16233    0.18939    0.19522    0.19597    0.21545    0.21743
   0.21924    0.22239    0.22362    0.22822    0.23146    0.23500    0.23563    0.24783
   0.46424    0.47367
 kpt# 108, nband= 50, wtk=  0.00926, kpt= -0.1667  0.3333  0.5000 (reduced coord)
  -1.94313   -1.94313   -1.94297   -1.94297   -0.80186   -0.80127   -0.80064   -0.79910
  -0.79498   -0.79415   -0.79199   -0.79081   -0.79060   -0.79018   -0.78912   -0.78894
  -0.35243   -0.35148   -0.33745   -0.33693   -0.31897   -0.31834   -0.31763   -0.31731
   0.11397    0.11733    0.12057    0.12058    0.12910    0.13003    0.13316    0.13927
   0.15737    0.16103    0.16585    0.18166    0.19603    0.19674    0.20324    0.20793
   0.21209    0.22629    0.23565    0.23594    0.24175    0.24572    0.24698    0.25605
   0.46611    0.47759
 kpt# 109, nband= 50, wtk=  0.00463, kpt=  0.0000  0.5000  0.5000 (reduced coord)
  -1.94306   -1.94305   -1.94305   -1.94304   -0.79951   -0.79951   -0.79950   -0.79950
  -0.79434   -0.79434   -0.79434   -0.79433   -0.78966   -0.78966   -0.78966   -0.78966
  -0.34243   -0.34242   -0.34242   -0.34242   -0.32033   -0.32033   -0.32032   -0.32032
   0.11491    0.11491    0.11492    0.11492    0.13670    0.13670    0.13671    0.13672
   0.17664    0.17664    0.17665    0.17665    0.18735    0.18735    0.18735    0.18736
   0.22242    0.22242    0.22243    0.22243    0.25294    0.25294    0.25294    0.25294
   0.47314    0.47315
 kpt# 110, nband= 50, wtk=  0.00926, kpt=  0.1667  0.5000  0.5000 (reduced coord)
  -1.94306   -1.94305   -1.94305   -1.94304   -0.80178   -0.80178   -0.80058   -0.80057
  -0.79340   -0.79340   -0.79181   -0.79181   -0.78979   -0.78978   -0.78947   -0.78946
  -0.34564   -0.34564   -0.34469   -0.34469   -0.31841   -0.31840   -0.31692   -0.31692
   0.11775    0.11775    0.12028    0.12029    0.13396    0.13397    0.13896    0.13897
   0.16546    0.16547    0.17262    0.17262    0.19718    0.19718    0.20350    0.20350
   0.21798    0.21798    0.22036    0.22037    0.24356    0.24357    0.25203    0.25203
   0.46895    0.46908
 kpt# 111, nband= 50, wtk=  0.00926, kpt=  0.3333  0.5000  0.5000 (reduced coord)
  -1.94305   -1.94305   -1.94305   -1.94304   -0.80376   -0.80376   -0.80299   -0.80299
  -0.79122   -0.79122   -0.79000   -0.79000   -0.78945   -0.78945   -0.78907   -0.78907
  -0.34984   -0.34984   -0.34917   -0.34917   -0.31413   -0.31412   -0.31292   -0.31292
   0.12568    0.12569    0.12897    0.12898    0.13294    0.13295    0.13658    0.13659
   0.16388    0.16389    0.17245    0.17245    0.20395    0.20395    0.20505    0.20506
   0.21942    0.21943    0.22385    0.22385    0.22831    0.22832    0.24367    0.24367
   0.46495    0.46497
 kpt# 112, nband= 50, wtk=  0.00463, kpt=  0.5000  0.5000  0.5000 (reduced coord)
  -1.94306   -1.94305   -1.94305   -1.94304   -0.80423   -0.80423   -0.80423   -0.80422
  -0.79027   -0.79027   -0.79027   -0.79026   -0.78868   -0.78868   -0.78867   -0.78867
  -0.35135   -0.35135   -0.35135   -0.35134   -0.31181   -0.31181   -0.31180   -0.31180
   0.12923    0.12923    0.12923    0.12923    0.13644    0.13644    0.13645    0.13645
   0.17045    0.17045    0.17045    0.17046    0.19991    0.19992    0.19992    0.19992
   0.22078    0.22078    0.22080    0.22080    0.23543    0.23544    0.23544    0.23544
   0.46541    0.46541
