 Fermi (or HOMO) energy (hartree) =   0.28450   Average Vxc (hartree)=  -0.44632
 Eigenvalues (hartree) for nkpt= 112  k points:
 kpt#   1, nband= 50, wtk=  0.00463, kpt=  0.0000  0.0000  0.0000 (reduced coord)
  -1.94284   -1.94179   -1.94128   -1.94047   -0.80656   -0.80622   -0.80558   -0.79500
  -0.79373   -0.79332   -0.79295   -0.79254   -0.79101   -0.78760   -0.78746   -0.78709
  -0.40022   -0.34717   -0.34700   -0.34286   -0.31137   -0.30641   -0.30576   -0.30076
   0.06762    0.06807    0.07566    0.09532    0.09983    0.10882    0.16036    0.16502
   0.16673    0.16928    0.17433    0.18117    0.19765    0.20260    0.21126    0.21916
   0.22876    0.23042    0.23162    0.23343    0.24716    0.26302    0.28120    0.28450
   0.45644    0.46157
 kpt#   2, nband= 50, wtk=  0.00926, kpt=  0.1667  0.0000  0.0000 (reduced coord)
  -1.94282   -1.94178   -1.94129   -1.94048   -0.80582   -0.80549   -0.80469   -0.79489
  -0.79418   -0.79388   -0.79283   -0.79267   -0.79105   -0.78869   -0.78787   -0.78749
  -0.39610   -0.34677   -0.34654   -0.34242   -0.31285   -0.31118   -0.30469   -0.30097
   0.06914    0.07287    0.07561    0.09654    0.09840    0.11768    0.14985    0.15569
   0.16612    0.16737    0.17172    0.18714    0.18888    0.20168    0.21582    0.22114
   0.23015    0.23097    0.23585    0.24352    0.24486    0.25224    0.28032    0.28377
   0.46332    0.47017
 kpt#   3, nband= 50, wtk=  0.00926, kpt=  0.3333  0.0000  0.0000 (reduced coord)
  -1.94279   -1.94177   -1.94131   -1.94050   -0.80399   -0.80381   -0.80207   -0.79632
  -0.79523   -0.79437   -0.79296   -0.79259   -0.79140   -0.79078   -0.78869   -0.78833
  -0.38588   -0.34635   -0.34515   -0.34213   -0.32473   -0.31034   -0.30503   -0.30180
   0.07062    0.07395    0.09211    0.10201    0.10250    0.11504    0.13692    0.14104
   0.15619    0.16642    0.17217    0.18688    0.19354    0.20596    0.21482    0.21589
   0.22200    0.23656    0.24028    0.24280    0.24663    0.25203    0.28105    0.28209
   0.45755    0.46407
 kpt#   4, nband= 50, wtk=  0.00463, kpt=  0.5000  0.0000  0.0000 (reduced coord)
  -1.94278   -1.94177   -1.94132   -1.94050   -0.80277   -0.80252   -0.79954   -0.79778
  -0.79627   -0.79531   -0.79419   -0.79258   -0.79118   -0.79062   -0.78946   -0.78881
  -0.37878   -0.34710   -0.34364   -0.34286   -0.33155   -0.30955   -0.30535   -0.30249
   0.07278    0.07605    0.09767    0.10463    0.10782    0.11300    0.13118    0.13463
   0.14823    0.16536    0.17899    0.18000    0.19930    0.20085    0.21344    0.21750
   0.22001    0.23697    0.24025    0.24212    0.24867    0.25342    0.28116    0.28262
   0.45212    0.45848
 kpt#   5, nband= 50, wtk=  0.00926, kpt=  0.0000  0.1667  0.0000 (reduced coord)
  -1.94282   -1.94177   -1.94130   -1.94048   -0.80570   -0.80536   -0.80481   -0.79538
  -0.79376   -0.79362   -0.79317   -0.79231   -0.79130   -0.78855   -0.78787   -0.78770
  -0.39590   -0.34810   -0.34623   -0.34249   -0.31398   -0.30786   -0.30592   -0.30156
   0.07282    0.07356    0.07623    0.09643    0.10892    0.11155    0.15017    0.15916
   0.16237    0.16737    0.17188    0.18059    0.19487    0.20455    0.21177    0.21537
   0.22298    0.23124    0.23155    0.24187    0.24277    0.26270    0.27941    0.28124
   0.45594    0.46533
 kpt#   6, nband= 50, wtk=  0.00926, kpt=  0.1667  0.1667  0.0000 (reduced coord)
  -1.94281   -1.94177   -1.94131   -1.94048   -0.80515   -0.80487   -0.80402   -0.79531
  -0.79474   -0.79383   -0.79263   -0.79242   -0.79133   -0.78988   -0.78813   -0.78763
  -0.39220   -0.34803   -0.34584   -0.34220   -0.31381   -0.31361   -0.30479   -0.30155
   0.07123    0.07844    0.08015    0.09727    0.10438    0.12024    0.14406    0.15503
   0.15941    0.16685    0.17016    0.18455    0.18857    0.20247    0.21401    0.21641
   0.22545    0.23149    0.23267    0.24209    0.24901    0.25224    0.27923    0.28058
   0.45760    0.46785
 kpt#   7, nband= 50, wtk=  0.00926, kpt=  0.3333  0.1667  0.0000 (reduced coord)
  -1.94279   -1.94176   -1.94132   -1.94050   -0.80386   -0.80326   -0.80206   -0.79714
  -0.79502   -0.79411   -0.79385   -0.79230   -0.79133   -0.79070   -0.78879   -0.78828
  -0.38306   -0.34734   -0.34542   -0.34225   -0.32477   -0.31250   -0.30479   -0.30183
   0.07209    0.08023    0.09438    0.10336    0.10656    0.11821    0.13397    0.14406
   0.15630    0.16013    0.17343    0.18425    0.19495    0.20411    0.20802    0.21507
   0.22307    0.23154    0.23779    0.23967    0.24811    0.25052    0.27914    0.28049
   0.45631    0.46059
 kpt#   8, nband= 50, wtk=  0.00926, kpt=  0.5000  0.1667  0.0000 (reduced coord)
  -1.94277   -1.94176   -1.94133   -1.94051   -0.80289   -0.80209   -0.80025   -0.79839
  -0.79633   -0.79576   -0.79349   -0.79239   -0.79108   -0.79011   -0.78932   -0.78900
  -0.37678   -0.34664   -0.34587   -0.34268   -0.33115   -0.31163   -0.30498   -0.30215
   0.07489    0.08081    0.09758    0.10893    0.11100    0.11573    0.12811    0.14046
   0.15001    0.16088    0.17623    0.18302    0.18800    0.20238    0.21287    0.21911
   0.22239    0.23376    0.23434    0.23697    0.24883    0.25011    0.27871    0.28168
   0.45632    0.45705
 kpt#   9, nband= 50, wtk=  0.00926, kpt= -0.3333  0.1667  0.0000 (reduced coord)
  -1.94279   -1.94176   -1.94132   -1.94050   -0.80375   -0.80321   -0.80205   -0.79728
  -0.79486   -0.79421   -0.79394   -0.79233   -0.79142   -0.79079   -0.78886   -0.78801
  -0.38295   -0.34726   -0.34545   -0.34229   -0.32487   -0.31253   -0.30480   -0.30182
   0.07156    0.08089    0.09459    0.10314    0.10689    0.11803    0.13421    0.14295
   0.15667    0.16003    0.17331    0.18393    0.19506    0.20499    0.20702    0.21559
   0.22472    0.23124    0.23760    0.23908    0.24777    0.25049    0.27919    0.28046
   0.45914    0.46093
 kpt#  10, nband= 50, wtk=  0.00926, kpt= -0.1667  0.1667  0.0000 (reduced coord)
  -1.94281   -1.94177   -1.94131   -1.94048   -0.80508   -0.80477   -0.80408   -0.79545
  -0.79479   -0.79364   -0.79267   -0.79254   -0.79105   -0.79036   -0.78819   -0.78732
  -0.39213   -0.34795   -0.34586   -0.34225   -0.31385   -0.31364   -0.30482   -0.30156
   0.07063    0.07908    0.08032    0.09711    0.10495    0.11980    0.14409    0.15398
   0.15941    0.16647    0.17097    0.18476    0.18854    0.20165    0.21457    0.21702
   0.22564    0.23192    0.23301    0.24183    0.24881    0.25153    0.27923    0.28066
   0.45923    0.46792
 kpt#  11, nband= 50, wtk=  0.00926, kpt=  0.0000  0.3333  0.0000 (reduced coord)
  -1.94279   -1.94173   -1.94136   -1.94049   -0.80366   -0.80300   -0.80271   -0.79704
  -0.79536   -0.79367   -0.79291   -0.79236   -0.79140   -0.79082   -0.78887   -0.78870
  -0.38406   -0.35444   -0.34406   -0.34187   -0.31734   -0.31161   -0.30605   -0.30353
   0.07496    0.08560    0.09803    0.09984    0.11906    0.12356    0.13513    0.14187
   0.14400    0.16588    0.17277    0.17535    0.18525    0.19788    0.20473    0.21292
   0.21991    0.23061    0.23412    0.23874    0.25580    0.26419    0.27574    0.27663
   0.45307    0.46771
 kpt#  12, nband= 50, wtk=  0.00926, kpt=  0.1667  0.3333  0.0000 (reduced coord)
  -1.94279   -1.94173   -1.94136   -1.94050   -0.80352   -0.80314   -0.80214   -0.79701
  -0.79602   -0.79446   -0.79219   -0.79208   -0.79167   -0.79113   -0.78897   -0.78836
  -0.38147   -0.35439   -0.34385   -0.34183   -0.31752   -0.31596   -0.30494   -0.30303
   0.07511    0.09131    0.09785    0.09943    0.11691    0.12678    0.13214    0.14272
   0.14569    0.16616    0.17318    0.17854    0.18364    0.19644    0.19811    0.21651
   0.22056    0.23022    0.23213    0.23970    0.25599    0.25664    0.27591    0.27726
   0.45063    0.46194
 kpt#  13, nband= 50, wtk=  0.00926, kpt=  0.3333  0.3333  0.0000 (reduced coord)
  -1.94277   -1.94174   -1.94135   -1.94051   -0.80338   -0.80258   -0.80093   -0.79841
  -0.79646   -0.79502   -0.79364   -0.79197   -0.79070   -0.79034   -0.78933   -0.78825
  -0.37521   -0.35420   -0.34354   -0.34199   -0.32430   -0.31739   -0.30417   -0.30222
   0.07795    0.09555    0.09611    0.10838    0.11819    0.12542    0.12841    0.14216
   0.14827    0.15880    0.17335    0.17891    0.18638    0.20063    0.20298    0.21499
   0.21716    0.22427    0.23433    0.23925    0.24647    0.25127    0.27512    0.27828
   0.44809    0.45689
 kpt#  14, nband= 50, wtk=  0.00926, kpt=  0.5000  0.3333  0.0000 (reduced coord)
  -1.94276   -1.94174   -1.94135   -1.94052   -0.80332   -0.80176   -0.80028   -0.79914
  -0.79767   -0.79469   -0.79412   -0.79250   -0.79009   -0.78959   -0.78928   -0.78879
  -0.37116   -0.35406   -0.34350   -0.34219   -0.32907   -0.31713   -0.30400   -0.30191
   0.08124    0.09293    0.09652    0.11940    0.12132    0.12158    0.12235    0.14373
   0.15083    0.15517    0.16773    0.18066    0.18152    0.20838    0.20980    0.21246
   0.21935    0.22884    0.22996    0.23177    0.24417    0.24618    0.27468    0.27841
   0.45112    0.45665
 kpt#  15, nband= 50, wtk=  0.00926, kpt= -0.3333  0.3333  0.0000 (reduced coord)
  -1.94277   -1.94174   -1.94135   -1.94051   -0.80324   -0.80253   -0.80091   -0.79856
  -0.79635   -0.79523   -0.79376   -0.79182   -0.79085   -0.79017   -0.78968   -0.78795
  -0.37504   -0.35422   -0.34356   -0.34200   -0.32447   -0.31732   -0.30417   -0.30224
   0.07778    0.09578    0.09620    0.10865    0.11896    0.12554    0.12766    0.14125
   0.14791    0.15823    0.17331    0.17911    0.18710    0.20138    0.20317    0.21591
   0.21694    0.22373    0.23414    0.23900    0.24612    0.25129    0.27520    0.27820
   0.45037    0.45675
 kpt#  16, nband= 50, wtk=  0.00926, kpt= -0.1667  0.3333  0.0000 (reduced coord)
  -1.94279   -1.94173   -1.94136   -1.94050   -0.80343   -0.80301   -0.80218   -0.79706
  -0.79631   -0.79394   -0.79274   -0.79200   -0.79181   -0.79101   -0.78914   -0.78804
  -0.38134   -0.35441   -0.34387   -0.34185   -0.31743   -0.31610   -0.30494   -0.30305
   0.07500    0.09131    0.09799    0.09972    0.11799    0.12585    0.13199    0.14175
   0.14562    0.16587    0.17322    0.17814    0.18444    0.19701    0.19836    0.21681
   0.22102    0.22959    0.23236    0.23937    0.25578    0.25641    0.27609    0.27718
   0.45227    0.46172
 kpt#  17, nband= 50, wtk=  0.00463, kpt=  0.0000  0.5000  0.0000 (reduced coord)
  -1.94278   -1.94171   -1.94139   -1.94049   -0.80180   -0.80164   -0.80024   -0.79941
  -0.79585   -0.79519   -0.79337   -0.79293   -0.79069   -0.79024   -0.79008   -0.78952
  -0.36848   -0.36804   -0.34256   -0.34192   -0.31600   -0.31572   -0.30552   -0.30517
   0.08301    0.08423    0.11193    0.11358    0.12631    0.12857    0.13066    0.13417
   0.13864    0.13878    0.17375    0.17705    0.17884    0.18137    0.21419    0.21880
   0.21959    0.22131    0.23522    0.23855    0.26355    0.26401    0.27404    0.27482
   0.45321    0.45643
 kpt#  18, nband= 50, wtk=  0.00926, kpt=  0.1667  0.5000  0.0000 (reduced coord)
  -1.94277   -1.94171   -1.94139   -1.94050   -0.80222   -0.80200   -0.79982   -0.79899
  -0.79685   -0.79629   -0.79233   -0.79184   -0.79126   -0.79075   -0.78956   -0.78913
  -0.36733   -0.36682   -0.34254   -0.34186   -0.31817   -0.31787   -0.30470   -0.30418
   0.08439    0.08561    0.11236    0.11339    0.12311    0.12482    0.13094    0.13218
   0.14726    0.14819    0.17159    0.17420    0.18101    0.18307    0.20831    0.21000
   0.22595    0.22785    0.23332    0.23515    0.25882    0.25949    0.27495    0.27549
   0.45039    0.45273
 kpt#  19, nband= 50, wtk=  0.00926, kpt=  0.3333  0.5000  0.0000 (reduced coord)
  -1.94276   -1.94173   -1.94137   -1.94052   -0.80292   -0.80250   -0.79937   -0.79868
  -0.79756   -0.79702   -0.79267   -0.79203   -0.79058   -0.79016   -0.78904   -0.78869
  -0.36479   -0.36415   -0.34258   -0.34173   -0.32218   -0.32175   -0.30357   -0.30280
   0.08756    0.08875    0.10966    0.11147    0.12397    0.12439    0.13421    0.13547
   0.15150    0.15280    0.16723    0.16899    0.18774    0.18998    0.21062    0.21201
   0.21893    0.22156    0.23464    0.23575    0.24819    0.24877    0.27484    0.27540
   0.44735    0.44944
 kpt#  20, nband= 50, wtk=  0.00463, kpt=  0.5000  0.5000  0.0000 (reduced coord)
  -1.94275   -1.94173   -1.94136   -1.94053   -0.80321   -0.80268   -0.79963   -0.79911
  -0.79699   -0.79647   -0.79360   -0.79286   -0.78961   -0.78925   -0.78911   -0.78879
  -0.36338   -0.36265   -0.34266   -0.34169   -0.32419   -0.32365   -0.30314   -0.30227
   0.08983    0.09093    0.10595    0.10813    0.12807    0.12952    0.13714    0.13844
   0.14632    0.14875    0.16499    0.16559    0.19562    0.19788    0.21020    0.21214
   0.22177    0.22306    0.23221    0.23337    0.23865    0.24112    0.27420    0.27517
   0.44818    0.45099
 kpt#  21, nband= 50, wtk=  0.00926, kpt=  0.0000  0.0000  0.1667 (reduced coord)
  -1.94282   -1.94179   -1.94128   -1.94048   -0.80582   -0.80539   -0.80469   -0.79528
  -0.79458   -0.79346   -0.79302   -0.79229   -0.79102   -0.78870   -0.78782   -0.78745
  -0.39590   -0.34818   -0.34599   -0.34249   -0.31114   -0.31020   -0.30769   -0.30079
   0.07100    0.07197    0.08474    0.09315    0.10656    0.11131    0.15168    0.15936
   0.15979    0.16707    0.17796    0.18514    0.19303    0.20080    0.20648    0.22060
   0.22641    0.22928    0.23395    0.23997    0.24651    0.26225    0.27203    0.27931
   0.45960    0.46504
 kpt#  22, nband= 50, wtk=  0.00926, kpt=  0.1667  0.0000  0.1667 (reduced coord)
  -1.94281   -1.94179   -1.94129   -1.94049   -0.80529   -0.80476   -0.80394   -0.79551
  -0.79446   -0.79412   -0.79309   -0.79210   -0.79110   -0.78996   -0.78812   -0.78747
  -0.39215   -0.34817   -0.34554   -0.34215   -0.31456   -0.31086   -0.30775   -0.30118
   0.07128    0.07953    0.08128    0.09475    0.10501    0.11907    0.14970    0.15452
   0.15552    0.16298    0.17559    0.18377    0.19383    0.19960    0.21084    0.22075
   0.22435    0.23108    0.23734    0.24229    0.24674    0.25200    0.27350    0.27966
   0.46342    0.47052
 kpt#  23, nband= 50, wtk=  0.00926, kpt=  0.3333  0.0000  0.1667 (reduced coord)
  -1.94278   -1.94177   -1.94131   -1.94050   -0.80409   -0.80291   -0.80209   -0.79666
  -0.79566   -0.79440   -0.79333   -0.79208   -0.79170   -0.79063   -0.78907   -0.78811
  -0.38292   -0.34820   -0.34437   -0.34205   -0.32495   -0.30988   -0.30763   -0.30217
   0.07424    0.07694    0.09594    0.10288    0.10623    0.11780    0.14104    0.14294
   0.15109    0.16348    0.17069    0.18193    0.19686    0.20487    0.21002    0.21571
   0.22404    0.22712    0.23682    0.24466    0.24589    0.25454    0.27242    0.28030
   0.45791    0.46471
 kpt#  24, nband= 50, wtk=  0.00926, kpt=  0.5000  0.0000  0.1667 (reduced coord)
  -1.94277   -1.94177   -1.94132   -1.94051   -0.80318   -0.80193   -0.80014   -0.79736
  -0.79700   -0.79613   -0.79280   -0.79221   -0.79155   -0.79024   -0.78983   -0.78874
  -0.37664   -0.34848   -0.34342   -0.34288   -0.33108   -0.30894   -0.30782   -0.30283
   0.07618    0.07727    0.10162    0.10541    0.11077    0.11817    0.13591    0.13643
   0.14715    0.16501    0.17324    0.17618    0.19458    0.19682    0.21554    0.22078
   0.22331    0.22741    0.23795    0.23862    0.25001    0.25532    0.27145    0.28064
   0.45396    0.45837
 kpt#  25, nband= 50, wtk=  0.00926, kpt= -0.3333  0.0000  0.1667 (reduced coord)
  -1.94278   -1.94177   -1.94131   -1.94050   -0.80408   -0.80282   -0.80222   -0.79666
  -0.79567   -0.79424   -0.79338   -0.79208   -0.79193   -0.79040   -0.78900   -0.78824
  -0.38292   -0.34820   -0.34438   -0.34204   -0.32495   -0.30989   -0.30764   -0.30217
   0.07429    0.07685    0.09597    0.10286    0.10623    0.11788    0.14108    0.14287
   0.15112    0.16352    0.17067    0.18180    0.19684    0.20500    0.20989    0.21598
   0.22370    0.22715    0.23688    0.24488    0.24572    0.25455    0.27241    0.28031
   0.45785    0.46480
 kpt#  26, nband= 50, wtk=  0.00926, kpt= -0.1667  0.0000  0.1667 (reduced coord)
  -1.94281   -1.94179   -1.94129   -1.94049   -0.80535   -0.80453   -0.80413   -0.79543
  -0.79456   -0.79408   -0.79311   -0.79205   -0.79120   -0.78986   -0.78799   -0.78765
  -0.39215   -0.34816   -0.34556   -0.34214   -0.31456   -0.31086   -0.30776   -0.30118
   0.07126    0.07964    0.08122    0.09470    0.10497    0.11913    0.14973    0.15467
   0.15545    0.16297    0.17554    0.18377    0.19376    0.19953    0.21097    0.22093
   0.22405    0.23118    0.23721    0.24243    0.24666    0.25204    0.27353    0.27966
   0.46328    0.47025
 kpt#  27, nband= 50, wtk=  0.00926, kpt=  0.0000  0.1667  0.1667 (reduced coord)
  -1.94281   -1.94178   -1.94130   -1.94049   -0.80504   -0.80469   -0.80410   -0.79600
  -0.79449   -0.79346   -0.79317   -0.79226   -0.79097   -0.79016   -0.78817   -0.78739
  -0.39194   -0.34769   -0.34728   -0.34249   -0.31367   -0.30978   -0.30858   -0.30135
   0.07608    0.07894    0.08223    0.09738    0.11147    0.11344    0.14931    0.15221
   0.15920    0.16054    0.17751    0.18242    0.19188    0.20282    0.20609    0.21978
   0.22307    0.22922    0.23086    0.23970    0.24434    0.26201    0.27169    0.27692
   0.45790    0.46800
 kpt#  28, nband= 50, wtk=  0.00926, kpt=  0.1667  0.1667  0.1667 (reduced coord)
  -1.94280   -1.94177   -1.94131   -1.94049   -0.80502   -0.80415   -0.80342   -0.79565
  -0.79513   -0.79420   -0.79272   -0.79203   -0.79147   -0.79075   -0.78802   -0.78764
  -0.38865   -0.34832   -0.34677   -0.34235   -0.31518   -0.31253   -0.30750   -0.30140
   0.07653    0.08138    0.08493    0.09844    0.10815    0.12063    0.14641    0.14958
   0.15578    0.16126    0.17126    0.18359    0.19334    0.20372    0.20826    0.21688
   0.22577    0.22716    0.23296    0.23917    0.24625    0.25379    0.27262    0.27780
   0.45725    0.47069
 kpt#  29, nband= 50, wtk=  0.00926, kpt=  0.3333  0.1667  0.1667 (reduced coord)
  -1.94278   -1.94176   -1.94132   -1.94051   -0.80427   -0.80280   -0.80233   -0.79682
  -0.79584   -0.79482   -0.79315   -0.79180   -0.79159   -0.79047   -0.78861   -0.78828
  -0.38055   -0.34865   -0.34667   -0.34270   -0.32410   -0.31118   -0.30672   -0.30195
   0.07742    0.08095    0.09801    0.10521    0.10927    0.11988    0.13784    0.14474
   0.15240    0.15830    0.16857    0.18360    0.19861    0.20331    0.20745    0.21425
   0.22197    0.22886    0.23152    0.24111    0.24397    0.25263    0.27187    0.27872
   0.45304    0.46387
 kpt#  30, nband= 50, wtk=  0.00926, kpt=  0.5000  0.1667  0.1667 (reduced coord)
  -1.94277   -1.94176   -1.94133   -1.94051   -0.80327   -0.80274   -0.80099   -0.79804
  -0.79660   -0.79578   -0.79253   -0.79181   -0.79089   -0.79009   -0.78959   -0.78875
  -0.37506   -0.34890   -0.34685   -0.34344   -0.32916   -0.31007   -0.30654   -0.30241
   0.07888    0.08143    0.10166    0.10780    0.11303    0.12219    0.13222    0.14098
   0.14871    0.16101    0.16847    0.17801    0.19478    0.19894    0.21474    0.21591
   0.22397    0.22772    0.23310    0.23835    0.24213    0.25385    0.27139    0.27882
   0.45266    0.45655
 kpt#  31, nband= 50, wtk=  0.00926, kpt= -0.3333  0.1667  0.1667 (reduced coord)
  -1.94278   -1.94176   -1.94132   -1.94051   -0.80385   -0.80306   -0.80249   -0.79649
  -0.79560   -0.79525   -0.79345   -0.79199   -0.79160   -0.79021   -0.78855   -0.78827
  -0.38044   -0.34870   -0.34651   -0.34280   -0.32418   -0.31126   -0.30673   -0.30193
   0.07669    0.08171    0.09819    0.10523    0.10954    0.11970    0.13770    0.14444
   0.15225    0.15859    0.16794    0.18375    0.19860    0.20364    0.20708    0.21427
   0.22350    0.22816    0.23152    0.24118    0.24371    0.25259    0.27158    0.27892
   0.45496    0.46410
 kpt#  32, nband= 50, wtk=  0.00926, kpt= -0.1667  0.1667  0.1667 (reduced coord)
  -1.94280   -1.94177   -1.94131   -1.94049   -0.80468   -0.80420   -0.80367   -0.79548
  -0.79495   -0.79438   -0.79298   -0.79219   -0.79163   -0.79047   -0.78804   -0.78754
  -0.38857   -0.34839   -0.34662   -0.34242   -0.31519   -0.31264   -0.30751   -0.30140
   0.07605    0.08163    0.08534    0.09855    0.10819    0.12055    0.14573    0.15035
   0.15496    0.16129    0.17148    0.18338    0.19361    0.20304    0.20879    0.21672
   0.22652    0.22738    0.23317    0.23924    0.24550    0.25392    0.27226    0.27810
   0.45852    0.47120
 kpt#  33, nband= 50, wtk=  0.00926, kpt=  0.0000  0.3333  0.1667 (reduced coord)
  -1.94278   -1.94174   -1.94135   -1.94050   -0.80334   -0.80260   -0.80243   -0.79793
  -0.79517   -0.79370   -0.79323   -0.79288   -0.79124   -0.79075   -0.78923   -0.78817
  -0.38107   -0.35358   -0.34598   -0.34279   -0.31668   -0.31161   -0.30847   -0.30342
   0.08253    0.08866    0.10079    0.10127    0.11883    0.12258    0.13224    0.14122
   0.14899    0.16462    0.17081    0.17454    0.18815    0.19802    0.20692    0.20859
   0.22124    0.22566    0.22971    0.23507    0.25420    0.26360    0.27036    0.27344
   0.45430    0.46747
 kpt#  34, nband= 50, wtk=  0.00926, kpt=  0.1667  0.3333  0.1667 (reduced coord)
  -1.94278   -1.94174   -1.94135   -1.94050   -0.80395   -0.80294   -0.80196   -0.79755
  -0.79588   -0.79458   -0.79273   -0.79197   -0.79139   -0.79076   -0.78871   -0.78831
  -0.37896   -0.35394   -0.34638   -0.34305   -0.31709   -0.31454   -0.30674   -0.30280
   0.08205    0.09236    0.09908    0.10384    0.11753    0.12556    0.13273    0.14260
   0.14776    0.16208    0.16748    0.18002    0.18992    0.19786    0.20061    0.21408
   0.22050    0.22374    0.22965    0.23540    0.25175    0.25828    0.27067    0.27418
   0.45132    0.46341
 kpt#  35, nband= 50, wtk=  0.00926, kpt=  0.3333  0.3333  0.1667 (reduced coord)
  -1.94276   -1.94174   -1.94135   -1.94052   -0.80418   -0.80315   -0.80214   -0.79886
  -0.79613   -0.79382   -0.79304   -0.79151   -0.79078   -0.79016   -0.78878   -0.78837
  -0.37378   -0.35444   -0.34766   -0.34411   -0.32184   -0.31435   -0.30493   -0.30218
   0.08329    0.09415    0.10195    0.10859    0.11985    0.12450    0.13316    0.13948
   0.15102    0.15497    0.16905    0.18590    0.19045    0.19643    0.20619    0.21151
   0.21506    0.22216    0.22905    0.23752    0.24521    0.25172    0.27004    0.27512
   0.44682    0.45911
 kpt#  36, nband= 50, wtk=  0.00926, kpt=  0.5000  0.3333  0.1667 (reduced coord)
  -1.94276   -1.94174   -1.94135   -1.94052   -0.80399   -0.80294   -0.80250   -0.80020
  -0.79577   -0.79376   -0.79252   -0.79194   -0.79001   -0.78947   -0.78926   -0.78864
  -0.37037   -0.35458   -0.34881   -0.34501   -0.32457   -0.31353   -0.30430   -0.30203
   0.08544    0.09377    0.10079    0.11590    0.11954    0.12386    0.13191    0.13943
   0.14692    0.16074    0.16744    0.18043    0.19027    0.20225    0.20803    0.21085
   0.21636    0.22308    0.22798    0.23296    0.24299    0.24842    0.27011    0.27543
   0.44772    0.45459
 kpt#  37, nband= 50, wtk=  0.00926, kpt= -0.3333  0.3333  0.1667 (reduced coord)
  -1.94276   -1.94174   -1.94135   -1.94052   -0.80372   -0.80327   -0.80253   -0.79872
  -0.79596   -0.79400   -0.79335   -0.79143   -0.79089   -0.78979   -0.78920   -0.78807
  -0.37360   -0.35452   -0.34759   -0.34419   -0.32193   -0.31439   -0.30491   -0.30219
   0.08310    0.09440    0.10187    0.10896    0.12057    0.12416    0.13264    0.13945
   0.15056    0.15453    0.16861    0.18626    0.19073    0.19723    0.20560    0.21187
   0.21570    0.22218    0.22898    0.23712    0.24492    0.25182    0.26974    0.27535
   0.44868    0.45919
 kpt#  38, nband= 50, wtk=  0.00926, kpt= -0.1667  0.3333  0.1667 (reduced coord)
  -1.94278   -1.94174   -1.94135   -1.94050   -0.80342   -0.80312   -0.80234   -0.79729
  -0.79586   -0.79461   -0.79319   -0.79203   -0.79154   -0.79037   -0.78886   -0.78813
  -0.37882   -0.35401   -0.34630   -0.34311   -0.31705   -0.31471   -0.30672   -0.30281
   0.08193    0.09258    0.09895    0.10419    0.11809    0.12529    0.13204    0.14283
   0.14718    0.16166    0.16761    0.18022    0.18990    0.19812    0.20113    0.21367
   0.22071    0.22445    0.22994    0.23457    0.25137    0.25859    0.27022    0.27451
   0.45276    0.46328
 kpt#  39, nband= 50, wtk=  0.00926, kpt=  0.0000  0.5000  0.1667 (reduced coord)
  -1.94277   -1.94171   -1.94138   -1.94050   -0.80165   -0.80150   -0.80053   -0.79989
  -0.79600   -0.79553   -0.79294   -0.79275   -0.79086   -0.79031   -0.78979   -0.78931
  -0.36669   -0.36627   -0.34419   -0.34365   -0.31550   -0.31518   -0.30646   -0.30611
   0.08970    0.09106    0.11016    0.11177    0.12163    0.12341    0.13531    0.13821
   0.14305    0.14367    0.17510    0.17703    0.17755    0.17945    0.21398    0.21728
   0.21950    0.22131    0.22854    0.23119    0.26153    0.26214    0.27050    0.27142
   0.45435    0.45756
 kpt#  40, nband= 50, wtk=  0.00926, kpt=  0.1667  0.5000  0.1667 (reduced coord)
  -1.94277   -1.94172   -1.94138   -1.94051   -0.80293   -0.80237   -0.80011   -0.79972
  -0.79632   -0.79584   -0.79208   -0.79167   -0.79081   -0.79055   -0.78966   -0.78898
  -0.36604   -0.36554   -0.34482   -0.34418   -0.31673   -0.31659   -0.30524   -0.30483
   0.09036    0.09148    0.10895    0.11057    0.12382    0.12570    0.13517    0.13732
   0.14688    0.14786    0.16810    0.17038    0.18609    0.18726    0.20910    0.21046
   0.22133    0.22281    0.22952    0.23119    0.25773    0.25818    0.27059    0.27151
   0.45184    0.45379
 kpt#  41, nband= 50, wtk=  0.00926, kpt=  0.3333  0.5000  0.1667 (reduced coord)
  -1.94276   -1.94173   -1.94137   -1.94052   -0.80382   -0.80350   -0.80123   -0.80092
  -0.79526   -0.79494   -0.79190   -0.79131   -0.79034   -0.79005   -0.78915   -0.78858
  -0.36445   -0.36380   -0.34650   -0.34572   -0.31846   -0.31819   -0.30361   -0.30300
   0.09241    0.09329    0.10891    0.11070    0.12259    0.12461    0.13851    0.13985
   0.14864    0.15048    0.16898    0.17054    0.19421    0.19605    0.20481    0.20597
   0.21708    0.21765    0.23096    0.23153    0.24948    0.25043    0.27062    0.27145
   0.44792    0.45031
 kpt#  42, nband= 50, wtk=  0.00926, kpt=  0.5000  0.5000  0.1667 (reduced coord)
  -1.94275   -1.94173   -1.94136   -1.94053   -0.80411   -0.80370   -0.80205   -0.80170
  -0.79434   -0.79401   -0.79257   -0.79199   -0.78954   -0.78915   -0.78908   -0.78873
  -0.36345   -0.36275   -0.34762   -0.34681   -0.31906   -0.31864   -0.30303   -0.30229
   0.09424    0.09508    0.10751    0.10950    0.12503    0.12662    0.13478    0.13555
   0.15220    0.15360    0.17048    0.17136    0.19782    0.20021    0.20429    0.20642
   0.21753    0.21889    0.22599    0.22735    0.24431    0.24586    0.27098    0.27209
   0.44790    0.45148
 kpt#  43, nband= 50, wtk=  0.00926, kpt= -0.3333  0.5000  0.1667 (reduced coord)
  -1.94276   -1.94173   -1.94137   -1.94052   -0.80391   -0.80338   -0.80135   -0.80083
  -0.79545   -0.79474   -0.79179   -0.79139   -0.79051   -0.78985   -0.78900   -0.78880
  -0.36441   -0.36382   -0.34647   -0.34577   -0.31848   -0.31816   -0.30363   -0.30299
   0.09228    0.09347    0.10918    0.11037    0.12298    0.12417    0.13875    0.13962
   0.14926    0.14986    0.16952    0.17005    0.19382    0.19657    0.20404    0.20659
   0.21712    0.21772    0.23045    0.23195    0.24954    0.25035    0.27064    0.27147
   0.44806    0.45004
 kpt#  44, nband= 50, wtk=  0.00926, kpt= -0.1667  0.5000  0.1667 (reduced coord)
  -1.94277   -1.94172   -1.94138   -1.94051   -0.80287   -0.80242   -0.80034   -0.79951
  -0.79632   -0.79580   -0.79212   -0.79178   -0.79087   -0.79024   -0.78953   -0.78924
  -0.36601   -0.36555   -0.34479   -0.34422   -0.31685   -0.31647   -0.30524   -0.30483
   0.09023    0.09165    0.10926    0.11026    0.12365    0.12581    0.13528    0.13720
   0.14702    0.14770    0.16839    0.17018    0.18597    0.18727    0.20933    0.21032
   0.22153    0.22274    0.22934    0.23123    0.25754    0.25832    0.27076    0.27139
   0.45155    0.45408
 kpt#  45, nband= 50, wtk=  0.00926, kpt=  0.0000 -0.3333  0.1667 (reduced coord)
  -1.94278   -1.94174   -1.94135   -1.94050   -0.80355   -0.80248   -0.80236   -0.79791
  -0.79504   -0.79373   -0.79324   -0.79267   -0.79142   -0.79070   -0.78911   -0.78848
  -0.38101   -0.35354   -0.34570   -0.34261   -0.31679   -0.31161   -0.30861   -0.30385
   0.08280    0.08926    0.10120    0.10172    0.11840    0.12281    0.13228    0.14100
   0.14841    0.16341    0.16924    0.17599    0.18838    0.19865    0.20589    0.21005
   0.22065    0.22449    0.23053    0.23538    0.25438    0.26332    0.26985    0.27387
   0.45366    0.46883
 kpt#  46, nband= 50, wtk=  0.00926, kpt=  0.1667 -0.3333  0.1667 (reduced coord)
  -1.94278   -1.94174   -1.94135   -1.94050   -0.80365   -0.80305   -0.80217   -0.79739
  -0.79563   -0.79480   -0.79280   -0.79198   -0.79144   -0.79082   -0.78883   -0.78822
  -0.37876   -0.35392   -0.34608   -0.34296   -0.31729   -0.31455   -0.30698   -0.30311
   0.08217    0.09301    0.09927    0.10470    0.11836    0.12427    0.13265    0.14175
   0.14797    0.16098    0.16692    0.18087    0.19015    0.19840    0.20086    0.21294
   0.22003    0.22412    0.23011    0.23530    0.25197    0.25831    0.26956    0.27486
   0.45248    0.46386
 kpt#  47, nband= 50, wtk=  0.00926, kpt=  0.3333 -0.3333  0.1667 (reduced coord)
  -1.94276   -1.94174   -1.94135   -1.94052   -0.80386   -0.80327   -0.80235   -0.79880
  -0.79578   -0.79410   -0.79322   -0.79117   -0.79090   -0.79011   -0.78932   -0.78806
  -0.37353   -0.35438   -0.34738   -0.34408   -0.32203   -0.31448   -0.30542   -0.30212
   0.08309    0.09513    0.10215    0.10907    0.12119    0.12328    0.13247    0.13860
   0.15127    0.15509    0.16845    0.18693    0.19043    0.19769    0.20517    0.21122
   0.21458    0.22302    0.22825    0.23728    0.24452    0.25241    0.26908    0.27542
   0.44935    0.45952
 kpt#  48, nband= 50, wtk=  0.00926, kpt=  0.5000 -0.3333  0.1667 (reduced coord)
  -1.94276   -1.94174   -1.94135   -1.94052   -0.80411   -0.80282   -0.80251   -0.80018
  -0.79566   -0.79386   -0.79250   -0.79171   -0.78994   -0.78944   -0.78936   -0.78892
  -0.37029   -0.35442   -0.34861   -0.34491   -0.32463   -0.31382   -0.30489   -0.30173
   0.08525    0.09464    0.10112    0.11636    0.11850    0.12414    0.13112    0.13957
   0.14726    0.16091    0.16763    0.18184    0.19005    0.20260    0.20810    0.20864
   0.21701    0.22343    0.22743    0.23214    0.24317    0.24841    0.26947    0.27531
   0.44930    0.45432
 kpt#  49, nband= 50, wtk=  0.00926, kpt= -0.3333 -0.3333  0.1667 (reduced coord)
  -1.94276   -1.94174   -1.94135   -1.94052   -0.80430   -0.80295   -0.80226   -0.79885
  -0.79604   -0.79386   -0.79286   -0.79137   -0.79062   -0.79030   -0.78912   -0.78839
  -0.37370   -0.35429   -0.34744   -0.34403   -0.32193   -0.31446   -0.30544   -0.30211
   0.08330    0.09484    0.10220    0.10878    0.12016    0.12384    0.13316    0.13863
   0.15175    0.15526    0.16892    0.18661    0.19021    0.19686    0.20589    0.21026
   0.21459    0.22297    0.22820    0.23755    0.24491    0.25231    0.26941    0.27522
   0.44748    0.45882
 kpt#  50, nband= 50, wtk=  0.00926, kpt= -0.1667 -0.3333  0.1667 (reduced coord)
  -1.94278   -1.94174   -1.94135   -1.94050   -0.80404   -0.80282   -0.80206   -0.79753
  -0.79556   -0.79485   -0.79247   -0.79185   -0.79121   -0.79108   -0.78873   -0.78856
  -0.37889   -0.35384   -0.34614   -0.34293   -0.31734   -0.31438   -0.30700   -0.30310
   0.08230    0.09281    0.09945    0.10432    0.11781    0.12450    0.13329    0.14169
   0.14842    0.16126    0.16686    0.18078    0.19009    0.19830    0.20021    0.21307
   0.22016    0.22385    0.22949    0.23596    0.25235    0.25799    0.27001    0.27459
   0.45104    0.46399
 kpt#  51, nband= 50, wtk=  0.00926, kpt=  0.0000 -0.1667  0.1667 (reduced coord)
  -1.94281   -1.94178   -1.94130   -1.94049   -0.80534   -0.80440   -0.80408   -0.79609
  -0.79424   -0.79339   -0.79309   -0.79244   -0.79126   -0.78973   -0.78814   -0.78773
  -0.39190   -0.34740   -0.34717   -0.34239   -0.31385   -0.30988   -0.30854   -0.30178
   0.07642    0.07912    0.08225    0.09883    0.11087    0.11325    0.14922    0.15185
   0.15869    0.15946    0.17698    0.18381    0.19194    0.20409    0.20579    0.21828
   0.22201    0.22986    0.23232    0.23851    0.24498    0.26206    0.27147    0.27694
   0.45803    0.46780
 kpt#  52, nband= 50, wtk=  0.00926, kpt=  0.1667 -0.1667  0.1667 (reduced coord)
  -1.94280   -1.94177   -1.94131   -1.94049   -0.80486   -0.80419   -0.80347   -0.79568
  -0.79485   -0.79416   -0.79297   -0.79217   -0.79133   -0.79080   -0.78813   -0.78759
  -0.38852   -0.34799   -0.34664   -0.34230   -0.31544   -0.31258   -0.30757   -0.30179
   0.07633    0.08155    0.08568    0.09969    0.10781    0.12026    0.14578    0.14983
   0.15487    0.16074    0.17152    0.18394    0.19343    0.20359    0.20939    0.21444
   0.22577    0.22839    0.23353    0.23885    0.24631    0.25381    0.27185    0.27815
   0.45917    0.46991
 kpt#  53, nband= 50, wtk=  0.00926, kpt=  0.3333 -0.1667  0.1667 (reduced coord)
  -1.94278   -1.94176   -1.94132   -1.94051   -0.80390   -0.80324   -0.80222   -0.79662
  -0.79564   -0.79506   -0.79333   -0.79166   -0.79156   -0.79066   -0.78872   -0.78818
  -0.38038   -0.34840   -0.34646   -0.34264   -0.32435   -0.31133   -0.30704   -0.30205
   0.07664    0.08226    0.09813    0.10562    0.10982    0.11929    0.13804    0.14369
   0.15218    0.15888    0.16824    0.18427    0.19842    0.20424    0.20687    0.21233
   0.22395    0.22885    0.23117    0.24110    0.24260    0.25331    0.27120    0.27883
   0.45558    0.46373
 kpt#  54, nband= 50, wtk=  0.00926, kpt=  0.5000 -0.1667  0.1667 (reduced coord)
  -1.94277   -1.94176   -1.94133   -1.94051   -0.80334   -0.80275   -0.80090   -0.79812
  -0.79647   -0.79578   -0.79240   -0.79169   -0.79075   -0.79042   -0.78947   -0.78902
  -0.37498   -0.34876   -0.34667   -0.34317   -0.32940   -0.31028   -0.30695   -0.30233
   0.07882    0.08194    0.10181    0.10787    0.11255    0.12273    0.13252    0.14023
   0.14863    0.16172    0.16810    0.17913    0.19528    0.19831    0.21300    0.21671
   0.22479    0.22763    0.23153    0.23844    0.24197    0.25403    0.27097    0.27861
   0.45381    0.45655
 kpt#  55, nband= 50, wtk=  0.00926, kpt= -0.3333 -0.1667  0.1667 (reduced coord)
  -1.94278   -1.94176   -1.94132   -1.94051   -0.80430   -0.80282   -0.80231   -0.79683
  -0.79584   -0.79469   -0.79306   -0.79169   -0.79132   -0.79079   -0.78871   -0.78843
  -0.38049   -0.34834   -0.34661   -0.34255   -0.32427   -0.31127   -0.30704   -0.30206
   0.07737    0.08144    0.09800    0.10568    0.10943    0.11965    0.13812    0.14401
   0.15235    0.15857    0.16878    0.18407    0.19834    0.20378    0.20752    0.21249
   0.22211    0.22940    0.23142    0.24094    0.24294    0.25342    0.27147    0.27864
   0.45369    0.46323
 kpt#  56, nband= 50, wtk=  0.00926, kpt= -0.1667 -0.1667  0.1667 (reduced coord)
  -1.94280   -1.94177   -1.94131   -1.94049   -0.80516   -0.80386   -0.80358   -0.79568
  -0.79504   -0.79410   -0.79277   -0.79198   -0.79130   -0.79078   -0.78807   -0.78787
  -0.38861   -0.34792   -0.34679   -0.34224   -0.31542   -0.31248   -0.30758   -0.30179
   0.07682    0.08130    0.08529    0.09954    0.10770    0.12043    0.14647    0.14924
   0.15565    0.16060    0.17130    0.18414    0.19318    0.20381    0.20952    0.21431
   0.22494    0.22863    0.23303    0.23866    0.24708    0.25373    0.27224    0.27788
   0.45776    0.46971
 kpt#  57, nband= 50, wtk=  0.00926, kpt=  0.0000  0.0000  0.3333 (reduced coord)
  -1.94278   -1.94181   -1.94127   -1.94051   -0.80384   -0.80320   -0.80243   -0.79715
  -0.79614   -0.79365   -0.79339   -0.79198   -0.79114   -0.79049   -0.78871   -0.78829
  -0.38406   -0.35434   -0.34374   -0.34182   -0.31552   -0.31154   -0.30959   -0.30341
   0.07949    0.08446    0.09223    0.10871    0.11734    0.11932    0.12990    0.14102
   0.14489    0.17797    0.17830    0.18047    0.18722    0.19589    0.20431    0.21955
   0.22024    0.23129    0.23500    0.24096    0.24795    0.26080    0.26162    0.26842
   0.46819    0.47228
 kpt#  58, nband= 50, wtk=  0.00926, kpt=  0.1667  0.0000  0.3333 (reduced coord)
  -1.94278   -1.94180   -1.94129   -1.94051   -0.80375   -0.80307   -0.80192   -0.79701
  -0.79655   -0.79416   -0.79319   -0.79211   -0.79113   -0.79056   -0.78906   -0.78811
  -0.38134   -0.35421   -0.34374   -0.34170   -0.31725   -0.31292   -0.30932   -0.30345
   0.07799    0.09066    0.09321    0.10332    0.11659    0.12375    0.13457    0.14117
   0.14819    0.16761    0.17271    0.18285    0.19017    0.19397    0.20898    0.21270
   0.22362    0.23221    0.23348    0.24135    0.24571    0.25530    0.26426    0.26930
   0.46656    0.47121
 kpt#  59, nband= 50, wtk=  0.00926, kpt=  0.3333  0.0000  0.3333 (reduced coord)
  -1.94276   -1.94177   -1.94132   -1.94052   -0.80365   -0.80244   -0.80066   -0.79796
  -0.79660   -0.79534   -0.79342   -0.79152   -0.79074   -0.79049   -0.79002   -0.78822
  -0.37485   -0.35406   -0.34332   -0.34195   -0.32376   -0.31374   -0.30818   -0.30384
   0.07863    0.08875    0.09978    0.11202    0.11566    0.12294    0.13422    0.14423
   0.15164    0.16282    0.16924    0.17965    0.18571    0.19607    0.20404    0.21428
   0.22091    0.22660    0.23690    0.24180    0.24350    0.25496    0.26202    0.27207
   0.45858    0.46333
 kpt#  60, nband= 50, wtk=  0.00926, kpt=  0.5000  0.0000  0.3333 (reduced coord)
  -1.94276   -1.94176   -1.94133   -1.94052   -0.80356   -0.80201   -0.79960   -0.79836
  -0.79773   -0.79562   -0.79322   -0.79124   -0.79088   -0.79074   -0.78954   -0.78878
  -0.37071   -0.35406   -0.34291   -0.34255   -0.32779   -0.31387   -0.30757   -0.30412
   0.08069    0.08594    0.10242    0.11589    0.11791    0.12621    0.12965    0.14307
   0.15472    0.16549    0.16702    0.17499    0.18462    0.19073    0.20308    0.21334
   0.21853    0.23230    0.23591    0.23840    0.24964    0.25366    0.25842    0.27340
   0.45462    0.45747
 kpt#  61, nband= 50, wtk=  0.00926, kpt= -0.3333  0.0000  0.3333 (reduced coord)
  -1.94276   -1.94177   -1.94132   -1.94052   -0.80359   -0.80253   -0.80067   -0.79801
  -0.79648   -0.79533   -0.79346   -0.79159   -0.79097   -0.79017   -0.78991   -0.78836
  -0.37485   -0.35406   -0.34332   -0.34194   -0.32376   -0.31375   -0.30819   -0.30384
   0.07862    0.08874    0.09974    0.11193    0.11579    0.12303    0.13421    0.14428
   0.15157    0.16297    0.16912    0.17944    0.18570    0.19627    0.20393    0.21443
   0.22083    0.22657    0.23687    0.24167    0.24365    0.25498    0.26201    0.27209
   0.45845    0.46393
 kpt#  62, nband= 50, wtk=  0.00926, kpt= -0.1667  0.0000  0.3333 (reduced coord)
  -1.94278   -1.94180   -1.94129   -1.94051   -0.80378   -0.80295   -0.80204   -0.79693
  -0.79665   -0.79407   -0.79319   -0.79212   -0.79131   -0.79037   -0.78896   -0.78825
  -0.38134   -0.35420   -0.34373   -0.34170   -0.31724   -0.31295   -0.30932   -0.30345
   0.07798    0.09071    0.09319    0.10329    0.11647    0.12385    0.13460    0.14138
   0.14803    0.16768    0.17266    0.18276    0.19009    0.19402    0.20912    0.21267
   0.22355    0.23216    0.23343    0.24144    0.24566    0.25532    0.26433    0.26928
   0.46647    0.47164
 kpt#  63, nband= 50, wtk=  0.00926, kpt=  0.0000  0.1667  0.3333 (reduced coord)
  -1.94277   -1.94179   -1.94129   -1.94051   -0.80344   -0.80276   -0.80225   -0.79807
  -0.79579   -0.79365   -0.79305   -0.79275   -0.79147   -0.79036   -0.78907   -0.78795
  -0.38105   -0.35369   -0.34534   -0.34304   -0.31428   -0.31328   -0.30974   -0.30386
   0.08631    0.08745    0.09586    0.10847    0.11781    0.11961    0.12926    0.14340
   0.14624    0.16564    0.17344    0.18653    0.18801    0.19384    0.20663    0.21716
   0.22331    0.22478    0.23086    0.23850    0.24731    0.25875    0.26153    0.26772
   0.46435    0.47336
 kpt#  64, nband= 50, wtk=  0.00926, kpt=  0.1667  0.1667  0.3333 (reduced coord)
  -1.94277   -1.94179   -1.94130   -1.94051   -0.80407   -0.80302   -0.80181   -0.79764
  -0.79606   -0.79430   -0.79299   -0.79226   -0.79132   -0.79036   -0.78879   -0.78810
  -0.37887   -0.35396   -0.34603   -0.34317   -0.31630   -0.31271   -0.30963   -0.30345
   0.08332    0.09363    0.09740    0.10424    0.11816    0.12231    0.13322    0.14423
   0.14756    0.16231    0.16810    0.18410    0.18934    0.19946    0.21004    0.21292
   0.22108    0.22549    0.23148    0.23761    0.24266    0.25462    0.26375    0.26907
   0.45980    0.47259
 kpt#  65, nband= 50, wtk=  0.00926, kpt=  0.3333  0.1667  0.3333 (reduced coord)
  -1.94276   -1.94177   -1.94133   -1.94052   -0.80437   -0.80317   -0.80187   -0.79875
  -0.79602   -0.79382   -0.79290   -0.79143   -0.79100   -0.79004   -0.78927   -0.78828
  -0.37356   -0.35447   -0.34707   -0.34447   -0.32111   -0.31144   -0.30829   -0.30333
   0.08349    0.09206    0.10256    0.11097    0.11890    0.12178    0.13635    0.14101
   0.14889    0.16379    0.16672    0.18086    0.18873    0.19988    0.20325    0.21551
   0.22047    0.22608    0.22897    0.23680    0.24007    0.25474    0.26020    0.27118
   0.45216    0.46205
 kpt#  66, nband= 50, wtk=  0.00926, kpt=  0.5000  0.1667  0.3333 (reduced coord)
  -1.94275   -1.94175   -1.94134   -1.94053   -0.80418   -0.80320   -0.80195   -0.80002
  -0.79552   -0.79420   -0.79195   -0.79100   -0.79060   -0.79023   -0.78951   -0.78868
  -0.37006   -0.35483   -0.34722   -0.34616   -0.32353   -0.31077   -0.30746   -0.30354
   0.08574    0.08897    0.10495    0.11462    0.11668    0.12753    0.13459    0.14084
   0.14777    0.16702    0.16759    0.17519    0.18816    0.19436    0.20869    0.21029
   0.21974    0.22495    0.23374    0.23532    0.24221    0.25411    0.25738    0.27188
   0.45055    0.45381
 kpt#  67, nband= 50, wtk=  0.00926, kpt= -0.3333  0.1667  0.3333 (reduced coord)
  -1.94276   -1.94177   -1.94132   -1.94052   -0.80395   -0.80324   -0.80232   -0.79855
  -0.79584   -0.79408   -0.79317   -0.79161   -0.79093   -0.78983   -0.78890   -0.78852
  -0.37344   -0.35443   -0.34692   -0.34465   -0.32123   -0.31135   -0.30848   -0.30327
   0.08339    0.09223    0.10237    0.11093    0.11911    0.12251    0.13593    0.14046
   0.14941    0.16290    0.16645    0.18145    0.18883    0.19969    0.20333    0.21547
   0.22044    0.22648    0.22868    0.23727    0.24007    0.25498    0.25953    0.27144
   0.45365    0.46108
 kpt#  68, nband= 50, wtk=  0.00926, kpt= -0.1667  0.1667  0.3333 (reduced coord)
  -1.94277   -1.94179   -1.94130   -1.94051   -0.80362   -0.80305   -0.80227   -0.79737
  -0.79600   -0.79471   -0.79291   -0.79242   -0.79144   -0.79010   -0.78867   -0.78817
  -0.37878   -0.35391   -0.34592   -0.34329   -0.31648   -0.31256   -0.30980   -0.30339
   0.08332    0.09383    0.09716    0.10452    0.11736    0.12337    0.13300    0.14389
   0.14762    0.16254    0.16764    0.18381    0.18928    0.19929    0.20981    0.21338
   0.22218    0.22504    0.23158    0.23808    0.24196    0.25537    0.26295    0.26922
   0.46088    0.47262
 kpt#  69, nband= 50, wtk=  0.00926, kpt=  0.0000  0.3333  0.3333 (reduced coord)
  -1.94276   -1.94176   -1.94134   -1.94052   -0.80265   -0.80166   -0.80145   -0.79960
  -0.79540   -0.79468   -0.79423   -0.79239   -0.79092   -0.79003   -0.78991   -0.78808
  -0.37281   -0.35174   -0.35117   -0.34558   -0.31495   -0.31176   -0.31127   -0.30565
   0.09612    0.10312    0.10371    0.11070    0.11853    0.12245    0.13073    0.13222
   0.15232    0.16108    0.16660    0.17598    0.18394    0.19532    0.20804    0.20947
   0.21014    0.22676    0.22875    0.23401    0.24967    0.25637    0.26149    0.26492
   0.45931    0.46999
 kpt#  70, nband= 50, wtk=  0.00926, kpt=  0.1667  0.3333  0.3333 (reduced coord)
  -1.94276   -1.94175   -1.94134   -1.94052   -0.80404   -0.80284   -0.80194   -0.79946
  -0.79509   -0.79449   -0.79293   -0.79182   -0.79070   -0.79007   -0.78935   -0.78815
  -0.37192   -0.35283   -0.35223   -0.34659   -0.31513   -0.31209   -0.30936   -0.30445
   0.09455    0.10137    0.10658    0.11152    0.11843    0.12395    0.13084    0.13700
   0.15064    0.16011    0.16442    0.17915    0.18751    0.19692    0.20384    0.20936
   0.21643    0.22417    0.22678    0.22981    0.24615    0.25438    0.26244    0.26641
   0.45444    0.46716
 kpt#  71, nband= 50, wtk=  0.00926, kpt=  0.3333  0.3333  0.3333 (reduced coord)
  -1.94275   -1.94175   -1.94135   -1.94053   -0.80514   -0.80420   -0.80339   -0.80146
  -0.79371   -0.79254   -0.79185   -0.79100   -0.79063   -0.78963   -0.78883   -0.78832
  -0.36946   -0.35480   -0.35428   -0.34943   -0.31633   -0.30968   -0.30698   -0.30307
   0.09378    0.10027    0.11115    0.11271    0.11834    0.12426    0.13020    0.14090
   0.14592    0.16652    0.17005    0.17973    0.18925    0.19534    0.20351    0.20797
   0.21536    0.22086    0.22462    0.23129    0.24096    0.25340    0.25881    0.26719
   0.44739    0.46136
 kpt#  72, nband= 50, wtk=  0.00926, kpt=  0.5000  0.3333  0.3333 (reduced coord)
  -1.94275   -1.94174   -1.94135   -1.94053   -0.80517   -0.80472   -0.80410   -0.80277
  -0.79296   -0.79226   -0.79098   -0.79075   -0.78999   -0.78943   -0.78913   -0.78838
  -0.36762   -0.35591   -0.35525   -0.35133   -0.31673   -0.30820   -0.30601   -0.30271
   0.09553    0.09866    0.11222    0.11427    0.11691    0.12489    0.12991    0.14089
   0.14609    0.17019    0.17375    0.17623    0.19152    0.19541    0.20191    0.20860
   0.21344    0.21771    0.22842    0.23004    0.23887    0.25337    0.25547    0.26780
   0.44715    0.45163
 kpt#  73, nband= 50, wtk=  0.00926, kpt= -0.3333  0.3333  0.3333 (reduced coord)
  -1.94275   -1.94175   -1.94135   -1.94053   -0.80452   -0.80417   -0.80412   -0.80134
  -0.79330   -0.79280   -0.79231   -0.79113   -0.79058   -0.78933   -0.78887   -0.78826
  -0.36925   -0.35524   -0.35380   -0.34958   -0.31640   -0.30979   -0.30697   -0.30303
   0.09366    0.10061    0.11071    0.11275    0.11847    0.12487    0.12990    0.14085
   0.14609    0.16550    0.16983    0.17978    0.18989    0.19490    0.20365    0.20755
   0.21598    0.22127    0.22523    0.23108    0.24044    0.25392    0.25806    0.26745
   0.44874    0.46078
 kpt#  74, nband= 50, wtk=  0.00926, kpt= -0.1667  0.3333  0.3333 (reduced coord)
  -1.94276   -1.94175   -1.94134   -1.94052   -0.80341   -0.80291   -0.80264   -0.79919
  -0.79521   -0.79435   -0.79324   -0.79180   -0.79099   -0.78973   -0.78928   -0.78816
  -0.37175   -0.35325   -0.35174   -0.34670   -0.31519   -0.31229   -0.30930   -0.30440
   0.09461    0.10166    0.10638    0.11149    0.11803    0.12465    0.13026    0.13764
   0.15018    0.15961    0.16447    0.17920    0.18749    0.19654    0.20357    0.20980
   0.21678    0.22448    0.22705    0.22999    0.24552    0.25515    0.26190    0.26633
   0.45552    0.46747
 kpt#  75, nband= 50, wtk=  0.00926, kpt=  0.0000  0.5000  0.3333 (reduced coord)
  -1.94275   -1.94173   -1.94136   -1.94052   -0.80166   -0.80149   -0.80077   -0.80046
  -0.79591   -0.79556   -0.79337   -0.79308   -0.79060   -0.79011   -0.78925   -0.78894
  -0.36181   -0.36146   -0.34874   -0.34840   -0.31401   -0.31364   -0.30880   -0.30844
   0.10550    0.10715    0.11275    0.11413    0.11601    0.11753    0.14069    0.14189
   0.14369    0.14435    0.16822    0.16967    0.18691    0.18800    0.19890    0.20097
   0.22105    0.22320    0.23012    0.23159    0.25581    0.25683    0.25930    0.26021
   0.45969    0.46225
 kpt#  76, nband= 50, wtk=  0.00926, kpt=  0.1667  0.5000  0.3333 (reduced coord)
  -1.94275   -1.94173   -1.94136   -1.94053   -0.80357   -0.80287   -0.80167   -0.80105
  -0.79489   -0.79451   -0.79216   -0.79175   -0.79032   -0.79012   -0.78936   -0.78873
  -0.36232   -0.36182   -0.35026   -0.34974   -0.31357   -0.31344   -0.30702   -0.30673
   0.10333    0.10441    0.11102    0.11251    0.12190    0.12327    0.13811    0.13914
   0.14718    0.14895    0.16788    0.16931    0.18971    0.19015    0.20193    0.20329
   0.21674    0.21755    0.22967    0.23066    0.25248    0.25296    0.26152    0.26282
   0.45652    0.45812
 kpt#  77, nband= 50, wtk=  0.00926, kpt=  0.3333  0.5000  0.3333 (reduced coord)
  -1.94275   -1.94174   -1.94136   -1.94053   -0.80517   -0.80466   -0.80358   -0.80321
  -0.79279   -0.79248   -0.79112   -0.79056   -0.78983   -0.78962   -0.78921   -0.78837
  -0.36298   -0.36225   -0.35346   -0.35274   -0.31234   -0.31191   -0.30445   -0.30413
   0.10287    0.10343    0.11119    0.11299    0.12224    0.12409    0.13431    0.13481
   0.15507    0.15700    0.17288    0.17434    0.19130    0.19168    0.20255    0.20460
   0.21146    0.21281    0.22710    0.22807    0.24944    0.25000    0.26073    0.26197
   0.45119    0.45349
 kpt#  78, nband= 50, wtk=  0.00926, kpt=  0.5000  0.5000  0.3333 (reduced coord)
  -1.94275   -1.94174   -1.94135   -1.94053   -0.80557   -0.80530   -0.80455   -0.80424
  -0.79179   -0.79154   -0.79106   -0.79072   -0.78941   -0.78896   -0.78886   -0.78840
  -0.36301   -0.36230   -0.35522   -0.35440   -0.31150   -0.31098   -0.30351   -0.30297
   0.10410    0.10497    0.11077    0.11265    0.12258    0.12467    0.13011    0.13054
   0.16012    0.16173    0.17639    0.17832    0.19280    0.19399    0.19752    0.20001
   0.21569    0.21761    0.22228    0.22417    0.24685    0.24782    0.26101    0.26186
   0.44987    0.45436
 kpt#  79, nband= 50, wtk=  0.00926, kpt= -0.3333  0.5000  0.3333 (reduced coord)
  -1.94275   -1.94174   -1.94136   -1.94053   -0.80515   -0.80466   -0.80370   -0.80311
  -0.79298   -0.79225   -0.79103   -0.79072   -0.79013   -0.78915   -0.78898   -0.78876
  -0.36288   -0.36232   -0.35348   -0.35274   -0.31221   -0.31204   -0.30452   -0.30405
   0.10275    0.10362    0.11177    0.11233    0.12215    0.12415    0.13396    0.13524
   0.15502    0.15699    0.17296    0.17429    0.19055    0.19239    0.20261    0.20445
   0.21143    0.21308    0.22640    0.22867    0.24921    0.25008    0.26111    0.26173
   0.45148    0.45307
 kpt#  80, nband= 50, wtk=  0.00926, kpt= -0.1667  0.5000  0.3333 (reduced coord)
  -1.94275   -1.94173   -1.94136   -1.94053   -0.80349   -0.80297   -0.80169   -0.80101
  -0.79499   -0.79433   -0.79213   -0.79188   -0.79052   -0.78974   -0.78918   -0.78904
  -0.36225   -0.36187   -0.35024   -0.34978   -0.31372   -0.31330   -0.30700   -0.30675
   0.10337    0.10444    0.11147    0.11198    0.12217    0.12304    0.13776    0.13939
   0.14726    0.14890    0.16817    0.16908    0.18950    0.19028    0.20174    0.20353
   0.21643    0.21795    0.22939    0.23085    0.25169    0.25371    0.26176    0.26263
   0.45641    0.45823
 kpt#  81, nband= 50, wtk=  0.00926, kpt=  0.0000 -0.3333  0.3333 (reduced coord)
  -1.94276   -1.94176   -1.94134   -1.94052   -0.80288   -0.80170   -0.80121   -0.79952
  -0.79546   -0.79461   -0.79408   -0.79250   -0.79075   -0.79038   -0.78950   -0.78842
  -0.37276   -0.35158   -0.35108   -0.34531   -0.31522   -0.31185   -0.31111   -0.30614
   0.09693    0.10360    0.10428    0.11146    0.11764    0.12248    0.13025    0.13236
   0.15087    0.16023    0.16909    0.17385    0.18412    0.19657    0.20720    0.20837
   0.21025    0.22634    0.22983    0.23413    0.25022    0.25591    0.26095    0.26550
   0.45820    0.47113
 kpt#  82, nband= 50, wtk=  0.00926, kpt=  0.1667 -0.3333  0.3333 (reduced coord)
  -1.94276   -1.94175   -1.94134   -1.94052   -0.80364   -0.80288   -0.80242   -0.79917
  -0.79531   -0.79417   -0.79309   -0.79185   -0.79082   -0.79021   -0.78890   -0.78845
  -0.37170   -0.35300   -0.35173   -0.34652   -0.31533   -0.31208   -0.30959   -0.30478
   0.09503    0.10213    0.10673    0.11246    0.11782    0.12340    0.13059    0.13812
   0.14920    0.15948    0.16473    0.17944    0.18670    0.19687    0.20405    0.20892
   0.21572    0.22305    0.22736    0.23171    0.24626    0.25442    0.26160    0.26689
   0.45499    0.46833
 kpt#  83, nband= 50, wtk=  0.00926, kpt=  0.3333 -0.3333  0.3333 (reduced coord)
  -1.94275   -1.94175   -1.94135   -1.94053   -0.80473   -0.80420   -0.80385   -0.80136
  -0.79318   -0.79299   -0.79193   -0.79101   -0.79051   -0.78982   -0.78886   -0.78829
  -0.36917   -0.35498   -0.35367   -0.34963   -0.31628   -0.30987   -0.30742   -0.30313
   0.09347    0.10157    0.11101    0.11311    0.11868    0.12403    0.12946    0.14117
   0.14628    0.16586    0.17012    0.17985    0.18977    0.19456    0.20366    0.20792
   0.21366    0.22149    0.22460    0.23214    0.24047    0.25356    0.25773    0.26779
   0.44916    0.46133
 kpt#  84, nband= 50, wtk=  0.00926, kpt=  0.5000 -0.3333  0.3333 (reduced coord)
  -1.94275   -1.94174   -1.94135   -1.94053   -0.80526   -0.80463   -0.80414   -0.80272
  -0.79290   -0.79224   -0.79095   -0.79058   -0.78975   -0.78953   -0.78907   -0.78887
  -0.36754   -0.35559   -0.35501   -0.35158   -0.31655   -0.30854   -0.30650   -0.30256
   0.09505    0.09954    0.11284    0.11477    0.11748    0.12417    0.12831    0.14048
   0.14728    0.17191    0.17364    0.17637    0.19147    0.19565    0.20164    0.20633
   0.21432    0.21649    0.22815    0.23070    0.23891    0.25322    0.25480    0.26781
   0.44860    0.45170
 kpt#  85, nband= 50, wtk=  0.00926, kpt= -0.3333 -0.3333  0.3333 (reduced coord)
  -1.94275   -1.94175   -1.94135   -1.94053   -0.80519   -0.80407   -0.80354   -0.80139
  -0.79366   -0.79263   -0.79162   -0.79081   -0.79042   -0.78989   -0.78884   -0.78865
  -0.36936   -0.35455   -0.35415   -0.34949   -0.31620   -0.30979   -0.30744   -0.30315
   0.09364    0.10114    0.11129    0.11337    0.11849    0.12334    0.12987    0.14140
   0.14589    0.16670    0.17043    0.17985    0.18896    0.19524    0.20323    0.20852
   0.21329    0.22108    0.22395    0.23212    0.24096    0.25299    0.25861    0.26757
   0.44783    0.46152
 kpt#  86, nband= 50, wtk=  0.00926, kpt= -0.1667 -0.3333  0.3333 (reduced coord)
  -1.94276   -1.94175   -1.94134   -1.94052   -0.80410   -0.80277   -0.80204   -0.79935
  -0.79523   -0.79424   -0.79278   -0.79187   -0.79063   -0.79020   -0.78916   -0.78853
  -0.37185   -0.35259   -0.35220   -0.34645   -0.31528   -0.31190   -0.30964   -0.30483
   0.09502    0.10178    0.10700    0.11250    0.11825    0.12263    0.13128    0.13725
   0.14969    0.16002    0.16462    0.17944    0.18666    0.19735    0.20419    0.20866
   0.21526    0.22279    0.22724    0.23134    0.24682    0.25362    0.26235    0.26687
   0.45391    0.46823
 kpt#  87, nband= 50, wtk=  0.00926, kpt=  0.0000 -0.1667  0.3333 (reduced coord)
  -1.94277   -1.94179   -1.94129   -1.94051   -0.80378   -0.80241   -0.80224   -0.79800
  -0.79574   -0.79382   -0.79302   -0.79273   -0.79115   -0.79051   -0.78896   -0.78826
  -0.38103   -0.35348   -0.34528   -0.34270   -0.31457   -0.31367   -0.30944   -0.30425
   0.08651    0.08801    0.09650    0.10914    0.11734    0.11920    0.12912    0.14348
   0.14528    0.16533    0.17529    0.18606    0.18685    0.19300    0.20674    0.21741
   0.22303    0.22590    0.23101    0.23723    0.24784    0.25866    0.26168    0.26777
   0.46457    0.47408
 kpt#  88, nband= 50, wtk=  0.00926, kpt=  0.1667 -0.1667  0.3333 (reduced coord)
  -1.94277   -1.94179   -1.94130   -1.94051   -0.80385   -0.80293   -0.80214   -0.79728
  -0.79603   -0.79474   -0.79283   -0.79233   -0.79127   -0.79034   -0.78874   -0.78824
  -0.37875   -0.35371   -0.34583   -0.34303   -0.31668   -0.31287   -0.30964   -0.30374
   0.08357    0.09396    0.09797    0.10488    0.11749    0.12233    0.13355    0.14341
   0.14737    0.16266    0.16827    0.18337    0.18852    0.19939    0.20889    0.21439
   0.22181    0.22436    0.23167    0.23771    0.24301    0.25555    0.26267    0.26924
   0.46117    0.47253
 kpt#  89, nband= 50, wtk=  0.00926, kpt=  0.3333 -0.1667  0.3333 (reduced coord)
  -1.94276   -1.94177   -1.94132   -1.94052   -0.80408   -0.80315   -0.80226   -0.79860
  -0.79571   -0.79420   -0.79289   -0.79148   -0.79079   -0.79018   -0.78928   -0.78832
  -0.37337   -0.35424   -0.34678   -0.34454   -0.32124   -0.31174   -0.30854   -0.30342
   0.08349    0.09249    0.10274    0.11118    0.11946    0.12189    0.13628    0.14022
   0.14912    0.16294    0.16755    0.18081    0.18893    0.19864    0.20387    0.21604
   0.21932    0.22647    0.22854    0.23709    0.23980    0.25492    0.25965    0.27142
   0.45397    0.46177
 kpt#  90, nband= 50, wtk=  0.00926, kpt=  0.5000 -0.1667  0.3333 (reduced coord)
  -1.94275   -1.94175   -1.94134   -1.94053   -0.80423   -0.80314   -0.80200   -0.80000
  -0.79544   -0.79409   -0.79190   -0.79083   -0.79059   -0.79029   -0.78965   -0.78888
  -0.36998   -0.35462   -0.34698   -0.34620   -0.32351   -0.31120   -0.30767   -0.30351
   0.08620    0.08875    0.10511    0.11465    0.11720    0.12713    0.13517    0.14025
   0.14771    0.16719    0.16885    0.17515    0.18743    0.19485    0.20614    0.21210
   0.22021    0.22456    0.23260    0.23543    0.24179    0.25385    0.25751    0.27185
   0.45162    0.45411
 kpt#  91, nband= 50, wtk=  0.00926, kpt= -0.3333 -0.1667  0.3333 (reduced coord)
  -1.94276   -1.94177   -1.94133   -1.94052   -0.80439   -0.80316   -0.80195   -0.79872
  -0.79580   -0.79404   -0.79267   -0.79132   -0.79070   -0.79035   -0.78941   -0.78844
  -0.37349   -0.35428   -0.34692   -0.34436   -0.32111   -0.31186   -0.30837   -0.30348
   0.08360    0.09228    0.10283    0.11131    0.11922    0.12141    0.13664    0.14076
   0.14861    0.16386    0.16778    0.18000    0.18879    0.19911    0.20351    0.21650
   0.21914    0.22591    0.22895    0.23657    0.23976    0.25478    0.26028    0.27120
   0.45251    0.46236
 kpt#  92, nband= 50, wtk=  0.00926, kpt= -0.1667 -0.1667  0.3333 (reduced coord)
  -1.94277   -1.94179   -1.94130   -1.94051   -0.80421   -0.80282   -0.80193   -0.79752
  -0.79603   -0.79432   -0.79299   -0.79211   -0.79116   -0.79048   -0.78879   -0.78837
  -0.37883   -0.35376   -0.34592   -0.34292   -0.31648   -0.31305   -0.30947   -0.30379
   0.08358    0.09380    0.09818    0.10459    0.11815    0.12146    0.13379    0.14395
   0.14707    0.16257    0.16865    0.18333    0.18874    0.19949    0.20926    0.21404
   0.22058    0.22489    0.23152    0.23725    0.24358    0.25476    0.26366    0.26905
   0.45994    0.47247
 kpt#  93, nband= 50, wtk=  0.00463, kpt=  0.0000  0.0000  0.5000 (reduced coord)
  -1.94276   -1.94182   -1.94127   -1.94052   -0.80185   -0.80147   -0.80027   -0.80012
  -0.79597   -0.79577   -0.79340   -0.79295   -0.79037   -0.79010   -0.78949   -0.78908
  -0.36829   -0.36809   -0.34211   -0.34189   -0.31520   -0.31491   -0.30730   -0.30699
   0.08838    0.08860    0.10480    0.10487    0.12703    0.12741    0.12991    0.13036
   0.14406    0.14417    0.17977    0.18173    0.19469    0.19518    0.21241    0.21461
   0.21815    0.22028    0.23688    0.23788    0.25433    0.25493    0.26268    0.26374
   0.47573    0.47924
 kpt#  94, nband= 50, wtk=  0.00926, kpt=  0.1667  0.0000  0.5000 (reduced coord)
  -1.94276   -1.94181   -1.94129   -1.94052   -0.80243   -0.80199   -0.79960   -0.79935
  -0.79673   -0.79652   -0.79265   -0.79234   -0.79048   -0.79034   -0.78942   -0.78914
  -0.36697   -0.36681   -0.34221   -0.34200   -0.31675   -0.31641   -0.30692   -0.30661
   0.08691    0.08705    0.10786    0.10816    0.12590    0.12717    0.13216    0.13276
   0.14648    0.14701    0.17778    0.17932    0.18973    0.19012    0.21016    0.21201
   0.22588    0.22683    0.23585    0.23636    0.25032    0.25094    0.26272    0.26385
   0.46914    0.47024
 kpt#  95, nband= 50, wtk=  0.00926, kpt=  0.3333  0.0000  0.5000 (reduced coord)
  -1.94275   -1.94177   -1.94132   -1.94053   -0.80314   -0.80260   -0.79864   -0.79817
  -0.79765   -0.79746   -0.79199   -0.79194   -0.79078   -0.79058   -0.78924   -0.78904
  -0.36406   -0.36400   -0.34246   -0.34225   -0.31991   -0.31946   -0.30630   -0.30601
   0.08659    0.08661    0.10945    0.11024    0.12448    0.12655    0.13828    0.13880
   0.15174    0.15257    0.17389    0.17525    0.18777    0.18848    0.20251    0.20360
   0.22715    0.22779    0.23844    0.23876    0.24462    0.24493    0.26457    0.26540
   0.45867    0.45993
 kpt#  96, nband= 50, wtk=  0.00463, kpt=  0.5000  0.0000  0.5000 (reduced coord)
  -1.94275   -1.94176   -1.94134   -1.94053   -0.80341   -0.80282   -0.79883   -0.79836
  -0.79732   -0.79680   -0.79272   -0.79243   -0.79026   -0.78982   -0.78954   -0.78907
  -0.36246   -0.36245   -0.34260   -0.34240   -0.32161   -0.32110   -0.30602   -0.30575
   0.08762    0.08774    0.10773    0.10868    0.12418    0.12643    0.14093    0.14176
   0.15730    0.15813    0.17297    0.17470    0.18537    0.18707    0.19742    0.19793
   0.22260    0.22352    0.23915    0.23955    0.24659    0.24804    0.26441    0.26488
   0.45331    0.45474
 kpt#  97, nband= 50, wtk=  0.00926, kpt=  0.0000  0.1667  0.5000 (reduced coord)
  -1.94276   -1.94180   -1.94129   -1.94052   -0.80186   -0.80126   -0.80060   -0.80019
  -0.79623   -0.79597   -0.79298   -0.79267   -0.79062   -0.79033   -0.78933   -0.78893
  -0.36655   -0.36634   -0.34379   -0.34360   -0.31486   -0.31453   -0.30794   -0.30748
   0.09382    0.09415    0.10615    0.10686    0.12343    0.12433    0.13510    0.13594
   0.14255    0.14269    0.17468    0.17592    0.19869    0.19879    0.20425    0.20725
   0.22363    0.22402    0.23381    0.23556    0.25065    0.25126    0.26211    0.26287
   0.47195    0.47363
 kpt#  98, nband= 50, wtk=  0.00926, kpt=  0.1667  0.1667  0.5000 (reduced coord)
  -1.94276   -1.94179   -1.94130   -1.94052   -0.80311   -0.80258   -0.80011   -0.79954
  -0.79628   -0.79577   -0.79243   -0.79219   -0.79063   -0.78975   -0.78946   -0.78912
  -0.36603   -0.36536   -0.34519   -0.34353   -0.31658   -0.31412   -0.30790   -0.30615
   0.09194    0.09222    0.10803    0.11037    0.12141    0.13022    0.13430    0.13532
   0.14461    0.14585    0.17170    0.17531    0.19370    0.19855    0.20657    0.21162
   0.22092    0.22569    0.23220    0.23473    0.24393    0.25170    0.25988    0.26562
   0.46231    0.47294
 kpt#  99, nband= 50, wtk=  0.00926, kpt=  0.3333  0.1667  0.5000 (reduced coord)
  -1.94275   -1.94177   -1.94133   -1.94053   -0.80407   -0.80365   -0.80100   -0.80059
  -0.79507   -0.79477   -0.79168   -0.79128   -0.79047   -0.79018   -0.78919   -0.78907
  -0.36435   -0.36331   -0.34715   -0.34508   -0.31752   -0.31533   -0.30656   -0.30510
   0.09094    0.09253    0.10925    0.11070    0.12376    0.12944    0.13352    0.13888
   0.15026    0.15277    0.17502    0.17601    0.18742    0.19554    0.20040    0.21072
   0.22187    0.22595    0.23104    0.23610    0.23714    0.24821    0.26271    0.26446
   0.45310    0.45942
 kpt# 100, nband= 50, wtk=  0.00926, kpt=  0.5000  0.1667  0.5000 (reduced coord)
  -1.94275   -1.94175   -1.94134   -1.94053   -0.80431   -0.80380   -0.80178   -0.80133
  -0.79436   -0.79392   -0.79171   -0.79144   -0.79020   -0.78974   -0.78946   -0.78898
  -0.36268   -0.36265   -0.34742   -0.34713   -0.31710   -0.31655   -0.30549   -0.30519
   0.09293    0.09300    0.10782    0.10880    0.12566    0.12740    0.13498    0.13606
   0.15943    0.15949    0.17598    0.17716    0.18615    0.18688    0.20056    0.20312
   0.22266    0.22417    0.23412    0.23481    0.24176    0.24302    0.26352    0.26403
   0.45055    0.45182
 kpt# 101, nband= 50, wtk=  0.00926, kpt= -0.3333  0.1667  0.5000 (reduced coord)
  -1.94275   -1.94177   -1.94133   -1.94053   -0.80394   -0.80344   -0.80146   -0.80038
  -0.79526   -0.79477   -0.79162   -0.79125   -0.79070   -0.79010   -0.78925   -0.78884
  -0.36430   -0.36314   -0.34703   -0.34530   -0.31797   -0.31490   -0.30692   -0.30486
   0.09103    0.09243    0.10905    0.11126    0.12447    0.12770    0.13361    0.13984
   0.15004    0.15266    0.17380    0.17627    0.18758    0.19602    0.20125    0.20976
   0.22254    0.22559    0.23080    0.23637    0.23744    0.24794    0.26350    0.26382
   0.45436    0.45851
 kpt# 102, nband= 50, wtk=  0.00926, kpt= -0.1667  0.1667  0.5000 (reduced coord)
  -1.94276   -1.94179   -1.94130   -1.94052   -0.80285   -0.80247   -0.80044   -0.79944
  -0.79635   -0.79608   -0.79236   -0.79186   -0.79085   -0.79009   -0.78935   -0.78886
  -0.36609   -0.36510   -0.34509   -0.34370   -0.31696   -0.31374   -0.30831   -0.30590
   0.09184    0.09239    0.10828    0.11040    0.12111    0.13026    0.13361    0.13587
   0.14458    0.14615    0.17209    0.17384    0.19328    0.19895    0.20605    0.21268
   0.22164    0.22621    0.23232    0.23469    0.24271    0.25199    0.26075    0.26478
   0.46345    0.47284
 kpt# 103, nband= 50, wtk=  0.00926, kpt=  0.0000  0.3333  0.5000 (reduced coord)
  -1.94275   -1.94176   -1.94133   -1.94053   -0.80192   -0.80130   -0.80085   -0.80034
  -0.79612   -0.79581   -0.79321   -0.79295   -0.79056   -0.79028   -0.78910   -0.78875
  -0.36177   -0.36155   -0.34852   -0.34837   -0.31367   -0.31323   -0.30957   -0.30898
   0.10470    0.10484    0.11384    0.11502    0.12038    0.12196    0.13818    0.13897
   0.14072    0.14131    0.17354    0.17428    0.17946    0.18206    0.20956    0.20967
   0.22533    0.22565    0.22942    0.23095    0.24684    0.24766    0.25866    0.25960
   0.46871    0.46939
 kpt# 104, nband= 50, wtk=  0.00926, kpt=  0.1667  0.3333  0.5000 (reduced coord)
  -1.94275   -1.94176   -1.94133   -1.94053   -0.80375   -0.80301   -0.80159   -0.80090
  -0.79495   -0.79420   -0.79245   -0.79195   -0.79041   -0.78978   -0.78917   -0.78883
  -0.36254   -0.36167   -0.35034   -0.34946   -0.31349   -0.31178   -0.30887   -0.30706
   0.10098    0.10646    0.11198    0.11380    0.12197    0.12611    0.13567    0.13774
   0.14498    0.14623    0.16970    0.17139    0.18862    0.18982    0.20631    0.21416
   0.22042    0.22086    0.22502    0.22613    0.24518    0.25109    0.25571    0.26426
   0.45750    0.47197
 kpt# 105, nband= 50, wtk=  0.00926, kpt=  0.3333  0.3333  0.5000 (reduced coord)
  -1.94275   -1.94175   -1.94134   -1.94053   -0.80532   -0.80482   -0.80347   -0.80299
  -0.79258   -0.79223   -0.79125   -0.79085   -0.78992   -0.78934   -0.78900   -0.78885
  -0.36315   -0.36197   -0.35364   -0.35247   -0.31166   -0.31027   -0.30641   -0.30491
   0.10267    0.10315    0.11060    0.11548    0.12173    0.12628    0.13091    0.13406
   0.15477    0.15622    0.17416    0.17744    0.18819    0.18965    0.20675    0.20854
   0.21591    0.22084    0.22341    0.22571    0.23942    0.24937    0.25746    0.26227
   0.44884    0.46152
 kpt# 106, nband= 50, wtk=  0.00926, kpt=  0.5000  0.3333  0.5000 (reduced coord)
  -1.94274   -1.94174   -1.94135   -1.94053   -0.80570   -0.80532   -0.80446   -0.80408
  -0.79177   -0.79160   -0.79041   -0.79039   -0.78981   -0.78931   -0.78902   -0.78854
  -0.36256   -0.36244   -0.35494   -0.35467   -0.31032   -0.30978   -0.30486   -0.30449
   0.10451    0.10468    0.11067    0.11201    0.12327    0.12392    0.12988    0.13107
   0.16157    0.16264    0.18001    0.18049    0.18346    0.18469    0.20245    0.20471
   0.22147    0.22297    0.22623    0.22728    0.23931    0.24003    0.25932    0.25992
   0.44919    0.45032
 kpt# 107, nband= 50, wtk=  0.00926, kpt= -0.3333  0.3333  0.5000 (reduced coord)
  -1.94275   -1.94175   -1.94134   -1.94053   -0.80500   -0.80470   -0.80396   -0.80288
  -0.79263   -0.79235   -0.79109   -0.79069   -0.79033   -0.78967   -0.78893   -0.78839
  -0.36301   -0.36175   -0.35368   -0.35268   -0.31205   -0.30982   -0.30684   -0.30465
   0.10263    0.10330    0.11037    0.11598    0.12162    0.12642    0.13143    0.13274
   0.15511    0.15704    0.17323    0.17674    0.18806    0.19024    0.20657    0.20846
   0.21487    0.22168    0.22459    0.22640    0.23825    0.24949    0.25822    0.26166
   0.44988    0.46067
 kpt# 108, nband= 50, wtk=  0.00926, kpt= -0.1667  0.3333  0.5000 (reduced coord)
  -1.94275   -1.94176   -1.94133   -1.94053   -0.80333   -0.80301   -0.80200   -0.80081
  -0.79501   -0.79445   -0.79229   -0.79181   -0.79052   -0.79009   -0.78904   -0.78861
  -0.36254   -0.36135   -0.35046   -0.34954   -0.31389   -0.31132   -0.30935   -0.30678
   0.10099    0.10671    0.11211    0.11356    0.12169    0.12678    0.13572    0.13647
   0.14551    0.14677    0.16942    0.17056    0.18877    0.18980    0.20605    0.21347
   0.21993    0.22184    0.22629    0.22723    0.24388    0.25116    0.25638    0.26358
   0.45840    0.47341
 kpt# 109, nband= 50, wtk=  0.00463, kpt=  0.0000  0.5000  0.5000 (reduced coord)
  -1.94275   -1.94174   -1.94135   -1.94053   -0.80180   -0.80163   -0.80082   -0.80059
  -0.79502   -0.79472   -0.79452   -0.79437   -0.79011   -0.78975   -0.78917   -0.78883
  -0.35550   -0.35532   -0.35481   -0.35462   -0.31191   -0.31159   -0.31126   -0.31097
   0.11131    0.11164    0.11289    0.11314    0.13038    0.13140    0.13304    0.13397
   0.15078    0.15101    0.15202    0.15230    0.19282    0.19374    0.19414    0.19507
   0.22833    0.22855    0.22998    0.23021    0.25053    0.25092    0.25231    0.25263
   0.47045    0.47184
 kpt# 110, nband= 50, wtk=  0.00926, kpt=  0.1667  0.5000  0.5000 (reduced coord)
  -1.94274   -1.94174   -1.94135   -1.94053   -0.80354   -0.80285   -0.80266   -0.80193
  -0.79367   -0.79340   -0.79282   -0.79256   -0.79005   -0.78965   -0.78911   -0.78873
  -0.35703   -0.35657   -0.35637   -0.35583   -0.31034   -0.31006   -0.30978   -0.30945
   0.10766    0.10849    0.11542    0.11627    0.12880    0.12984    0.13213    0.13272
   0.15382    0.15419    0.15681    0.15719    0.19548    0.19597    0.19713    0.19799
   0.22004    0.22084    0.22604    0.22678    0.24953    0.25064    0.25673    0.25768
   0.46212    0.46255
 kpt# 111, nband= 50, wtk=  0.00926, kpt=  0.3333  0.5000  0.5000 (reduced coord)
  -1.94274   -1.94174   -1.94135   -1.94053   -0.80551   -0.80501   -0.80473   -0.80421
  -0.79162   -0.79133   -0.79108   -0.79066   -0.78976   -0.78921   -0.78889   -0.78840
  -0.35971   -0.35911   -0.35889   -0.35828   -0.30757   -0.30720   -0.30706   -0.30663
   0.10801    0.10897    0.11407    0.11469    0.12657    0.12719    0.12916    0.13003
   0.16100    0.16155    0.16577    0.16655    0.19508    0.19601    0.19817    0.19982
   0.21530    0.21631    0.22300    0.22391    0.24894    0.25012    0.25541    0.25640
   0.45549    0.45612
 kpt# 112, nband= 50, wtk=  0.00463, kpt=  0.5000  0.5000  0.5000 (reduced coord)
  -1.94274   -1.94174   -1.94135   -1.94053   -0.80617   -0.80599   -0.80547   -0.80520
  -0.79098   -0.79081   -0.79041   -0.79024   -0.78933   -0.78881   -0.78863   -0.78812
  -0.36094   -0.36035   -0.36002   -0.35946   -0.30634   -0.30587   -0.30579   -0.30531
   0.11055    0.11114    0.11220    0.11279    0.12504    0.12584    0.12720    0.12795
   0.16531    0.16578    0.16846    0.16889    0.19422    0.19588    0.19629    0.19787
   0.21940    0.22012    0.22178    0.22246    0.24945    0.25035    0.25077    0.25158
   0.45502    0.45576
