 Fermi (or HOMO) energy (hartree) =   0.27712   Average Vxc (hartree)=  -0.44601
 Eigenvalues (hartree) for nkpt= 112  k points:
 kpt#   1, nband= 50, wtk=  0.00463, kpt=  0.0000  0.0000  0.0000 (reduced coord)
  -1.94367   -1.94302   -1.94298   -1.94297   -0.80522   -0.80522   -0.80488   -0.79318
  -0.79311   -0.79280   -0.79273   -0.79147   -0.79146   -0.78860   -0.78697   -0.78697
  -0.39505   -0.33819   -0.32896   -0.32892   -0.31890   -0.31584   -0.31580   -0.29686
   0.06031    0.06032    0.07169    0.09588    0.10259    0.10262    0.16402    0.16429
   0.16650    0.16676    0.17271    0.17272    0.22350    0.22371    0.22824    0.22848
   0.24938    0.24980    0.25524    0.25532    0.25927    0.26626    0.26650    0.27519
   0.44260    0.44527
 kpt#   2, nband= 50, wtk=  0.00926, kpt=  0.1667  0.0000  0.0000 (reduced coord)
  -1.94363   -1.94303   -1.94301   -1.94298   -0.80436   -0.80413   -0.80411   -0.79410
  -0.79306   -0.79250   -0.79246   -0.79223   -0.79160   -0.78882   -0.78833   -0.78735
  -0.39031   -0.33667   -0.32820   -0.32697   -0.32195   -0.31949   -0.31727   -0.29922
   0.06606    0.07034    0.07103    0.09829    0.10561    0.11766    0.15203    0.15277
   0.16019    0.16249    0.17251    0.17508    0.21844    0.22048    0.22051    0.23663
   0.24586    0.24717    0.25027    0.25815    0.25982    0.26375    0.26663    0.27576
   0.45123    0.45189
 kpt#   3, nband= 50, wtk=  0.00926, kpt=  0.3333  0.0000  0.0000 (reduced coord)
  -1.94350   -1.94316   -1.94301   -1.94298   -0.80208   -0.80197   -0.80101   -0.79632
  -0.79516   -0.79278   -0.79194   -0.79193   -0.79167   -0.79118   -0.78953   -0.78838
  -0.37704   -0.33791   -0.33248   -0.32618   -0.32193   -0.32118   -0.32087   -0.30553
   0.07817    0.08253    0.09886    0.10542    0.11439    0.12555    0.13428    0.13695
   0.14486    0.15223    0.18247    0.18314    0.18608    0.20739    0.21097    0.22860
   0.23687    0.24047    0.25218    0.26415    0.26444    0.26665    0.26987    0.27712
   0.46661    0.46735
 kpt#   4, nband= 50, wtk=  0.00463, kpt=  0.5000  0.0000  0.0000 (reduced coord)
  -1.94334   -1.94332   -1.94301   -1.94298   -0.79924   -0.79922   -0.79863   -0.79862
  -0.79660   -0.79659   -0.79239   -0.79237   -0.79060   -0.79058   -0.78979   -0.78977
  -0.35810   -0.35810   -0.32685   -0.32685   -0.32361   -0.32360   -0.31373   -0.31373
   0.09519    0.09519    0.11093    0.11093    0.11756    0.11756    0.12819    0.12820
   0.14002    0.14003    0.19125    0.19126    0.19421    0.19422    0.19723    0.19724
   0.23747    0.23748    0.26160    0.26160    0.26648    0.26648    0.27635    0.27635
   0.47825    0.47946
 kpt#   5, nband= 50, wtk=  0.00926, kpt=  0.0000  0.1667  0.0000 (reduced coord)
  -1.94363   -1.94304   -1.94301   -1.94298   -0.80436   -0.80413   -0.80411   -0.79412
  -0.79302   -0.79250   -0.79250   -0.79222   -0.79160   -0.78882   -0.78833   -0.78735
  -0.39031   -0.33666   -0.32816   -0.32700   -0.32200   -0.31949   -0.31725   -0.29923
   0.06605    0.07035    0.07102    0.09829    0.10568    0.11762    0.15209    0.15276
   0.16014    0.16254    0.17253    0.17503    0.21838    0.22044    0.22060    0.23708
   0.24532    0.24686    0.25031    0.25826    0.25979    0.26480    0.26583    0.27576
   0.45119    0.45183
 kpt#   6, nband= 50, wtk=  0.00926, kpt=  0.1667  0.1667  0.0000 (reduced coord)
  -1.94359   -1.94304   -1.94303   -1.94300   -0.80348   -0.80348   -0.80342   -0.79395
  -0.79379   -0.79378   -0.79206   -0.79205   -0.79105   -0.79004   -0.78914   -0.78716
  -0.38597   -0.33573   -0.32696   -0.32693   -0.32241   -0.32239   -0.31990   -0.30128
   0.07272    0.07578    0.07579    0.10000    0.10955    0.12840    0.14465    0.14466
   0.15944    0.16490    0.16491    0.17299    0.21393    0.21817    0.22407    0.22412
   0.24697    0.24821    0.25059    0.25065    0.25978    0.25987    0.26789    0.27607
   0.45570    0.45975
 kpt#   7, nband= 50, wtk=  0.00926, kpt=  0.3333  0.1667  0.0000 (reduced coord)
  -1.94347   -1.94315   -1.94303   -1.94300   -0.80172   -0.80146   -0.80102   -0.79642
  -0.79582   -0.79338   -0.79293   -0.79156   -0.79106   -0.79087   -0.78996   -0.78787
  -0.37384   -0.33808   -0.33322   -0.32683   -0.32445   -0.32106   -0.32021   -0.30673
   0.08187    0.09095    0.10215    0.10549    0.11869    0.12419    0.13181    0.13866
   0.14902    0.15875    0.17585    0.17939    0.18920    0.20484    0.20675    0.22959
   0.23108    0.23494    0.25015    0.25253    0.26295    0.26756    0.26961    0.27692
   0.46431    0.47351
 kpt#   8, nband= 50, wtk=  0.00926, kpt=  0.5000  0.1667  0.0000 (reduced coord)
  -1.94332   -1.94329   -1.94303   -1.94300   -0.79920   -0.79919   -0.79890   -0.79889
  -0.79715   -0.79714   -0.79183   -0.79181   -0.79086   -0.79084   -0.78930   -0.78929
  -0.35650   -0.35650   -0.32985   -0.32985   -0.32274   -0.32274   -0.31381   -0.31381
   0.09991    0.09991    0.11418    0.11418    0.11427    0.11427    0.13242    0.13243
   0.14634    0.14635    0.18894    0.18895    0.19023    0.19024    0.19805    0.19805
   0.23276    0.23277    0.25296    0.25297    0.26581    0.26582    0.27573    0.27573
   0.47232    0.47295
 kpt#   9, nband= 50, wtk=  0.00926, kpt= -0.3333  0.1667  0.0000 (reduced coord)
  -1.94347   -1.94315   -1.94303   -1.94300   -0.80172   -0.80146   -0.80102   -0.79642
  -0.79582   -0.79338   -0.79293   -0.79156   -0.79106   -0.79087   -0.78996   -0.78787
  -0.37384   -0.33808   -0.33322   -0.32683   -0.32445   -0.32106   -0.32021   -0.30673
   0.08187    0.09095    0.10215    0.10549    0.11869    0.12419    0.13181    0.13866
   0.14902    0.15875    0.17585    0.17939    0.18920    0.20484    0.20675    0.22959
   0.23108    0.23494    0.25015    0.25253    0.26295    0.26756    0.26961    0.27692
   0.46444    0.47364
 kpt#  10, nband= 50, wtk=  0.00926, kpt= -0.1667  0.1667  0.0000 (reduced coord)
  -1.94359   -1.94304   -1.94303   -1.94300   -0.80348   -0.80348   -0.80342   -0.79395
  -0.79379   -0.79378   -0.79206   -0.79205   -0.79105   -0.79004   -0.78914   -0.78716
  -0.38597   -0.33573   -0.32696   -0.32693   -0.32241   -0.32239   -0.31990   -0.30128
   0.07272    0.07578    0.07579    0.10000    0.10955    0.12840    0.14465    0.14466
   0.15944    0.16490    0.16491    0.17299    0.21393    0.21817    0.22407    0.22412
   0.24697    0.24821    0.25059    0.25065    0.25978    0.25987    0.26789    0.27607
   0.45570    0.45974
 kpt#  11, nband= 50, wtk=  0.00926, kpt=  0.0000  0.3333  0.0000 (reduced coord)
  -1.94350   -1.94316   -1.94301   -1.94298   -0.80208   -0.80197   -0.80101   -0.79632
  -0.79516   -0.79276   -0.79194   -0.79193   -0.79169   -0.79117   -0.78953   -0.78838
  -0.37705   -0.33791   -0.33246   -0.32617   -0.32155   -0.32126   -0.32118   -0.30556
   0.07816    0.08254    0.09885    0.10543    0.11445    0.12557    0.13429    0.13695
   0.14487    0.15224    0.18242    0.18317    0.18604    0.20739    0.21107    0.22856
   0.23664    0.24055    0.25204    0.26439    0.26504    0.26593    0.26993    0.27712
   0.46638    0.46657
 kpt#  12, nband= 50, wtk=  0.00926, kpt=  0.1667  0.3333  0.0000 (reduced coord)
  -1.94347   -1.94315   -1.94303   -1.94300   -0.80172   -0.80146   -0.80102   -0.79642
  -0.79583   -0.79338   -0.79291   -0.79157   -0.79105   -0.79086   -0.78996   -0.78787
  -0.37384   -0.33809   -0.33321   -0.32679   -0.32443   -0.32105   -0.32026   -0.30675
   0.08187    0.09097    0.10213    0.10549    0.11872    0.12418    0.13183    0.13867
   0.14903    0.15878    0.17587    0.17934    0.18917    0.20491    0.20677    0.22959
   0.23105    0.23475    0.25033    0.25250    0.26290    0.26753    0.26966    0.27692
   0.46425    0.47300
 kpt#  13, nband= 50, wtk=  0.00926, kpt=  0.3333  0.3333  0.0000 (reduced coord)
  -1.94337   -1.94312   -1.94312   -1.94304   -0.80080   -0.80080   -0.79983   -0.79840
  -0.79596   -0.79455   -0.79455   -0.79123   -0.79021   -0.79020   -0.79000   -0.78775
  -0.36483   -0.33792   -0.33791   -0.33500   -0.32077   -0.32021   -0.32019   -0.31011
   0.09229    0.10677    0.10970    0.10976    0.12600    0.12605    0.12920    0.13901
   0.16015    0.16015    0.17661    0.17808    0.18917    0.18985    0.20790    0.20795
   0.21461    0.23453    0.23457    0.24025    0.26742    0.26917    0.26920    0.27625
   0.46074    0.46792
 kpt#  14, nband= 50, wtk=  0.00926, kpt=  0.5000  0.3333  0.0000 (reduced coord)
  -1.94326   -1.94323   -1.94309   -1.94307   -0.79996   -0.79995   -0.79923   -0.79922
  -0.79673   -0.79671   -0.79288   -0.79286   -0.78977   -0.78976   -0.78866   -0.78865
  -0.35186   -0.35185   -0.33682   -0.33682   -0.32044   -0.32044   -0.31498   -0.31497
   0.10561    0.10562    0.11000    0.11001    0.13040    0.13040    0.14340    0.14341
   0.15629    0.15630    0.17494    0.17495    0.18730    0.18730    0.20572    0.20572
   0.21036    0.21037    0.23645    0.23646    0.26833    0.26833    0.27429    0.27429
   0.46142    0.46233
 kpt#  15, nband= 50, wtk=  0.00926, kpt= -0.3333  0.3333  0.0000 (reduced coord)
  -1.94337   -1.94312   -1.94312   -1.94304   -0.80080   -0.80080   -0.79983   -0.79840
  -0.79596   -0.79455   -0.79455   -0.79123   -0.79021   -0.79020   -0.79000   -0.78775
  -0.36483   -0.33792   -0.33791   -0.33500   -0.32077   -0.32021   -0.32019   -0.31011
   0.09229    0.10677    0.10970    0.10976    0.12600    0.12605    0.12920    0.13901
   0.16015    0.16015    0.17661    0.17808    0.18917    0.18985    0.20790    0.20795
   0.21461    0.23453    0.23457    0.24025    0.26742    0.26917    0.26920    0.27625
   0.46100    0.46787
 kpt#  16, nband= 50, wtk=  0.00926, kpt= -0.1667  0.3333  0.0000 (reduced coord)
  -1.94347   -1.94315   -1.94303   -1.94300   -0.80172   -0.80146   -0.80102   -0.79642
  -0.79583   -0.79338   -0.79291   -0.79157   -0.79105   -0.79086   -0.78996   -0.78787
  -0.37384   -0.33809   -0.33321   -0.32679   -0.32443   -0.32105   -0.32026   -0.30675
   0.08187    0.09097    0.10213    0.10549    0.11872    0.12418    0.13183    0.13867
   0.14903    0.15878    0.17587    0.17934    0.18917    0.20491    0.20677    0.22959
   0.23105    0.23475    0.25033    0.25250    0.26290    0.26753    0.26966    0.27692
   0.46427    0.47312
 kpt#  17, nband= 50, wtk=  0.00463, kpt=  0.0000  0.5000  0.0000 (reduced coord)
  -1.94334   -1.94332   -1.94301   -1.94298   -0.79924   -0.79922   -0.79863   -0.79862
  -0.79660   -0.79658   -0.79238   -0.79236   -0.79060   -0.79059   -0.78979   -0.78977
  -0.35811   -0.35810   -0.32681   -0.32681   -0.32360   -0.32359   -0.31378   -0.31377
   0.09518    0.09518    0.11096    0.11096    0.11756    0.11757    0.12823    0.12824
   0.13999    0.14000    0.19156    0.19157    0.19386    0.19388    0.19730    0.19731
   0.23735    0.23736    0.26178    0.26178    0.26634    0.26634    0.27636    0.27637
   0.47758    0.47881
 kpt#  18, nband= 50, wtk=  0.00926, kpt=  0.1667  0.5000  0.0000 (reduced coord)
  -1.94332   -1.94329   -1.94303   -1.94300   -0.79920   -0.79919   -0.79891   -0.79889
  -0.79715   -0.79714   -0.79182   -0.79180   -0.79087   -0.79085   -0.78930   -0.78929
  -0.35651   -0.35650   -0.32982   -0.32982   -0.32273   -0.32272   -0.31385   -0.31384
   0.09992    0.09993    0.11418    0.11418    0.11426    0.11427    0.13245    0.13246
   0.14633    0.14634    0.18901    0.18902    0.19027    0.19028    0.19795    0.19795
   0.23266    0.23267    0.25304    0.25304    0.26577    0.26578    0.27574    0.27575
   0.47188    0.47407
 kpt#  19, nband= 50, wtk=  0.00926, kpt=  0.3333  0.5000  0.0000 (reduced coord)
  -1.94326   -1.94323   -1.94309   -1.94307   -0.79996   -0.79995   -0.79923   -0.79922
  -0.79673   -0.79671   -0.79288   -0.79286   -0.78977   -0.78977   -0.78866   -0.78865
  -0.35186   -0.35185   -0.33681   -0.33681   -0.32044   -0.32043   -0.31499   -0.31499
   0.10564    0.10564    0.10999    0.11000    0.13038    0.13039    0.14340    0.14341
   0.15629    0.15629    0.17498    0.17500    0.18735    0.18736    0.20567    0.20568
   0.21028    0.21029    0.23650    0.23651    0.26831    0.26832    0.27430    0.27430
   0.46118    0.46157
 kpt#  20, nband= 50, wtk=  0.00463, kpt=  0.5000  0.5000  0.0000 (reduced coord)
  -1.94319   -1.94316   -1.94316   -1.94314   -0.79999   -0.79999   -0.79999   -0.79999
  -0.79487   -0.79485   -0.79485   -0.79483   -0.78877   -0.78877   -0.78877   -0.78877
  -0.34488   -0.34488   -0.34487   -0.34487   -0.31749   -0.31749   -0.31748   -0.31748
   0.10783    0.10783    0.10784    0.10784    0.15342    0.15342    0.15342    0.15343
   0.15790    0.15791    0.15792    0.15792    0.18935    0.18935    0.18936    0.18936
   0.21898    0.21898    0.21899    0.21899    0.27175    0.27175    0.27175    0.27175
   0.45754    0.45755
 kpt#  21, nband= 50, wtk=  0.00926, kpt=  0.0000  0.0000  0.1667 (reduced coord)
  -1.94363   -1.94306   -1.94298   -1.94298   -0.80444   -0.80444   -0.80389   -0.79397
  -0.79395   -0.79282   -0.79280   -0.79118   -0.79117   -0.78980   -0.78728   -0.78728
  -0.39060   -0.33578   -0.32801   -0.32798   -0.32508   -0.31668   -0.31665   -0.29987
   0.06598    0.06599    0.08178    0.10459    0.10519    0.10678    0.15786    0.15795
   0.16254    0.16258    0.16931    0.16940    0.22331    0.22351    0.23163    0.23184
   0.24078    0.24241    0.24269    0.25886    0.26081    0.26086    0.26720    0.26725
   0.44585    0.45109
 kpt#  22, nband= 50, wtk=  0.00926, kpt=  0.1667  0.0000  0.1667 (reduced coord)
  -1.94359   -1.94306   -1.94302   -1.94298   -0.80363   -0.80349   -0.80331   -0.79506
  -0.79361   -0.79247   -0.79224   -0.79220   -0.79127   -0.79059   -0.78780   -0.78769
  -0.38617   -0.33443   -0.32780   -0.32626   -0.32525   -0.32236   -0.31788   -0.30191
   0.07144    0.07567    0.08040    0.10498    0.10763    0.12329    0.15194    0.15308
   0.15570    0.15778    0.16502    0.16902    0.21706    0.22489    0.22659    0.23277
   0.24235    0.24270    0.24513    0.25025    0.25484    0.26413    0.26427    0.26635
   0.45377    0.45682
 kpt#  23, nband= 50, wtk=  0.00926, kpt=  0.3333  0.0000  0.1667 (reduced coord)
  -1.94347   -1.94314   -1.94304   -1.94300   -0.80172   -0.80137   -0.80085   -0.79710
  -0.79487   -0.79329   -0.79276   -0.79153   -0.79151   -0.79138   -0.78890   -0.78879
  -0.37380   -0.33724   -0.33082   -0.32716   -0.32571   -0.32177   -0.32089   -0.30739
   0.08627    0.08680    0.10248    0.11064    0.11464    0.12927    0.13668    0.14017
   0.14118    0.15639    0.16946    0.17935    0.19532    0.20343    0.21272    0.22999
   0.24119    0.24142    0.24807    0.24912    0.25159    0.26459    0.26629    0.26808
   0.46821    0.46928
 kpt#  24, nband= 50, wtk=  0.00926, kpt=  0.5000  0.0000  0.1667 (reduced coord)
  -1.94332   -1.94329   -1.94303   -1.94300   -0.79950   -0.79948   -0.79820   -0.79818
  -0.79713   -0.79712   -0.79200   -0.79198   -0.79022   -0.79022   -0.79021   -0.79020
  -0.35612   -0.35611   -0.32649   -0.32649   -0.32590   -0.32589   -0.31454   -0.31453
   0.10160    0.10161    0.11070    0.11070    0.12439    0.12440    0.12589    0.12589
   0.14424    0.14425    0.18967    0.18968    0.19384    0.19384    0.19646    0.19647
   0.24089    0.24090    0.25062    0.25062    0.26068    0.26068    0.26842    0.26843
   0.47675    0.47866
 kpt#  25, nband= 50, wtk=  0.00926, kpt= -0.3333  0.0000  0.1667 (reduced coord)
  -1.94347   -1.94314   -1.94304   -1.94300   -0.80172   -0.80137   -0.80085   -0.79710
  -0.79487   -0.79329   -0.79276   -0.79153   -0.79151   -0.79138   -0.78890   -0.78879
  -0.37380   -0.33724   -0.33082   -0.32715   -0.32571   -0.32177   -0.32088   -0.30739
   0.08627    0.08680    0.10248    0.11064    0.11464    0.12927    0.13668    0.14017
   0.14118    0.15639    0.16946    0.17935    0.19532    0.20343    0.21272    0.22999
   0.24119    0.24142    0.24807    0.24913    0.25159    0.26459    0.26628    0.26808
   0.46818    0.46952
 kpt#  26, nband= 50, wtk=  0.00926, kpt= -0.1667  0.0000  0.1667 (reduced coord)
  -1.94359   -1.94306   -1.94302   -1.94298   -0.80363   -0.80349   -0.80331   -0.79506
  -0.79361   -0.79247   -0.79224   -0.79220   -0.79127   -0.79059   -0.78780   -0.78769
  -0.38617   -0.33443   -0.32780   -0.32626   -0.32525   -0.32236   -0.31788   -0.30191
   0.07144    0.07567    0.08040    0.10498    0.10763    0.12329    0.15194    0.15308
   0.15570    0.15778    0.16502    0.16902    0.21706    0.22489    0.22659    0.23277
   0.24235    0.24270    0.24513    0.25025    0.25484    0.26412    0.26427    0.26635
   0.45377    0.45682
 kpt#  27, nband= 50, wtk=  0.00926, kpt=  0.0000  0.1667  0.1667 (reduced coord)
  -1.94359   -1.94306   -1.94302   -1.94298   -0.80363   -0.80349   -0.80331   -0.79507
  -0.79360   -0.79247   -0.79224   -0.79220   -0.79126   -0.79060   -0.78780   -0.78769
  -0.38618   -0.33443   -0.32777   -0.32627   -0.32525   -0.32240   -0.31786   -0.30191
   0.07144    0.07567    0.08040    0.10502    0.10763    0.12328    0.15222    0.15286
   0.15576    0.15769    0.16494    0.16906    0.21700    0.22506    0.22650    0.23304
   0.24200    0.24231    0.24533    0.25051    0.25469    0.26421    0.26451    0.26617
   0.45374    0.45675
 kpt#  28, nband= 50, wtk=  0.00926, kpt=  0.1667  0.1667  0.1667 (reduced coord)
  -1.94355   -1.94306   -1.94303   -1.94302   -0.80301   -0.80297   -0.80284   -0.79446
  -0.79440   -0.79344   -0.79199   -0.79195   -0.79189   -0.79079   -0.78845   -0.78742
  -0.38219   -0.33437   -0.32805   -0.32761   -0.32455   -0.32168   -0.32126   -0.30364
   0.08063    0.08088    0.08162    0.10621    0.11149    0.13338    0.14764    0.14788
   0.15495    0.15951    0.15957    0.16233    0.22077    0.22348    0.22389    0.22420
   0.24239    0.24425    0.24499    0.24962    0.25109    0.25842    0.25896    0.26797
   0.45970    0.46101
 kpt#  29, nband= 50, wtk=  0.00926, kpt=  0.3333  0.1667  0.1667 (reduced coord)
  -1.94344   -1.94314   -1.94305   -1.94302   -0.80170   -0.80163   -0.80113   -0.79592
  -0.79543   -0.79491   -0.79287   -0.79132   -0.79099   -0.79074   -0.78935   -0.78813
  -0.37105   -0.33831   -0.33382   -0.33021   -0.32303   -0.32171   -0.31946   -0.30826
   0.08956    0.09471    0.10550    0.11062    0.11899    0.12882    0.13733    0.13894
   0.14528    0.16129    0.16720    0.16972    0.19538    0.20876    0.21208    0.23014
   0.23196    0.23703    0.24607    0.24835    0.25303    0.25415    0.26388    0.26806
   0.46611    0.47372
 kpt#  30, nband= 50, wtk=  0.00926, kpt=  0.5000  0.1667  0.1667 (reduced coord)
  -1.94330   -1.94327   -1.94305   -1.94302   -0.80073   -0.80072   -0.79828   -0.79827
  -0.79677   -0.79675   -0.79137   -0.79136   -0.79045   -0.79044   -0.78962   -0.78961
  -0.35511   -0.35511   -0.33241   -0.33241   -0.32175   -0.32175   -0.31426   -0.31426
   0.10607    0.10607    0.11258    0.11258    0.12333    0.12333    0.12873    0.12874
   0.15044    0.15045    0.17819    0.17820    0.19636    0.19637    0.20243    0.20243
   0.23476    0.23477    0.24905    0.24906    0.25470    0.25471    0.26726    0.26727
   0.47179    0.47221
 kpt#  31, nband= 50, wtk=  0.00926, kpt= -0.3333  0.1667  0.1667 (reduced coord)
  -1.94344   -1.94314   -1.94305   -1.94302   -0.80170   -0.80163   -0.80113   -0.79592
  -0.79543   -0.79491   -0.79287   -0.79131   -0.79099   -0.79074   -0.78935   -0.78813
  -0.37105   -0.33832   -0.33382   -0.33021   -0.32303   -0.32171   -0.31945   -0.30826
   0.08956    0.09472    0.10550    0.11062    0.11899    0.12882    0.13733    0.13894
   0.14528    0.16129    0.16720    0.16972    0.19538    0.20876    0.21208    0.23014
   0.23196    0.23703    0.24607    0.24835    0.25303    0.25415    0.26388    0.26806
   0.46610    0.47337
 kpt#  32, nband= 50, wtk=  0.00926, kpt= -0.1667  0.1667  0.1667 (reduced coord)
  -1.94355   -1.94306   -1.94303   -1.94302   -0.80301   -0.80297   -0.80284   -0.79446
  -0.79440   -0.79344   -0.79199   -0.79194   -0.79189   -0.79079   -0.78845   -0.78742
  -0.38219   -0.33437   -0.32806   -0.32761   -0.32455   -0.32169   -0.32125   -0.30364
   0.08063    0.08088    0.08162    0.10621    0.11149    0.13338    0.14763    0.14788
   0.15495    0.15951    0.15956    0.16233    0.22077    0.22348    0.22389    0.22421
   0.24239    0.24425    0.24499    0.24962    0.25109    0.25842    0.25896    0.26797
   0.45970    0.46102
 kpt#  33, nband= 50, wtk=  0.00926, kpt=  0.0000  0.3333  0.1667 (reduced coord)
  -1.94347   -1.94315   -1.94304   -1.94300   -0.80172   -0.80137   -0.80085   -0.79711
  -0.79487   -0.79329   -0.79275   -0.79154   -0.79151   -0.79138   -0.78890   -0.78879
  -0.37380   -0.33725   -0.33080   -0.32715   -0.32572   -0.32143   -0.32123   -0.30740
   0.08626    0.08680    0.10247    0.11066    0.11465    0.12928    0.13669    0.14018
   0.14118    0.15643    0.16937    0.17939    0.19532    0.20343    0.21279    0.23000
   0.24076    0.24139    0.24843    0.24958    0.25100    0.26462    0.26628    0.26818
   0.46819    0.46967
 kpt#  34, nband= 50, wtk=  0.00926, kpt=  0.1667  0.3333  0.1667 (reduced coord)
  -1.94344   -1.94314   -1.94305   -1.94302   -0.80170   -0.80163   -0.80112   -0.79592
  -0.79542   -0.79491   -0.79286   -0.79132   -0.79099   -0.79074   -0.78935   -0.78813
  -0.37105   -0.33832   -0.33381   -0.33021   -0.32303   -0.32166   -0.31951   -0.30827
   0.08956    0.09472    0.10549    0.11062    0.11901    0.12880    0.13734    0.13895
   0.14529    0.16135    0.16711    0.16974    0.19538    0.20878    0.21213    0.23025
   0.23180    0.23672    0.24647    0.24841    0.25289    0.25398    0.26398    0.26808
   0.46592    0.47341
 kpt#  35, nband= 50, wtk=  0.00926, kpt=  0.3333  0.3333  0.1667 (reduced coord)
  -1.94335   -1.94312   -1.94312   -1.94306   -0.80159   -0.80157   -0.80154   -0.79778
  -0.79568   -0.79375   -0.79373   -0.79033   -0.79025   -0.79019   -0.78984   -0.78790
  -0.36327   -0.33986   -0.33973   -0.33760   -0.31995   -0.31847   -0.31835   -0.31074
   0.09893    0.11155    0.11203    0.11237    0.12865    0.13117    0.13128    0.14153
   0.15531    0.15592    0.16111    0.17866    0.19140    0.20564    0.21226    0.21280
   0.21881    0.23169    0.23200    0.23588    0.25560    0.26035    0.26110    0.26704
   0.46204    0.46967
 kpt#  36, nband= 50, wtk=  0.00926, kpt=  0.5000  0.3333  0.1667 (reduced coord)
  -1.94325   -1.94322   -1.94310   -1.94308   -0.80169   -0.80168   -0.80021   -0.80021
  -0.79496   -0.79494   -0.79180   -0.79179   -0.78968   -0.78967   -0.78877   -0.78877
  -0.35199   -0.35198   -0.33975   -0.33975   -0.31841   -0.31841   -0.31437   -0.31437
   0.11062    0.11062    0.11401    0.11401    0.13394    0.13395    0.13911    0.13912
   0.15809    0.15810    0.16648    0.16649    0.19903    0.19904    0.20581    0.20582
   0.21454    0.21455    0.23214    0.23214    0.25929    0.25930    0.26555    0.26555
   0.46248    0.46476
 kpt#  37, nband= 50, wtk=  0.00926, kpt= -0.3333  0.3333  0.1667 (reduced coord)
  -1.94335   -1.94312   -1.94312   -1.94306   -0.80159   -0.80157   -0.80154   -0.79778
  -0.79568   -0.79375   -0.79373   -0.79033   -0.79025   -0.79019   -0.78984   -0.78790
  -0.36327   -0.33987   -0.33972   -0.33760   -0.31995   -0.31848   -0.31835   -0.31074
   0.09893    0.11155    0.11203    0.11237    0.12865    0.13117    0.13127    0.14153
   0.15531    0.15593    0.16111    0.17866    0.19140    0.20565    0.21226    0.21280
   0.21881    0.23169    0.23200    0.23588    0.25560    0.26035    0.26110    0.26704
   0.46188    0.47017
 kpt#  38, nband= 50, wtk=  0.00926, kpt= -0.1667  0.3333  0.1667 (reduced coord)
  -1.94344   -1.94314   -1.94305   -1.94302   -0.80170   -0.80163   -0.80112   -0.79592
  -0.79542   -0.79491   -0.79286   -0.79132   -0.79099   -0.79074   -0.78935   -0.78813
  -0.37105   -0.33832   -0.33381   -0.33021   -0.32303   -0.32166   -0.31951   -0.30827
   0.08956    0.09472    0.10549    0.11062    0.11901    0.12880    0.13734    0.13895
   0.14529    0.16135    0.16711    0.16974    0.19538    0.20878    0.21213    0.23025
   0.23180    0.23672    0.24646    0.24841    0.25289    0.25398    0.26398    0.26808
   0.46592    0.47348
 kpt#  39, nband= 50, wtk=  0.00926, kpt=  0.0000  0.5000  0.1667 (reduced coord)
  -1.94332   -1.94329   -1.94303   -1.94300   -0.79950   -0.79948   -0.79820   -0.79819
  -0.79713   -0.79712   -0.79200   -0.79198   -0.79022   -0.79022   -0.79021   -0.79020
  -0.35613   -0.35612   -0.32640   -0.32640   -0.32595   -0.32595   -0.31457   -0.31457
   0.10160    0.10160    0.11072    0.11072    0.12441    0.12442    0.12588    0.12589
   0.14422    0.14423    0.18984    0.18985    0.19374    0.19375    0.19642    0.19643
   0.24070    0.24071    0.25077    0.25078    0.26058    0.26058    0.26852    0.26852
   0.47621    0.47828
 kpt#  40, nband= 50, wtk=  0.00926, kpt=  0.1667  0.5000  0.1667 (reduced coord)
  -1.94330   -1.94328   -1.94305   -1.94302   -0.80073   -0.80072   -0.79828   -0.79827
  -0.79677   -0.79675   -0.79136   -0.79135   -0.79046   -0.79044   -0.78962   -0.78960
  -0.35512   -0.35512   -0.33240   -0.33240   -0.32174   -0.32173   -0.31429   -0.31429
   0.10609    0.10610    0.11256    0.11257    0.12332    0.12332    0.12875    0.12876
   0.15043    0.15044    0.17822    0.17824    0.19643    0.19645    0.20236    0.20236
   0.23463    0.23464    0.24919    0.24919    0.25459    0.25460    0.26732    0.26733
   0.47141    0.47294
 kpt#  41, nband= 50, wtk=  0.00926, kpt=  0.3333  0.5000  0.1667 (reduced coord)
  -1.94325   -1.94322   -1.94310   -1.94308   -0.80169   -0.80168   -0.80021   -0.80021
  -0.79496   -0.79494   -0.79180   -0.79179   -0.78968   -0.78968   -0.78877   -0.78877
  -0.35199   -0.35199   -0.33974   -0.33974   -0.31840   -0.31840   -0.31438   -0.31438
   0.11064    0.11065    0.11399    0.11400    0.13393    0.13394    0.13910    0.13910
   0.15807    0.15808    0.16654    0.16655    0.19912    0.19913    0.20574    0.20575
   0.21445    0.21446    0.23217    0.23218    0.25926    0.25927    0.26557    0.26558
   0.46234    0.46253
 kpt#  42, nband= 50, wtk=  0.00926, kpt=  0.5000  0.5000  0.1667 (reduced coord)
  -1.94319   -1.94316   -1.94316   -1.94314   -0.80152   -0.80152   -0.80152   -0.80152
  -0.79326   -0.79325   -0.79325   -0.79323   -0.78876   -0.78876   -0.78876   -0.78876
  -0.34669   -0.34669   -0.34669   -0.34668   -0.31582   -0.31581   -0.31581   -0.31581
   0.11246    0.11246    0.11246    0.11246    0.15010    0.15010    0.15011    0.15011
   0.15688    0.15689    0.15689    0.15690    0.19971    0.19971    0.19972    0.19972
   0.21505    0.21505    0.21506    0.21506    0.26386    0.26387    0.26387    0.26387
   0.45980    0.45981
 kpt#  43, nband= 50, wtk=  0.00926, kpt= -0.3333  0.5000  0.1667 (reduced coord)
  -1.94325   -1.94322   -1.94310   -1.94308   -0.80169   -0.80168   -0.80021   -0.80021
  -0.79496   -0.79494   -0.79180   -0.79179   -0.78968   -0.78967   -0.78877   -0.78877
  -0.35199   -0.35199   -0.33974   -0.33974   -0.31840   -0.31840   -0.31438   -0.31438
   0.11064    0.11064    0.11399    0.11400    0.13393    0.13394    0.13909    0.13910
   0.15807    0.15808    0.16654    0.16655    0.19912    0.19913    0.20574    0.20575
   0.21445    0.21447    0.23218    0.23218    0.25927    0.25927    0.26557    0.26558
   0.46236    0.46277
 kpt#  44, nband= 50, wtk=  0.00926, kpt= -0.1667  0.5000  0.1667 (reduced coord)
  -1.94330   -1.94328   -1.94305   -1.94302   -0.80073   -0.80072   -0.79828   -0.79827
  -0.79677   -0.79675   -0.79136   -0.79135   -0.79046   -0.79044   -0.78962   -0.78960
  -0.35512   -0.35512   -0.33240   -0.33240   -0.32174   -0.32173   -0.31429   -0.31429
   0.10609    0.10610    0.11256    0.11256    0.12332    0.12332    0.12875    0.12876
   0.15043    0.15044    0.17823    0.17823    0.19643    0.19644    0.20236    0.20237
   0.23463    0.23464    0.24919    0.24919    0.25460    0.25460    0.26732    0.26733
   0.47157    0.47217
 kpt#  45, nband= 50, wtk=  0.00926, kpt=  0.0000 -0.3333  0.1667 (reduced coord)
  -1.94347   -1.94315   -1.94304   -1.94300   -0.80172   -0.80137   -0.80085   -0.79711
  -0.79487   -0.79329   -0.79275   -0.79154   -0.79151   -0.79138   -0.78890   -0.78879
  -0.37380   -0.33725   -0.33080   -0.32715   -0.32572   -0.32143   -0.32123   -0.30740
   0.08626    0.08680    0.10247    0.11066    0.11465    0.12928    0.13669    0.14018
   0.14118    0.15643    0.16937    0.17939    0.19532    0.20343    0.21279    0.23000
   0.24076    0.24139    0.24843    0.24958    0.25100    0.26462    0.26628    0.26818
   0.46817    0.47056
 kpt#  46, nband= 50, wtk=  0.00926, kpt=  0.1667 -0.3333  0.1667 (reduced coord)
  -1.94344   -1.94314   -1.94305   -1.94302   -0.80170   -0.80163   -0.80112   -0.79592
  -0.79542   -0.79491   -0.79286   -0.79132   -0.79099   -0.79074   -0.78935   -0.78813
  -0.37105   -0.33832   -0.33381   -0.33021   -0.32303   -0.32166   -0.31951   -0.30827
   0.08956    0.09472    0.10549    0.11062    0.11901    0.12880    0.13734    0.13895
   0.14529    0.16135    0.16711    0.16974    0.19538    0.20878    0.21213    0.23025
   0.23180    0.23672    0.24647    0.24841    0.25289    0.25398    0.26398    0.26808
   0.46590    0.47347
 kpt#  47, nband= 50, wtk=  0.00926, kpt=  0.3333 -0.3333  0.1667 (reduced coord)
  -1.94335   -1.94312   -1.94312   -1.94306   -0.80159   -0.80157   -0.80154   -0.79778
  -0.79568   -0.79375   -0.79373   -0.79033   -0.79025   -0.79019   -0.78984   -0.78790
  -0.36327   -0.33986   -0.33973   -0.33760   -0.31995   -0.31847   -0.31835   -0.31074
   0.09893    0.11155    0.11203    0.11237    0.12865    0.13117    0.13128    0.14153
   0.15531    0.15592    0.16111    0.17866    0.19140    0.20564    0.21226    0.21280
   0.21881    0.23169    0.23200    0.23588    0.25560    0.26035    0.26110    0.26704
   0.46189    0.46985
 kpt#  48, nband= 50, wtk=  0.00926, kpt=  0.5000 -0.3333  0.1667 (reduced coord)
  -1.94325   -1.94322   -1.94310   -1.94308   -0.80169   -0.80168   -0.80021   -0.80021
  -0.79496   -0.79494   -0.79180   -0.79179   -0.78968   -0.78967   -0.78877   -0.78877
  -0.35199   -0.35198   -0.33975   -0.33975   -0.31841   -0.31841   -0.31437   -0.31437
   0.11062    0.11062    0.11401    0.11401    0.13394    0.13395    0.13911    0.13912
   0.15809    0.15810    0.16648    0.16649    0.19903    0.19904    0.20581    0.20582
   0.21454    0.21455    0.23214    0.23214    0.25929    0.25930    0.26555    0.26555
   0.46248    0.46285
 kpt#  49, nband= 50, wtk=  0.00926, kpt= -0.3333 -0.3333  0.1667 (reduced coord)
  -1.94335   -1.94312   -1.94312   -1.94306   -0.80159   -0.80157   -0.80154   -0.79778
  -0.79568   -0.79375   -0.79373   -0.79033   -0.79025   -0.79019   -0.78984   -0.78790
  -0.36327   -0.33987   -0.33972   -0.33760   -0.31995   -0.31848   -0.31835   -0.31074
   0.09893    0.11155    0.11203    0.11237    0.12865    0.13117    0.13127    0.14153
   0.15531    0.15593    0.16111    0.17866    0.19140    0.20565    0.21226    0.21280
   0.21881    0.23169    0.23200    0.23588    0.25560    0.26035    0.26110    0.26704
   0.46189    0.46994
 kpt#  50, nband= 50, wtk=  0.00926, kpt= -0.1667 -0.3333  0.1667 (reduced coord)
  -1.94344   -1.94314   -1.94305   -1.94302   -0.80170   -0.80163   -0.80112   -0.79592
  -0.79542   -0.79491   -0.79286   -0.79132   -0.79099   -0.79074   -0.78935   -0.78813
  -0.37105   -0.33832   -0.33381   -0.33021   -0.32303   -0.32166   -0.31951   -0.30827
   0.08956    0.09472    0.10549    0.11062    0.11901    0.12880    0.13734    0.13895
   0.14529    0.16135    0.16711    0.16974    0.19538    0.20878    0.21213    0.23025
   0.23180    0.23672    0.24646    0.24841    0.25289    0.25398    0.26398    0.26808
   0.46612    0.47337
 kpt#  51, nband= 50, wtk=  0.00926, kpt=  0.0000 -0.1667  0.1667 (reduced coord)
  -1.94359   -1.94306   -1.94302   -1.94298   -0.80363   -0.80349   -0.80331   -0.79507
  -0.79360   -0.79247   -0.79224   -0.79220   -0.79126   -0.79060   -0.78780   -0.78769
  -0.38618   -0.33443   -0.32777   -0.32627   -0.32525   -0.32240   -0.31786   -0.30191
   0.07144    0.07567    0.08040    0.10502    0.10763    0.12328    0.15222    0.15286
   0.15576    0.15769    0.16494    0.16906    0.21700    0.22506    0.22650    0.23304
   0.24200    0.24231    0.24533    0.25051    0.25469    0.26421    0.26451    0.26617
   0.45374    0.45675
 kpt#  52, nband= 50, wtk=  0.00926, kpt=  0.1667 -0.1667  0.1667 (reduced coord)
  -1.94355   -1.94306   -1.94303   -1.94302   -0.80301   -0.80297   -0.80284   -0.79446
  -0.79440   -0.79344   -0.79199   -0.79195   -0.79189   -0.79079   -0.78845   -0.78742
  -0.38219   -0.33437   -0.32805   -0.32761   -0.32455   -0.32168   -0.32126   -0.30364
   0.08063    0.08088    0.08162    0.10621    0.11149    0.13338    0.14764    0.14788
   0.15495    0.15951    0.15957    0.16233    0.22077    0.22348    0.22389    0.22420
   0.24239    0.24425    0.24499    0.24962    0.25109    0.25842    0.25896    0.26797
   0.45970    0.46102
 kpt#  53, nband= 50, wtk=  0.00926, kpt=  0.3333 -0.1667  0.1667 (reduced coord)
  -1.94344   -1.94314   -1.94305   -1.94302   -0.80170   -0.80163   -0.80113   -0.79592
  -0.79543   -0.79491   -0.79287   -0.79132   -0.79099   -0.79074   -0.78935   -0.78813
  -0.37105   -0.33831   -0.33382   -0.33021   -0.32303   -0.32171   -0.31946   -0.30826
   0.08956    0.09471    0.10550    0.11062    0.11899    0.12882    0.13733    0.13894
   0.14528    0.16129    0.16720    0.16972    0.19538    0.20876    0.21208    0.23014
   0.23196    0.23703    0.24607    0.24835    0.25303    0.25415    0.26388    0.26806
   0.46607    0.47362
 kpt#  54, nband= 50, wtk=  0.00926, kpt=  0.5000 -0.1667  0.1667 (reduced coord)
  -1.94330   -1.94327   -1.94305   -1.94302   -0.80073   -0.80072   -0.79828   -0.79827
  -0.79677   -0.79675   -0.79137   -0.79136   -0.79045   -0.79044   -0.78962   -0.78961
  -0.35511   -0.35511   -0.33241   -0.33241   -0.32175   -0.32175   -0.31426   -0.31426
   0.10607    0.10607    0.11258    0.11258    0.12333    0.12333    0.12873    0.12874
   0.15044    0.15045    0.17819    0.17820    0.19636    0.19637    0.20243    0.20243
   0.23476    0.23477    0.24905    0.24906    0.25470    0.25471    0.26726    0.26727
   0.47181    0.47606
 kpt#  55, nband= 50, wtk=  0.00926, kpt= -0.3333 -0.1667  0.1667 (reduced coord)
  -1.94344   -1.94314   -1.94305   -1.94302   -0.80170   -0.80163   -0.80113   -0.79592
  -0.79543   -0.79491   -0.79287   -0.79131   -0.79099   -0.79074   -0.78935   -0.78813
  -0.37105   -0.33832   -0.33382   -0.33021   -0.32303   -0.32171   -0.31945   -0.30826
   0.08956    0.09472    0.10550    0.11062    0.11899    0.12882    0.13733    0.13894
   0.14528    0.16129    0.16720    0.16972    0.19538    0.20876    0.21208    0.23014
   0.23196    0.23703    0.24607    0.24835    0.25303    0.25415    0.26388    0.26806
   0.46610    0.47360
 kpt#  56, nband= 50, wtk=  0.00926, kpt= -0.1667 -0.1667  0.1667 (reduced coord)
  -1.94355   -1.94306   -1.94303   -1.94302   -0.80301   -0.80297   -0.80284   -0.79446
  -0.79440   -0.79344   -0.79199   -0.79194   -0.79189   -0.79079   -0.78845   -0.78742
  -0.38219   -0.33437   -0.32806   -0.32761   -0.32455   -0.32169   -0.32125   -0.30364
   0.08063    0.08088    0.08162    0.10621    0.11149    0.13338    0.14763    0.14788
   0.15495    0.15951    0.15956    0.16233    0.22077    0.22348    0.22389    0.22421
   0.24239    0.24425    0.24499    0.24962    0.25109    0.25842    0.25896    0.26797
   0.45970    0.46107
 kpt#  57, nband= 50, wtk=  0.00926, kpt=  0.0000  0.0000  0.3333 (reduced coord)
  -1.94351   -1.94318   -1.94298   -1.94298   -0.80228   -0.80228   -0.80111   -0.79624
  -0.79623   -0.79301   -0.79285   -0.79285   -0.79035   -0.79035   -0.78810   -0.78810
  -0.37815   -0.34076   -0.32885   -0.32550   -0.32548   -0.31897   -0.31895   -0.30809
   0.08232    0.08233    0.10968    0.11279    0.11291    0.13457    0.13494    0.13495
   0.14457    0.14471    0.18317    0.18319    0.19840    0.21884    0.21918    0.22023
   0.22505    0.22541    0.24367    0.24373    0.26701    0.26704    0.26871    0.26871
   0.45510    0.46587
 kpt#  58, nband= 50, wtk=  0.00926, kpt=  0.1667  0.0000  0.3333 (reduced coord)
  -1.94347   -1.94317   -1.94302   -1.94299   -0.80188   -0.80150   -0.80099   -0.79709
  -0.79572   -0.79400   -0.79237   -0.79213   -0.79113   -0.79038   -0.78860   -0.78815
  -0.37460   -0.33983   -0.32811   -0.32664   -0.32437   -0.32346   -0.31955   -0.30930
   0.08668    0.09079    0.10440    0.11346    0.11929    0.13366    0.13750    0.14362
   0.14430    0.14693    0.17131    0.17792    0.20182    0.20707    0.22081    0.22346
   0.22978    0.23484    0.23612    0.23887    0.25996    0.26025    0.26494    0.26611
   0.46087    0.46936
 kpt#  59, nband= 50, wtk=  0.00926, kpt=  0.3333  0.0000  0.3333 (reduced coord)
  -1.94338   -1.94314   -1.94311   -1.94303   -0.80066   -0.80060   -0.79938   -0.79855
  -0.79623   -0.79432   -0.79335   -0.79115   -0.79105   -0.79081   -0.78966   -0.78861
  -0.36467   -0.33719   -0.33534   -0.32960   -0.32615   -0.32148   -0.32099   -0.31256
   0.09808    0.10743    0.11155    0.11583    0.11941    0.13163    0.13508    0.14245
   0.15138    0.15644    0.17123    0.17463    0.19231    0.20376    0.21030    0.21612
   0.22041    0.23416    0.23584    0.24298    0.24947    0.25197    0.25775    0.26249
   0.47121    0.47405
 kpt#  60, nband= 50, wtk=  0.00926, kpt=  0.5000  0.0000  0.3333 (reduced coord)
  -1.94326   -1.94323   -1.94309   -1.94307   -0.79980   -0.79980   -0.79867   -0.79866
  -0.79639   -0.79637   -0.79243   -0.79241   -0.79032   -0.79031   -0.78970   -0.78969
  -0.35048   -0.35048   -0.33349   -0.33348   -0.32361   -0.32361   -0.31694   -0.31694
   0.11127    0.11127    0.11887    0.11887    0.11989    0.11989    0.14619    0.14620
   0.14667    0.14668    0.18451    0.18451    0.19137    0.19137    0.20455    0.20455
   0.21648    0.21649    0.24571    0.24572    0.24824    0.24824    0.25747    0.25747
   0.47359    0.47522
 kpt#  61, nband= 50, wtk=  0.00926, kpt= -0.3333  0.0000  0.3333 (reduced coord)
  -1.94338   -1.94314   -1.94311   -1.94303   -0.80066   -0.80060   -0.79938   -0.79855
  -0.79623   -0.79432   -0.79335   -0.79115   -0.79105   -0.79081   -0.78966   -0.78861
  -0.36467   -0.33719   -0.33534   -0.32960   -0.32615   -0.32148   -0.32099   -0.31256
   0.09808    0.10743    0.11155    0.11583    0.11941    0.13163    0.13508    0.14245
   0.15137    0.15644    0.17122    0.17463    0.19231    0.20376    0.21030    0.21612
   0.22041    0.23416    0.23584    0.24298    0.24947    0.25197    0.25775    0.26249
   0.47415    0.47467
 kpt#  62, nband= 50, wtk=  0.00926, kpt= -0.1667  0.0000  0.3333 (reduced coord)
  -1.94347   -1.94317   -1.94302   -1.94299   -0.80188   -0.80150   -0.80099   -0.79709
  -0.79572   -0.79400   -0.79237   -0.79213   -0.79113   -0.79038   -0.78860   -0.78815
  -0.37460   -0.33983   -0.32811   -0.32664   -0.32437   -0.32346   -0.31955   -0.30930
   0.08668    0.09079    0.10440    0.11346    0.11928    0.13366    0.13751    0.14362
   0.14430    0.14693    0.17131    0.17792    0.20182    0.20707    0.22082    0.22346
   0.22978    0.23484    0.23612    0.23887    0.25996    0.26025    0.26494    0.26611
   0.46087    0.46926
 kpt#  63, nband= 50, wtk=  0.00926, kpt=  0.0000  0.1667  0.3333 (reduced coord)
  -1.94347   -1.94317   -1.94302   -1.94299   -0.80188   -0.80150   -0.80099   -0.79709
  -0.79572   -0.79400   -0.79236   -0.79213   -0.79113   -0.79039   -0.78859   -0.78815
  -0.37460   -0.33983   -0.32811   -0.32664   -0.32434   -0.32351   -0.31953   -0.30930
   0.08668    0.09078    0.10438    0.11357    0.11920    0.13370    0.13747    0.14308
   0.14519    0.14657    0.17128    0.17796    0.20176    0.20703    0.22089    0.22351
   0.22990    0.23470    0.23616    0.23878    0.26001    0.26021    0.26498    0.26610
   0.46084    0.46912
 kpt#  64, nband= 50, wtk=  0.00926, kpt=  0.1667  0.1667  0.3333 (reduced coord)
  -1.94344   -1.94316   -1.94303   -1.94302   -0.80178   -0.80174   -0.80112   -0.79587
  -0.79585   -0.79509   -0.79201   -0.79187   -0.79180   -0.79009   -0.78869   -0.78814
  -0.37160   -0.34032   -0.32925   -0.32893   -0.32630   -0.32028   -0.31998   -0.31015
   0.09443    0.09485    0.10363    0.11733    0.11986    0.13703    0.13760    0.14470
   0.14643    0.15204    0.16480    0.16519    0.20548    0.21852    0.21895    0.21967
   0.23240    0.23257    0.23352    0.23673    0.25332    0.25740    0.25764    0.26054
   0.46450    0.47031
 kpt#  65, nband= 50, wtk=  0.00926, kpt=  0.3333  0.1667  0.3333 (reduced coord)
  -1.94335   -1.94314   -1.94311   -1.94305   -0.80180   -0.80141   -0.80126   -0.79748
  -0.79567   -0.79340   -0.79336   -0.79104   -0.79083   -0.79008   -0.78932   -0.78856
  -0.36319   -0.34026   -0.33835   -0.33422   -0.32276   -0.31931   -0.31812   -0.31246
   0.10441    0.10851    0.11378    0.11991    0.12115    0.13526    0.13894    0.14244
   0.15140    0.15217    0.15960    0.17352    0.20132    0.20708    0.21289    0.22145
   0.22589    0.23129    0.23286    0.23567    0.24379    0.24731    0.25046    0.25783
   0.46880    0.47466
 kpt#  66, nband= 50, wtk=  0.00926, kpt=  0.5000  0.1667  0.3333 (reduced coord)
  -1.94325   -1.94322   -1.94310   -1.94308   -0.80166   -0.80165   -0.79981   -0.79980
  -0.79476   -0.79474   -0.79109   -0.79108   -0.79013   -0.79011   -0.78974   -0.78973
  -0.35111   -0.35111   -0.33824   -0.33824   -0.31990   -0.31990   -0.31554   -0.31554
   0.11505    0.11506    0.12091    0.12091    0.12371    0.12371    0.13973    0.13974
   0.15337    0.15338    0.17344    0.17344    0.20221    0.20221    0.20586    0.20586
   0.22109    0.22110    0.23989    0.23991    0.24090    0.24091    0.25472    0.25473
   0.47150    0.47155
 kpt#  67, nband= 50, wtk=  0.00926, kpt= -0.3333  0.1667  0.3333 (reduced coord)
  -1.94335   -1.94314   -1.94311   -1.94305   -0.80180   -0.80141   -0.80126   -0.79748
  -0.79567   -0.79340   -0.79336   -0.79104   -0.79083   -0.79008   -0.78932   -0.78856
  -0.36319   -0.34026   -0.33835   -0.33422   -0.32276   -0.31931   -0.31812   -0.31246
   0.10441    0.10851    0.11378    0.11991    0.12115    0.13526    0.13894    0.14244
   0.15140    0.15216    0.15960    0.17352    0.20132    0.20708    0.21289    0.22145
   0.22589    0.23129    0.23286    0.23567    0.24379    0.24731    0.25046    0.25783
   0.46875    0.47505
 kpt#  68, nband= 50, wtk=  0.00926, kpt= -0.1667  0.1667  0.3333 (reduced coord)
  -1.94344   -1.94316   -1.94303   -1.94302   -0.80178   -0.80174   -0.80112   -0.79587
  -0.79585   -0.79510   -0.79201   -0.79187   -0.79180   -0.79009   -0.78869   -0.78814
  -0.37160   -0.34032   -0.32925   -0.32893   -0.32630   -0.32028   -0.31998   -0.31015
   0.09443    0.09485    0.10364    0.11733    0.11986    0.13703    0.13760    0.14470
   0.14643    0.15204    0.16480    0.16518    0.20548    0.21852    0.21895    0.21967
   0.23240    0.23257    0.23352    0.23673    0.25332    0.25740    0.25764    0.26054
   0.46450    0.46990
 kpt#  69, nband= 50, wtk=  0.00926, kpt=  0.0000  0.3333  0.3333 (reduced coord)
  -1.94338   -1.94314   -1.94311   -1.94303   -0.80066   -0.80059   -0.79936   -0.79856
  -0.79622   -0.79432   -0.79335   -0.79113   -0.79106   -0.79081   -0.78966   -0.78861
  -0.36468   -0.33719   -0.33535   -0.32961   -0.32615   -0.32127   -0.32118   -0.31256
   0.09807    0.10743    0.11154    0.11592    0.11938    0.13168    0.13504    0.14240
   0.15135    0.15643    0.17126    0.17466    0.19230    0.20355    0.21054    0.21608
   0.22039    0.23416    0.23581    0.24291    0.24945    0.25205    0.25783    0.26250
   0.47200    0.47410
 kpt#  70, nband= 50, wtk=  0.00926, kpt=  0.1667  0.3333  0.3333 (reduced coord)
  -1.94335   -1.94314   -1.94311   -1.94305   -0.80180   -0.80141   -0.80126   -0.79748
  -0.79567   -0.79340   -0.79336   -0.79104   -0.79083   -0.79008   -0.78932   -0.78856
  -0.36319   -0.34026   -0.33835   -0.33423   -0.32276   -0.31927   -0.31815   -0.31246
   0.10440    0.10851    0.11378    0.11999    0.12110    0.13522    0.13898    0.14241
   0.15137    0.15217    0.15961    0.17354    0.20123    0.20710    0.21301    0.22143
   0.22579    0.23132    0.23278    0.23565    0.24387    0.24728    0.25054    0.25784
   0.46849    0.47485
 kpt#  71, nband= 50, wtk=  0.00926, kpt=  0.3333  0.3333  0.3333 (reduced coord)
  -1.94329   -1.94314   -1.94312   -1.94310   -0.80277   -0.80274   -0.80272   -0.80010
  -0.79288   -0.79247   -0.79242   -0.79031   -0.79022   -0.78958   -0.78941   -0.78831
  -0.35875   -0.34406   -0.34288   -0.34277   -0.31802   -0.31562   -0.31552   -0.31246
   0.11412    0.11839    0.11879    0.12134    0.12895    0.14084    0.14109    0.14464
   0.14961    0.15036    0.15058    0.18299    0.19368    0.21723    0.21952    0.22011
   0.22214    0.22530    0.22579    0.22727    0.23043    0.24244    0.24342    0.25262
   0.46543    0.47394
 kpt#  72, nband= 50, wtk=  0.00926, kpt=  0.5000  0.3333  0.3333 (reduced coord)
  -1.94322   -1.94319   -1.94313   -1.94311   -0.80331   -0.80330   -0.80214   -0.80213
  -0.79249   -0.79247   -0.79043   -0.79042   -0.78949   -0.78948   -0.78907   -0.78907
  -0.35163   -0.35163   -0.34509   -0.34509   -0.31540   -0.31539   -0.31328   -0.31328
   0.12097    0.12098    0.12327    0.12328    0.13326    0.13326    0.14021    0.14022
   0.15479    0.15479    0.17103    0.17104    0.20150    0.20150    0.21344    0.21344
   0.21967    0.21968    0.22372    0.22373    0.23755    0.23756    0.24973    0.24974
   0.46578    0.46649
 kpt#  73, nband= 50, wtk=  0.00926, kpt= -0.3333  0.3333  0.3333 (reduced coord)
  -1.94329   -1.94314   -1.94312   -1.94310   -0.80277   -0.80274   -0.80272   -0.80010
  -0.79288   -0.79247   -0.79242   -0.79031   -0.79022   -0.78958   -0.78941   -0.78831
  -0.35875   -0.34406   -0.34288   -0.34277   -0.31802   -0.31562   -0.31552   -0.31246
   0.11412    0.11839    0.11879    0.12134    0.12895    0.14084    0.14109    0.14464
   0.14961    0.15036    0.15058    0.18299    0.19368    0.21723    0.21952    0.22011
   0.22214    0.22531    0.22579    0.22727    0.23043    0.24244    0.24342    0.25262
   0.46541    0.47455
 kpt#  74, nband= 50, wtk=  0.00926, kpt= -0.1667  0.3333  0.3333 (reduced coord)
  -1.94335   -1.94314   -1.94311   -1.94305   -0.80180   -0.80141   -0.80126   -0.79748
  -0.79567   -0.79340   -0.79336   -0.79104   -0.79083   -0.79008   -0.78932   -0.78856
  -0.36319   -0.34026   -0.33835   -0.33423   -0.32276   -0.31927   -0.31815   -0.31246
   0.10440    0.10852    0.11378    0.11999    0.12110    0.13522    0.13898    0.14241
   0.15137    0.15217    0.15961    0.17354    0.20123    0.20710    0.21301    0.22143
   0.22579    0.23132    0.23278    0.23565    0.24387    0.24728    0.25054    0.25784
   0.46844    0.47514
 kpt#  75, nband= 50, wtk=  0.00926, kpt=  0.0000  0.5000  0.3333 (reduced coord)
  -1.94326   -1.94323   -1.94309   -1.94307   -0.79980   -0.79979   -0.79867   -0.79866
  -0.79640   -0.79638   -0.79244   -0.79242   -0.79031   -0.79030   -0.78970   -0.78969
  -0.35049   -0.35049   -0.33349   -0.33348   -0.32360   -0.32359   -0.31695   -0.31695
   0.11126    0.11127    0.11921    0.11921    0.11956    0.11957    0.14633    0.14634
   0.14648    0.14649    0.18452    0.18453    0.19144    0.19145    0.20454    0.20455
   0.21637    0.21637    0.24546    0.24547    0.24858    0.24859    0.25745    0.25745
   0.47319    0.47387
 kpt#  76, nband= 50, wtk=  0.00926, kpt=  0.1667  0.5000  0.3333 (reduced coord)
  -1.94325   -1.94322   -1.94310   -1.94308   -0.80166   -0.80165   -0.79981   -0.79980
  -0.79476   -0.79474   -0.79109   -0.79108   -0.79012   -0.79011   -0.78974   -0.78973
  -0.35112   -0.35112   -0.33824   -0.33824   -0.31989   -0.31988   -0.31555   -0.31555
   0.11506    0.11507    0.12097    0.12097    0.12366    0.12367    0.13971    0.13972
   0.15335    0.15336    0.17346    0.17346    0.20240    0.20242    0.20569    0.20570
   0.22097    0.22098    0.23953    0.23955    0.24135    0.24136    0.25473    0.25474
   0.47108    0.47149
 kpt#  77, nband= 50, wtk=  0.00926, kpt=  0.3333  0.5000  0.3333 (reduced coord)
  -1.94322   -1.94319   -1.94313   -1.94311   -0.80331   -0.80330   -0.80214   -0.80213
  -0.79249   -0.79247   -0.79043   -0.79041   -0.78950   -0.78949   -0.78907   -0.78906
  -0.35163   -0.35163   -0.34509   -0.34509   -0.31539   -0.31538   -0.31330   -0.31329
   0.12098    0.12098    0.12327    0.12328    0.13327    0.13327    0.14019    0.14019
   0.15479    0.15479    0.17104    0.17105    0.20153    0.20154    0.21344    0.21345
   0.21950    0.21950    0.22381    0.22382    0.23760    0.23761    0.24974    0.24974
   0.46557    0.46565
 kpt#  78, nband= 50, wtk=  0.00926, kpt=  0.5000  0.5000  0.3333 (reduced coord)
  -1.94319   -1.94316   -1.94316   -1.94314   -0.80350   -0.80349   -0.80349   -0.80349
  -0.79115   -0.79114   -0.79114   -0.79113   -0.78875   -0.78875   -0.78875   -0.78875
  -0.34987   -0.34987   -0.34986   -0.34986   -0.31298   -0.31298   -0.31298   -0.31297
   0.12310    0.12310    0.12310    0.12311    0.14040    0.14041    0.14041    0.14041
   0.16506    0.16506    0.16506    0.16507    0.20586    0.20586    0.20586    0.20587
   0.21471    0.21471    0.21472    0.21472    0.24556    0.24557    0.24557    0.24557
   0.46411    0.46412
 kpt#  79, nband= 50, wtk=  0.00926, kpt= -0.3333  0.5000  0.3333 (reduced coord)
  -1.94322   -1.94319   -1.94313   -1.94311   -0.80331   -0.80330   -0.80214   -0.80213
  -0.79249   -0.79248   -0.79043   -0.79041   -0.78950   -0.78948   -0.78907   -0.78906
  -0.35163   -0.35163   -0.34509   -0.34509   -0.31539   -0.31538   -0.31330   -0.31329
   0.12098    0.12098    0.12327    0.12328    0.13327    0.13328    0.14019    0.14019
   0.15479    0.15479    0.17104    0.17105    0.20154    0.20154    0.21344    0.21345
   0.21949    0.21950    0.22381    0.22382    0.23760    0.23761    0.24973    0.24975
   0.46556    0.46575
 kpt#  80, nband= 50, wtk=  0.00926, kpt= -0.1667  0.5000  0.3333 (reduced coord)
  -1.94325   -1.94322   -1.94310   -1.94308   -0.80166   -0.80165   -0.79981   -0.79980
  -0.79476   -0.79474   -0.79109   -0.79108   -0.79012   -0.79011   -0.78974   -0.78973
  -0.35112   -0.35112   -0.33824   -0.33823   -0.31989   -0.31988   -0.31555   -0.31555
   0.11506    0.11506    0.12097    0.12097    0.12366    0.12367    0.13971    0.13972
   0.15335    0.15336    0.17346    0.17346    0.20241    0.20242    0.20570    0.20570
   0.22098    0.22098    0.23953    0.23955    0.24136    0.24136    0.25472    0.25474
   0.47106    0.47118
 kpt#  81, nband= 50, wtk=  0.00926, kpt=  0.0000 -0.3333  0.3333 (reduced coord)
  -1.94338   -1.94314   -1.94311   -1.94303   -0.80066   -0.80059   -0.79936   -0.79856
  -0.79622   -0.79432   -0.79335   -0.79113   -0.79106   -0.79081   -0.78966   -0.78861
  -0.36468   -0.33719   -0.33535   -0.32961   -0.32615   -0.32127   -0.32118   -0.31256
   0.09807    0.10743    0.11154    0.11592    0.11938    0.13168    0.13504    0.14240
   0.15135    0.15643    0.17126    0.17466    0.19230    0.20355    0.21054    0.21608
   0.22039    0.23416    0.23581    0.24291    0.24945    0.25205    0.25783    0.26250
   0.47126    0.47407
 kpt#  82, nband= 50, wtk=  0.00926, kpt=  0.1667 -0.3333  0.3333 (reduced coord)
  -1.94335   -1.94314   -1.94311   -1.94305   -0.80180   -0.80141   -0.80126   -0.79748
  -0.79567   -0.79340   -0.79336   -0.79104   -0.79083   -0.79008   -0.78932   -0.78856
  -0.36319   -0.34026   -0.33835   -0.33423   -0.32276   -0.31927   -0.31815   -0.31246
   0.10440    0.10851    0.11378    0.11999    0.12110    0.13522    0.13898    0.14241
   0.15137    0.15217    0.15961    0.17354    0.20123    0.20710    0.21301    0.22143
   0.22579    0.23132    0.23278    0.23565    0.24387    0.24728    0.25054    0.25784
   0.46844    0.47494
 kpt#  83, nband= 50, wtk=  0.00926, kpt=  0.3333 -0.3333  0.3333 (reduced coord)
  -1.94329   -1.94314   -1.94312   -1.94310   -0.80277   -0.80274   -0.80272   -0.80010
  -0.79288   -0.79247   -0.79242   -0.79031   -0.79022   -0.78958   -0.78941   -0.78831
  -0.35875   -0.34406   -0.34288   -0.34277   -0.31802   -0.31562   -0.31552   -0.31246
   0.11412    0.11839    0.11879    0.12134    0.12895    0.14084    0.14109    0.14464
   0.14961    0.15036    0.15058    0.18299    0.19368    0.21723    0.21952    0.22011
   0.22214    0.22530    0.22579    0.22727    0.23043    0.24244    0.24342    0.25262
   0.46545    0.47344
 kpt#  84, nband= 50, wtk=  0.00926, kpt=  0.5000 -0.3333  0.3333 (reduced coord)
  -1.94322   -1.94319   -1.94313   -1.94311   -0.80331   -0.80330   -0.80214   -0.80213
  -0.79249   -0.79247   -0.79043   -0.79042   -0.78949   -0.78948   -0.78907   -0.78907
  -0.35163   -0.35163   -0.34509   -0.34509   -0.31540   -0.31539   -0.31328   -0.31328
   0.12097    0.12098    0.12327    0.12328    0.13326    0.13326    0.14021    0.14022
   0.15479    0.15479    0.17103    0.17104    0.20150    0.20150    0.21344    0.21344
   0.21967    0.21968    0.22372    0.22373    0.23755    0.23756    0.24973    0.24974
   0.46580    0.46596
 kpt#  85, nband= 50, wtk=  0.00926, kpt= -0.3333 -0.3333  0.3333 (reduced coord)
  -1.94329   -1.94314   -1.94312   -1.94310   -0.80277   -0.80274   -0.80272   -0.80010
  -0.79288   -0.79247   -0.79242   -0.79031   -0.79022   -0.78958   -0.78941   -0.78831
  -0.35875   -0.34406   -0.34288   -0.34277   -0.31802   -0.31562   -0.31552   -0.31246
   0.11412    0.11839    0.11879    0.12134    0.12895    0.14084    0.14109    0.14464
   0.14961    0.15036    0.15058    0.18299    0.19368    0.21723    0.21952    0.22011
   0.22214    0.22531    0.22579    0.22727    0.23043    0.24244    0.24342    0.25262
   0.46542    0.47335
 kpt#  86, nband= 50, wtk=  0.00926, kpt= -0.1667 -0.3333  0.3333 (reduced coord)
  -1.94335   -1.94314   -1.94311   -1.94305   -0.80180   -0.80141   -0.80126   -0.79748
  -0.79567   -0.79340   -0.79336   -0.79104   -0.79083   -0.79008   -0.78932   -0.78856
  -0.36319   -0.34026   -0.33835   -0.33423   -0.32276   -0.31927   -0.31815   -0.31246
   0.10440    0.10852    0.11378    0.11999    0.12110    0.13522    0.13898    0.14241
   0.15137    0.15217    0.15961    0.17354    0.20123    0.20710    0.21301    0.22143
   0.22579    0.23132    0.23278    0.23565    0.24387    0.24728    0.25054    0.25784
   0.46843    0.47513
 kpt#  87, nband= 50, wtk=  0.00926, kpt=  0.0000 -0.1667  0.3333 (reduced coord)
  -1.94347   -1.94317   -1.94302   -1.94299   -0.80188   -0.80150   -0.80099   -0.79709
  -0.79572   -0.79400   -0.79236   -0.79213   -0.79113   -0.79039   -0.78859   -0.78815
  -0.37460   -0.33983   -0.32811   -0.32664   -0.32434   -0.32351   -0.31953   -0.30930
   0.08668    0.09078    0.10438    0.11357    0.11920    0.13370    0.13747    0.14308
   0.14519    0.14657    0.17128    0.17796    0.20176    0.20703    0.22089    0.22351
   0.22990    0.23470    0.23616    0.23878    0.26001    0.26021    0.26498    0.26610
   0.46084    0.46911
 kpt#  88, nband= 50, wtk=  0.00926, kpt=  0.1667 -0.1667  0.3333 (reduced coord)
  -1.94344   -1.94316   -1.94303   -1.94302   -0.80178   -0.80174   -0.80112   -0.79587
  -0.79585   -0.79509   -0.79201   -0.79187   -0.79180   -0.79009   -0.78869   -0.78814
  -0.37160   -0.34032   -0.32925   -0.32893   -0.32630   -0.32028   -0.31998   -0.31015
   0.09443    0.09485    0.10363    0.11733    0.11986    0.13703    0.13760    0.14470
   0.14643    0.15204    0.16480    0.16519    0.20548    0.21852    0.21895    0.21967
   0.23240    0.23257    0.23352    0.23673    0.25332    0.25740    0.25764    0.26054
   0.46450    0.46990
 kpt#  89, nband= 50, wtk=  0.00926, kpt=  0.3333 -0.1667  0.3333 (reduced coord)
  -1.94335   -1.94314   -1.94311   -1.94305   -0.80180   -0.80141   -0.80126   -0.79748
  -0.79567   -0.79340   -0.79336   -0.79104   -0.79083   -0.79008   -0.78932   -0.78856
  -0.36319   -0.34026   -0.33835   -0.33422   -0.32276   -0.31931   -0.31812   -0.31246
   0.10441    0.10851    0.11378    0.11991    0.12115    0.13526    0.13894    0.14244
   0.15140    0.15217    0.15960    0.17352    0.20132    0.20708    0.21289    0.22145
   0.22589    0.23129    0.23286    0.23567    0.24379    0.24731    0.25046    0.25783
   0.46881    0.47546
 kpt#  90, nband= 50, wtk=  0.00926, kpt=  0.5000 -0.1667  0.3333 (reduced coord)
  -1.94325   -1.94322   -1.94310   -1.94308   -0.80166   -0.80165   -0.79981   -0.79980
  -0.79476   -0.79474   -0.79109   -0.79108   -0.79013   -0.79011   -0.78974   -0.78973
  -0.35111   -0.35111   -0.33824   -0.33824   -0.31990   -0.31990   -0.31554   -0.31554
   0.11505    0.11506    0.12091    0.12091    0.12371    0.12371    0.13973    0.13974
   0.15337    0.15338    0.17344    0.17344    0.20221    0.20221    0.20586    0.20586
   0.22109    0.22110    0.23989    0.23991    0.24090    0.24091    0.25472    0.25473
   0.47152    0.47255
 kpt#  91, nband= 50, wtk=  0.00926, kpt= -0.3333 -0.1667  0.3333 (reduced coord)
  -1.94335   -1.94314   -1.94311   -1.94305   -0.80180   -0.80141   -0.80126   -0.79748
  -0.79567   -0.79340   -0.79336   -0.79104   -0.79083   -0.79008   -0.78932   -0.78856
  -0.36319   -0.34026   -0.33835   -0.33422   -0.32276   -0.31931   -0.31812   -0.31246
   0.10441    0.10851    0.11378    0.11991    0.12115    0.13526    0.13894    0.14244
   0.15140    0.15216    0.15960    0.17352    0.20132    0.20708    0.21289    0.22145
   0.22589    0.23129    0.23286    0.23567    0.24379    0.24731    0.25046    0.25783
   0.46879    0.47566
 kpt#  92, nband= 50, wtk=  0.00926, kpt= -0.1667 -0.1667  0.3333 (reduced coord)
  -1.94344   -1.94316   -1.94303   -1.94302   -0.80178   -0.80174   -0.80112   -0.79587
  -0.79585   -0.79510   -0.79201   -0.79187   -0.79180   -0.79009   -0.78869   -0.78814
  -0.37160   -0.34032   -0.32925   -0.32893   -0.32630   -0.32028   -0.31998   -0.31015
   0.09443    0.09485    0.10364    0.11733    0.11986    0.13703    0.13760    0.14470
   0.14643    0.15204    0.16480    0.16518    0.20548    0.21852    0.21895    0.21967
   0.23240    0.23257    0.23352    0.23673    0.25332    0.25740    0.25764    0.26054
   0.46450    0.46990
 kpt#  93, nband= 50, wtk=  0.00463, kpt=  0.0000  0.0000  0.5000 (reduced coord)
  -1.94334   -1.94334   -1.94298   -1.94298   -0.79929   -0.79929   -0.79929   -0.79929
  -0.79716   -0.79716   -0.79287   -0.79287   -0.78933   -0.78933   -0.78913   -0.78913
  -0.36019   -0.36019   -0.32218   -0.32218   -0.32217   -0.32217   -0.31882   -0.31882
   0.10666    0.10667    0.10722    0.10722    0.12206    0.12206    0.13136    0.13136
   0.15079    0.15079    0.17538    0.17538    0.20310    0.20311    0.20318    0.20319
   0.21812    0.21813    0.24871    0.24871    0.26906    0.26906    0.26967    0.26967
   0.46881    0.47238
 kpt#  94, nband= 50, wtk=  0.00926, kpt=  0.1667  0.0000  0.5000 (reduced coord)
  -1.94332   -1.94332   -1.94301   -1.94300   -0.79956   -0.79955   -0.79863   -0.79863
  -0.79764   -0.79764   -0.79222   -0.79222   -0.78998   -0.78998   -0.78909   -0.78909
  -0.35791   -0.35791   -0.32504   -0.32504   -0.32190   -0.32190   -0.31900   -0.31900
   0.10851    0.10852    0.11383    0.11383    0.12169    0.12169    0.12865    0.12865
   0.15816    0.15816    0.18078    0.18078    0.18986    0.18986    0.19898    0.19898
   0.23024    0.23024    0.24100    0.24100    0.26347    0.26347    0.26416    0.26416
   0.47140    0.47140
 kpt#  95, nband= 50, wtk=  0.00926, kpt=  0.3333  0.0000  0.5000 (reduced coord)
  -1.94326   -1.94325   -1.94307   -1.94307   -0.79984   -0.79984   -0.79868   -0.79868
  -0.79685   -0.79685   -0.79185   -0.79185   -0.79089   -0.79089   -0.78914   -0.78913
  -0.35149   -0.35149   -0.33260   -0.33260   -0.32119   -0.32119   -0.31951   -0.31951
   0.11159    0.11159    0.11863    0.11863    0.13012    0.13012    0.13096    0.13096
   0.16960    0.16960    0.17602    0.17602    0.18982    0.18982    0.19634    0.19634
   0.21738    0.21738    0.24073    0.24074    0.24947    0.24948    0.25816    0.25816
   0.47364    0.47522
 kpt#  96, nband= 50, wtk=  0.00463, kpt=  0.5000  0.0000  0.5000 (reduced coord)
  -1.94319   -1.94316   -1.94316   -1.94314   -0.79956   -0.79956   -0.79954   -0.79954
  -0.79439   -0.79437   -0.79437   -0.79435   -0.78974   -0.78974   -0.78973   -0.78972
  -0.34232   -0.34232   -0.34232   -0.34232   -0.32032   -0.32032   -0.32031   -0.32031
   0.11497    0.11498    0.11498    0.11498    0.13683    0.13684    0.13685    0.13686
   0.17754    0.17755    0.17755    0.17756    0.18696    0.18696    0.18697    0.18697
   0.22217    0.22217    0.22218    0.22218    0.25296    0.25297    0.25297    0.25298
   0.47384    0.47387
 kpt#  97, nband= 50, wtk=  0.00926, kpt=  0.0000  0.1667  0.5000 (reduced coord)
  -1.94332   -1.94332   -1.94301   -1.94300   -0.79955   -0.79955   -0.79864   -0.79864
  -0.79764   -0.79764   -0.79222   -0.79222   -0.78999   -0.78999   -0.78908   -0.78908
  -0.35791   -0.35791   -0.32505   -0.32505   -0.32188   -0.32188   -0.31900   -0.31900
   0.10848    0.10848    0.11386    0.11386    0.12171    0.12171    0.12865    0.12865
   0.15808    0.15808    0.18084    0.18084    0.18984    0.18984    0.19900    0.19900
   0.23024    0.23024    0.24100    0.24100    0.26348    0.26348    0.26417    0.26417
   0.47130    0.47130
 kpt#  98, nband= 50, wtk=  0.00926, kpt=  0.1667  0.1667  0.5000 (reduced coord)
  -1.94330   -1.94330   -1.94303   -1.94302   -0.80087   -0.80086   -0.79897   -0.79776
  -0.79682   -0.79682   -0.79181   -0.79181   -0.79088   -0.78943   -0.78920   -0.78902
  -0.35666   -0.35607   -0.32960   -0.32958   -0.31960   -0.31958   -0.31926   -0.31816
   0.11118    0.11124    0.11932    0.11938    0.12057    0.12323    0.12517    0.13246
   0.15494    0.17034    0.17504    0.17504    0.18432    0.18466    0.20914    0.20918
   0.23044    0.23045    0.23230    0.24211    0.25531    0.25705    0.25709    0.26023
   0.46784    0.47861
 kpt#  99, nband= 50, wtk=  0.00926, kpt=  0.3333  0.1667  0.5000 (reduced coord)
  -1.94324   -1.94324   -1.94308   -1.94308   -0.80190   -0.80131   -0.80068   -0.79915
  -0.79500   -0.79420   -0.79202   -0.79088   -0.79068   -0.79022   -0.78920   -0.78901
  -0.35239   -0.35140   -0.33741   -0.33677   -0.31893   -0.31840   -0.31756   -0.31721
   0.11426    0.11738    0.12064    0.12067    0.12925    0.13015    0.13323    0.13916
   0.15749    0.16150    0.16595    0.18354    0.19492    0.19566    0.20333    0.20859
   0.21227    0.22656    0.23589    0.23597    0.24132    0.24568    0.24702    0.25605
   0.46818    0.47990
 kpt# 100, nband= 50, wtk=  0.00926, kpt=  0.5000  0.1667  0.5000 (reduced coord)
  -1.94319   -1.94316   -1.94316   -1.94314   -0.80182   -0.80181   -0.80063   -0.80062
  -0.79344   -0.79343   -0.79187   -0.79186   -0.78986   -0.78985   -0.78955   -0.78953
  -0.34560   -0.34559   -0.34456   -0.34456   -0.31843   -0.31842   -0.31684   -0.31684
   0.11789    0.11790    0.12032    0.12032    0.13413    0.13414    0.13908    0.13910
   0.16575    0.16575    0.17293    0.17293    0.19781    0.19781    0.20345    0.20346
   0.21807    0.21808    0.21960    0.21960    0.24360    0.24361    0.25200    0.25201
   0.47114    0.47640
 kpt# 101, nband= 50, wtk=  0.00926, kpt= -0.3333  0.1667  0.5000 (reduced coord)
  -1.94324   -1.94324   -1.94308   -1.94308   -0.80190   -0.80131   -0.80068   -0.79915
  -0.79500   -0.79420   -0.79202   -0.79088   -0.79068   -0.79022   -0.78920   -0.78901
  -0.35239   -0.35140   -0.33741   -0.33677   -0.31893   -0.31840   -0.31756   -0.31721
   0.11426    0.11738    0.12064    0.12067    0.12925    0.13015    0.13323    0.13916
   0.15749    0.16150    0.16595    0.18354    0.19492    0.19566    0.20333    0.20859
   0.21227    0.22656    0.23589    0.23597    0.24132    0.24568    0.24702    0.25605
   0.46816    0.47903
 kpt# 102, nband= 50, wtk=  0.00926, kpt= -0.1667  0.1667  0.5000 (reduced coord)
  -1.94330   -1.94330   -1.94303   -1.94302   -0.80087   -0.80086   -0.79897   -0.79776
  -0.79682   -0.79682   -0.79181   -0.79181   -0.79088   -0.78943   -0.78920   -0.78902
  -0.35666   -0.35607   -0.32960   -0.32958   -0.31960   -0.31958   -0.31926   -0.31816
   0.11118    0.11124    0.11932    0.11938    0.12057    0.12323    0.12517    0.13246
   0.15494    0.17034    0.17504    0.17504    0.18432    0.18466    0.20914    0.20918
   0.23044    0.23045    0.23230    0.24211    0.25531    0.25705    0.25709    0.26023
   0.46784    0.47915
 kpt# 103, nband= 50, wtk=  0.00926, kpt=  0.0000  0.3333  0.5000 (reduced coord)
  -1.94326   -1.94325   -1.94307   -1.94307   -0.79983   -0.79983   -0.79868   -0.79868
  -0.79685   -0.79685   -0.79185   -0.79185   -0.79089   -0.79089   -0.78913   -0.78913
  -0.35149   -0.35149   -0.33261   -0.33261   -0.32118   -0.32118   -0.31951   -0.31950
   0.11158    0.11158    0.11866    0.11867    0.13014    0.13014    0.13095    0.13095
   0.16946    0.16946    0.17602    0.17602    0.18979    0.18979    0.19646    0.19647
   0.21737    0.21737    0.24076    0.24076    0.24947    0.24947    0.25818    0.25818
   0.47345    0.47459
 kpt# 104, nband= 50, wtk=  0.00926, kpt=  0.1667  0.3333  0.5000 (reduced coord)
  -1.94324   -1.94324   -1.94308   -1.94308   -0.80190   -0.80131   -0.80068   -0.79915
  -0.79501   -0.79420   -0.79202   -0.79088   -0.79068   -0.79022   -0.78919   -0.78901
  -0.35239   -0.35140   -0.33740   -0.33679   -0.31892   -0.31838   -0.31757   -0.31721
   0.11422    0.11741    0.12066    0.12069    0.12923    0.13014    0.13323    0.13922
   0.15747    0.16144    0.16594    0.18325    0.19522    0.19570    0.20336    0.20850
   0.21225    0.22654    0.23592    0.23600    0.24139    0.24562    0.24702    0.25608
   0.46787    0.47929
 kpt# 105, nband= 50, wtk=  0.00926, kpt=  0.3333  0.3333  0.5000 (reduced coord)
  -1.94321   -1.94321   -1.94312   -1.94311   -0.80325   -0.80325   -0.80279   -0.80137
  -0.79187   -0.79186   -0.79134   -0.79032   -0.79032   -0.78971   -0.78892   -0.78882
  -0.35245   -0.35126   -0.34413   -0.34412   -0.31627   -0.31438   -0.31437   -0.31416
   0.12334    0.12338    0.12446    0.12447    0.13215    0.13529    0.13867    0.13871
   0.15562    0.15564    0.16251    0.19037    0.19470    0.19582    0.21518    0.21906
   0.21946    0.22247    0.22277    0.22846    0.23147    0.23499    0.23509    0.24783
   0.46731    0.47329
 kpt# 106, nband= 50, wtk=  0.00926, kpt=  0.5000  0.3333  0.5000 (reduced coord)
  -1.94319   -1.94316   -1.94316   -1.94314   -0.80380   -0.80379   -0.80304   -0.80303
  -0.79125   -0.79125   -0.79005   -0.79004   -0.78953   -0.78953   -0.78915   -0.78914
  -0.34981   -0.34981   -0.34907   -0.34907   -0.31411   -0.31411   -0.31283   -0.31283
   0.12592    0.12592    0.12919    0.12920    0.13300    0.13301    0.13672    0.13673
   0.16398    0.16398    0.17248    0.17249    0.20473    0.20473    0.20500    0.20501
   0.21965    0.21965    0.22340    0.22341    0.22808    0.22809    0.24364    0.24365
   0.46763    0.46785
 kpt# 107, nband= 50, wtk=  0.00926, kpt= -0.3333  0.3333  0.5000 (reduced coord)
  -1.94321   -1.94321   -1.94312   -1.94311   -0.80325   -0.80325   -0.80279   -0.80137
  -0.79187   -0.79186   -0.79134   -0.79032   -0.79032   -0.78971   -0.78892   -0.78882
  -0.35245   -0.35126   -0.34413   -0.34412   -0.31627   -0.31438   -0.31437   -0.31416
   0.12334    0.12338    0.12446    0.12447    0.13215    0.13529    0.13867    0.13871
   0.15562    0.15564    0.16251    0.19037    0.19470    0.19582    0.21518    0.21906
   0.21946    0.22247    0.22277    0.22846    0.23147    0.23499    0.23509    0.24783
   0.46718    0.47290
 kpt# 108, nband= 50, wtk=  0.00926, kpt= -0.1667  0.3333  0.5000 (reduced coord)
  -1.94324   -1.94324   -1.94308   -1.94308   -0.80190   -0.80131   -0.80068   -0.79915
  -0.79501   -0.79420   -0.79202   -0.79088   -0.79068   -0.79022   -0.78919   -0.78901
  -0.35239   -0.35140   -0.33740   -0.33679   -0.31892   -0.31838   -0.31757   -0.31721
   0.11422    0.11741    0.12066    0.12069    0.12923    0.13014    0.13323    0.13922
   0.15747    0.16144    0.16594    0.18325    0.19522    0.19570    0.20336    0.20850
   0.21225    0.22654    0.23592    0.23600    0.24139    0.24562    0.24702    0.25608
   0.46786    0.47929
 kpt# 109, nband= 50, wtk=  0.00463, kpt=  0.0000  0.5000  0.5000 (reduced coord)
  -1.94319   -1.94316   -1.94316   -1.94314   -0.79956   -0.79956   -0.79954   -0.79954
  -0.79439   -0.79438   -0.79437   -0.79436   -0.78974   -0.78974   -0.78972   -0.78972
  -0.34233   -0.34233   -0.34233   -0.34232   -0.32031   -0.32031   -0.32030   -0.32030
   0.11498    0.11498    0.11499    0.11499    0.13683    0.13683    0.13685    0.13686
   0.17745    0.17745    0.17746    0.17747    0.18701    0.18701    0.18701    0.18702
   0.22221    0.22221    0.22221    0.22222    0.25297    0.25298    0.25299    0.25299
   0.47371    0.47373
 kpt# 110, nband= 50, wtk=  0.00926, kpt=  0.1667  0.5000  0.5000 (reduced coord)
  -1.94319   -1.94316   -1.94316   -1.94314   -0.80182   -0.80181   -0.80063   -0.80062
  -0.79344   -0.79343   -0.79187   -0.79186   -0.78986   -0.78985   -0.78955   -0.78953
  -0.34559   -0.34559   -0.34457   -0.34457   -0.31841   -0.31841   -0.31685   -0.31685
   0.11789    0.11790    0.12033    0.12033    0.13413    0.13415    0.13909    0.13911
   0.16571    0.16572    0.17290    0.17291    0.19771    0.19772    0.20350    0.20351
   0.21803    0.21804    0.21972    0.21972    0.24361    0.24361    0.25202    0.25203
   0.47072    0.47127
 kpt# 111, nband= 50, wtk=  0.00926, kpt=  0.3333  0.5000  0.5000 (reduced coord)
  -1.94319   -1.94316   -1.94316   -1.94314   -0.80380   -0.80379   -0.80304   -0.80303
  -0.79125   -0.79125   -0.79004   -0.79003   -0.78954   -0.78953   -0.78915   -0.78914
  -0.34981   -0.34980   -0.34908   -0.34908   -0.31410   -0.31410   -0.31284   -0.31284
   0.12590    0.12591    0.12919    0.12919    0.13302    0.13302    0.13674    0.13674
   0.16396    0.16397    0.17248    0.17248    0.20463    0.20463    0.20504    0.20506
   0.21961    0.21962    0.22347    0.22348    0.22811    0.22812    0.24364    0.24365
   0.46722    0.46727
 kpt# 112, nband= 50, wtk=  0.00463, kpt=  0.5000  0.5000  0.5000 (reduced coord)
  -1.94319   -1.94316   -1.94316   -1.94314   -0.80427   -0.80426   -0.80426   -0.80426
  -0.79032   -0.79031   -0.79031   -0.79030   -0.78875   -0.78875   -0.78875   -0.78875
  -0.35129   -0.35129   -0.35129   -0.35129   -0.31175   -0.31175   -0.31174   -0.31174
   0.12946    0.12946    0.12946    0.12947    0.13660    0.13660    0.13661    0.13661
   0.17042    0.17042    0.17042    0.17043    0.20008    0.20008    0.20009    0.20009
   0.22093    0.22093    0.22094    0.22094    0.23529    0.23531    0.23531    0.23531
   0.46612    0.46614
