 Fermi (or HOMO) energy (hartree) =   0.28027   Average Vxc (hartree)=  -0.44582
 Eigenvalues (hartree) for nkpt= 112  k points:
 kpt#   1, nband= 50, wtk=  0.00463, kpt=  0.0000  0.0000  0.0000 (reduced coord)
  -1.94307   -1.94239   -1.94215   -1.94176   -0.80692   -0.80580   -0.80574   -0.79542
  -0.79308   -0.79286   -0.79250   -0.79239   -0.79183   -0.78771   -0.78745   -0.78704
  -0.39856   -0.34401   -0.34298   -0.33665   -0.31684   -0.31248   -0.31099   -0.30672
   0.06590    0.06684    0.07527    0.09712    0.10454    0.10556    0.15869    0.15952
   0.16083    0.16510    0.17621    0.19130    0.19252    0.20140    0.21593    0.21833
   0.22782    0.23331    0.23474    0.23796    0.24903    0.26502    0.27983    0.28027
   0.45580    0.46354
 kpt#   2, nband= 50, wtk=  0.00926, kpt=  0.1667  0.0000  0.0000 (reduced coord)
  -1.94304   -1.94239   -1.94218   -1.94177   -0.80617   -0.80507   -0.80474   -0.79562
  -0.79394   -0.79317   -0.79234   -0.79224   -0.79175   -0.78880   -0.78800   -0.78739
  -0.39419   -0.34267   -0.34206   -0.33558   -0.31890   -0.31774   -0.31092   -0.30789
   0.06949    0.07368    0.07484    0.09894    0.10050    0.12229    0.14938    0.15112
   0.15562    0.16280    0.17527    0.18588    0.18782    0.20658    0.21410    0.22100
   0.23131    0.23529    0.23941    0.24314    0.24821    0.25262    0.27677    0.27905
   0.46051    0.47017
 kpt#   3, nband= 50, wtk=  0.00926, kpt=  0.3333  0.0000  0.0000 (reduced coord)
  -1.94297   -1.94239   -1.94224   -1.94177   -0.80425   -0.80330   -0.80180   -0.79698
  -0.79581   -0.79361   -0.79232   -0.79220   -0.79163   -0.79120   -0.78875   -0.78833
  -0.38290   -0.34044   -0.33954   -0.33323   -0.33215   -0.31990   -0.31250   -0.31063
   0.07542    0.07674    0.09700    0.10468    0.10558    0.12108    0.13601    0.13624
   0.15904    0.16167    0.16451    0.18012    0.19077    0.20514    0.20995    0.21515
   0.22877    0.23842    0.24053    0.24332    0.24748    0.25457    0.27471    0.27569
   0.45750    0.46178
 kpt#   4, nband= 50, wtk=  0.00463, kpt=  0.5000  0.0000  0.0000 (reduced coord)
  -1.94293   -1.94238   -1.94229   -1.94178   -0.80271   -0.80194   -0.79875   -0.79844
  -0.79710   -0.79574   -0.79359   -0.79222   -0.79128   -0.79036   -0.78937   -0.78912
  -0.37404   -0.34414   -0.33756   -0.33730   -0.33193   -0.32114   -0.31359   -0.31221
   0.08058    0.08163    0.10695    0.10807    0.10903    0.11913    0.12765    0.12839
   0.15224    0.16295    0.17497    0.17864    0.18593    0.18982    0.21235    0.21766
   0.22831    0.23012    0.24055    0.24403    0.25190    0.25667    0.27368    0.27606
   0.45268    0.45955
 kpt#   5, nband= 50, wtk=  0.00926, kpt=  0.0000  0.1667  0.0000 (reduced coord)
  -1.94302   -1.94241   -1.94215   -1.94178   -0.80584   -0.80520   -0.80496   -0.79647
  -0.79328   -0.79298   -0.79272   -0.79249   -0.79125   -0.78828   -0.78799   -0.78774
  -0.39397   -0.34377   -0.34213   -0.33665   -0.32088   -0.31286   -0.31224   -0.30743
   0.07107    0.07240    0.07591    0.09868    0.10791    0.11658    0.14743    0.15278
   0.15858    0.16694    0.16769    0.18778    0.19271    0.20055    0.21799    0.22017
   0.22709    0.23085    0.23677    0.23797    0.24352    0.26343    0.27790    0.27846
   0.45475    0.46381
 kpt#   6, nband= 50, wtk=  0.00926, kpt=  0.1667  0.1667  0.0000 (reduced coord)
  -1.94299   -1.94241   -1.94218   -1.94179   -0.80532   -0.80459   -0.80404   -0.79673
  -0.79386   -0.79372   -0.79232   -0.79214   -0.79113   -0.79004   -0.78837   -0.78734
  -0.39001   -0.34310   -0.34120   -0.33558   -0.32154   -0.31972   -0.31116   -0.30831
   0.07125    0.07950    0.08009    0.10025    0.10486    0.12729    0.14218    0.15139
   0.15497    0.15792    0.17264    0.18192    0.18919    0.20169    0.21525    0.21858
   0.23136    0.23390    0.23667    0.24249    0.24700    0.25054    0.27570    0.27715
   0.45536    0.46491
 kpt#   7, nband= 50, wtk=  0.00926, kpt=  0.3333  0.1667  0.0000 (reduced coord)
  -1.94293   -1.94241   -1.94224   -1.94180   -0.80398   -0.80285   -0.80166   -0.79800
  -0.79568   -0.79375   -0.79343   -0.79211   -0.79109   -0.79067   -0.78918   -0.78795
  -0.37976   -0.34146   -0.33965   -0.33349   -0.33199   -0.32252   -0.31246   -0.31055
   0.07565    0.08509    0.09926    0.10656    0.10798    0.12370    0.13275    0.13940
   0.15784    0.15889    0.16798    0.18038    0.18812    0.20203    0.20865    0.21086
   0.22690    0.23539    0.23904    0.24024    0.24845    0.24956    0.27394    0.27421
   0.45474    0.45937
 kpt#   8, nband= 50, wtk=  0.00926, kpt=  0.5000  0.1667  0.0000 (reduced coord)
  -1.94290   -1.94240   -1.94228   -1.94180   -0.80292   -0.80144   -0.79926   -0.79913
  -0.79689   -0.79661   -0.79290   -0.79223   -0.79101   -0.78973   -0.78961   -0.78897
  -0.37182   -0.34289   -0.34045   -0.33679   -0.33243   -0.32262   -0.31350   -0.31200
   0.08211    0.08721    0.10549    0.10979    0.11354    0.12228    0.12573    0.13394
   0.15409    0.16114    0.17692    0.17710    0.18027    0.19240    0.21150    0.21397
   0.22506    0.22737    0.23763    0.24035    0.25074    0.25200    0.27225    0.27504
   0.45613    0.45774
 kpt#   9, nband= 50, wtk=  0.00926, kpt= -0.3333  0.1667  0.0000 (reduced coord)
  -1.94293   -1.94240   -1.94224   -1.94180   -0.80393   -0.80286   -0.80164   -0.79807
  -0.79566   -0.79373   -0.79330   -0.79218   -0.79114   -0.79067   -0.78917   -0.78797
  -0.37970   -0.34161   -0.33977   -0.33321   -0.33184   -0.32252   -0.31256   -0.31068
   0.07529    0.08567    0.09938    0.10645    0.10867    0.12296    0.13272    0.13882
   0.15776    0.15891    0.16749    0.18047    0.18851    0.20222    0.20904    0.21122
   0.22723    0.23554    0.23913    0.24034    0.24723    0.24947    0.27401    0.27428
   0.45725    0.45966
 kpt#  10, nband= 50, wtk=  0.00926, kpt= -0.1667  0.1667  0.0000 (reduced coord)
  -1.94299   -1.94241   -1.94218   -1.94179   -0.80529   -0.80459   -0.80403   -0.79681
  -0.79380   -0.79359   -0.79239   -0.79215   -0.79119   -0.79002   -0.78836   -0.78737
  -0.38997   -0.34323   -0.34124   -0.33536   -0.32151   -0.31952   -0.31137   -0.30843
   0.07085    0.07959    0.08060    0.10016    0.10546    0.12664    0.14194    0.15103
   0.15501    0.15750    0.17289    0.18193    0.18919    0.20208    0.21559    0.21908
   0.23046    0.23493    0.23704    0.24281    0.24675    0.24919    0.27568    0.27729
   0.45681    0.46523
 kpt#  11, nband= 50, wtk=  0.00926, kpt=  0.0000  0.3333  0.0000 (reduced coord)
  -1.94291   -1.94248   -1.94216   -1.94182   -0.80365   -0.80300   -0.80260   -0.79878
  -0.79551   -0.79369   -0.79261   -0.79223   -0.79049   -0.79018   -0.78884   -0.78852
  -0.38132   -0.34849   -0.34004   -0.33690   -0.32602   -0.31726   -0.31203   -0.30917
   0.07379    0.08497    0.10036    0.10055    0.11607    0.12930    0.13343    0.13860
   0.14247    0.16066    0.17293    0.17965    0.19439    0.19465    0.20788    0.20878
   0.21702    0.22299    0.24241    0.24654    0.25208    0.26295    0.27420    0.27508
   0.45110    0.46230
 kpt#  12, nband= 50, wtk=  0.00926, kpt=  0.1667  0.3333  0.0000 (reduced coord)
  -1.94289   -1.94248   -1.94217   -1.94183   -0.80349   -0.80295   -0.80197   -0.79879
  -0.79572   -0.79481   -0.79241   -0.79186   -0.79084   -0.79026   -0.78922   -0.78797
  -0.37843   -0.34837   -0.33926   -0.33592   -0.32656   -0.32207   -0.31157   -0.30967
   0.07540    0.09209    0.10100    0.10261    0.11420    0.12763    0.13411    0.14151
   0.14324    0.16414    0.17204    0.18253    0.18753    0.19182    0.19592    0.21538
   0.21803    0.22950    0.23958    0.24420    0.25253    0.25351    0.27342    0.27432
   0.44855    0.45791
 kpt#  13, nband= 50, wtk=  0.00926, kpt=  0.3333  0.3333  0.0000 (reduced coord)
  -1.94285   -1.94246   -1.94221   -1.94185   -0.80312   -0.80238   -0.80038   -0.79952
  -0.79700   -0.79493   -0.79397   -0.79153   -0.79031   -0.79007   -0.78956   -0.78788
  -0.37106   -0.34800   -0.33795   -0.33437   -0.33137   -0.32689   -0.31243   -0.31097
   0.08158    0.10149    0.10232    0.11107    0.11687    0.12416    0.12984    0.14335
   0.14631    0.16069    0.17682    0.17774    0.18800    0.19190    0.19497    0.20996
   0.21822    0.22647    0.23781    0.23978    0.24336    0.24996    0.27097    0.27251
   0.44567    0.45384
 kpt#  14, nband= 50, wtk=  0.00926, kpt=  0.5000  0.3333  0.0000 (reduced coord)
  -1.94283   -1.94245   -1.94224   -1.94185   -0.80302   -0.80082   -0.80054   -0.80002
  -0.79747   -0.79561   -0.79391   -0.79211   -0.79041   -0.78946   -0.78889   -0.78855
  -0.36565   -0.34776   -0.33971   -0.33523   -0.33372   -0.32652   -0.31324   -0.31182
   0.08744    0.10100    0.10301    0.11771    0.11977    0.12413    0.12614    0.14347
   0.15187    0.15938    0.16801    0.17910    0.18013    0.19943    0.20267    0.20975
   0.21313    0.22552    0.22995    0.23411    0.24437    0.24984    0.26900    0.27176
   0.44716    0.45360
 kpt#  15, nband= 50, wtk=  0.00926, kpt= -0.3333  0.3333  0.0000 (reduced coord)
  -1.94285   -1.94246   -1.94221   -1.94185   -0.80304   -0.80240   -0.80034   -0.79963
  -0.79698   -0.79486   -0.79398   -0.79158   -0.79022   -0.79005   -0.78967   -0.78788
  -0.37096   -0.34811   -0.33815   -0.33411   -0.33116   -0.32698   -0.31256   -0.31103
   0.08163    0.10136    0.10260    0.11123    0.11789    0.12402    0.12889    0.14258
   0.14577    0.16023    0.17696    0.17791    0.18887    0.19202    0.19577    0.21076
   0.21794    0.22584    0.23796    0.23937    0.24296    0.24985    0.27115    0.27252
   0.44740    0.45398
 kpt#  16, nband= 50, wtk=  0.00926, kpt= -0.1667  0.3333  0.0000 (reduced coord)
  -1.94289   -1.94248   -1.94218   -1.94183   -0.80349   -0.80289   -0.80194   -0.79894
  -0.79562   -0.79476   -0.79241   -0.79190   -0.79092   -0.79017   -0.78928   -0.78797
  -0.37836   -0.34847   -0.33934   -0.33573   -0.32658   -0.32184   -0.31181   -0.30973
   0.07542    0.09206    0.10104    0.10283    0.11505    0.12721    0.13332    0.14140
   0.14250    0.16430    0.17161    0.18228    0.18748    0.19321    0.19701    0.21481
   0.21843    0.22872    0.24004    0.24412    0.25203    0.25330    0.27346    0.27448
   0.44994    0.45789
 kpt#  17, nband= 50, wtk=  0.00463, kpt=  0.0000  0.5000  0.0000 (reduced coord)
  -1.94283   -1.94254   -1.94216   -1.94184   -0.80154   -0.80122   -0.80058   -0.80014
  -0.79689   -0.79686   -0.79241   -0.79209   -0.79006   -0.78976   -0.78969   -0.78930
  -0.36418   -0.36380   -0.33824   -0.33774   -0.32316   -0.32276   -0.31139   -0.31056
   0.08305    0.08464    0.11286    0.11392    0.12276    0.12362    0.13031    0.13268
   0.14177    0.14217    0.18043    0.18089    0.18268    0.18312    0.21005    0.21037
   0.21204    0.21472    0.24569    0.24776    0.26067    0.26130    0.27245    0.27354
   0.45046    0.45192
 kpt#  18, nband= 50, wtk=  0.00926, kpt=  0.1667  0.5000  0.0000 (reduced coord)
  -1.94282   -1.94253   -1.94217   -1.94185   -0.80211   -0.80169   -0.79978   -0.79938
  -0.79769   -0.79750   -0.79191   -0.79176   -0.79046   -0.79023   -0.78923   -0.78889
  -0.36278   -0.36234   -0.33760   -0.33695   -0.32556   -0.32493   -0.31161   -0.31067
   0.08601    0.08755    0.11379    0.11456    0.12105    0.12301    0.13006    0.13171
   0.14915    0.14991    0.17663    0.17976    0.18243    0.18353    0.20057    0.20215
   0.22032    0.22267    0.24277    0.24407    0.25522    0.25590    0.27221    0.27329
   0.44805    0.44889
 kpt#  19, nband= 50, wtk=  0.00926, kpt=  0.3333  0.5000  0.0000 (reduced coord)
  -1.94279   -1.94251   -1.94220   -1.94187   -0.80252   -0.80207   -0.79987   -0.79954
  -0.79742   -0.79721   -0.79260   -0.79245   -0.79002   -0.78993   -0.78869   -0.78847
  -0.35942   -0.35886   -0.33668   -0.33546   -0.33033   -0.32909   -0.31245   -0.31135
   0.09229    0.09354    0.11348    0.11442    0.12350    0.12458    0.13269    0.13376
   0.15670    0.15744    0.16910    0.17175    0.18480    0.18580    0.20536    0.20693
   0.21461    0.21651    0.23817    0.23917    0.24591    0.24663    0.26961    0.27117
   0.44435    0.44609
 kpt#  20, nband= 50, wtk=  0.00463, kpt=  0.5000  0.5000  0.0000 (reduced coord)
  -1.94278   -1.94250   -1.94221   -1.94189   -0.80254   -0.80207   -0.80061   -0.80017
  -0.79626   -0.79600   -0.79379   -0.79361   -0.78952   -0.78934   -0.78859   -0.78840
  -0.35728   -0.35664   -0.33707   -0.33546   -0.33224   -0.33065   -0.31305   -0.31188
   0.09596    0.09686    0.11125    0.11239    0.12781    0.12927    0.13528    0.13627
   0.15198    0.15473    0.16812    0.16897    0.19022    0.19188    0.20632    0.20701
   0.21789    0.21930    0.22427    0.22548    0.24605    0.24669    0.26738    0.26943
   0.44439    0.44690
 kpt#  21, nband= 50, wtk=  0.00926, kpt=  0.0000  0.0000  0.1667 (reduced coord)
  -1.94303   -1.94242   -1.94215   -1.94177   -0.80614   -0.80500   -0.80477   -0.79584
  -0.79408   -0.79322   -0.79258   -0.79198   -0.79172   -0.78880   -0.78770   -0.78736
  -0.39406   -0.34313   -0.34219   -0.33586   -0.31772   -0.31731   -0.31253   -0.30769
   0.07022    0.07103    0.08453    0.09600    0.10794    0.11256    0.14826    0.15188
   0.15898    0.16841    0.17554    0.18691    0.19415    0.20070    0.21356    0.21409
   0.22363    0.23248    0.23955    0.24164    0.25056    0.26372    0.26846    0.27402
   0.45834    0.46439
 kpt#  22, nband= 50, wtk=  0.00926, kpt=  0.1667  0.0000  0.1667 (reduced coord)
  -1.94300   -1.94242   -1.94218   -1.94178   -0.80554   -0.80426   -0.80407   -0.79590
  -0.79515   -0.79289   -0.79250   -0.79214   -0.79179   -0.78993   -0.78777   -0.78766
  -0.39010   -0.34351   -0.34025   -0.33492   -0.32182   -0.31802   -0.31384   -0.30863
   0.07239    0.07898    0.08265    0.09747    0.10701    0.12383    0.14483    0.15012
   0.15321    0.16249    0.17498    0.18063    0.19313    0.20186    0.21467    0.21789
   0.22366    0.23396    0.23714    0.24491    0.25017    0.25232    0.26931    0.27410
   0.46075    0.46803
 kpt#  23, nband= 50, wtk=  0.00926, kpt=  0.3333  0.0000  0.1667 (reduced coord)
  -1.94294   -1.94241   -1.94224   -1.94179   -0.80398   -0.80279   -0.80174   -0.79718
  -0.79645   -0.79411   -0.79273   -0.79215   -0.79150   -0.79063   -0.78876   -0.78830
  -0.37992   -0.34269   -0.33795   -0.33462   -0.33134   -0.31960   -0.31500   -0.31103
   0.07809    0.08196    0.10025    0.10505    0.10962    0.12217    0.13606    0.14277
   0.15395    0.15868    0.16705    0.17954    0.19311    0.20024    0.20555    0.21738
   0.22574    0.22878    0.24118    0.24284    0.24639    0.25529    0.26535    0.27442
   0.45663    0.46144
 kpt#  24, nband= 50, wtk=  0.00926, kpt=  0.5000  0.0000  0.1667 (reduced coord)
  -1.94291   -1.94239   -1.94228   -1.94179   -0.80244   -0.80225   -0.79935   -0.79783
  -0.79770   -0.79675   -0.79264   -0.79197   -0.79081   -0.79038   -0.78966   -0.78891
  -0.37211   -0.34278   -0.34165   -0.33722   -0.33060   -0.32006   -0.31579   -0.31245
   0.08221    0.08500    0.10655    0.11056    0.11168    0.12628    0.12980    0.13458
   0.14910    0.16268    0.17155    0.17510    0.18309    0.19013    0.21436    0.21880
   0.22620    0.22854    0.23412    0.24281    0.24853    0.25714    0.26332    0.27461
   0.45262    0.45798
 kpt#  25, nband= 50, wtk=  0.00926, kpt= -0.3333  0.0000  0.1667 (reduced coord)
  -1.94294   -1.94241   -1.94224   -1.94179   -0.80401   -0.80278   -0.80176   -0.79714
  -0.79644   -0.79410   -0.79274   -0.79212   -0.79150   -0.79066   -0.78876   -0.78831
  -0.37993   -0.34269   -0.33796   -0.33461   -0.33132   -0.31959   -0.31501   -0.31103
   0.07814    0.08188    0.10025    0.10501    0.10962    0.12226    0.13606    0.14270
   0.15396    0.15872    0.16708    0.17951    0.19311    0.20020    0.20557    0.21737
   0.22580    0.22875    0.24135    0.24281    0.24622    0.25532    0.26532    0.27443
   0.45648    0.46153
 kpt#  26, nband= 50, wtk=  0.00926, kpt= -0.1667  0.0000  0.1667 (reduced coord)
  -1.94300   -1.94242   -1.94218   -1.94178   -0.80556   -0.80426   -0.80406   -0.79589
  -0.79510   -0.79295   -0.79245   -0.79217   -0.79175   -0.78993   -0.78779   -0.78766
  -0.39010   -0.34353   -0.34022   -0.33493   -0.32180   -0.31804   -0.31381   -0.30865
   0.07240    0.07899    0.08262    0.09743    0.10698    0.12388    0.14488    0.15015
   0.15317    0.16250    0.17499    0.18070    0.19307    0.20183    0.21455    0.21806
   0.22354    0.23409    0.23703    0.24520    0.24966    0.25256    0.26932    0.27412
   0.46055    0.46807
 kpt#  27, nband= 50, wtk=  0.00926, kpt=  0.0000  0.1667  0.1667 (reduced coord)
  -1.94299   -1.94243   -1.94216   -1.94179   -0.80520   -0.80439   -0.80425   -0.79710
  -0.79386   -0.79334   -0.79267   -0.79180   -0.79156   -0.78989   -0.78805   -0.78745
  -0.38984   -0.34301   -0.34223   -0.33584   -0.32108   -0.31738   -0.31379   -0.30790
   0.07444    0.07944    0.08171    0.10034    0.10993    0.11980    0.14553    0.14705
   0.15939    0.15989    0.17107    0.18565    0.19059    0.20254    0.21621    0.21932
   0.22115    0.23059    0.23268    0.24257    0.24365    0.26199    0.26884    0.27254
   0.45652    0.46572
 kpt#  28, nband= 50, wtk=  0.00926, kpt=  0.1667  0.1667  0.1667 (reduced coord)
  -1.94296   -1.94243   -1.94218   -1.94180   -0.80502   -0.80378   -0.80364   -0.79695
  -0.79490   -0.79324   -0.79291   -0.79169   -0.79145   -0.79070   -0.78797   -0.78758
  -0.38632   -0.34403   -0.34048   -0.33544   -0.32180   -0.32091   -0.31439   -0.30820
   0.07685    0.08317    0.08530    0.10157    0.10896    0.12671    0.14281    0.14721
   0.15398    0.15866    0.17085    0.17636    0.19544    0.20265    0.21396    0.21667
   0.22634    0.23060    0.23418    0.24121    0.24561    0.25117    0.26878    0.27307
   0.45546    0.46675
 kpt#  29, nband= 50, wtk=  0.00926, kpt=  0.3333  0.1667  0.1667 (reduced coord)
  -1.94291   -1.94242   -1.94223   -1.94181   -0.80416   -0.80271   -0.80199   -0.79737
  -0.79629   -0.79514   -0.79272   -0.79152   -0.79095   -0.79070   -0.78863   -0.78821
  -0.37727   -0.34372   -0.33997   -0.33733   -0.32837   -0.32098   -0.31493   -0.30995
   0.08058    0.08717    0.10181    0.10855    0.11071    0.12411    0.13679    0.14288
   0.15371    0.15664    0.16404    0.17930    0.19212    0.20199    0.20706    0.21392
   0.22426    0.23000    0.23542    0.24020    0.24409    0.24960    0.26537    0.27347
   0.45099    0.46100
 kpt#  30, nband= 50, wtk=  0.00926, kpt=  0.5000  0.1667  0.1667 (reduced coord)
  -1.94288   -1.94241   -1.94227   -1.94181   -0.80317   -0.80269   -0.79978   -0.79889
  -0.79705   -0.79647   -0.79208   -0.79155   -0.79055   -0.78991   -0.78951   -0.78902
  -0.37038   -0.34365   -0.34249   -0.34070   -0.32897   -0.32010   -0.31530   -0.31142
   0.08581    0.08798    0.10846    0.11112    0.11205    0.13067    0.13165    0.13618
   0.15023    0.15936    0.16774    0.17408    0.18427    0.19482    0.21137    0.21890
   0.22380    0.22739    0.23365    0.23592    0.24438    0.25262    0.26420    0.27306
   0.44976    0.45528
 kpt#  31, nband= 50, wtk=  0.00926, kpt= -0.3333  0.1667  0.1667 (reduced coord)
  -1.94291   -1.94242   -1.94223   -1.94181   -0.80406   -0.80283   -0.80201   -0.79721
  -0.79639   -0.79508   -0.79270   -0.79155   -0.79099   -0.79071   -0.78864   -0.78823
  -0.37722   -0.34391   -0.33985   -0.33730   -0.32821   -0.32093   -0.31491   -0.31022
   0.08020    0.08759    0.10211    0.10864    0.11112    0.12352    0.13663    0.14228
   0.15338    0.15694    0.16379    0.17972    0.19227    0.20215    0.20702    0.21452
   0.22464    0.22884    0.23571    0.24071    0.24421    0.24896    0.26520    0.27362
   0.45268    0.46114
 kpt#  32, nband= 50, wtk=  0.00926, kpt= -0.1667  0.1667  0.1667 (reduced coord)
  -1.94296   -1.94243   -1.94218   -1.94180   -0.80495   -0.80384   -0.80366   -0.79697
  -0.79477   -0.79319   -0.79300   -0.79171   -0.79143   -0.79073   -0.78800   -0.78759
  -0.38628   -0.34427   -0.34031   -0.33530   -0.32179   -0.32073   -0.31445   -0.30844
   0.07653    0.08316    0.08576    0.10189    0.10900    0.12639    0.14206    0.14735
   0.15374    0.15855    0.17119    0.17672    0.19530    0.20245    0.21398    0.21759
   0.22554    0.23065    0.23535    0.24127    0.24482    0.25083    0.26872    0.27326
   0.45667    0.46681
 kpt#  33, nband= 50, wtk=  0.00926, kpt=  0.0000  0.3333  0.1667 (reduced coord)
  -1.94288   -1.94248   -1.94217   -1.94183   -0.80328   -0.80283   -0.80200   -0.79934
  -0.79540   -0.79429   -0.79301   -0.79175   -0.79062   -0.79054   -0.78893   -0.78829
  -0.37812   -0.34727   -0.34156   -0.33699   -0.32555   -0.31759   -0.31554   -0.30962
   0.08126    0.08890    0.10197    0.10497    0.11610    0.12397    0.13691    0.13773
   0.14702    0.16383    0.16667    0.17963    0.19277    0.19345    0.20935    0.21057
   0.21940    0.22218    0.22929    0.24085    0.25175    0.26178    0.26812    0.26996
   0.45267    0.46237
 kpt#  34, nband= 50, wtk=  0.00926, kpt=  0.1667  0.3333  0.1667 (reduced coord)
  -1.94287   -1.94248   -1.94218   -1.94184   -0.80374   -0.80296   -0.80197   -0.79854
  -0.79589   -0.79515   -0.79265   -0.79140   -0.79094   -0.79018   -0.78871   -0.78823
  -0.37578   -0.34816   -0.34128   -0.33720   -0.32523   -0.32161   -0.31414   -0.30923
   0.08249    0.09326    0.10414    0.10703    0.11456    0.12579    0.13725    0.14029
   0.14561    0.16147    0.16712    0.18081    0.18640    0.19805    0.20258    0.21317
   0.22016    0.22728    0.22917    0.23748    0.24941    0.25448    0.26718    0.27004
   0.44928    0.45927
 kpt#  35, nband= 50, wtk=  0.00926, kpt=  0.3333  0.3333  0.1667 (reduced coord)
  -1.94284   -1.94247   -1.94222   -1.94185   -0.80398   -0.80296   -0.80224   -0.79910
  -0.79652   -0.79429   -0.79306   -0.79101   -0.79021   -0.78980   -0.78930   -0.78805
  -0.36978   -0.34886   -0.34251   -0.34033   -0.32571   -0.32285   -0.31354   -0.30982
   0.08670    0.10069    0.10767    0.11097    0.11783    0.12499    0.13737    0.14089
   0.14725    0.15667    0.16646    0.18410    0.18844    0.19592    0.20197    0.20824
   0.21797    0.22397    0.23170    0.23534    0.24191    0.24855    0.26432    0.27000
   0.44373    0.45488
 kpt#  36, nband= 50, wtk=  0.00926, kpt=  0.5000  0.3333  0.1667 (reduced coord)
  -1.94282   -1.94246   -1.94223   -1.94186   -0.80389   -0.80294   -0.80185   -0.80089
  -0.79555   -0.79466   -0.79246   -0.79118   -0.79016   -0.78939   -0.78894   -0.78868
  -0.36532   -0.34873   -0.34442   -0.34373   -0.32615   -0.32113   -0.31355   -0.31075
   0.09104    0.10190    0.10720    0.11603    0.11740    0.12707    0.13446    0.14509
   0.14621    0.16039    0.16414    0.17860    0.18743    0.19962    0.20201    0.21163
   0.21421    0.22262    0.22506    0.23216    0.24168    0.24838    0.26382    0.26928
   0.44294    0.45203
 kpt#  37, nband= 50, wtk=  0.00926, kpt= -0.3333  0.3333  0.1667 (reduced coord)
  -1.94284   -1.94247   -1.94222   -1.94185   -0.80385   -0.80302   -0.80236   -0.79904
  -0.79647   -0.79412   -0.79321   -0.79109   -0.79016   -0.78972   -0.78942   -0.78805
  -0.36969   -0.34902   -0.34246   -0.34025   -0.32560   -0.32283   -0.31348   -0.31007
   0.08671    0.10078    0.10740    0.11151    0.11834    0.12500    0.13659    0.14055
   0.14666    0.15638    0.16647    0.18448    0.18899    0.19636    0.20248    0.20851
   0.21798    0.22336    0.23168    0.23476    0.24202    0.24847    0.26426    0.27016
   0.44512    0.45559
 kpt#  38, nband= 50, wtk=  0.00926, kpt= -0.1667  0.3333  0.1667 (reduced coord)
  -1.94287   -1.94248   -1.94218   -1.94184   -0.80365   -0.80296   -0.80209   -0.79853
  -0.79585   -0.79498   -0.79276   -0.79140   -0.79099   -0.79019   -0.78876   -0.78820
  -0.37571   -0.34834   -0.34117   -0.33710   -0.32526   -0.32141   -0.31420   -0.30944
   0.08248    0.09333    0.10416    0.10717    0.11512    0.12559    0.13629    0.14010
   0.14520    0.16161    0.16737    0.18091    0.18648    0.19880    0.20312    0.21249
   0.22033    0.22683    0.22960    0.23721    0.24912    0.25444    0.26713    0.27028
   0.45051    0.45919
 kpt#  39, nband= 50, wtk=  0.00926, kpt=  0.0000  0.5000  0.1667 (reduced coord)
  -1.94281   -1.94253   -1.94217   -1.94185   -0.80167   -0.80140   -0.80047   -0.80009
  -0.79703   -0.79691   -0.79223   -0.79197   -0.79011   -0.78972   -0.78965   -0.78940
  -0.36213   -0.36174   -0.33935   -0.33893   -0.32291   -0.32248   -0.31303   -0.31227
   0.09016    0.09187    0.11142    0.11266    0.11953    0.12039    0.13547    0.13785
   0.14620    0.14671    0.17480    0.17716    0.18236    0.18392    0.20980    0.21048
   0.21521    0.21771    0.23462    0.23634    0.25907    0.25975    0.26782    0.26873
   0.45155    0.45392
 kpt#  40, nband= 50, wtk=  0.00926, kpt=  0.1667  0.5000  0.1667 (reduced coord)
  -1.94281   -1.94252   -1.94218   -1.94186   -0.80278   -0.80250   -0.80004   -0.79970
  -0.79714   -0.79681   -0.79162   -0.79142   -0.79019   -0.78998   -0.78936   -0.78909
  -0.36146   -0.36099   -0.33985   -0.33915   -0.32424   -0.32383   -0.31211   -0.31158
   0.09241    0.09369    0.11046    0.11153    0.12322    0.12442    0.13474    0.13617
   0.15046    0.15152    0.16836    0.17079    0.18796    0.18863    0.20459    0.20567
   0.21967    0.22118    0.23306    0.23428    0.25469    0.25532    0.26687    0.26752
   0.44909    0.45009
 kpt#  41, nband= 50, wtk=  0.00926, kpt=  0.3333  0.5000  0.1667 (reduced coord)
  -1.94279   -1.94250   -1.94220   -1.94188   -0.80360   -0.80331   -0.80143   -0.80122
  -0.79553   -0.79522   -0.79162   -0.79151   -0.78997   -0.78984   -0.78879   -0.78856
  -0.35945   -0.35894   -0.34246   -0.34163   -0.32453   -0.32402   -0.31176   -0.31108
   0.09722    0.09815    0.11189    0.11285    0.12469    0.12569    0.13598    0.13735
   0.15503    0.15611    0.16737    0.16941    0.19231    0.19335    0.20165    0.20306
   0.21601    0.21676    0.23112    0.23195    0.24673    0.24732    0.26517    0.26612
   0.44444    0.44553
 kpt#  42, nband= 50, wtk=  0.00926, kpt=  0.5000  0.5000  0.1667 (reduced coord)
  -1.94278   -1.94249   -1.94221   -1.94189   -0.80365   -0.80325   -0.80255   -0.80221
  -0.79421   -0.79389   -0.79257   -0.79234   -0.78951   -0.78933   -0.78862   -0.78843
  -0.35788   -0.35741   -0.34458   -0.34409   -0.32367   -0.32326   -0.31215   -0.31119
   0.10003    0.10076    0.11317    0.11408    0.12491    0.12613    0.13425    0.13505
   0.15801    0.16015    0.16934    0.17084    0.19300    0.19521    0.20261    0.20482
   0.21367    0.21481    0.22385    0.22435    0.24520    0.24603    0.26432    0.26598
   0.44317    0.44541
 kpt#  43, nband= 50, wtk=  0.00926, kpt= -0.3333  0.5000  0.1667 (reduced coord)
  -1.94279   -1.94250   -1.94220   -1.94188   -0.80367   -0.80329   -0.80143   -0.80117
  -0.79547   -0.79523   -0.79168   -0.79146   -0.78998   -0.78986   -0.78877   -0.78857
  -0.35941   -0.35898   -0.34224   -0.34187   -0.32444   -0.32404   -0.31194   -0.31093
   0.09701    0.09833    0.11195    0.11278    0.12504    0.12536    0.13612    0.13718
   0.15539    0.15578    0.16792    0.16888    0.19217    0.19351    0.20152    0.20321
   0.21584    0.21699    0.23091    0.23207    0.24663    0.24744    0.26498    0.26632
   0.44384    0.44600
 kpt#  44, nband= 50, wtk=  0.00926, kpt= -0.1667  0.5000  0.1667 (reduced coord)
  -1.94281   -1.94252   -1.94218   -1.94186   -0.80286   -0.80249   -0.79997   -0.79973
  -0.79706   -0.79684   -0.79160   -0.79144   -0.79030   -0.78990   -0.78938   -0.78908
  -0.36140   -0.36105   -0.33973   -0.33930   -0.32425   -0.32374   -0.31233   -0.31140
   0.09215    0.09395    0.11054    0.11144    0.12314    0.12454    0.13445    0.13641
   0.15059    0.15132    0.16904    0.17019    0.18773    0.18884    0.20437    0.20602
   0.21948    0.22132    0.23303    0.23429    0.25488    0.25509    0.26675    0.26767
   0.44842    0.45072
 kpt#  45, nband= 50, wtk=  0.00926, kpt=  0.0000 -0.3333  0.1667 (reduced coord)
  -1.94288   -1.94248   -1.94217   -1.94183   -0.80333   -0.80312   -0.80162   -0.79927
  -0.79540   -0.79432   -0.79288   -0.79177   -0.79092   -0.79047   -0.78876   -0.78844
  -0.37801   -0.34721   -0.34134   -0.33669   -0.32563   -0.31770   -0.31586   -0.30990
   0.08170    0.08912    0.10213    0.10544    0.11600    0.12458    0.13753    0.13784
   0.14545    0.16201    0.16550    0.18105    0.19279    0.19425    0.21000    0.21174
   0.21662    0.22258    0.22936    0.24183    0.25153    0.26168    0.26819    0.26931
   0.45118    0.46497
 kpt#  46, nband= 50, wtk=  0.00926, kpt=  0.1667 -0.3333  0.1667 (reduced coord)
  -1.94287   -1.94248   -1.94218   -1.94184   -0.80384   -0.80294   -0.80181   -0.79851
  -0.79589   -0.79503   -0.79269   -0.79138   -0.79107   -0.79021   -0.78880   -0.78820
  -0.37563   -0.34811   -0.34109   -0.33673   -0.32554   -0.32142   -0.31474   -0.30950
   0.08268    0.09372    0.10455    0.10750    0.11526    0.12512    0.13746    0.14041
   0.14405    0.16043    0.16660    0.18184    0.18664    0.19938    0.20279    0.21118
   0.22005    0.22687    0.23000    0.23782    0.24902    0.25475    0.26691    0.26986
   0.44943    0.46042
 kpt#  47, nband= 50, wtk=  0.00926, kpt=  0.3333 -0.3333  0.1667 (reduced coord)
  -1.94284   -1.94247   -1.94222   -1.94185   -0.80409   -0.80292   -0.80210   -0.79896
  -0.79665   -0.79416   -0.79308   -0.79111   -0.79025   -0.78975   -0.78942   -0.78803
  -0.36966   -0.34871   -0.34222   -0.33987   -0.32595   -0.32311   -0.31437   -0.30962
   0.08675    0.10150    0.10757    0.11168    0.11818    0.12520    0.13597    0.14089
   0.14670    0.15643    0.16689    0.18430    0.18948    0.19617    0.20194    0.20637
   0.21825    0.22417    0.23168    0.23548    0.24133    0.24855    0.26428    0.26949
   0.44548    0.45538
 kpt#  48, nband= 50, wtk=  0.00926, kpt=  0.5000 -0.3333  0.1667 (reduced coord)
  -1.94282   -1.94246   -1.94223   -1.94186   -0.80411   -0.80288   -0.80159   -0.80083
  -0.79574   -0.79452   -0.79237   -0.79144   -0.79005   -0.78950   -0.78897   -0.78860
  -0.36537   -0.34847   -0.34436   -0.34295   -0.32640   -0.32179   -0.31456   -0.30997
   0.09112    0.10261    0.10739    0.11529    0.11801    0.12730    0.13335    0.14564
   0.14677    0.16044    0.16397    0.17958    0.18786    0.19716    0.20290    0.21154
   0.21310    0.22303    0.22517    0.23288    0.24130    0.24783    0.26378    0.26850
   0.44429    0.45306
 kpt#  49, nband= 50, wtk=  0.00926, kpt= -0.3333 -0.3333  0.1667 (reduced coord)
  -1.94284   -1.94247   -1.94222   -1.94185   -0.80425   -0.80285   -0.80202   -0.79896
  -0.79664   -0.79430   -0.79291   -0.79108   -0.79030   -0.78989   -0.78929   -0.78802
  -0.36975   -0.34855   -0.34221   -0.34006   -0.32598   -0.32309   -0.31444   -0.30940
   0.08671    0.10140    0.10780    0.11118    0.11768    0.12521    0.13670    0.14126
   0.14731    0.15674    0.16683    0.18407    0.18886    0.19569    0.20133    0.20632
   0.21829    0.22482    0.23156    0.23589    0.24134    0.24864    0.26433    0.26935
   0.44388    0.45523
 kpt#  50, nband= 50, wtk=  0.00926, kpt= -0.1667 -0.3333  0.1667 (reduced coord)
  -1.94287   -1.94248   -1.94218   -1.94184   -0.80399   -0.80290   -0.80172   -0.79847
  -0.79586   -0.79519   -0.79254   -0.79146   -0.79096   -0.79030   -0.78877   -0.78820
  -0.37570   -0.34794   -0.34119   -0.33687   -0.32547   -0.32156   -0.31471   -0.30929
   0.08265    0.09363    0.10458    0.10738    0.11460    0.12545    0.13825    0.14052
   0.14463    0.16027    0.16635    0.18170    0.18662    0.19859    0.20228    0.21195
   0.22005    0.22714    0.22960    0.23801    0.24932    0.25477    0.26693    0.26968
   0.44812    0.46054
 kpt#  51, nband= 50, wtk=  0.00926, kpt=  0.0000 -0.1667  0.1667 (reduced coord)
  -1.94299   -1.94243   -1.94216   -1.94179   -0.80541   -0.80440   -0.80399   -0.79703
  -0.79371   -0.79347   -0.79255   -0.79212   -0.79151   -0.78977   -0.78798   -0.78762
  -0.38978   -0.34260   -0.34206   -0.33588   -0.32135   -0.31736   -0.31377   -0.30837
   0.07497    0.07954    0.08138    0.10181    0.10981    0.11927    0.14602    0.14718
   0.15787    0.15885    0.17087    0.18536    0.19221    0.20389    0.21343    0.22036
   0.22154    0.22829    0.23397    0.24352    0.24408    0.26205    0.26843    0.27204
   0.45593    0.46505
 kpt#  52, nband= 50, wtk=  0.00926, kpt=  0.1667 -0.1667  0.1667 (reduced coord)
  -1.94296   -1.94243   -1.94218   -1.94180   -0.80511   -0.80385   -0.80342   -0.79693
  -0.79474   -0.79326   -0.79292   -0.79197   -0.79143   -0.79055   -0.78804   -0.78763
  -0.38622   -0.34371   -0.34038   -0.33511   -0.32229   -0.32077   -0.31441   -0.30880
   0.07668    0.08299    0.08624    0.10303    0.10873    0.12616    0.14255    0.14740
   0.15304    0.15750    0.17085    0.17747    0.19523    0.20300    0.21320    0.21709
   0.22557    0.22958    0.23644    0.24110    0.24565    0.25111    0.26862    0.27258
   0.45623    0.46614
 kpt#  53, nband= 50, wtk=  0.00926, kpt=  0.3333 -0.1667  0.1667 (reduced coord)
  -1.94291   -1.94242   -1.94223   -1.94181   -0.80418   -0.80284   -0.80177   -0.79717
  -0.79638   -0.79520   -0.79270   -0.79153   -0.79118   -0.79053   -0.78874   -0.78818
  -0.37717   -0.34335   -0.33978   -0.33677   -0.32884   -0.32128   -0.31535   -0.31009
   0.08005    0.08823    0.10199    0.10950    0.11093    0.12345    0.13707    0.14183
   0.15287    0.15699    0.16423    0.17965    0.19300    0.20169    0.20631    0.21361
   0.22453    0.22953    0.23543    0.24076    0.24370    0.24970    0.26518    0.27293
   0.45289    0.46164
 kpt#  54, nband= 50, wtk=  0.00926, kpt=  0.5000 -0.1667  0.1667 (reduced coord)
  -1.94288   -1.94241   -1.94227   -1.94181   -0.80334   -0.80261   -0.79956   -0.79873
  -0.79698   -0.79672   -0.79219   -0.79148   -0.79075   -0.78976   -0.78934   -0.78922
  -0.37037   -0.34333   -0.34187   -0.34045   -0.32942   -0.32067   -0.31613   -0.31086
   0.08594    0.08827    0.10851    0.11145    0.11187    0.13096    0.13207    0.13565
   0.14999    0.16021    0.16685    0.17430    0.18590    0.19346    0.21218    0.21717
   0.22371    0.22712    0.23335    0.23641    0.24438    0.25274    0.26400    0.27238
   0.45082    0.45587
 kpt#  55, nband= 50, wtk=  0.00926, kpt= -0.3333 -0.1667  0.1667 (reduced coord)
  -1.94291   -1.94242   -1.94223   -1.94181   -0.80432   -0.80273   -0.80176   -0.79724
  -0.79629   -0.79520   -0.79271   -0.79148   -0.79118   -0.79057   -0.78874   -0.78817
  -0.37724   -0.34315   -0.33990   -0.33686   -0.32896   -0.32131   -0.31539   -0.30985
   0.08040    0.08779    0.10168    0.10936    0.11052    0.12424    0.13714    0.14234
   0.15323    0.15681    0.16444    0.17925    0.19289    0.20143    0.20611    0.21334
   0.22428    0.23069    0.23510    0.24011    0.24356    0.25036    0.26534    0.27278
   0.45113    0.46114
 kpt#  56, nband= 50, wtk=  0.00926, kpt= -0.1667 -0.1667  0.1667 (reduced coord)
  -1.94296   -1.94243   -1.94218   -1.94180   -0.80521   -0.80379   -0.80341   -0.79689
  -0.79480   -0.79328   -0.79287   -0.79193   -0.79142   -0.79058   -0.78806   -0.78760
  -0.38627   -0.34349   -0.34050   -0.33528   -0.32221   -0.32100   -0.31433   -0.30858
   0.07701    0.08298    0.08576    0.10264    0.10867    0.12660    0.14326    0.14734
   0.15321    0.15762    0.17057    0.17714    0.19542    0.20304    0.21307    0.21663
   0.22616    0.22918    0.23573    0.24084    0.24641    0.25145    0.26870    0.27241
   0.45484    0.46606
 kpt#  57, nband= 50, wtk=  0.00926, kpt=  0.0000  0.0000  0.3333 (reduced coord)
  -1.94293   -1.94249   -1.94215   -1.94179   -0.80396   -0.80285   -0.80217   -0.79782
  -0.79592   -0.79424   -0.79329   -0.79202   -0.79072   -0.79040   -0.78844   -0.78824
  -0.38161   -0.34871   -0.33768   -0.33408   -0.32375   -0.31846   -0.31644   -0.31217
   0.08185    0.08295    0.09696    0.11057    0.11518    0.12520    0.12838    0.13996
   0.14154    0.16976    0.18046    0.18427    0.19189    0.19578    0.19910    0.21492
   0.21517    0.23438    0.23949    0.24772    0.24911    0.25539    0.26120    0.26194
   0.46397    0.46694
 kpt#  58, nband= 50, wtk=  0.00926, kpt=  0.1667  0.0000  0.3333 (reduced coord)
  -1.94292   -1.94248   -1.94217   -1.94180   -0.80373   -0.80265   -0.80180   -0.79767
  -0.79685   -0.79454   -0.79292   -0.79192   -0.79117   -0.79022   -0.78867   -0.78813
  -0.37879   -0.34891   -0.33741   -0.33366   -0.32507   -0.31943   -0.31792   -0.31203
   0.08110    0.09034    0.09813    0.10534    0.11685    0.12494    0.13631    0.14122
   0.14523    0.16638    0.17314    0.18380    0.18745    0.19913    0.20254    0.20989
   0.21869    0.22745    0.23558    0.24894    0.25045    0.25345    0.25973    0.26255
   0.46099    0.46563
 kpt#  59, nband= 50, wtk=  0.00926, kpt=  0.3333  0.0000  0.3333 (reduced coord)
  -1.94288   -1.94245   -1.94223   -1.94181   -0.80321   -0.80222   -0.80056   -0.79859
  -0.79711   -0.79623   -0.79235   -0.79160   -0.79116   -0.78984   -0.78960   -0.78815
  -0.37172   -0.34939   -0.33723   -0.33453   -0.32943   -0.32053   -0.31801   -0.31296
   0.08383    0.09590    0.10109    0.11307    0.11660    0.12371    0.13987    0.14277
   0.15490    0.15966    0.17206    0.17681    0.18564    0.19457    0.19872    0.21129
   0.21445    0.22468    0.23564    0.24457    0.24729    0.25114    0.25709    0.26567
   0.45332    0.45823
 kpt#  60, nband= 50, wtk=  0.00926, kpt=  0.5000  0.0000  0.3333 (reduced coord)
  -1.94287   -1.94243   -1.94226   -1.94181   -0.80287   -0.80193   -0.79946   -0.79877
  -0.79840   -0.79674   -0.79231   -0.79131   -0.79070   -0.79048   -0.78926   -0.78856
  -0.36670   -0.34984   -0.33936   -0.33651   -0.32927   -0.32086   -0.31786   -0.31370
   0.08699    0.09454    0.10383    0.11625    0.11894    0.12688    0.13894    0.14195
   0.16051    0.16426    0.16996    0.17126    0.17898    0.18092    0.20702    0.21016
   0.21967    0.22208    0.23759    0.24150    0.24442    0.24580    0.25778    0.26680
   0.44986    0.45418
 kpt#  61, nband= 50, wtk=  0.00926, kpt= -0.3333  0.0000  0.3333 (reduced coord)
  -1.94288   -1.94245   -1.94223   -1.94181   -0.80324   -0.80223   -0.80055   -0.79855
  -0.79709   -0.79623   -0.79236   -0.79164   -0.79109   -0.78985   -0.78962   -0.78816
  -0.37173   -0.34938   -0.33726   -0.33450   -0.32939   -0.32058   -0.31800   -0.31295
   0.08384    0.09582    0.10111    0.11304    0.11659    0.12380    0.13977    0.14285
   0.15495    0.15962    0.17215    0.17680    0.18545    0.19465    0.19873    0.21132
   0.21446    0.22475    0.23560    0.24478    0.24703    0.25110    0.25709    0.26573
   0.45316    0.45818
 kpt#  62, nband= 50, wtk=  0.00926, kpt= -0.1667  0.0000  0.3333 (reduced coord)
  -1.94292   -1.94248   -1.94217   -1.94180   -0.80376   -0.80266   -0.80178   -0.79763
  -0.79685   -0.79454   -0.79289   -0.79194   -0.79115   -0.79025   -0.78867   -0.78815
  -0.37879   -0.34890   -0.33747   -0.33358   -0.32507   -0.31947   -0.31790   -0.31203
   0.08112    0.09030    0.09818    0.10528    0.11677    0.12502    0.13621    0.14142
   0.14517    0.16649    0.17310    0.18382    0.18742    0.19906    0.20255    0.20994
   0.21860    0.22751    0.23564    0.24905    0.25024    0.25334    0.25983    0.26259
   0.46073    0.46488
 kpt#  63, nband= 50, wtk=  0.00926, kpt=  0.0000  0.1667  0.3333 (reduced coord)
  -1.94290   -1.94249   -1.94217   -1.94181   -0.80358   -0.80224   -0.80214   -0.79890
  -0.79547   -0.79478   -0.79237   -0.79231   -0.79112   -0.79063   -0.78881   -0.78791
  -0.37833   -0.34818   -0.33858   -0.33563   -0.32257   -0.32117   -0.31666   -0.31222
   0.08618    0.08896    0.09903    0.11115    0.11553    0.12749    0.12893    0.13913
   0.14420    0.16388    0.17767    0.18266    0.18752    0.19740    0.20268    0.21518
   0.21960    0.22485    0.23427    0.24413    0.24779    0.25383    0.25878    0.26200
   0.46091    0.46815
 kpt#  64, nband= 50, wtk=  0.00926, kpt=  0.1667  0.1667  0.3333 (reduced coord)
  -1.94289   -1.94248   -1.94218   -1.94182   -0.80394   -0.80269   -0.80189   -0.79799
  -0.79629   -0.79516   -0.79246   -0.79190   -0.79101   -0.79044   -0.78841   -0.78816
  -0.37605   -0.34902   -0.33923   -0.33615   -0.32348   -0.32036   -0.31820   -0.31103
   0.08582    0.09503    0.10004    0.10746    0.11752    0.12612    0.13574    0.14306
   0.14528    0.15932    0.17158    0.17907    0.19155    0.20073    0.20664    0.21157
   0.21609    0.22432    0.23379    0.24196    0.24493    0.25042    0.25892    0.26329
   0.45560    0.46794
 kpt#  65, nband= 50, wtk=  0.00926, kpt=  0.3333  0.1667  0.3333 (reduced coord)
  -1.94286   -1.94246   -1.94223   -1.94183   -0.80414   -0.80321   -0.80169   -0.79875
  -0.79642   -0.79526   -0.79176   -0.79139   -0.79064   -0.79011   -0.78882   -0.78830
  -0.37027   -0.35036   -0.34144   -0.33926   -0.32480   -0.31946   -0.31717   -0.31111
   0.08814    0.09875    0.10495    0.11229    0.11735    0.12625    0.14127    0.14262
   0.15232    0.15590    0.16594    0.17897    0.18942    0.19780    0.19981    0.21336
   0.21903    0.22419    0.22936    0.23720    0.24261    0.25024    0.25314    0.26536
   0.44786    0.45784
 kpt#  66, nband= 50, wtk=  0.00926, kpt=  0.5000  0.1667  0.3333 (reduced coord)
  -1.94285   -1.94244   -1.94225   -1.94183   -0.80388   -0.80361   -0.80109   -0.80041
  -0.79619   -0.79496   -0.79121   -0.79093   -0.79037   -0.78994   -0.78935   -0.78864
  -0.36610   -0.35110   -0.34392   -0.34144   -0.32466   -0.31835   -0.31658   -0.31191
   0.09244    0.09535    0.10724    0.11643    0.11894    0.12769    0.14046    0.14625
   0.15199    0.16023    0.16264    0.17439    0.18562    0.18977    0.20808    0.21157
   0.22128    0.22224    0.23296    0.23354    0.23830    0.24798    0.25359    0.26556
   0.44560    0.45101
 kpt#  67, nband= 50, wtk=  0.00926, kpt= -0.3333  0.1667  0.3333 (reduced coord)
  -1.94286   -1.94245   -1.94223   -1.94183   -0.80402   -0.80326   -0.80184   -0.79862
  -0.79639   -0.79532   -0.79171   -0.79138   -0.79063   -0.79016   -0.78886   -0.78831
  -0.37024   -0.35031   -0.34172   -0.33900   -0.32468   -0.31920   -0.31730   -0.31145
   0.08804    0.09862    0.10525    0.11270    0.11746    0.12614    0.14107    0.14181
   0.15209    0.15622    0.16558    0.17989    0.18961    0.19750    0.19997    0.21330
   0.21901    0.22385    0.22911    0.23843    0.24211    0.25023    0.25278    0.26554
   0.44907    0.45705
 kpt#  68, nband= 50, wtk=  0.00926, kpt= -0.1667  0.1667  0.3333 (reduced coord)
  -1.94289   -1.94248   -1.94218   -1.94182   -0.80384   -0.80268   -0.80207   -0.79787
  -0.79628   -0.79520   -0.79239   -0.79190   -0.79103   -0.79048   -0.78843   -0.78819
  -0.37602   -0.34901   -0.33951   -0.33575   -0.32334   -0.32031   -0.31824   -0.31134
   0.08574    0.09517    0.09989    0.10797    0.11741    0.12602    0.13517    0.14285
   0.14546    0.15942    0.17170    0.17950    0.19131    0.20041    0.20596    0.21159
   0.21713    0.22412    0.23397    0.24269    0.24438    0.25013    0.25891    0.26334
   0.45678    0.46715
 kpt#  69, nband= 50, wtk=  0.00926, kpt=  0.0000  0.3333  0.3333 (reduced coord)
  -1.94283   -1.94249   -1.94219   -1.94186   -0.80249   -0.80211   -0.80055   -0.80040
  -0.79664   -0.79439   -0.79384   -0.79146   -0.79072   -0.79048   -0.78944   -0.78812
  -0.36918   -0.34622   -0.34431   -0.33905   -0.32374   -0.31976   -0.31856   -0.31346
   0.09536    0.10473    0.10580    0.11420    0.11643    0.12652    0.13289    0.13562
   0.14960    0.15860    0.16947    0.17468    0.18915    0.19770    0.20119    0.21005
   0.21339    0.22249    0.22380    0.23195    0.24862    0.25301    0.25853    0.26044
   0.45685    0.46774
 kpt#  70, nband= 50, wtk=  0.00926, kpt=  0.1667  0.3333  0.3333 (reduced coord)
  -1.94282   -1.94249   -1.94220   -1.94186   -0.80380   -0.80293   -0.80216   -0.79933
  -0.79626   -0.79417   -0.79284   -0.79110   -0.79040   -0.79021   -0.78904   -0.78826
  -0.36833   -0.34856   -0.34556   -0.34089   -0.32172   -0.32070   -0.31723   -0.31125
   0.09576    0.10352    0.10967    0.11467    0.11827    0.12615    0.13488    0.13967
   0.14870    0.15503    0.16529    0.18002    0.18785    0.20088    0.20329    0.21101
   0.21353    0.22044    0.22379    0.22932    0.24483    0.24973    0.25719    0.26169
   0.45089    0.46367
 kpt#  71, nband= 50, wtk=  0.00926, kpt=  0.3333  0.3333  0.3333 (reduced coord)
  -1.94281   -1.94247   -1.94222   -1.94187   -0.80498   -0.80429   -0.80345   -0.80146
  -0.79407   -0.79301   -0.79149   -0.79068   -0.78997   -0.78972   -0.78871   -0.78845
  -0.36580   -0.35154   -0.34895   -0.34583   -0.32021   -0.31746   -0.31474   -0.30968
   0.09690    0.10690    0.11341    0.11660    0.11865    0.12576    0.13397    0.14376
   0.14819    0.15975    0.16667    0.18065    0.18725    0.19721    0.20535    0.20831
   0.21536    0.22005    0.22220    0.23001    0.23755    0.24810    0.25200    0.26151
   0.44236    0.45767
 kpt#  72, nband= 50, wtk=  0.00926, kpt=  0.5000  0.3333  0.3333 (reduced coord)
  -1.94280   -1.94247   -1.94223   -1.94187   -0.80518   -0.80496   -0.80358   -0.80302
  -0.79297   -0.79274   -0.79063   -0.79038   -0.78959   -0.78945   -0.78884   -0.78882
  -0.36369   -0.35276   -0.35054   -0.34931   -0.31902   -0.31511   -0.31401   -0.30979
   0.09976    0.10588    0.11469    0.11758    0.11859    0.12751    0.13308    0.14163
   0.15325    0.16169    0.16858    0.17753    0.19113    0.19538    0.20128    0.20968
   0.21644    0.21803    0.22121    0.22927    0.23397    0.24937    0.24953    0.26136
   0.44045    0.44752
 kpt#  73, nband= 50, wtk=  0.00926, kpt= -0.3333  0.3333  0.3333 (reduced coord)
  -1.94281   -1.94247   -1.94222   -1.94187   -0.80482   -0.80433   -0.80363   -0.80139
  -0.79400   -0.79291   -0.79160   -0.79072   -0.78993   -0.78977   -0.78874   -0.78844
  -0.36575   -0.35161   -0.34886   -0.34582   -0.32013   -0.31729   -0.31473   -0.31001
   0.09689    0.10682    0.11373    0.11664    0.11860    0.12613    0.13329    0.14402
   0.14783    0.15925    0.16676    0.18068    0.18796    0.19682    0.20599    0.20807
   0.21518    0.22019    0.22234    0.23011    0.23723    0.24807    0.25187    0.26165
   0.44342    0.45628
 kpt#  74, nband= 50, wtk=  0.00926, kpt= -0.1667  0.3333  0.3333 (reduced coord)
  -1.94282   -1.94248   -1.94220   -1.94186   -0.80364   -0.80289   -0.80246   -0.79921
  -0.79627   -0.79392   -0.79303   -0.79107   -0.79051   -0.79024   -0.78901   -0.78826
  -0.36828   -0.34876   -0.34537   -0.34082   -0.32157   -0.32062   -0.31731   -0.31151
   0.09573    0.10379    0.10965    0.11474    0.11807    0.12642    0.13429    0.13954
   0.14853    0.15518    0.16552    0.18025    0.18790    0.20028    0.20304    0.21061
   0.21455    0.22081    0.22372    0.22948    0.24430    0.24981    0.25740    0.26157
   0.45187    0.46379
 kpt#  75, nband= 50, wtk=  0.00926, kpt=  0.0000  0.5000  0.3333 (reduced coord)
  -1.94279   -1.94250   -1.94220   -1.94188   -0.80176   -0.80161   -0.80071   -0.80050
  -0.79647   -0.79613   -0.79294   -0.79253   -0.79004   -0.78977   -0.78929   -0.78910
  -0.35659   -0.35621   -0.34300   -0.34271   -0.32203   -0.32151   -0.31670   -0.31605
   0.10639    0.10804    0.11465    0.11530    0.11601    0.11655    0.14357    0.14677
   0.14769    0.14843    0.16665    0.16790    0.18711    0.18800    0.20472    0.20611
   0.21232    0.21424    0.22633    0.22772    0.25388    0.25475    0.25563    0.25625
   0.45668    0.45952
 kpt#  76, nband= 50, wtk=  0.00926, kpt=  0.1667  0.5000  0.3333 (reduced coord)
  -1.94278   -1.94250   -1.94221   -1.94188   -0.80339   -0.80319   -0.80154   -0.80128
  -0.79521   -0.79485   -0.79173   -0.79145   -0.78980   -0.78971   -0.78938   -0.78908
  -0.35760   -0.35714   -0.34527   -0.34461   -0.32117   -0.32095   -0.31403   -0.31387
   0.10622    0.10745    0.11184    0.11312    0.12221    0.12348    0.14274    0.14420
   0.14836    0.14973    0.16627    0.16785    0.19123    0.19211    0.20404    0.20544
   0.21239    0.21353    0.22592    0.22653    0.24876    0.24958    0.25735    0.25775
   0.45248    0.45409
 kpt#  77, nband= 50, wtk=  0.00926, kpt=  0.3333  0.5000  0.3333 (reduced coord)
  -1.94277   -1.94249   -1.94221   -1.94189   -0.80495   -0.80476   -0.80364   -0.80343
  -0.79289   -0.79255   -0.79048   -0.79029   -0.78983   -0.78956   -0.78905   -0.78876
  -0.35865   -0.35832   -0.35008   -0.34923   -0.31796   -0.31773   -0.31135   -0.31111
   0.10760    0.10829    0.11380    0.11474    0.12382    0.12527    0.13564    0.13695
   0.15828    0.15967    0.17074    0.17216    0.19080    0.19186    0.20136    0.20302
   0.21260    0.21337    0.22447    0.22524    0.24528    0.24565    0.25492    0.25543
   0.44544    0.44643
 kpt#  78, nband= 50, wtk=  0.00926, kpt=  0.5000  0.5000  0.3333 (reduced coord)
  -1.94277   -1.94249   -1.94222   -1.94189   -0.80532   -0.80504   -0.80483   -0.80457
  -0.79167   -0.79133   -0.79068   -0.79037   -0.78953   -0.78935   -0.78875   -0.78853
  -0.35862   -0.35833   -0.35261   -0.35213   -0.31597   -0.31554   -0.31086   -0.31025
   0.10907    0.10959    0.11644    0.11677    0.12285    0.12461    0.13133    0.13239
   0.16636    0.16872    0.17083    0.17349    0.19284    0.19516    0.19611    0.19697
   0.21269    0.21393    0.22232    0.22362    0.24318    0.24431    0.25476    0.25558
   0.44284    0.44482
 kpt#  79, nband= 50, wtk=  0.00926, kpt= -0.3333  0.5000  0.3333 (reduced coord)
  -1.94277   -1.94249   -1.94221   -1.94189   -0.80503   -0.80473   -0.80362   -0.80340
  -0.79286   -0.79250   -0.79045   -0.79036   -0.78989   -0.78957   -0.78897   -0.78880
  -0.35876   -0.35822   -0.34973   -0.34960   -0.31793   -0.31769   -0.31157   -0.31094
   0.10748    0.10840    0.11390    0.11460    0.12367    0.12544    0.13555    0.13703
   0.15774    0.16022    0.17114    0.17184    0.19044    0.19222    0.20133    0.20295
   0.21231    0.21376    0.22400    0.22565    0.24526    0.24564    0.25496    0.25544
   0.44498    0.44685
 kpt#  80, nband= 50, wtk=  0.00926, kpt= -0.1667  0.5000  0.3333 (reduced coord)
  -1.94278   -1.94250   -1.94221   -1.94188   -0.80347   -0.80317   -0.80148   -0.80129
  -0.79518   -0.79481   -0.79174   -0.79146   -0.79003   -0.78951   -0.78933   -0.78914
  -0.35756   -0.35719   -0.34515   -0.34475   -0.32122   -0.32082   -0.31429   -0.31367
   0.10606    0.10757    0.11225    0.11269    0.12206    0.12369    0.14280    0.14397
   0.14793    0.15026    0.16664    0.16755    0.19114    0.19220    0.20391    0.20557
   0.21214    0.21385    0.22540    0.22700    0.24870    0.24959    0.25730    0.25784
   0.45198    0.45461
 kpt#  81, nband= 50, wtk=  0.00926, kpt=  0.0000 -0.3333  0.3333 (reduced coord)
  -1.94283   -1.94249   -1.94219   -1.94186   -0.80269   -0.80218   -0.80040   -0.80014
  -0.79658   -0.79433   -0.79395   -0.79173   -0.79070   -0.79047   -0.78919   -0.78830
  -0.36903   -0.34612   -0.34431   -0.33857   -0.32385   -0.32005   -0.31861   -0.31386
   0.09658    0.10441    0.10592    0.11490    0.11621    0.12613    0.13302    0.13734
   0.14736    0.15694    0.17191    0.17262    0.19027    0.19723    0.20169    0.20862
   0.21382    0.22301    0.22352    0.23200    0.24852    0.25374    0.25831    0.26000
   0.45489    0.46996
 kpt#  82, nband= 50, wtk=  0.00926, kpt=  0.1667 -0.3333  0.3333 (reduced coord)
  -1.94282   -1.94249   -1.94220   -1.94186   -0.80389   -0.80269   -0.80234   -0.79916
  -0.79627   -0.79399   -0.79304   -0.79108   -0.79059   -0.79021   -0.78883   -0.78844
  -0.36817   -0.34839   -0.34547   -0.34054   -0.32169   -0.32059   -0.31785   -0.31166
   0.09614    0.10398    0.11032    0.11512    0.11803    0.12548    0.13489    0.14117
   0.14723    0.15462    0.16459    0.18100    0.18717    0.20085    0.20306    0.20942
   0.21431    0.21989    0.22409    0.23033    0.24441    0.25004    0.25761    0.26121
   0.45056    0.46536
 kpt#  83, nband= 50, wtk=  0.00926, kpt=  0.3333 -0.3333  0.3333 (reduced coord)
  -1.94281   -1.94247   -1.94222   -1.94187   -0.80508   -0.80414   -0.80348   -0.80139
  -0.79403   -0.79296   -0.79158   -0.79054   -0.79021   -0.78967   -0.78885   -0.78837
  -0.36575   -0.35117   -0.34877   -0.34569   -0.32013   -0.31766   -0.31536   -0.30978
   0.09671    0.10775    0.11384    0.11697    0.11910    0.12517    0.13363    0.14325
   0.14952    0.15931    0.16591    0.18134    0.18734    0.19628    0.20470    0.20872
   0.21445    0.22011    0.22233    0.23094    0.23677    0.24819    0.25177    0.26144
   0.44350    0.45742
 kpt#  84, nband= 50, wtk=  0.00926, kpt=  0.5000 -0.3333  0.3333 (reduced coord)
  -1.94280   -1.94247   -1.94223   -1.94187   -0.80543   -0.80481   -0.80330   -0.80312
  -0.79302   -0.79265   -0.79059   -0.79044   -0.78977   -0.78937   -0.78905   -0.78862
  -0.36379   -0.35233   -0.35036   -0.34915   -0.31904   -0.31577   -0.31459   -0.30930
   0.09966    0.10609    0.11558    0.11821    0.11877    0.12709    0.13218    0.14080
   0.15470    0.16409    0.16732    0.17660    0.19273    0.19361    0.20134    0.20899
   0.21547    0.21819    0.22108    0.22951    0.23441    0.24905    0.24915    0.26096
   0.44178    0.44816
 kpt#  85, nband= 50, wtk=  0.00926, kpt= -0.3333 -0.3333  0.3333 (reduced coord)
  -1.94281   -1.94247   -1.94222   -1.94187   -0.80524   -0.80411   -0.80335   -0.80140
  -0.79401   -0.79306   -0.79140   -0.79055   -0.79022   -0.78975   -0.78881   -0.78838
  -0.36581   -0.35111   -0.34879   -0.34580   -0.32013   -0.31775   -0.31544   -0.30948
   0.09671    0.10775    0.11356    0.11702    0.11899    0.12489    0.13429    0.14296
   0.14986    0.15984    0.16588    0.18141    0.18663    0.19677    0.20383    0.20913
   0.21462    0.21968    0.22236    0.23072    0.23716    0.24829    0.25191    0.26132
   0.44234    0.45767
 kpt#  86, nband= 50, wtk=  0.00926, kpt= -0.1667 -0.3333  0.3333 (reduced coord)
  -1.94282   -1.94249   -1.94220   -1.94186   -0.80408   -0.80274   -0.80209   -0.79921
  -0.79620   -0.79421   -0.79281   -0.79112   -0.79056   -0.79023   -0.78884   -0.78844
  -0.36822   -0.34820   -0.34566   -0.34063   -0.32175   -0.32064   -0.31784   -0.31140
   0.09615    0.10367    0.11036    0.11507    0.11821    0.12525    0.13543    0.14121
   0.14738    0.15456    0.16437    0.18082    0.18719    0.20177    0.20302    0.20973
   0.21336    0.21950    0.22408    0.23020    0.24489    0.24992    0.25747    0.26135
   0.44948    0.46531
 kpt#  87, nband= 50, wtk=  0.00926, kpt=  0.0000 -0.1667  0.3333 (reduced coord)
  -1.94290   -1.94249   -1.94217   -1.94181   -0.80382   -0.80225   -0.80186   -0.79876
  -0.79549   -0.79477   -0.79254   -0.79242   -0.79097   -0.79065   -0.78869   -0.78807
  -0.37824   -0.34803   -0.33837   -0.33509   -0.32298   -0.32172   -0.31640   -0.31261
   0.08691    0.08902    0.09915    0.11199    0.11516    0.12676    0.12935    0.13982
   0.14283    0.16381    0.18020    0.18109    0.18687    0.19699    0.20111    0.21462
   0.22054    0.22775    0.23233    0.24258    0.24894    0.25475    0.25901    0.26111
   0.46033    0.46756
 kpt#  88, nband= 50, wtk=  0.00926, kpt=  0.1667 -0.1667  0.3333 (reduced coord)
  -1.94289   -1.94248   -1.94218   -1.94182   -0.80406   -0.80239   -0.80205   -0.79777
  -0.79625   -0.79533   -0.79249   -0.79201   -0.79084   -0.79047   -0.78839   -0.78830
  -0.37595   -0.34875   -0.33925   -0.33546   -0.32356   -0.32098   -0.31818   -0.31152
   0.08586    0.09559    0.10014    0.10870    0.11738    0.12522    0.13594    0.14269
   0.14505    0.16002    0.17106    0.17893    0.19132    0.20050    0.20530    0.21161
   0.21747    0.22343    0.23316    0.24237    0.24575    0.25104    0.25903    0.26249
   0.45644    0.46686
 kpt#  89, nband= 50, wtk=  0.00926, kpt=  0.3333 -0.1667  0.3333 (reduced coord)
  -1.94286   -1.94245   -1.94223   -1.94183   -0.80418   -0.80315   -0.80169   -0.79859
  -0.79629   -0.79550   -0.79182   -0.79138   -0.79060   -0.79002   -0.78903   -0.78827
  -0.37022   -0.34994   -0.34133   -0.33890   -0.32490   -0.31964   -0.31780   -0.31126
   0.08786    0.09912    0.10568    0.11312    0.11765    0.12555    0.14087    0.14256
   0.15192    0.15723    0.16467    0.17920    0.18966    0.19635    0.20129    0.21348
   0.21855    0.22279    0.22885    0.23880    0.24206    0.25031    0.25304    0.26515
   0.44942    0.45792
 kpt#  90, nband= 50, wtk=  0.00926, kpt=  0.5000 -0.1667  0.3333 (reduced coord)
  -1.94285   -1.94244   -1.94225   -1.94183   -0.80392   -0.80370   -0.80079   -0.80046
  -0.79613   -0.79506   -0.79139   -0.79091   -0.79029   -0.78994   -0.78925   -0.78875
  -0.36616   -0.35066   -0.34361   -0.34121   -0.32492   -0.31898   -0.31717   -0.31145
   0.09257    0.09530    0.10787    0.11700    0.11846    0.12743    0.14105    0.14679
   0.15128    0.16108    0.16286    0.17310    0.18687    0.18835    0.20870    0.21185
   0.22106    0.22162    0.23216    0.23339    0.23836    0.24744    0.25388    0.26530
   0.44673    0.45155
 kpt#  91, nband= 50, wtk=  0.00926, kpt= -0.3333 -0.1667  0.3333 (reduced coord)
  -1.94286   -1.94246   -1.94223   -1.94183   -0.80433   -0.80311   -0.80158   -0.79863
  -0.79633   -0.79538   -0.79191   -0.79137   -0.79051   -0.79007   -0.78900   -0.78827
  -0.37027   -0.34999   -0.34096   -0.33928   -0.32495   -0.31991   -0.31769   -0.31095
   0.08797    0.09913    0.10540    0.11271    0.11749    0.12582    0.14111    0.14322
   0.15216    0.15710    0.16495    0.17835    0.18949    0.19659    0.20101    0.21357
   0.21872    0.22316    0.22905    0.23761    0.24241    0.25026    0.25344    0.26502
   0.44809    0.45862
 kpt#  92, nband= 50, wtk=  0.00926, kpt= -0.1667 -0.1667  0.3333 (reduced coord)
  -1.94289   -1.94248   -1.94218   -1.94182   -0.80420   -0.80245   -0.80187   -0.79783
  -0.79625   -0.79523   -0.79255   -0.79201   -0.79081   -0.79050   -0.78838   -0.78829
  -0.37599   -0.34876   -0.33900   -0.33582   -0.32366   -0.32101   -0.31818   -0.31121
   0.08596    0.09538    0.10028    0.10816    0.11735    0.12548    0.13651    0.14298
   0.14479    0.15999    0.17101    0.17844    0.19157    0.20087    0.20581    0.21161
   0.21650    0.22371    0.23297    0.24179    0.24599    0.25126    0.25913    0.26248
   0.45503    0.46769
 kpt#  93, nband= 50, wtk=  0.00463, kpt=  0.0000  0.0000  0.5000 (reduced coord)
  -1.94287   -1.94255   -1.94215   -1.94180   -0.80107   -0.80086   -0.80049   -0.80029
  -0.79695   -0.79670   -0.79319   -0.79295   -0.78974   -0.78960   -0.78941   -0.78927
  -0.36473   -0.36410   -0.33430   -0.33342   -0.32178   -0.32168   -0.31724   -0.31680
   0.09271    0.09324    0.10478    0.10500    0.12558    0.12645    0.12905    0.13065
   0.14855    0.14925    0.17869    0.17946    0.18912    0.19033    0.20926    0.21106
   0.21815    0.21956    0.24380    0.24437    0.25107    0.25155    0.25945    0.26046
   0.46662    0.46924
 kpt#  94, nband= 50, wtk=  0.00926, kpt=  0.1667  0.0000  0.5000 (reduced coord)
  -1.94286   -1.94253   -1.94217   -1.94181   -0.80167   -0.80162   -0.79964   -0.79957
  -0.79758   -0.79741   -0.79248   -0.79233   -0.79012   -0.78986   -0.78925   -0.78908
  -0.36351   -0.36288   -0.33466   -0.33384   -0.32338   -0.32328   -0.31654   -0.31616
   0.09181    0.09232    0.10703    0.10724    0.12569    0.12649    0.13350    0.13452
   0.15286    0.15305    0.17464    0.17526    0.18644    0.18759    0.20776    0.20903
   0.22054    0.22095    0.23991    0.24011    0.25150    0.25243    0.25822    0.25871
   0.46088    0.46227
 kpt#  95, nband= 50, wtk=  0.00926, kpt=  0.3333  0.0000  0.5000 (reduced coord)
  -1.94285   -1.94248   -1.94222   -1.94182   -0.80236   -0.80233   -0.79889   -0.79879
  -0.79826   -0.79811   -0.79171   -0.79143   -0.79073   -0.79064   -0.78884   -0.78867
  -0.36074   -0.36010   -0.33590   -0.33528   -0.32569   -0.32542   -0.31594   -0.31556
   0.09277    0.09343    0.10933    0.10956    0.12324    0.12415    0.14537    0.14604
   0.16040    0.16135    0.16835    0.16945    0.18334    0.18439    0.19939    0.20025
   0.22314    0.22355    0.23332    0.23378    0.24872    0.24973    0.25868    0.25898
   0.45286    0.45373
 kpt#  96, nband= 50, wtk=  0.00463, kpt=  0.5000  0.0000  0.5000 (reduced coord)
  -1.94284   -1.94245   -1.94225   -1.94183   -0.80261   -0.80259   -0.79934   -0.79921
  -0.79768   -0.79743   -0.79226   -0.79179   -0.79038   -0.79026   -0.78874   -0.78857
  -0.35912   -0.35847   -0.33690   -0.33640   -0.32656   -0.32615   -0.31582   -0.31543
   0.09470    0.09559    0.10925    0.10973    0.12105    0.12210    0.15347    0.15459
   0.16183    0.16225    0.16870    0.16950    0.18371    0.18525    0.19203    0.19217
   0.21826    0.21888    0.23531    0.23620    0.24675    0.24732    0.25829    0.25865
   0.44916    0.44996
 kpt#  97, nband= 50, wtk=  0.00926, kpt=  0.0000  0.1667  0.5000 (reduced coord)
  -1.94285   -1.94253   -1.94217   -1.94182   -0.80149   -0.80116   -0.80037   -0.80004
  -0.79702   -0.79687   -0.79264   -0.79250   -0.79041   -0.79022   -0.78907   -0.78884
  -0.36274   -0.36208   -0.33630   -0.33538   -0.32155   -0.32140   -0.31779   -0.31726
   0.09748    0.09824    0.10676    0.10703    0.12530    0.12612    0.13202    0.13269
   0.14719    0.14788    0.17655    0.17708    0.19282    0.19332    0.20109    0.20310
   0.22214    0.22225    0.23917    0.23989    0.24928    0.24989    0.25680    0.25739
   0.46494    0.46701
 kpt#  98, nband= 50, wtk=  0.00926, kpt=  0.1667  0.1667  0.5000 (reduced coord)
  -1.94284   -1.94251   -1.94219   -1.94183   -0.80286   -0.80241   -0.79986   -0.79945
  -0.79697   -0.79676   -0.79227   -0.79191   -0.79034   -0.78976   -0.78914   -0.78890
  -0.36215   -0.36155   -0.33772   -0.33665   -0.32375   -0.32115   -0.31695   -0.31462
   0.09582    0.09719    0.10875    0.10965    0.12415    0.12779    0.13476    0.13724
   0.14949    0.15284    0.16851    0.17447    0.18976    0.19284    0.20511    0.20734
   0.21901    0.22249    0.23659    0.23902    0.24262    0.24935    0.25416    0.26061
   0.45538    0.46745
 kpt#  99, nband= 50, wtk=  0.00926, kpt=  0.3333  0.1667  0.5000 (reduced coord)
  -1.94283   -1.94248   -1.94222   -1.94184   -0.80388   -0.80357   -0.80102   -0.80045
  -0.79573   -0.79555   -0.79158   -0.79085   -0.79029   -0.79002   -0.78887   -0.78873
  -0.36074   -0.36001   -0.34111   -0.34026   -0.32278   -0.32148   -0.31482   -0.31339
   0.09552    0.09995    0.10814    0.11388    0.12298    0.12540    0.14012    0.14877
   0.15629    0.15713    0.16474    0.17656    0.18542    0.18769    0.19894    0.20910
   0.22142    0.22245    0.22735    0.23594    0.23948    0.24618    0.25643    0.25760
   0.44752    0.45529
 kpt# 100, nband= 50, wtk=  0.00926, kpt=  0.5000  0.1667  0.5000 (reduced coord)
  -1.94283   -1.94245   -1.94225   -1.94184   -0.80416   -0.80391   -0.80157   -0.80132
  -0.79501   -0.79484   -0.79132   -0.79082   -0.79019   -0.78998   -0.78881   -0.78861
  -0.35973   -0.35902   -0.34304   -0.34247   -0.32153   -0.32111   -0.31418   -0.31356
   0.09904    0.09978    0.11095    0.11118    0.12203    0.12319    0.14537    0.14666
   0.16431    0.16526    0.16679    0.16820    0.18731    0.18793    0.19916    0.20006
   0.21895    0.22010    0.23040    0.23136    0.24127    0.24246    0.25687    0.25715
   0.44646    0.44750
 kpt# 101, nband= 50, wtk=  0.00926, kpt= -0.3333  0.1667  0.5000 (reduced coord)
  -1.94283   -1.94248   -1.94222   -1.94184   -0.80381   -0.80354   -0.80118   -0.80036
  -0.79576   -0.79559   -0.79133   -0.79088   -0.79031   -0.79017   -0.78894   -0.78868
  -0.36132   -0.35931   -0.34169   -0.33973   -0.32232   -0.32157   -0.31473   -0.31392
   0.09501    0.10060    0.10824    0.11421    0.12344    0.12458    0.13936    0.14876
   0.15617    0.15750    0.16453    0.17724    0.18546    0.18756    0.19932    0.20812
   0.22165    0.22291    0.22744    0.23541    0.24014    0.24544    0.25643    0.25798
   0.44866    0.45445
 kpt# 102, nband= 50, wtk=  0.00926, kpt= -0.1667  0.1667  0.5000 (reduced coord)
  -1.94284   -1.94251   -1.94219   -1.94183   -0.80273   -0.80240   -0.80003   -0.79938
  -0.79702   -0.79675   -0.79225   -0.79180   -0.79034   -0.78984   -0.78914   -0.78893
  -0.36273   -0.36087   -0.33846   -0.33590   -0.32351   -0.32100   -0.31694   -0.31515
   0.09540    0.09757    0.10903    0.11000    0.12388    0.12705    0.13468    0.13784
   0.14955    0.15223    0.16882    0.17474    0.19070    0.19156    0.20433    0.20734
   0.21991    0.22302    0.23619    0.23999    0.24211    0.24861    0.25449    0.26058
   0.45676    0.46606
 kpt# 103, nband= 50, wtk=  0.00926, kpt=  0.0000  0.3333  0.5000 (reduced coord)
  -1.94280   -1.94250   -1.94220   -1.94187   -0.80182   -0.80153   -0.80064   -0.80035
  -0.79642   -0.79629   -0.79270   -0.79258   -0.79057   -0.79036   -0.78889   -0.78867
  -0.35723   -0.35651   -0.34189   -0.34098   -0.32090   -0.32066   -0.31885   -0.31834
   0.10589    0.10650    0.11377    0.11432    0.12605    0.12640    0.13673    0.13715
   0.14720    0.14788    0.17231    0.17351    0.18121    0.18380    0.20412    0.20521
   0.22144    0.22267    0.22708    0.22891    0.24456    0.24499    0.25527    0.25549
   0.46305    0.46446
 kpt# 104, nband= 50, wtk=  0.00926, kpt=  0.1667  0.3333  0.5000 (reduced coord)
  -1.94280   -1.94249   -1.94221   -1.94187   -0.80367   -0.80303   -0.80163   -0.80092
  -0.79522   -0.79464   -0.79208   -0.79132   -0.79032   -0.79017   -0.78892   -0.78869
  -0.35835   -0.35732   -0.34428   -0.34376   -0.32042   -0.31970   -0.31676   -0.31450
   0.10423    0.10703    0.11386    0.11629    0.12340    0.12956    0.13741    0.13866
   0.14879    0.15225    0.16703    0.16809    0.18993    0.19267    0.20345    0.20742
   0.21712    0.22031    0.22363    0.22539    0.24233    0.24719    0.25006    0.25969
   0.45181    0.46960
 kpt# 105, nband= 50, wtk=  0.00926, kpt=  0.3333  0.3333  0.5000 (reduced coord)
  -1.94279   -1.94248   -1.94222   -1.94187   -0.80532   -0.80486   -0.80351   -0.80292
  -0.79281   -0.79252   -0.79087   -0.79038   -0.78994   -0.78957   -0.78888   -0.78862
  -0.35972   -0.35875   -0.34906   -0.34857   -0.31719   -0.31695   -0.31294   -0.31150
   0.10479    0.10724    0.11609    0.11964    0.12114    0.12843    0.13355    0.13653
   0.15829    0.16039    0.16966    0.17199    0.18922    0.19240    0.20440    0.20688
   0.21385    0.22051    0.22246    0.22353    0.23652    0.24431    0.25177    0.25525
   0.44261    0.45590
 kpt# 106, nband= 50, wtk=  0.00926, kpt=  0.5000  0.3333  0.5000 (reduced coord)
  -1.94279   -1.94247   -1.94223   -1.94188   -0.80580   -0.80550   -0.80428   -0.80399
  -0.79181   -0.79170   -0.79038   -0.78995   -0.78969   -0.78950   -0.78879   -0.78855
  -0.35998   -0.35924   -0.35151   -0.35085   -0.31536   -0.31493   -0.31159   -0.31098
   0.10714    0.10746    0.11795    0.11828    0.12310    0.12486    0.13308    0.13441
   0.16370    0.16447    0.17252    0.17343    0.19079    0.19140    0.20020    0.20158
   0.21946    0.22012    0.22500    0.22582    0.23460    0.23568    0.25313    0.25358
   0.44309    0.44396
 kpt# 107, nband= 50, wtk=  0.00926, kpt= -0.3333  0.3333  0.5000 (reduced coord)
  -1.94279   -1.94248   -1.94222   -1.94187   -0.80516   -0.80488   -0.80372   -0.80283
  -0.79284   -0.79247   -0.79074   -0.79038   -0.79002   -0.78967   -0.78885   -0.78862
  -0.36029   -0.35801   -0.34931   -0.34839   -0.31722   -0.31649   -0.31291   -0.31207
   0.10445    0.10752    0.11643    0.12010    0.12142    0.12735    0.13334    0.13663
   0.15792    0.16044    0.17022    0.17210    0.18869    0.19247    0.20442    0.20677
   0.21345    0.22084    0.22308    0.22415    0.23551    0.24443    0.25227    0.25488
   0.44346    0.45568
 kpt# 108, nband= 50, wtk=  0.00926, kpt= -0.1667  0.3333  0.5000 (reduced coord)
  -1.94280   -1.94249   -1.94221   -1.94187   -0.80347   -0.80307   -0.80186   -0.80083
  -0.79518   -0.79465   -0.79208   -0.79127   -0.79040   -0.79019   -0.78891   -0.78869
  -0.35895   -0.35659   -0.34456   -0.34350   -0.32010   -0.31960   -0.31681   -0.31499
   0.10435    0.10674    0.11415    0.11670    0.12318    0.12914    0.13751    0.13883
   0.14874    0.15162    0.16732    0.16857    0.18970    0.19205    0.20291    0.20760
   0.21744    0.22052    0.22441    0.22605    0.24133    0.24698    0.25041    0.25957
   0.45271    0.46881
 kpt# 109, nband= 50, wtk=  0.00463, kpt=  0.0000  0.5000  0.5000 (reduced coord)
  -1.94277   -1.94249   -1.94222   -1.94190   -0.80159   -0.80154   -0.80111   -0.80110
  -0.79491   -0.79466   -0.79448   -0.79414   -0.78968   -0.78947   -0.78924   -0.78905
  -0.34978   -0.34945   -0.34893   -0.34860   -0.32023   -0.31994   -0.31958   -0.31931
   0.11188    0.11205    0.11278    0.11299    0.13482    0.13531    0.13596    0.13641
   0.15442    0.15506    0.15664    0.15718    0.19049    0.19126    0.19195    0.19269
   0.22222    0.22246    0.22429    0.22449    0.24815    0.24887    0.24924    0.24993
   0.46606    0.46814
 kpt# 110, nband= 50, wtk=  0.00926, kpt=  0.1667  0.5000  0.5000 (reduced coord)
  -1.94277   -1.94249   -1.94222   -1.94190   -0.80335   -0.80305   -0.80261   -0.80229
  -0.79354   -0.79333   -0.79265   -0.79243   -0.78965   -0.78944   -0.78922   -0.78902
  -0.35251   -0.35172   -0.35134   -0.35054   -0.31803   -0.31789   -0.31695   -0.31641
   0.11099    0.11134    0.11485    0.11517    0.13261    0.13289    0.13459    0.13482
   0.15729    0.15801    0.16013    0.16040    0.19380    0.19401    0.19564    0.19654
   0.21794    0.21825    0.22023    0.22085    0.24537    0.24634    0.25290    0.25359
   0.45661    0.45735
 kpt# 111, nband= 50, wtk=  0.00926, kpt=  0.3333  0.5000  0.5000 (reduced coord)
  -1.94277   -1.94249   -1.94222   -1.94189   -0.80530   -0.80509   -0.80473   -0.80452
  -0.79126   -0.79115   -0.79058   -0.79048   -0.78949   -0.78933   -0.78913   -0.78892
  -0.35630   -0.35556   -0.35533   -0.35458   -0.31393   -0.31360   -0.31297   -0.31241
   0.11322    0.11346    0.11548    0.11575    0.12808    0.12861    0.13168    0.13248
   0.16376    0.16492    0.16782    0.16861    0.19303    0.19372    0.19645    0.19722
   0.21567    0.21643    0.21974    0.22067    0.24393    0.24488    0.25008    0.25082
   0.44756    0.44822
 kpt# 112, nband= 50, wtk=  0.00463, kpt=  0.5000  0.5000  0.5000 (reduced coord)
  -1.94277   -1.94249   -1.94222   -1.94189   -0.80597   -0.80586   -0.80560   -0.80552
  -0.79037   -0.79027   -0.79006   -0.78991   -0.78926   -0.78914   -0.78896   -0.78876
  -0.35773   -0.35731   -0.35699   -0.35659   -0.31188   -0.31173   -0.31118   -0.31102
   0.11497    0.11512    0.11545    0.11552    0.12721    0.12787    0.12961    0.13014
   0.16701    0.16797    0.17057    0.17145    0.19252    0.19329    0.19439    0.19521
   0.21864    0.21889    0.22040    0.22062    0.24439    0.24500    0.24559    0.24614
   0.44742    0.44786
