 Fermi (or HOMO) energy (hartree) =   0.28614   Average Vxc (hartree)=  -0.44587
 Eigenvalues (hartree) for nkpt= 112  k points:
 kpt#   1, nband= 50, wtk=  0.00463, kpt=  0.0000  0.0000  0.0000 (reduced coord)
  -1.94318   -1.94239   -1.94211   -1.94156   -0.80711   -0.80622   -0.80590   -0.79531
  -0.79357   -0.79326   -0.79313   -0.79256   -0.79191   -0.78820   -0.78761   -0.78723
  -0.39799   -0.34485   -0.34318   -0.33702   -0.31501   -0.31204   -0.31076   -0.30355
   0.06408    0.06425    0.07530    0.09572    0.10324    0.10518    0.15868    0.16065
   0.16345    0.16604    0.17362    0.18727    0.18892    0.20375    0.21759    0.22144
   0.22870    0.23211    0.23484    0.23688    0.25243    0.26421    0.28461    0.28614
   0.45534    0.45819
 kpt#   2, nband= 50, wtk=  0.00926, kpt=  0.1667  0.0000  0.0000 (reduced coord)
  -1.94316   -1.94239   -1.94213   -1.94157   -0.80629   -0.80535   -0.80502   -0.79534
  -0.79433   -0.79402   -0.79282   -0.79247   -0.79187   -0.78894   -0.78847   -0.78760
  -0.39352   -0.34350   -0.34246   -0.33576   -0.31803   -0.31632   -0.31106   -0.30470
   0.06778    0.07350    0.07394    0.09758    0.10099    0.12122    0.14944    0.15131
   0.15570    0.16582    0.17119    0.18421    0.18522    0.20931    0.21456    0.21897
   0.23178    0.23494    0.23938    0.24113    0.24986    0.25414    0.28352    0.28438
   0.45807    0.46397
 kpt#   3, nband= 50, wtk=  0.00926, kpt=  0.3333  0.0000  0.0000 (reduced coord)
  -1.94311   -1.94237   -1.94219   -1.94158   -0.80413   -0.80349   -0.80210   -0.79696
  -0.79623   -0.79442   -0.79292   -0.79236   -0.79201   -0.79113   -0.78916   -0.78857
  -0.38185   -0.34197   -0.34026   -0.33286   -0.33082   -0.31953   -0.31255   -0.30731
   0.07638    0.07767    0.09779    0.10431    0.10576    0.12292    0.13488    0.13590
   0.15527    0.15868    0.16787    0.17683    0.19066    0.19683    0.20516    0.22041
   0.23144    0.23534    0.23886    0.24432    0.24706    0.25658    0.28045    0.28329
   0.45735    0.46038
 kpt#   4, nband= 50, wtk=  0.00463, kpt=  0.5000  0.0000  0.0000 (reduced coord)
  -1.94308   -1.94235   -1.94222   -1.94159   -0.80218   -0.80204   -0.79895   -0.79893
  -0.79746   -0.79639   -0.79432   -0.79228   -0.79175   -0.79048   -0.78976   -0.78940
  -0.37230   -0.34661   -0.33819   -0.33587   -0.33115   -0.32159   -0.31345   -0.30885
   0.08320    0.08431    0.10754    0.10898    0.10915    0.12391    0.12569    0.12685
   0.14871    0.15966    0.17066    0.17996    0.18109    0.18571    0.20444    0.22490
   0.22593    0.22852    0.24183    0.24529    0.25105    0.25836    0.27837    0.28402
   0.45568    0.45632
 kpt#   5, nband= 50, wtk=  0.00926, kpt=  0.0000  0.1667  0.0000 (reduced coord)
  -1.94315   -1.94239   -1.94213   -1.94158   -0.80605   -0.80540   -0.80527   -0.79627
  -0.79353   -0.79336   -0.79316   -0.79292   -0.79150   -0.78869   -0.78840   -0.78793
  -0.39340   -0.34455   -0.34222   -0.33689   -0.31927   -0.31366   -0.31077   -0.30452
   0.06964    0.07206    0.07375    0.09687    0.10740    0.11629    0.14852    0.15535
   0.15763    0.16570    0.16817    0.18456    0.18897    0.20329    0.21798    0.22102
   0.22791    0.23328    0.23493    0.23864    0.24514    0.26226    0.28306    0.28451
   0.45587    0.46031
 kpt#   6, nband= 50, wtk=  0.00926, kpt=  0.1667  0.1667  0.0000 (reduced coord)
  -1.94313   -1.94238   -1.94215   -1.94158   -0.80546   -0.80477   -0.80437   -0.79643
  -0.79440   -0.79413   -0.79272   -0.79251   -0.79139   -0.79025   -0.78884   -0.78760
  -0.38936   -0.34382   -0.34150   -0.33573   -0.32022   -0.31932   -0.31085   -0.30541
   0.07179    0.07815    0.07854    0.09861    0.10535    0.12712    0.14244    0.15175
   0.15605    0.15772    0.17152    0.17924    0.18591    0.20545    0.21501    0.21534
   0.23139    0.23548    0.23627    0.24487    0.24554    0.24967    0.28225    0.28287
   0.45555    0.46364
 kpt#   7, nband= 50, wtk=  0.00926, kpt=  0.3333  0.1667  0.0000 (reduced coord)
  -1.94309   -1.94236   -1.94220   -1.94160   -0.80389   -0.80294   -0.80203   -0.79800
  -0.79597   -0.79423   -0.79410   -0.79254   -0.79135   -0.79076   -0.78957   -0.78822
  -0.37880   -0.34208   -0.34099   -0.33316   -0.33099   -0.32218   -0.31218   -0.30751
   0.07779    0.08511    0.10005    0.10570    0.10876    0.12505    0.13161    0.13852
   0.15659    0.16120    0.16575    0.17760    0.18630    0.19604    0.20448    0.21359
   0.22910    0.23423    0.23614    0.24075    0.24895    0.25069    0.27870    0.28254
   0.45324    0.46222
 kpt#   8, nband= 50, wtk=  0.00926, kpt=  0.5000  0.1667  0.0000 (reduced coord)
  -1.94306   -1.94234   -1.94224   -1.94160   -0.80252   -0.80147   -0.79953   -0.79941
  -0.79738   -0.79718   -0.79353   -0.79267   -0.79120   -0.79004   -0.78980   -0.78925
  -0.37030   -0.34521   -0.34101   -0.33550   -0.33164   -0.32322   -0.31303   -0.30879
   0.08550    0.08931    0.10613    0.11065    0.11338    0.12222    0.12802    0.13247
   0.15164    0.16145    0.16988    0.17663    0.18244    0.18344    0.20494    0.21825
   0.22338    0.22693    0.23610    0.24254    0.25129    0.25303    0.27654    0.28309
   0.45337    0.45960
 kpt#   9, nband= 50, wtk=  0.00926, kpt= -0.3333  0.1667  0.0000 (reduced coord)
  -1.94309   -1.94236   -1.94220   -1.94160   -0.80384   -0.80290   -0.80206   -0.79809
  -0.79596   -0.79413   -0.79409   -0.79250   -0.79144   -0.79090   -0.78956   -0.78814
  -0.37874   -0.34217   -0.34105   -0.33300   -0.33096   -0.32217   -0.31221   -0.30759
   0.07756    0.08551    0.10009    0.10559    0.10930    0.12452    0.13156    0.13794
   0.15669    0.16101    0.16539    0.17763    0.18653    0.19635    0.20518    0.21367
   0.22953    0.23409    0.23620    0.24098    0.24887    0.24971    0.27878    0.28252
   0.45521    0.46276
 kpt#  10, nband= 50, wtk=  0.00926, kpt= -0.1667  0.1667  0.0000 (reduced coord)
  -1.94313   -1.94238   -1.94215   -1.94158   -0.80542   -0.80466   -0.80448   -0.79653
  -0.79430   -0.79406   -0.79277   -0.79250   -0.79135   -0.79042   -0.78884   -0.78752
  -0.38932   -0.34390   -0.34153   -0.33559   -0.32020   -0.31924   -0.31094   -0.30548
   0.07148    0.07850    0.07866    0.09850    0.10584    0.12649    0.14228    0.15156
   0.15576    0.15766    0.17181    0.17906    0.18602    0.20567    0.21543    0.21570
   0.23087    0.23632    0.23694    0.24481    0.24553    0.24826    0.28226    0.28290
   0.45678    0.46413
 kpt#  11, nband= 50, wtk=  0.00926, kpt=  0.0000  0.3333  0.0000 (reduced coord)
  -1.94308   -1.94237   -1.94219   -1.94160   -0.80366   -0.80336   -0.80290   -0.79854
  -0.79556   -0.79336   -0.79303   -0.79286   -0.79104   -0.79088   -0.78940   -0.78880
  -0.38074   -0.34855   -0.33996   -0.33688   -0.32547   -0.31802   -0.31048   -0.30688
   0.07366    0.08443    0.09826    0.10000    0.11440    0.13053    0.13583    0.13970
   0.14011    0.15844    0.17398    0.17898    0.19132    0.19311    0.20619    0.21147
   0.21987    0.22428    0.24013    0.24543    0.25259    0.26231    0.28009    0.28157
   0.45359    0.46037
 kpt#  12, nband= 50, wtk=  0.00926, kpt=  0.1667  0.3333  0.0000 (reduced coord)
  -1.94307   -1.94236   -1.94220   -1.94161   -0.80357   -0.80307   -0.80238   -0.79846
  -0.79618   -0.79478   -0.79271   -0.79221   -0.79151   -0.79068   -0.78970   -0.78830
  -0.37784   -0.34849   -0.33926   -0.33587   -0.32618   -0.32244   -0.31039   -0.30731
   0.07622    0.09219    0.09894    0.10159    0.11368    0.12820    0.13657    0.14135
   0.14308    0.16089    0.17382    0.18064    0.18448    0.19062    0.19866    0.21509
   0.21771    0.22881    0.23859    0.24419    0.25208    0.25278    0.27963    0.28070
   0.45070    0.45826
 kpt#  13, nband= 50, wtk=  0.00926, kpt=  0.3333  0.3333  0.0000 (reduced coord)
  -1.94304   -1.94234   -1.94224   -1.94163   -0.80313   -0.80237   -0.80073   -0.79950
  -0.79720   -0.79547   -0.79448   -0.79192   -0.79076   -0.79041   -0.78975   -0.78816
  -0.37037   -0.34823   -0.33862   -0.33407   -0.33119   -0.32718   -0.31125   -0.30844
   0.08432    0.10118    0.10171    0.11159    0.11730    0.12388    0.13238    0.14181
   0.14820    0.16058    0.17479    0.17777    0.18619    0.18708    0.19653    0.20511
   0.21727    0.22585    0.23507    0.23835    0.24500    0.25019    0.27679    0.28029
   0.44698    0.45569
 kpt#  14, nband= 50, wtk=  0.00926, kpt=  0.5000  0.3333  0.0000 (reduced coord)
  -1.94303   -1.94232   -1.94226   -1.94163   -0.80285   -0.80089   -0.80053   -0.80008
  -0.79832   -0.79602   -0.79445   -0.79262   -0.79072   -0.78968   -0.78919   -0.78872
  -0.36472   -0.34805   -0.34141   -0.33447   -0.33303   -0.32737   -0.31193   -0.30915
   0.09185    0.10024    0.10409    0.11540    0.11916    0.12504    0.13374    0.14289
   0.15305    0.15900    0.16533    0.17426    0.18125    0.19076    0.20274    0.20795
   0.21105    0.22214    0.23043    0.23285    0.24457    0.25032    0.27505    0.28012
   0.44920    0.45184
 kpt#  15, nband= 50, wtk=  0.00926, kpt= -0.3333  0.3333  0.0000 (reduced coord)
  -1.94304   -1.94234   -1.94223   -1.94163   -0.80302   -0.80237   -0.80072   -0.79966
  -0.79713   -0.79546   -0.79450   -0.79187   -0.79074   -0.79051   -0.78986   -0.78805
  -0.37028   -0.34831   -0.33874   -0.33390   -0.33113   -0.32721   -0.31128   -0.30850
   0.08444    0.10123    0.10173    0.11164    0.11804    0.12377    0.13166    0.14112
   0.14776    0.16007    0.17501    0.17752    0.18672    0.18749    0.19744    0.20611
   0.21708    0.22547    0.23505    0.23808    0.24458    0.25002    0.27687    0.28028
   0.44864    0.45597
 kpt#  16, nband= 50, wtk=  0.00926, kpt= -0.1667  0.3333  0.0000 (reduced coord)
  -1.94307   -1.94237   -1.94220   -1.94161   -0.80354   -0.80300   -0.80238   -0.79867
  -0.79609   -0.79461   -0.79271   -0.79222   -0.79177   -0.79054   -0.78984   -0.78819
  -0.37778   -0.34857   -0.33932   -0.33576   -0.32616   -0.32237   -0.31047   -0.30737
   0.07628    0.09216    0.09890    0.10179    0.11426    0.12791    0.13574    0.14092
   0.14292    0.16113    0.17335    0.18043    0.18442    0.19200    0.19926    0.21504
   0.21821    0.22819    0.23892    0.24381    0.25191    0.25250    0.27969    0.28071
   0.45197    0.45816
 kpt#  17, nband= 50, wtk=  0.00463, kpt=  0.0000  0.5000  0.0000 (reduced coord)
  -1.94305   -1.94236   -1.94223   -1.94161   -0.80130   -0.80122   -0.80097   -0.80081
  -0.79681   -0.79615   -0.79285   -0.79277   -0.79074   -0.79045   -0.79012   -0.78966
  -0.36371   -0.36326   -0.33808   -0.33756   -0.32344   -0.32327   -0.30950   -0.30898
   0.08287    0.08462    0.11239    0.11313    0.12434    0.12574    0.12930    0.13202
   0.13916    0.13926    0.18005    0.18114    0.18207    0.18393    0.20776    0.20819
   0.21449    0.21726    0.24336    0.24565    0.26089    0.26125    0.27886    0.28024
   0.45189    0.45346
 kpt#  18, nband= 50, wtk=  0.00926, kpt=  0.1667  0.5000  0.0000 (reduced coord)
  -1.94304   -1.94235   -1.94224   -1.94162   -0.80209   -0.80179   -0.79995   -0.79973
  -0.79790   -0.79727   -0.79212   -0.79201   -0.79130   -0.79090   -0.78963   -0.78921
  -0.36240   -0.36188   -0.33733   -0.33676   -0.32594   -0.32565   -0.30961   -0.30899
   0.08647    0.08823    0.11282    0.11338    0.12243    0.12431    0.12986    0.13132
   0.14762    0.14825    0.17603    0.17810    0.18269    0.18367    0.20141    0.20306
   0.21851    0.22095    0.24143    0.24319    0.25515    0.25542    0.27852    0.27962
   0.44964    0.45045
 kpt#  19, nband= 50, wtk=  0.00926, kpt=  0.3333  0.5000  0.0000 (reduced coord)
  -1.94302   -1.94233   -1.94226   -1.94164   -0.80257   -0.80207   -0.79986   -0.79930
  -0.79816   -0.79779   -0.79311   -0.79274   -0.79049   -0.79026   -0.78904   -0.78865
  -0.35918   -0.35854   -0.33643   -0.33544   -0.33074   -0.32997   -0.31027   -0.30951
   0.09408    0.09553    0.11147    0.11257    0.12607    0.12654    0.13426    0.13474
   0.15632    0.15684    0.16926    0.17133    0.18247    0.18428    0.20416    0.20689
   0.21041    0.21193    0.23612    0.23711    0.24658    0.24744    0.27703    0.27799
   0.44567    0.44761
 kpt#  20, nband= 50, wtk=  0.00463, kpt=  0.5000  0.5000  0.0000 (reduced coord)
  -1.94301   -1.94232   -1.94227   -1.94165   -0.80261   -0.80197   -0.80070   -0.80014
  -0.79695   -0.79661   -0.79433   -0.79391   -0.78987   -0.78957   -0.78895   -0.78848
  -0.35707   -0.35635   -0.33740   -0.33575   -0.33250   -0.33100   -0.31080   -0.31000
   0.09921    0.10003    0.10770    0.10914    0.13392    0.13496    0.13665    0.13738
   0.15053    0.15294    0.16801    0.16845    0.18934    0.19057    0.19943    0.20044
   0.21436    0.21618    0.22382    0.22539    0.24582    0.24689    0.27587    0.27721
   0.44808    0.45221
 kpt#  21, nband= 50, wtk=  0.00926, kpt=  0.0000  0.0000  0.1667 (reduced coord)
  -1.94315   -1.94241   -1.94211   -1.94157   -0.80631   -0.80541   -0.80493   -0.79567
  -0.79473   -0.79347   -0.79312   -0.79223   -0.79188   -0.78930   -0.78786   -0.78757
  -0.39352   -0.34347   -0.34293   -0.33619   -0.31589   -0.31559   -0.31335   -0.30496
   0.06859    0.06886    0.08500    0.09511    0.10770    0.11134    0.14989    0.15254
   0.16041    0.16779    0.17308    0.18461    0.19170    0.20117    0.21284    0.21620
   0.22442    0.23271    0.23788    0.24268    0.25346    0.26372    0.27225    0.27969
   0.45735    0.45909
 kpt#  22, nband= 50, wtk=  0.00926, kpt=  0.1667  0.0000  0.1667 (reduced coord)
  -1.94313   -1.94240   -1.94213   -1.94158   -0.80565   -0.80473   -0.80412   -0.79584
  -0.79547   -0.79339   -0.79314   -0.79239   -0.79185   -0.79030   -0.78814   -0.78784
  -0.38946   -0.34418   -0.34082   -0.33508   -0.32006   -0.31694   -0.31450   -0.30565
   0.07145    0.07618    0.08444    0.09734    0.10656    0.12408    0.14465    0.15009
   0.15508    0.16142    0.17150    0.17921    0.19022    0.20370    0.21453    0.21777
   0.22401    0.23331    0.23465    0.24665    0.25222    0.25444    0.27362    0.27815
   0.45655    0.46704
 kpt#  23, nband= 50, wtk=  0.00926, kpt=  0.3333  0.0000  0.1667 (reduced coord)
  -1.94309   -1.94238   -1.94219   -1.94159   -0.80402   -0.80289   -0.80190   -0.79763
  -0.79642   -0.79450   -0.79344   -0.79237   -0.79159   -0.79113   -0.78911   -0.78860
  -0.37890   -0.34384   -0.33869   -0.33413   -0.33043   -0.31906   -0.31532   -0.30773
   0.07945    0.08214    0.10266    0.10510    0.10864    0.12412    0.13587    0.14069
   0.15244    0.15573    0.16781    0.17816    0.18998    0.19427    0.20345    0.22232
   0.22625    0.22949    0.23823    0.24186    0.24741    0.25760    0.27096    0.27819
   0.45325    0.45663
 kpt#  24, nband= 50, wtk=  0.00926, kpt=  0.5000  0.0000  0.1667 (reduced coord)
  -1.94307   -1.94235   -1.94223   -1.94160   -0.80259   -0.80173   -0.79971   -0.79806
  -0.79798   -0.79730   -0.79328   -0.79217   -0.79117   -0.79068   -0.79006   -0.78924
  -0.37048   -0.34573   -0.33974   -0.33788   -0.33009   -0.31988   -0.31589   -0.30910
   0.08534    0.08680    0.10816    0.11089    0.11245    0.12740    0.13095    0.13177
   0.14579    0.15963    0.16632    0.17839    0.18290    0.18386    0.20621    0.22514
   0.22692    0.22703    0.23366    0.24332    0.24757    0.25927    0.26830    0.27902
   0.44987    0.45263
 kpt#  25, nband= 50, wtk=  0.00926, kpt= -0.3333  0.0000  0.1667 (reduced coord)
  -1.94309   -1.94238   -1.94219   -1.94159   -0.80407   -0.80284   -0.80192   -0.79761
  -0.79639   -0.79449   -0.79346   -0.79237   -0.79176   -0.79093   -0.78907   -0.78869
  -0.37891   -0.34385   -0.33870   -0.33412   -0.33042   -0.31905   -0.31533   -0.30773
   0.07950    0.08205    0.10266    0.10508    0.10864    0.12423    0.13588    0.14062
   0.15242    0.15575    0.16783    0.17815    0.19000    0.19423    0.20348    0.22240
   0.22620    0.22941    0.23820    0.24206    0.24730    0.25759    0.27095    0.27821
   0.45303    0.45670
 kpt#  26, nband= 50, wtk=  0.00926, kpt= -0.1667  0.0000  0.1667 (reduced coord)
  -1.94313   -1.94240   -1.94213   -1.94158   -0.80570   -0.80465   -0.80417   -0.79576
  -0.79548   -0.79345   -0.79315   -0.79232   -0.79190   -0.79024   -0.78809   -0.78792
  -0.38946   -0.34420   -0.34080   -0.33509   -0.32004   -0.31696   -0.31448   -0.30566
   0.07146    0.07616    0.08444    0.09730    0.10653    0.12412    0.14469    0.15009
   0.15509    0.16141    0.17147    0.17927    0.19020    0.20364    0.21461    0.21775
   0.22390    0.23335    0.23471    0.24672    0.25194    0.25462    0.27363    0.27815
   0.45641    0.46623
 kpt#  27, nband= 50, wtk=  0.00926, kpt=  0.0000  0.1667  0.1667 (reduced coord)
  -1.94312   -1.94240   -1.94213   -1.94159   -0.80530   -0.80473   -0.80448   -0.79691
  -0.79450   -0.79353   -0.79273   -0.79261   -0.79153   -0.79055   -0.78824   -0.78771
  -0.38929   -0.34317   -0.34288   -0.33616   -0.31963   -0.31560   -0.31450   -0.30545
   0.07338    0.07770    0.08133    0.09948    0.10957    0.11954    0.14716    0.14861
   0.15935    0.16067    0.16799    0.18212    0.19054    0.20126    0.21811    0.21878
   0.22187    0.23013    0.23332    0.24301    0.24471    0.26167    0.27279    0.27818
   0.45714    0.46155
 kpt#  28, nband= 50, wtk=  0.00926, kpt=  0.1667  0.1667  0.1667 (reduced coord)
  -1.94311   -1.94239   -1.94215   -1.94159   -0.80513   -0.80418   -0.80370   -0.79673
  -0.79540   -0.79377   -0.79316   -0.79216   -0.79154   -0.79123   -0.78830   -0.78782
  -0.38570   -0.34456   -0.34091   -0.33558   -0.32048   -0.32002   -0.31439   -0.30572
   0.07692    0.08143    0.08550    0.10104    0.10868    0.12747    0.14347    0.14733
   0.15508    0.15920    0.16723    0.17319    0.19316    0.20446    0.21335    0.21651
   0.22562    0.23017    0.23518    0.24130    0.24646    0.25209    0.27317    0.27747
   0.45446    0.46389
 kpt#  29, nband= 50, wtk=  0.00926, kpt=  0.3333  0.1667  0.1667 (reduced coord)
  -1.94307   -1.94237   -1.94220   -1.94160   -0.80422   -0.80272   -0.80219   -0.79758
  -0.79617   -0.79589   -0.79333   -0.79189   -0.79131   -0.79093   -0.78895   -0.78848
  -0.37634   -0.34457   -0.34070   -0.33682   -0.32795   -0.32044   -0.31456   -0.30727
   0.08257    0.08729    0.10364    0.10858    0.11015    0.12572    0.13623    0.14103
   0.15285    0.15650    0.16317    0.17714    0.18891    0.19714    0.20565    0.21677
   0.22469    0.22881    0.23697    0.23867    0.24367    0.25150    0.27003    0.27777
   0.44841    0.45698
 kpt#  30, nband= 50, wtk=  0.00926, kpt=  0.5000  0.1667  0.1667 (reduced coord)
  -1.94305   -1.94234   -1.94224   -1.94161   -0.80299   -0.80272   -0.79996   -0.79901
  -0.79738   -0.79710   -0.79276   -0.79186   -0.79086   -0.79015   -0.78990   -0.78922
  -0.36895   -0.34595   -0.34141   -0.34104   -0.32858   -0.32006   -0.31478   -0.30851
   0.08860    0.09048    0.10941    0.11148    0.11337    0.12807    0.13355    0.13651
   0.14728    0.15650    0.16905    0.16987    0.18547    0.18778    0.20731    0.22138
   0.22222    0.22946    0.23032    0.23835    0.24385    0.25440    0.26799    0.27797
   0.44707    0.45009
 kpt#  31, nband= 50, wtk=  0.00926, kpt= -0.3333  0.1667  0.1667 (reduced coord)
  -1.94307   -1.94237   -1.94220   -1.94160   -0.80405   -0.80288   -0.80227   -0.79726
  -0.79643   -0.79576   -0.79345   -0.79188   -0.79146   -0.79077   -0.78903   -0.78841
  -0.37629   -0.34475   -0.34051   -0.33689   -0.32784   -0.32042   -0.31455   -0.30740
   0.08228    0.08760    0.10378    0.10845    0.11075    0.12528    0.13610    0.14038
   0.15268    0.15680    0.16268    0.17754    0.18918    0.19729    0.20608    0.21684
   0.22535    0.22810    0.23643    0.23921    0.24398    0.25093    0.26987    0.27791
   0.45002    0.45611
 kpt#  32, nband= 50, wtk=  0.00926, kpt= -0.1667  0.1667  0.1667 (reduced coord)
  -1.94311   -1.94239   -1.94215   -1.94159   -0.80502   -0.80414   -0.80386   -0.79670
  -0.79522   -0.79373   -0.79337   -0.79217   -0.79181   -0.79096   -0.78839   -0.78775
  -0.38566   -0.34476   -0.34075   -0.33551   -0.32047   -0.31992   -0.31445   -0.30583
   0.07667    0.08153    0.08571    0.10129    0.10875    0.12709    0.14278    0.14743
   0.15493    0.15910    0.16766    0.17336    0.19319    0.20429    0.21349    0.21723
   0.22486    0.23076    0.23535    0.24180    0.24558    0.25198    0.27305    0.27760
   0.45537    0.46413
 kpt#  33, nband= 50, wtk=  0.00926, kpt=  0.0000  0.3333  0.1667 (reduced coord)
  -1.94307   -1.94237   -1.94219   -1.94161   -0.80329   -0.80292   -0.80247   -0.79915
  -0.79552   -0.79409   -0.79362   -0.79246   -0.79142   -0.79078   -0.78919   -0.78867
  -0.37757   -0.34732   -0.34145   -0.33705   -0.32502   -0.31816   -0.31398   -0.30766
   0.08142    0.08842    0.10197    0.10304    0.11502    0.12578    0.13822    0.13843
   0.14530    0.16397    0.16482    0.18109    0.19033    0.19148    0.20684    0.21183
   0.22172    0.22346    0.23010    0.23726    0.25160    0.26174    0.27268    0.27533
   0.45475    0.46230
 kpt#  34, nband= 50, wtk=  0.00926, kpt=  0.1667  0.3333  0.1667 (reduced coord)
  -1.94306   -1.94237   -1.94221   -1.94162   -0.80390   -0.80299   -0.80217   -0.79841
  -0.79594   -0.79573   -0.79299   -0.79183   -0.79150   -0.79057   -0.78905   -0.78855
  -0.37523   -0.34831   -0.34122   -0.33731   -0.32468   -0.32176   -0.31297   -0.30727
   0.08329    0.09430    0.10211    0.10604    0.11440    0.12731    0.13832    0.14113
   0.14477    0.16170    0.16434    0.17941    0.18555    0.19712    0.20291    0.21387
   0.21992    0.22625    0.22984    0.23503    0.24852    0.25539    0.27185    0.27497
   0.45071    0.45981
 kpt#  35, nband= 50, wtk=  0.00926, kpt=  0.3333  0.3333  0.1667 (reduced coord)
  -1.94303   -1.94234   -1.94224   -1.94163   -0.80408   -0.80295   -0.80238   -0.79912
  -0.79695   -0.79483   -0.79341   -0.79145   -0.79073   -0.79008   -0.78943   -0.78834
  -0.36912   -0.34918   -0.34294   -0.34026   -0.32568   -0.32265   -0.31227   -0.30768
   0.08938    0.10088    0.10724    0.11211    0.11766    0.12616    0.13842    0.14256
   0.14550    0.15648    0.16289    0.18374    0.18689    0.19489    0.20230    0.20551
   0.21722    0.22285    0.22971    0.23334    0.24379    0.24864    0.26906    0.27520
   0.44373    0.45610
 kpt#  36, nband= 50, wtk=  0.00926, kpt=  0.5000  0.3333  0.1667 (reduced coord)
  -1.94302   -1.94232   -1.94226   -1.94164   -0.80379   -0.80308   -0.80200   -0.80102
  -0.79619   -0.79490   -0.79292   -0.79189   -0.79042   -0.78957   -0.78920   -0.78885
  -0.36444   -0.34912   -0.34575   -0.34318   -0.32599   -0.32124   -0.31223   -0.30833
   0.09500    0.10196    0.10773    0.11542    0.12011    0.12568    0.13953    0.14550
   0.14679    0.15665    0.16118    0.17482    0.18890    0.19522    0.20307    0.20998
   0.21083    0.22182    0.22590    0.22848    0.24354    0.24839    0.26811    0.27506
   0.44275    0.44831
 kpt#  37, nband= 50, wtk=  0.00926, kpt= -0.3333  0.3333  0.1667 (reduced coord)
  -1.94303   -1.94234   -1.94224   -1.94163   -0.80386   -0.80304   -0.80261   -0.79899
  -0.79691   -0.79467   -0.79367   -0.79147   -0.79068   -0.78990   -0.78973   -0.78823
  -0.36904   -0.34933   -0.34285   -0.34025   -0.32561   -0.32267   -0.31223   -0.30781
   0.08943    0.10099    0.10700    0.11237    0.11815    0.12613    0.13767    0.14195
   0.14545    0.15609    0.16279    0.18402    0.18752    0.19512    0.20272    0.20631
   0.21731    0.22240    0.22971    0.23273    0.24379    0.24846    0.26897    0.27533
   0.44493    0.45535
 kpt#  38, nband= 50, wtk=  0.00926, kpt= -0.1667  0.3333  0.1667 (reduced coord)
  -1.94306   -1.94237   -1.94220   -1.94162   -0.80371   -0.80305   -0.80237   -0.79835
  -0.79585   -0.79560   -0.79317   -0.79194   -0.79159   -0.79038   -0.78924   -0.78840
  -0.37516   -0.34847   -0.34111   -0.33725   -0.32467   -0.32171   -0.31299   -0.30738
   0.08332    0.09430    0.10216    0.10612    0.11484    0.12705    0.13744    0.14092
   0.14451    0.16192    0.16451    0.17954    0.18565    0.19762    0.20318    0.21371
   0.22042    0.22629    0.22961    0.23463    0.24830    0.25544    0.27171    0.27513
   0.45169    0.45984
 kpt#  39, nband= 50, wtk=  0.00926, kpt=  0.0000  0.5000  0.1667 (reduced coord)
  -1.94304   -1.94235   -1.94224   -1.94162   -0.80147   -0.80136   -0.80080   -0.80056
  -0.79710   -0.79654   -0.79280   -0.79263   -0.79056   -0.79031   -0.79004   -0.78975
  -0.36170   -0.36125   -0.33922   -0.33877   -0.32308   -0.32287   -0.31128   -0.31082
   0.09010    0.09196    0.11164    0.11283    0.12061    0.12183    0.13415    0.13678
   0.14425    0.14480    0.17617    0.17868    0.18182    0.18308    0.20736    0.20827
   0.21708    0.21944    0.23259    0.23441    0.25920    0.25962    0.27261    0.27378
   0.45321    0.45553
 kpt#  40, nband= 50, wtk=  0.00926, kpt=  0.1667  0.5000  0.1667 (reduced coord)
  -1.94303   -1.94234   -1.94225   -1.94163   -0.80281   -0.80264   -0.80008   -0.79966
  -0.79754   -0.79701   -0.79188   -0.79173   -0.79086   -0.79056   -0.78988   -0.78926
  -0.36112   -0.36059   -0.33977   -0.33910   -0.32432   -0.32415   -0.31041   -0.31002
   0.09296    0.09451    0.11102    0.11216    0.12351    0.12482    0.13343    0.13511
   0.14969    0.15095    0.16863    0.17049    0.18751    0.18797    0.20475    0.20622
   0.21862    0.22042    0.23083    0.23208    0.25480    0.25515    0.27182    0.27278
   0.45061    0.45173
 kpt#  41, nband= 50, wtk=  0.00926, kpt=  0.3333  0.5000  0.1667 (reduced coord)
  -1.94301   -1.94232   -1.94226   -1.94164   -0.80365   -0.80346   -0.80155   -0.80119
  -0.79595   -0.79575   -0.79206   -0.79170   -0.79043   -0.79023   -0.78916   -0.78868
  -0.35927   -0.35869   -0.34260   -0.34192   -0.32446   -0.32421   -0.30986   -0.30939
   0.09900    0.10020    0.11156    0.11259    0.12541    0.12655    0.13727    0.13874
   0.15367    0.15493    0.16665    0.16858    0.19123    0.19288    0.20172    0.20385
   0.21250    0.21365    0.22849    0.22911    0.24730    0.24808    0.27080    0.27153
   0.44564    0.44686
 kpt#  42, nband= 50, wtk=  0.00926, kpt=  0.5000  0.5000  0.1667 (reduced coord)
  -1.94301   -1.94232   -1.94227   -1.94165   -0.80375   -0.80324   -0.80271   -0.80234
  -0.79468   -0.79447   -0.79301   -0.79266   -0.78987   -0.78956   -0.78898   -0.78850
  -0.35775   -0.35717   -0.34497   -0.34450   -0.32366   -0.32335   -0.31005   -0.30944
   0.10300    0.10372    0.11037    0.11164    0.12926    0.13001    0.13597    0.13660
   0.15717    0.15917    0.16664    0.16781    0.19412    0.19562    0.20088    0.20286
   0.21038    0.21182    0.22078    0.22118    0.24575    0.24702    0.27034    0.27143
   0.44448    0.44718
 kpt#  43, nband= 50, wtk=  0.00926, kpt= -0.3333  0.5000  0.1667 (reduced coord)
  -1.94301   -1.94232   -1.94226   -1.94164   -0.80379   -0.80336   -0.80150   -0.80118
  -0.79601   -0.79567   -0.79201   -0.79178   -0.79048   -0.79018   -0.78910   -0.78874
  -0.35924   -0.35872   -0.34250   -0.34205   -0.32448   -0.32415   -0.30995   -0.30931
   0.09885    0.10033    0.11156    0.11257    0.12579    0.12619    0.13752    0.13841
   0.15403    0.15461    0.16716    0.16810    0.19111    0.19301    0.20159    0.20399
   0.21268    0.21351    0.22829    0.22925    0.24718    0.24822    0.27076    0.27158
   0.44498    0.44740
 kpt#  44, nband= 50, wtk=  0.00926, kpt= -0.1667  0.5000  0.1667 (reduced coord)
  -1.94303   -1.94234   -1.94225   -1.94163   -0.80292   -0.80260   -0.80002   -0.79966
  -0.79745   -0.79708   -0.79191   -0.79174   -0.79095   -0.79045   -0.78974   -0.78939
  -0.36107   -0.36064   -0.33964   -0.33925   -0.32435   -0.32408   -0.31051   -0.30993
   0.09274    0.09472    0.11113    0.11202    0.12350    0.12487    0.13323    0.13527
   0.14987    0.15071    0.16906    0.17013    0.18746    0.18800    0.20474    0.20635
   0.21847    0.22049    0.23089    0.23202    0.25478    0.25516    0.27186    0.27277
   0.45005    0.45227
 kpt#  45, nband= 50, wtk=  0.00926, kpt=  0.0000 -0.3333  0.1667 (reduced coord)
  -1.94307   -1.94237   -1.94219   -1.94161   -0.80347   -0.80320   -0.80205   -0.79907
  -0.79538   -0.79416   -0.79342   -0.79247   -0.79132   -0.79110   -0.78902   -0.78892
  -0.37750   -0.34722   -0.34131   -0.33676   -0.32510   -0.31826   -0.31410   -0.30805
   0.08166    0.08872    0.10219    0.10374    0.11471    0.12654    0.13844    0.13877
   0.14356    0.16321    0.16355    0.18178    0.18967    0.19262    0.20734    0.21298
   0.21940    0.22366    0.22998    0.23851    0.25156    0.26156    0.27200    0.27560
   0.45309    0.46586
 kpt#  46, nband= 50, wtk=  0.00926, kpt=  0.1667 -0.3333  0.1667 (reduced coord)
  -1.94306   -1.94237   -1.94220   -1.94162   -0.80391   -0.80310   -0.80212   -0.79826
  -0.79606   -0.79538   -0.79291   -0.79184   -0.79173   -0.79062   -0.78933   -0.78836
  -0.37512   -0.34821   -0.34104   -0.33697   -0.32486   -0.32177   -0.31325   -0.30762
   0.08340    0.09479    0.10278    0.10624    0.11480    0.12676    0.13835    0.14147
   0.14319    0.16122    0.16380    0.17998    0.18582    0.19794    0.20286    0.21237
   0.22056    0.22628    0.23000    0.23523    0.24824    0.25562    0.27101    0.27540
   0.45041    0.46098
 kpt#  47, nband= 50, wtk=  0.00926, kpt=  0.3333 -0.3333  0.1667 (reduced coord)
  -1.94303   -1.94234   -1.94224   -1.94163   -0.80411   -0.80306   -0.80230   -0.79889
  -0.79702   -0.79459   -0.79356   -0.79133   -0.79072   -0.79023   -0.78978   -0.78816
  -0.36907   -0.34898   -0.34260   -0.34002   -0.32577   -0.32302   -0.31277   -0.30765
   0.08945    0.10192    0.10695    0.11221    0.11854    0.12587    0.13724    0.14180
   0.14598    0.15646    0.16304    0.18378    0.18807    0.19455    0.20185    0.20483
   0.21733    0.22358    0.22968    0.23297    0.24320    0.24880    0.26851    0.27520
   0.44498    0.45580
 kpt#  48, nband= 50, wtk=  0.00926, kpt=  0.5000 -0.3333  0.1667 (reduced coord)
  -1.94302   -1.94232   -1.94226   -1.94164   -0.80409   -0.80307   -0.80169   -0.80092
  -0.79627   -0.79478   -0.79292   -0.79180   -0.79049   -0.78975   -0.78929   -0.78876
  -0.36456   -0.34879   -0.34569   -0.34253   -0.32623   -0.32178   -0.31286   -0.30794
   0.09504    0.10297    0.10778    0.11456    0.12035    0.12566    0.13897    0.14612
   0.14696    0.15734    0.16118    0.17555    0.18916    0.19281    0.20399    0.20884
   0.21073    0.22207    0.22596    0.22892    0.24389    0.24758    0.26764    0.27476
   0.44371    0.44900
 kpt#  49, nband= 50, wtk=  0.00926, kpt= -0.3333 -0.3333  0.1667 (reduced coord)
  -1.94303   -1.94234   -1.94224   -1.94163   -0.80437   -0.80294   -0.80213   -0.79896
  -0.79705   -0.79473   -0.79329   -0.79141   -0.79080   -0.79010   -0.78972   -0.78827
  -0.36915   -0.34882   -0.34268   -0.34009   -0.32581   -0.32297   -0.31282   -0.30754
   0.08935    0.10178    0.10714    0.11199    0.11805    0.12596    0.13793    0.14233
   0.14613    0.15694    0.16308    0.18353    0.18742    0.19433    0.20133    0.20426
   0.21728    0.22403    0.22958    0.23348    0.24327    0.24899    0.26861    0.27507
   0.44359    0.45648
 kpt#  50, nband= 50, wtk=  0.00926, kpt= -0.1667 -0.3333  0.1667 (reduced coord)
  -1.94306   -1.94237   -1.94221   -1.94162   -0.80416   -0.80300   -0.80196   -0.79828
  -0.79596   -0.79565   -0.79274   -0.79187   -0.79158   -0.79071   -0.78927   -0.78848
  -0.37518   -0.34806   -0.34114   -0.33707   -0.32485   -0.32179   -0.31325   -0.30751
   0.08333    0.09478    0.10274    0.10617    0.11434    0.12708    0.13918    0.14149
   0.14363    0.16099    0.16362    0.17981    0.18575    0.19748    0.20273    0.21241
   0.22021    0.22615    0.23032    0.23547    0.24849    0.25556    0.27115    0.27526
   0.44933    0.46098
 kpt#  51, nband= 50, wtk=  0.00926, kpt=  0.0000 -0.1667  0.1667 (reduced coord)
  -1.94312   -1.94240   -1.94213   -1.94159   -0.80563   -0.80452   -0.80437   -0.79686
  -0.79423   -0.79353   -0.79286   -0.79270   -0.79172   -0.79024   -0.78817   -0.78801
  -0.38925   -0.34289   -0.34269   -0.33615   -0.31988   -0.31552   -0.31446   -0.30592
   0.07370    0.07780    0.08119    0.10089    0.10941    0.11909    0.14763    0.14888
   0.15769    0.15929    0.16843    0.18172    0.19158    0.20228    0.21672    0.21925
   0.22215    0.22808    0.23499    0.24260    0.24570    0.26171    0.27223    0.27814
   0.45656    0.46119
 kpt#  52, nband= 50, wtk=  0.00926, kpt=  0.1667 -0.1667  0.1667 (reduced coord)
  -1.94311   -1.94239   -1.94215   -1.94159   -0.80523   -0.80409   -0.80369   -0.79669
  -0.79511   -0.79379   -0.79314   -0.79247   -0.79156   -0.79107   -0.78850   -0.78777
  -0.38562   -0.34428   -0.34078   -0.33540   -0.32099   -0.31982   -0.31434   -0.30623
   0.07670    0.08177    0.08589    0.10225    0.10853    0.12696    0.14325    0.14705
   0.15445    0.15826    0.16775    0.17369    0.19307    0.20500    0.21280    0.21627
   0.22552    0.22956    0.23626    0.24166    0.24627    0.25224    0.27264    0.27744
   0.45484    0.46380
 kpt#  53, nband= 50, wtk=  0.00926, kpt=  0.3333 -0.1667  0.1667 (reduced coord)
  -1.94307   -1.94237   -1.94220   -1.94160   -0.80417   -0.80303   -0.80198   -0.79724
  -0.79636   -0.79574   -0.79339   -0.79178   -0.79151   -0.79094   -0.78918   -0.78835
  -0.37628   -0.34424   -0.34042   -0.33654   -0.32828   -0.32072   -0.31477   -0.30749
   0.08210    0.08829    0.10372    0.10888    0.11085    0.12492    0.13611    0.14040
   0.15340    0.15657    0.16267    0.17720    0.18946    0.19757    0.20488    0.21590
   0.22504    0.22928    0.23574    0.23914    0.24447    0.25118    0.26957    0.27757
   0.45003    0.45717
 kpt#  54, nband= 50, wtk=  0.00926, kpt=  0.5000 -0.1667  0.1667 (reduced coord)
  -1.94305   -1.94234   -1.94224   -1.94161   -0.80319   -0.80276   -0.79971   -0.79877
  -0.79750   -0.79708   -0.79271   -0.79185   -0.79112   -0.79001   -0.78973   -0.78949
  -0.36898   -0.34574   -0.34111   -0.34047   -0.32899   -0.32053   -0.31523   -0.30833
   0.08869    0.09092    0.10924    0.11183    0.11294    0.12841    0.13366    0.13643
   0.14719    0.15757    0.16841    0.16999    0.18611    0.18696    0.20763    0.22026
   0.22151    0.22919    0.23053    0.23866    0.24438    0.25420    0.26758    0.27761
   0.44799    0.45081
 kpt#  55, nband= 50, wtk=  0.00926, kpt= -0.3333 -0.1667  0.1667 (reduced coord)
  -1.94307   -1.94237   -1.94220   -1.94160   -0.80440   -0.80284   -0.80191   -0.79749
  -0.79614   -0.79578   -0.79330   -0.79180   -0.79160   -0.79078   -0.78917   -0.78845
  -0.37634   -0.34406   -0.34062   -0.33650   -0.32836   -0.32071   -0.31479   -0.30736
   0.08236    0.08793    0.10358    0.10901    0.11022    0.12560    0.13615    0.14097
   0.15364    0.15631    0.16309    0.17682    0.18926    0.19734    0.20434    0.21617
   0.22438    0.22976    0.23649    0.23844    0.24413    0.25179    0.26973    0.27743
   0.44835    0.45783
 kpt#  56, nband= 50, wtk=  0.00926, kpt= -0.1667 -0.1667  0.1667 (reduced coord)
  -1.94311   -1.94239   -1.94215   -1.94159   -0.80540   -0.80396   -0.80367   -0.79667
  -0.79521   -0.79383   -0.79299   -0.79242   -0.79162   -0.79100   -0.78848   -0.78785
  -0.38566   -0.34410   -0.34091   -0.33549   -0.32097   -0.31991   -0.31428   -0.30613
   0.07694    0.08166    0.08565    0.10196    0.10845    0.12743    0.14400    0.14696
   0.15451    0.15835    0.16734    0.17358    0.19307    0.20502    0.21278    0.21578
   0.22581    0.22922    0.23617    0.24114    0.24696    0.25241    0.27278    0.27732
   0.45370    0.46373
 kpt#  57, nband= 50, wtk=  0.00926, kpt=  0.0000  0.0000  0.3333 (reduced coord)
  -1.94309   -1.94245   -1.94211   -1.94160   -0.80412   -0.80323   -0.80231   -0.79778
  -0.79644   -0.79425   -0.79376   -0.79271   -0.79104   -0.79063   -0.78861   -0.78845
  -0.38116   -0.34894   -0.33818   -0.33436   -0.32244   -0.31742   -0.31625   -0.31005
   0.08094    0.08200    0.09766    0.11125    0.11551    0.12489    0.12870    0.14114
   0.14200    0.16473    0.18087    0.18832    0.19062    0.19384    0.19578    0.21111
   0.21558    0.23388    0.23909    0.24969    0.25042    0.25685    0.26315    0.26777
   0.46032    0.46259
 kpt#  58, nband= 50, wtk=  0.00926, kpt=  0.1667  0.0000  0.3333 (reduced coord)
  -1.94308   -1.94244   -1.94213   -1.94160   -0.80383   -0.80311   -0.80176   -0.79794
  -0.79704   -0.79457   -0.79336   -0.79256   -0.79146   -0.79056   -0.78899   -0.78834
  -0.37823   -0.34912   -0.33790   -0.33390   -0.32374   -0.31997   -0.31678   -0.30957
   0.08147    0.08819    0.09881    0.10750    0.11719    0.12620    0.13424    0.14141
   0.14683    0.16328    0.17043    0.18307    0.19019    0.19657    0.20097    0.20757
   0.21910    0.22776    0.23460    0.24982    0.25276    0.25562    0.25979    0.26712
   0.45385    0.45885
 kpt#  59, nband= 50, wtk=  0.00926, kpt=  0.3333  0.0000  0.3333 (reduced coord)
  -1.94305   -1.94239   -1.94219   -1.94161   -0.80331   -0.80246   -0.80039   -0.79902
  -0.79767   -0.79559   -0.79309   -0.79216   -0.79133   -0.79043   -0.78995   -0.78849
  -0.37080   -0.34940   -0.33768   -0.33514   -0.32916   -0.32096   -0.31687   -0.30997
   0.08615    0.09443    0.10251    0.11377    0.11875    0.12385    0.13803    0.14291
   0.15104    0.16010    0.16930    0.17528    0.18537    0.19649    0.19971    0.20803
   0.21593    0.22492    0.23286    0.24541    0.24703    0.25266    0.25960    0.26735
   0.44485    0.44874
 kpt#  60, nband= 50, wtk=  0.00926, kpt=  0.5000  0.0000  0.3333 (reduced coord)
  -1.94304   -1.94235   -1.94223   -1.94162   -0.80304   -0.80177   -0.80008   -0.79892
  -0.79834   -0.79642   -0.79300   -0.79181   -0.79111   -0.79082   -0.78979   -0.78896
  -0.36535   -0.34951   -0.34047   -0.33727   -0.32926   -0.32140   -0.31652   -0.31059
   0.09043    0.09504    0.10565    0.11700    0.11825    0.12509    0.13702    0.14637
   0.15250    0.16077    0.16957    0.17155    0.17867    0.18484    0.21029    0.21083
   0.21555    0.22360    0.23151    0.24011    0.24475    0.24885    0.26064    0.26799
   0.44000    0.44526
 kpt#  61, nband= 50, wtk=  0.00926, kpt= -0.3333  0.0000  0.3333 (reduced coord)
  -1.94305   -1.94239   -1.94219   -1.94161   -0.80335   -0.80247   -0.80036   -0.79901
  -0.79763   -0.79558   -0.79315   -0.79214   -0.79134   -0.79039   -0.78990   -0.78856
  -0.37081   -0.34940   -0.33769   -0.33513   -0.32913   -0.32097   -0.31687   -0.30998
   0.08615    0.09437    0.10253    0.11377    0.11872    0.12395    0.13797    0.14295
   0.15109    0.15995    0.16945    0.17523    0.18528    0.19653    0.19975    0.20811
   0.21586    0.22497    0.23285    0.24549    0.24688    0.25267    0.25958    0.26739
   0.44470    0.44878
 kpt#  62, nband= 50, wtk=  0.00926, kpt= -0.1667  0.0000  0.3333 (reduced coord)
  -1.94308   -1.94244   -1.94213   -1.94160   -0.80390   -0.80305   -0.80177   -0.79786
  -0.79710   -0.79457   -0.79333   -0.79259   -0.79149   -0.79051   -0.78895   -0.78841
  -0.37824   -0.34912   -0.33793   -0.33386   -0.32372   -0.31999   -0.31678   -0.30957
   0.08148    0.08817    0.09883    0.10745    0.11713    0.12629    0.13418    0.14156
   0.14677    0.16337    0.17041    0.18306    0.19017    0.19649    0.20103    0.20755
   0.21904    0.22784    0.23464    0.24978    0.25276    0.25549    0.25991    0.26713
   0.45371    0.45885
 kpt#  63, nband= 50, wtk=  0.00926, kpt=  0.0000  0.1667  0.3333 (reduced coord)
  -1.94307   -1.94243   -1.94213   -1.94161   -0.80360   -0.80265   -0.80226   -0.79882
  -0.79610   -0.79475   -0.79299   -0.79289   -0.79152   -0.79082   -0.78900   -0.78812
  -0.37787   -0.34831   -0.33898   -0.33577   -0.32135   -0.32020   -0.31659   -0.31033
   0.08567    0.08843    0.09926    0.11228    0.11580    0.12687    0.12928    0.14101
   0.14462    0.16083    0.18054    0.18124    0.18537    0.19270    0.20248    0.21613
   0.21789    0.22518    0.23293    0.24472    0.24951    0.25450    0.26070    0.26688
   0.45978    0.46338
 kpt#  64, nband= 50, wtk=  0.00926, kpt=  0.1667  0.1667  0.3333 (reduced coord)
  -1.94306   -1.94242   -1.94215   -1.94161   -0.80405   -0.80303   -0.80184   -0.79810
  -0.79663   -0.79534   -0.79301   -0.79232   -0.79146   -0.79074   -0.78872   -0.78835
  -0.37551   -0.34918   -0.33970   -0.33610   -0.32264   -0.31998   -0.31748   -0.30909
   0.08652    0.09301    0.10114    0.10951    0.11792    0.12715    0.13414    0.14422
   0.14582    0.15739    0.16976    0.17692    0.19309    0.19765    0.20514    0.20974
   0.21868    0.22390    0.23349    0.24160    0.24653    0.25202    0.25944    0.26700
   0.45136    0.46137
 kpt#  65, nband= 50, wtk=  0.00926, kpt=  0.3333  0.1667  0.3333 (reduced coord)
  -1.94304   -1.94238   -1.94220   -1.94162   -0.80426   -0.80335   -0.80169   -0.79899
  -0.79681   -0.79508   -0.79246   -0.79191   -0.79091   -0.79053   -0.78915   -0.78862
  -0.36945   -0.35039   -0.34192   -0.33968   -0.32464   -0.31919   -0.31613   -0.30880
   0.09044    0.09772    0.10670    0.11361    0.11878    0.12624    0.14036    0.14248
   0.15046    0.15310    0.16487    0.17891    0.18754    0.19805    0.20229    0.21038
   0.22008    0.22309    0.22915    0.23734    0.24252    0.25191    0.25394    0.26726
   0.44115    0.44982
 kpt#  66, nband= 50, wtk=  0.00926, kpt=  0.5000  0.1667  0.3333 (reduced coord)
  -1.94303   -1.94235   -1.94224   -1.94163   -0.80404   -0.80357   -0.80122   -0.80068
  -0.79627   -0.79509   -0.79180   -0.79148   -0.79047   -0.79040   -0.78989   -0.78893
  -0.36493   -0.35081   -0.34478   -0.34230   -0.32469   -0.31811   -0.31552   -0.30932
   0.09552    0.09679    0.10924    0.11694    0.11790    0.12693    0.14004    0.14535
   0.15037    0.15703    0.16260    0.17463    0.18642    0.18877    0.20811    0.21374
   0.21992    0.22165    0.22988    0.23498    0.23618    0.24927    0.25590    0.26704
   0.43766    0.44323
 kpt#  67, nband= 50, wtk=  0.00926, kpt= -0.3333  0.1667  0.3333 (reduced coord)
  -1.94304   -1.94238   -1.94220   -1.94162   -0.80406   -0.80345   -0.80192   -0.79881
  -0.79665   -0.79529   -0.79255   -0.79184   -0.79106   -0.79037   -0.78905   -0.78872
  -0.36941   -0.35038   -0.34199   -0.33963   -0.32453   -0.31898   -0.31629   -0.30899
   0.09037    0.09759    0.10694    0.11394    0.11868    0.12642    0.14008    0.14172
   0.15069    0.15271    0.16458    0.17989    0.18776    0.19794    0.20233    0.21097
   0.21979    0.22268    0.22872    0.23811    0.24241    0.25175    0.25371    0.26745
   0.44215    0.44892
 kpt#  68, nband= 50, wtk=  0.00926, kpt= -0.1667  0.1667  0.3333 (reduced coord)
  -1.94306   -1.94242   -1.94215   -1.94161   -0.80387   -0.80307   -0.80207   -0.79785
  -0.79660   -0.79555   -0.79289   -0.79242   -0.79165   -0.79055   -0.78873   -0.78837
  -0.37549   -0.34920   -0.33984   -0.33589   -0.32252   -0.31989   -0.31761   -0.30926
   0.08643    0.09301    0.10118    0.10997    0.11773    0.12721    0.13351    0.14426
   0.14559    0.15754    0.16978    0.17745    0.19277    0.19762    0.20521    0.20952
   0.21950    0.22345    0.23340    0.24214    0.24625    0.25192    0.25939    0.26704
   0.45220    0.46048
 kpt#  69, nband= 50, wtk=  0.00926, kpt=  0.0000  0.3333  0.3333 (reduced coord)
  -1.94303   -1.94238   -1.94220   -1.94163   -0.80250   -0.80201   -0.80088   -0.80038
  -0.79671   -0.79502   -0.79428   -0.79232   -0.79122   -0.79044   -0.78973   -0.78840
  -0.36873   -0.34620   -0.34429   -0.33897   -0.32323   -0.31873   -0.31854   -0.31198
   0.09587    0.10471    0.10660    0.11502    0.11669    0.12684    0.13228    0.13663
   0.15048    0.15716    0.17237    0.17322    0.18716    0.19424    0.20181    0.20797
   0.21084    0.22349    0.22492    0.23104    0.24778    0.25415    0.25975    0.26409
   0.45751    0.46940
 kpt#  70, nband= 50, wtk=  0.00926, kpt=  0.1667  0.3333  0.3333 (reduced coord)
  -1.94303   -1.94237   -1.94221   -1.94164   -0.80395   -0.80299   -0.80213   -0.79942
  -0.79632   -0.79502   -0.79316   -0.79153   -0.79109   -0.79031   -0.78933   -0.78851
  -0.36788   -0.34873   -0.34553   -0.34089   -0.32122   -0.32029   -0.31633   -0.30983
   0.09649    0.10551    0.10948    0.11538    0.11798    0.12728    0.13629    0.13845
   0.14924    0.15454    0.16277    0.18029    0.18644    0.19986    0.20306    0.21044
   0.21279    0.22066    0.22398    0.22795    0.24365    0.25120    0.25825    0.26430
   0.45035    0.46438
 kpt#  71, nband= 50, wtk=  0.00926, kpt=  0.3333  0.3333  0.3333 (reduced coord)
  -1.94302   -1.94234   -1.94224   -1.94164   -0.80513   -0.80438   -0.80351   -0.80161
  -0.79434   -0.79342   -0.79189   -0.79113   -0.79061   -0.78985   -0.78897   -0.78868
  -0.36528   -0.35176   -0.34918   -0.34615   -0.31999   -0.31670   -0.31370   -0.30803
   0.09923    0.10714    0.11552    0.11768    0.11825    0.12722    0.13491    0.14203
   0.14776    0.15920    0.16210    0.18116    0.18706    0.20047    0.20546    0.20688
   0.21403    0.21816    0.22223    0.22806    0.23812    0.24899    0.25250    0.26369
   0.43954    0.45226
 kpt#  72, nband= 50, wtk=  0.00926, kpt=  0.5000  0.3333  0.3333 (reduced coord)
  -1.94301   -1.94232   -1.94226   -1.94165   -0.80526   -0.80503   -0.80374   -0.80321
  -0.79339   -0.79287   -0.79121   -0.79100   -0.79004   -0.78957   -0.78923   -0.78885
  -0.36301   -0.35273   -0.35109   -0.34997   -0.31882   -0.31443   -0.31293   -0.30786
   0.10261    0.10752    0.11642    0.11780    0.11830    0.12771    0.13552    0.13854
   0.15562    0.15840    0.16589    0.17710    0.19292    0.19466    0.20345    0.20827
   0.21568    0.21598    0.21965    0.22665    0.23599    0.24996    0.25051    0.26343
   0.43644    0.44302
 kpt#  73, nband= 50, wtk=  0.00926, kpt= -0.3333  0.3333  0.3333 (reduced coord)
  -1.94302   -1.94235   -1.94224   -1.94164   -0.80486   -0.80448   -0.80377   -0.80150
  -0.79418   -0.79337   -0.79217   -0.79122   -0.79053   -0.78976   -0.78910   -0.78857
  -0.36523   -0.35193   -0.34898   -0.34619   -0.31992   -0.31659   -0.31375   -0.30821
   0.09925    0.10708    0.11569    0.11787    0.11814    0.12742    0.13427    0.14217
   0.14748    0.15883    0.16216    0.18125    0.18769    0.20012    0.20610    0.20693
   0.21397    0.21793    0.22250    0.22813    0.23780    0.24900    0.25223    0.26386
   0.44031    0.45157
 kpt#  74, nband= 50, wtk=  0.00926, kpt= -0.1667  0.3333  0.3333 (reduced coord)
  -1.94303   -1.94237   -1.94221   -1.94164   -0.80367   -0.80304   -0.80251   -0.79917
  -0.79648   -0.79471   -0.79335   -0.79158   -0.79130   -0.79014   -0.78933   -0.78849
  -0.36783   -0.34895   -0.34531   -0.34086   -0.32102   -0.32034   -0.31641   -0.30997
   0.09649    0.10550    0.10960    0.11570    0.11769    0.12734    0.13572    0.13835
   0.14905    0.15473    0.16298    0.18065    0.18643    0.19962    0.20242    0.21029
   0.21381    0.22101    0.22390    0.22792    0.24324    0.25138    0.25830    0.26420
   0.45102    0.46335
 kpt#  75, nband= 50, wtk=  0.00926, kpt=  0.0000  0.5000  0.3333 (reduced coord)
  -1.94301   -1.94232   -1.94226   -1.94165   -0.80167   -0.80153   -0.80076   -0.80052
  -0.79682   -0.79648   -0.79349   -0.79334   -0.79044   -0.79000   -0.78967   -0.78939
  -0.35625   -0.35584   -0.34292   -0.34256   -0.32185   -0.32155   -0.31536   -0.31500
   0.10699    0.10893    0.11540    0.11626    0.11664    0.11756    0.14320    0.14633
   0.14703    0.14753    0.16842    0.17023    0.18565    0.18644    0.20372    0.20493
   0.21013    0.21218    0.22508    0.22641    0.25420    0.25491    0.25822    0.25915
   0.45844    0.46125
 kpt#  76, nband= 50, wtk=  0.00926, kpt=  0.1667  0.5000  0.3333 (reduced coord)
  -1.94301   -1.94232   -1.94226   -1.94165   -0.80348   -0.80326   -0.80161   -0.80118
  -0.79561   -0.79534   -0.79209   -0.79201   -0.79020   -0.79004   -0.78986   -0.78918
  -0.35737   -0.35690   -0.34528   -0.34464   -0.32080   -0.32068   -0.31285   -0.31271
   0.10730    0.10866    0.11322    0.11458    0.12282    0.12367    0.14150    0.14289
   0.14839    0.14994    0.16655    0.16809    0.19108    0.19139    0.20475    0.20563
   0.21054    0.21219    0.22322    0.22371    0.25018    0.25065    0.25862    0.25944
   0.45409    0.45571
 kpt#  77, nband= 50, wtk=  0.00926, kpt=  0.3333  0.5000  0.3333 (reduced coord)
  -1.94301   -1.94231   -1.94227   -1.94165   -0.80505   -0.80493   -0.80377   -0.80347
  -0.79327   -0.79311   -0.79078   -0.79059   -0.79024   -0.79000   -0.78943   -0.78876
  -0.35862   -0.35823   -0.35027   -0.34952   -0.31747   -0.31727   -0.30995   -0.30982
   0.10969    0.11047    0.11436    0.11546    0.12454    0.12578    0.13624    0.13730
   0.15568    0.15745    0.17066    0.17218    0.19222    0.19356    0.20176    0.20334
   0.21095    0.21199    0.22136    0.22188    0.24577    0.24633    0.25672    0.25746
   0.44604    0.44727
 kpt#  78, nband= 50, wtk=  0.00926, kpt=  0.5000  0.5000  0.3333 (reduced coord)
  -1.94300   -1.94231   -1.94227   -1.94166   -0.80547   -0.80518   -0.80493   -0.80470
  -0.79210   -0.79192   -0.79105   -0.79082   -0.78988   -0.78948   -0.78907   -0.78856
  -0.35865   -0.35827   -0.35293   -0.35251   -0.31550   -0.31516   -0.30918   -0.30888
   0.11169    0.11220    0.11582    0.11666    0.12453    0.12586    0.13174    0.13271
   0.16589    0.16811    0.16889    0.17094    0.19562    0.19629    0.19741    0.19929
   0.20928    0.21045    0.21904    0.22032    0.24433    0.24553    0.25674    0.25735
   0.44281    0.44517
 kpt#  79, nband= 50, wtk=  0.00926, kpt= -0.3333  0.5000  0.3333 (reduced coord)
  -1.94301   -1.94231   -1.94227   -1.94165   -0.80518   -0.80485   -0.80369   -0.80349
  -0.79327   -0.79305   -0.79085   -0.79057   -0.79047   -0.78980   -0.78927   -0.78891
  -0.35869   -0.35816   -0.35001   -0.34980   -0.31748   -0.31723   -0.31007   -0.30972
   0.10953    0.11062    0.11436    0.11542    0.12452    0.12584    0.13611    0.13742
   0.15517    0.15797    0.17100    0.17190    0.19194    0.19386    0.20160    0.20338
   0.21097    0.21208    0.22091    0.22227    0.24566    0.24640    0.25697    0.25726
   0.44567    0.44762
 kpt#  80, nband= 50, wtk=  0.00926, kpt= -0.1667  0.5000  0.3333 (reduced coord)
  -1.94301   -1.94232   -1.94226   -1.94165   -0.80356   -0.80325   -0.80149   -0.80123
  -0.79556   -0.79533   -0.79222   -0.79194   -0.79046   -0.78973   -0.78961   -0.78947
  -0.35733   -0.35694   -0.34514   -0.34480   -0.32085   -0.32059   -0.31297   -0.31262
   0.10712    0.10880    0.11344    0.11437    0.12271    0.12383    0.14138    0.14286
   0.14802    0.15040    0.16688    0.16780    0.19079    0.19170    0.20439    0.20598
   0.21064    0.21214    0.22265    0.22422    0.24990    0.25087    0.25883    0.25929
   0.45370    0.45613
 kpt#  81, nband= 50, wtk=  0.00926, kpt=  0.0000 -0.3333  0.3333 (reduced coord)
  -1.94303   -1.94238   -1.94220   -1.94163   -0.80281   -0.80214   -0.80055   -0.80022
  -0.79658   -0.79494   -0.79434   -0.79246   -0.79105   -0.79080   -0.78934   -0.78871
  -0.36864   -0.34612   -0.34423   -0.33853   -0.32331   -0.31887   -0.31865   -0.31241
   0.09671    0.10484    0.10684    0.11545    0.11619    0.12686    0.13269    0.13813
   0.14846    0.15540    0.17126    0.17479    0.18781    0.19374    0.20239    0.20686
   0.21118    0.22378    0.22436    0.23130    0.24800    0.25448    0.25932    0.26418
   0.45602    0.46859
 kpt#  82, nband= 50, wtk=  0.00926, kpt=  0.1667 -0.3333  0.3333 (reduced coord)
  -1.94303   -1.94237   -1.94221   -1.94164   -0.80394   -0.80292   -0.80240   -0.79906
  -0.79651   -0.79462   -0.79327   -0.79165   -0.79111   -0.79053   -0.78906   -0.78871
  -0.36779   -0.34857   -0.34534   -0.34068   -0.32110   -0.32036   -0.31673   -0.31023
   0.09674    0.10609    0.11013    0.11603    0.11732    0.12643    0.13647    0.14010
   0.14796    0.15364    0.16246    0.18139    0.18587    0.20004    0.20194    0.20920
   0.21353    0.22088    0.22372    0.22874    0.24342    0.25133    0.25850    0.26424
   0.44984    0.46377
 kpt#  83, nband= 50, wtk=  0.00926, kpt=  0.3333 -0.3333  0.3333 (reduced coord)
  -1.94302   -1.94235   -1.94224   -1.94164   -0.80512   -0.80439   -0.80361   -0.80145
  -0.79429   -0.79319   -0.79197   -0.79111   -0.79062   -0.79008   -0.78924   -0.78845
  -0.36532   -0.35142   -0.34879   -0.34624   -0.31997   -0.31684   -0.31414   -0.30819
   0.09904    0.10818    0.11559    0.11767    0.11888    0.12665    0.13451    0.14157
   0.14940    0.15836    0.16178    0.18175    0.18755    0.19862    0.20474    0.20798
   0.21316    0.21871    0.22213    0.22829    0.23767    0.24909    0.25215    0.26390
   0.44017    0.45249
 kpt#  84, nband= 50, wtk=  0.00926, kpt=  0.5000 -0.3333  0.3333 (reduced coord)
  -1.94301   -1.94232   -1.94226   -1.94165   -0.80551   -0.80500   -0.80349   -0.80321
  -0.79344   -0.79265   -0.79113   -0.79086   -0.79016   -0.78989   -0.78930   -0.78877
  -0.36322   -0.35221   -0.35079   -0.35001   -0.31891   -0.31489   -0.31326   -0.30767
   0.10247    0.10817    0.11633    0.11834    0.11886    0.12712    0.13516    0.13766
   0.15691    0.16037    0.16518    0.17655    0.19268    0.19423    0.20349    0.20750
   0.21474    0.21642    0.21965    0.22640    0.23663    0.24973    0.24998    0.26323
   0.43725    0.44378
 kpt#  85, nband= 50, wtk=  0.00926, kpt= -0.3333 -0.3333  0.3333 (reduced coord)
  -1.94302   -1.94234   -1.94224   -1.94164   -0.80538   -0.80429   -0.80340   -0.80151
  -0.79433   -0.79330   -0.79170   -0.79112   -0.79064   -0.79006   -0.78921   -0.78857
  -0.36538   -0.35125   -0.34893   -0.34627   -0.32001   -0.31689   -0.31413   -0.30802
   0.09899    0.10816    0.11548    0.11780    0.11866    0.12648    0.13518    0.14137
   0.14960    0.15881    0.16180    0.18174    0.18682    0.19905    0.20397    0.20808
   0.21322    0.21888    0.22187    0.22808    0.23804    0.24908    0.25248    0.26372
   0.43932    0.45307
 kpt#  86, nband= 50, wtk=  0.00926, kpt= -0.1667 -0.3333  0.3333 (reduced coord)
  -1.94303   -1.94237   -1.94221   -1.94164   -0.80423   -0.80289   -0.80206   -0.79926
  -0.79629   -0.79492   -0.79309   -0.79164   -0.79092   -0.79064   -0.78904   -0.78881
  -0.36784   -0.34835   -0.34555   -0.34074   -0.32126   -0.32027   -0.31669   -0.31009
   0.09670    0.10602    0.11010    0.11572    0.11761    0.12642    0.13700    0.14009
   0.14809    0.15358    0.16225    0.18103    0.18590    0.20041    0.20258    0.20914
   0.21276    0.22041    0.22373    0.22885    0.24380    0.25113    0.25854    0.26430
   0.44905    0.46453
 kpt#  87, nband= 50, wtk=  0.00926, kpt=  0.0000 -0.1667  0.3333 (reduced coord)
  -1.94307   -1.94243   -1.94213   -1.94161   -0.80398   -0.80233   -0.80225   -0.79863
  -0.79610   -0.79468   -0.79308   -0.79303   -0.79124   -0.79094   -0.78884   -0.78842
  -0.37782   -0.34819   -0.33878   -0.33530   -0.32166   -0.32067   -0.31637   -0.31072
   0.08624    0.08852    0.09959    0.11292    0.11530    0.12642    0.12986    0.14163
   0.14331    0.16073    0.17936    0.18351    0.18447    0.19237    0.20120    0.21517
   0.21882    0.22759    0.23117    0.24373    0.25058    0.25494    0.26071    0.26661
   0.45948    0.46284
 kpt#  88, nband= 50, wtk=  0.00926, kpt=  0.1667 -0.1667  0.3333 (reduced coord)
  -1.94306   -1.94242   -1.94215   -1.94161   -0.80416   -0.80282   -0.80206   -0.79772
  -0.79644   -0.79568   -0.79296   -0.79248   -0.79141   -0.79066   -0.78882   -0.78842
  -0.37545   -0.34893   -0.33956   -0.33575   -0.32270   -0.32019   -0.31768   -0.30952
   0.08657    0.09341    0.10154    0.11041    0.11756    0.12629    0.13467    0.14351
   0.14587    0.15814    0.16880    0.17697    0.19323    0.19831    0.20404    0.20919
   0.21895    0.22345    0.23269    0.24231    0.24708    0.25259    0.25946    0.26664
   0.45196    0.46048
 kpt#  89, nband= 50, wtk=  0.00926, kpt=  0.3333 -0.1667  0.3333 (reduced coord)
  -1.94304   -1.94238   -1.94220   -1.94162   -0.80421   -0.80343   -0.80182   -0.79875
  -0.79644   -0.79542   -0.79243   -0.79190   -0.79094   -0.79052   -0.78938   -0.78854
  -0.36945   -0.34997   -0.34164   -0.33964   -0.32475   -0.31913   -0.31672   -0.30901
   0.09024    0.09815    0.10732    0.11403    0.11902    0.12580    0.13924    0.14261
   0.15102    0.15396    0.16382    0.17905    0.18780    0.19757    0.20299    0.21105
   0.21873    0.22178    0.22842    0.23856    0.24277    0.25181    0.25379    0.26724
   0.44238    0.44966
 kpt#  90, nband= 50, wtk=  0.00926, kpt=  0.5000 -0.1667  0.3333 (reduced coord)
  -1.94303   -1.94234   -1.94224   -1.94163   -0.80404   -0.80376   -0.80110   -0.80057
  -0.79594   -0.79530   -0.79180   -0.79136   -0.79070   -0.79055   -0.78959   -0.78913
  -0.36504   -0.35037   -0.34464   -0.34198   -0.32494   -0.31849   -0.31593   -0.30916
   0.09581    0.09677    0.10941    0.11671    0.11846    0.12668    0.14055    0.14466
   0.15107    0.15885    0.16156    0.17405    0.18481    0.18978    0.20963    0.21375
   0.21810    0.22120    0.22905    0.23507    0.23713    0.24854    0.25593    0.26694
   0.43848    0.44383
 kpt#  91, nband= 50, wtk=  0.00926, kpt= -0.3333 -0.1667  0.3333 (reduced coord)
  -1.94304   -1.94238   -1.94220   -1.94162   -0.80445   -0.80333   -0.80160   -0.79889
  -0.79656   -0.79517   -0.79252   -0.79187   -0.79087   -0.79050   -0.78938   -0.78861
  -0.36949   -0.34998   -0.34149   -0.33978   -0.32480   -0.31935   -0.31657   -0.30883
   0.09028    0.09818    0.10711    0.11373    0.11908    0.12575    0.13949    0.14328
   0.15085    0.15437    0.16413    0.17807    0.18757    0.19768    0.20281    0.21053
   0.21931    0.22199    0.22884    0.23782    0.24280    0.25199    0.25400    0.26708
   0.44125    0.45049
 kpt#  92, nband= 50, wtk=  0.00926, kpt= -0.1667 -0.1667  0.3333 (reduced coord)
  -1.94306   -1.94242   -1.94215   -1.94161   -0.80437   -0.80278   -0.80184   -0.79793
  -0.79650   -0.79537   -0.79310   -0.79241   -0.79127   -0.79078   -0.78875   -0.78851
  -0.37549   -0.34892   -0.33943   -0.33595   -0.32279   -0.32024   -0.31760   -0.30935
   0.08665    0.09335    0.10153    0.10990    0.11766    0.12641    0.13527    0.14356
   0.14597    0.15806    0.16887    0.17643    0.19350    0.19831    0.20401    0.20944
   0.21810    0.22397    0.23276    0.24175    0.24733    0.25262    0.25959    0.26660
   0.45087    0.46143
 kpt#  93, nband= 50, wtk=  0.00463, kpt=  0.0000  0.0000  0.5000 (reduced coord)
  -1.94305   -1.94248   -1.94211   -1.94161   -0.80123   -0.80110   -0.80062   -0.80048
  -0.79723   -0.79687   -0.79376   -0.79360   -0.79007   -0.78979   -0.78963   -0.78938
  -0.36442   -0.36392   -0.33446   -0.33388   -0.32142   -0.32137   -0.31551   -0.31521
   0.09365    0.09409    0.10426    0.10453    0.12638    0.12720    0.12936    0.13089
   0.14938    0.14998    0.17465    0.17571    0.18962    0.19078    0.20841    0.20986
   0.21539    0.21677    0.24233    0.24301    0.25469    0.25521    0.26325    0.26383
   0.46193    0.46422
 kpt#  94, nband= 50, wtk=  0.00926, kpt=  0.1667  0.0000  0.5000 (reduced coord)
  -1.94305   -1.94246   -1.94213   -1.94161   -0.80187   -0.80173   -0.79988   -0.79981
  -0.79773   -0.79750   -0.79295   -0.79289   -0.79050   -0.79028   -0.78944   -0.78927
  -0.36308   -0.36259   -0.33497   -0.33444   -0.32318   -0.32314   -0.31463   -0.31439
   0.09340    0.09382    0.10580    0.10604    0.12670    0.12742    0.13339    0.13434
   0.15410    0.15421    0.17203    0.17306    0.18549    0.18642    0.20783    0.20885
   0.21824    0.21863    0.23784    0.23798    0.25452    0.25516    0.26163    0.26192
   0.45304    0.45427
 kpt#  95, nband= 50, wtk=  0.00926, kpt=  0.3333  0.0000  0.5000 (reduced coord)
  -1.94304   -1.94240   -1.94219   -1.94162   -0.80254   -0.80239   -0.79962   -0.79941
  -0.79771   -0.79755   -0.79227   -0.79184   -0.79128   -0.79116   -0.78922   -0.78903
  -0.35997   -0.35947   -0.33656   -0.33618   -0.32587   -0.32575   -0.31364   -0.31345
   0.09534    0.09581    0.10785    0.10806    0.12378    0.12458    0.14392    0.14462
   0.16102    0.16161    0.16777    0.16922    0.18295    0.18364    0.20286    0.20352
   0.21888    0.21922    0.23189    0.23248    0.24976    0.25033    0.26081    0.26101
   0.44264    0.44357
 kpt#  96, nband= 50, wtk=  0.00463, kpt=  0.5000  0.0000  0.5000 (reduced coord)
  -1.94303   -1.94236   -1.94223   -1.94163   -0.80279   -0.80262   -0.79998   -0.79971
  -0.79701   -0.79667   -0.79313   -0.79257   -0.79073   -0.79065   -0.78926   -0.78904
  -0.35809   -0.35758   -0.33782   -0.33753   -0.32695   -0.32674   -0.31332   -0.31314
   0.09771    0.09834    0.10840    0.10880    0.12085    0.12177    0.14892    0.14980
   0.16376    0.16469    0.16708    0.16749    0.18831    0.18968    0.19400    0.19417
   0.21645    0.21688    0.23241    0.23351    0.24500    0.24512    0.26091    0.26114
   0.43834    0.43923
 kpt#  97, nband= 50, wtk=  0.00926, kpt=  0.0000  0.1667  0.5000 (reduced coord)
  -1.94304   -1.94245   -1.94213   -1.94162   -0.80157   -0.80112   -0.80057   -0.80023
  -0.79745   -0.79717   -0.79323   -0.79315   -0.79068   -0.79031   -0.78941   -0.78900
  -0.36243   -0.36192   -0.33630   -0.33566   -0.32119   -0.32116   -0.31624   -0.31589
   0.09817    0.09883    0.10753    0.10774    0.12504    0.12582    0.13243    0.13318
   0.14888    0.14944    0.17225    0.17304    0.19300    0.19380    0.20018    0.20144
   0.22106    0.22120    0.23738    0.23828    0.25036    0.25131    0.26094    0.26114
   0.46164    0.46360
 kpt#  98, nband= 50, wtk=  0.00926, kpt=  0.1667  0.1667  0.5000 (reduced coord)
  -1.94304   -1.94243   -1.94215   -1.94162   -0.80301   -0.80250   -0.79995   -0.79961
  -0.79739   -0.79682   -0.79287   -0.79242   -0.79080   -0.78996   -0.78949   -0.78905
  -0.36184   -0.36122   -0.33818   -0.33677   -0.32353   -0.32071   -0.31540   -0.31322
   0.09754    0.09805    0.10856    0.10993    0.12515    0.12823    0.13472    0.13616
   0.15178    0.15343    0.16505    0.17257    0.18816    0.19116    0.20655    0.20880
   0.21674    0.22031    0.23362    0.24029    0.24184    0.25041    0.25828    0.26311
   0.44959    0.45935
 kpt#  99, nband= 50, wtk=  0.00926, kpt=  0.3333  0.1667  0.5000 (reduced coord)
  -1.94303   -1.94238   -1.94220   -1.94163   -0.80401   -0.80370   -0.80113   -0.80070
  -0.79597   -0.79522   -0.79219   -0.79134   -0.79096   -0.79028   -0.78932   -0.78897
  -0.36017   -0.35945   -0.34180   -0.34094   -0.32247   -0.32152   -0.31282   -0.31183
   0.09828    0.10136    0.10789    0.11343    0.12410    0.12593    0.13807    0.14631
   0.15569    0.15930    0.16403    0.17438    0.18640    0.18826    0.20260    0.20995
   0.21722    0.22046    0.22715    0.23298    0.24004    0.24730    0.25743    0.25967
   0.43879    0.44624
 kpt# 100, nband= 50, wtk=  0.00926, kpt=  0.5000  0.1667  0.5000 (reduced coord)
  -1.94302   -1.94235   -1.94224   -1.94163   -0.80427   -0.80402   -0.80177   -0.80153
  -0.79497   -0.79448   -0.79205   -0.79152   -0.79051   -0.79039   -0.78928   -0.78900
  -0.35888   -0.35828   -0.34394   -0.34353   -0.32145   -0.32129   -0.31202   -0.31172
   0.10206    0.10255    0.11030    0.11073    0.12228    0.12315    0.14241    0.14341
   0.16416    0.16520    0.16801    0.16881    0.18816    0.18861    0.20292    0.20353
   0.21669    0.21753    0.22754    0.22852    0.24083    0.24209    0.25836    0.25862
   0.43693    0.43790
 kpt# 101, nband= 50, wtk=  0.00926, kpt= -0.3333  0.1667  0.5000 (reduced coord)
  -1.94303   -1.94239   -1.94220   -1.94163   -0.80395   -0.80363   -0.80139   -0.80055
  -0.79596   -0.79535   -0.79175   -0.79158   -0.79112   -0.79032   -0.78925   -0.78897
  -0.36061   -0.35890   -0.34222   -0.34061   -0.32220   -0.32149   -0.31281   -0.31217
   0.09793    0.10177    0.10794    0.11360    0.12460    0.12541    0.13733    0.14622
   0.15605    0.15925    0.16340    0.17517    0.18650    0.18834    0.20299    0.20932
   0.21785    0.22063    0.22681    0.23224    0.24059    0.24691    0.25755    0.25987
   0.43976    0.44528
 kpt# 102, nband= 50, wtk=  0.00926, kpt= -0.1667  0.1667  0.5000 (reduced coord)
  -1.94304   -1.94243   -1.94215   -1.94162   -0.80288   -0.80249   -0.80010   -0.79954
  -0.79751   -0.79683   -0.79274   -0.79240   -0.79090   -0.79000   -0.78946   -0.78903
  -0.36229   -0.36069   -0.33870   -0.33629   -0.32336   -0.32056   -0.31541   -0.31358
   0.09749    0.09800    0.10867    0.11020    0.12498    0.12772    0.13479    0.13658
   0.15187    0.15285    0.16494    0.17291    0.18907    0.19030    0.20604    0.20879
   0.21764    0.22064    0.23318    0.23981    0.24244    0.24999    0.25855    0.26308
   0.45066    0.45792
 kpt# 103, nband= 50, wtk=  0.00926, kpt=  0.0000  0.3333  0.5000 (reduced coord)
  -1.94301   -1.94239   -1.94220   -1.94165   -0.80181   -0.80147   -0.80057   -0.80033
  -0.79705   -0.79684   -0.79330   -0.79322   -0.79086   -0.79051   -0.78925   -0.78887
  -0.35691   -0.35637   -0.34166   -0.34099   -0.32046   -0.32039   -0.31775   -0.31742
   0.10653    0.10700    0.11647    0.11705    0.12450    0.12501    0.13706    0.13757
   0.14956    0.15031    0.16949    0.17053    0.18142    0.18409    0.20140    0.20254
   0.22021    0.22125    0.22764    0.22888    0.24358    0.24415    0.25776    0.25835
   0.46267    0.46368
 kpt# 104, nband= 50, wtk=  0.00926, kpt=  0.1667  0.3333  0.5000 (reduced coord)
  -1.94301   -1.94237   -1.94221   -1.94165   -0.80379   -0.80307   -0.80170   -0.80093
  -0.79552   -0.79508   -0.79282   -0.79186   -0.79066   -0.79027   -0.78929   -0.78887
  -0.35812   -0.35713   -0.34424   -0.34394   -0.32003   -0.31892   -0.31575   -0.31357
   0.10402    0.11014    0.11582    0.11730    0.12480    0.12771    0.13727    0.13961
   0.14971    0.15298    0.16389    0.16637    0.18861    0.19404    0.20313    0.20509
   0.21609    0.22046    0.22382    0.22537    0.24127    0.24427    0.25330    0.26097
   0.44999    0.46522
 kpt# 105, nband= 50, wtk=  0.00926, kpt=  0.3333  0.3333  0.5000 (reduced coord)
  -1.94301   -1.94235   -1.94224   -1.94165   -0.80546   -0.80497   -0.80363   -0.80305
  -0.79299   -0.79266   -0.79158   -0.79086   -0.79042   -0.78981   -0.78923   -0.78875
  -0.35944   -0.35852   -0.34944   -0.34907   -0.31646   -0.31639   -0.31156   -0.31048
   0.10703    0.10790    0.11814    0.12112    0.12324    0.12860    0.13151    0.13451
   0.15933    0.16156    0.16523    0.17117    0.19113    0.19374    0.20508    0.20739
   0.21275    0.21753    0.22157    0.22433    0.23647    0.24189    0.25373    0.25547
   0.43826    0.44995
 kpt# 106, nband= 50, wtk=  0.00926, kpt=  0.5000  0.3333  0.5000 (reduced coord)
  -1.94301   -1.94232   -1.94226   -1.94165   -0.80593   -0.80562   -0.80443   -0.80415
  -0.79201   -0.79171   -0.79092   -0.79064   -0.79009   -0.78984   -0.78916   -0.78867
  -0.35959   -0.35892   -0.35214   -0.35159   -0.31463   -0.31446   -0.31005   -0.30977
   0.10965    0.10988    0.11820    0.11888    0.12515    0.12609    0.13022    0.13141
   0.16507    0.16582    0.17200    0.17260    0.19184    0.19251    0.20105    0.20190
   0.21666    0.21702    0.22382    0.22440    0.23514    0.23629    0.25416    0.25430
   0.43740    0.43803
 kpt# 107, nband= 50, wtk=  0.00926, kpt= -0.3333  0.3333  0.5000 (reduced coord)
  -1.94301   -1.94235   -1.94224   -1.94165   -0.80528   -0.80498   -0.80392   -0.80291
  -0.79304   -0.79264   -0.79125   -0.79104   -0.79066   -0.78988   -0.78915   -0.78867
  -0.35988   -0.35795   -0.34969   -0.34889   -0.31643   -0.31608   -0.31157   -0.31087
   0.10718    0.10775    0.11833    0.12123    0.12349    0.12795    0.13138    0.13447
   0.15885    0.16192    0.16558    0.17119    0.19111    0.19353    0.20503    0.20706
   0.21302    0.21798    0.22207    0.22453    0.23554    0.24203    0.25405    0.25525
   0.43884    0.44930
 kpt# 108, nband= 50, wtk=  0.00926, kpt= -0.1667  0.3333  0.5000 (reduced coord)
  -1.94301   -1.94237   -1.94221   -1.94165   -0.80356   -0.80311   -0.80195   -0.80082
  -0.79557   -0.79508   -0.79269   -0.79187   -0.79083   -0.79033   -0.78922   -0.78881
  -0.35857   -0.35656   -0.34463   -0.34359   -0.31980   -0.31881   -0.31581   -0.31392
   0.10410    0.10994    0.11591    0.11743    0.12464    0.12761    0.13726    0.13986
   0.14991    0.15228    0.16420    0.16648    0.18855    0.19352    0.20299    0.20513
   0.21663    0.22047    0.22429    0.22589    0.24027    0.24437    0.25367    0.26071
   0.45057    0.46395
 kpt# 109, nband= 50, wtk=  0.00463, kpt=  0.0000  0.5000  0.5000 (reduced coord)
  -1.94300   -1.94231   -1.94227   -1.94166   -0.80162   -0.80148   -0.80101   -0.80091
  -0.79540   -0.79525   -0.79499   -0.79493   -0.79012   -0.78976   -0.78954   -0.78920
  -0.34950   -0.34914   -0.34883   -0.34846   -0.31948   -0.31929   -0.31902   -0.31885
   0.11296    0.11331    0.11416    0.11449    0.13485    0.13497    0.13581    0.13603
   0.15629    0.15682    0.15869    0.15923    0.18799    0.18861    0.18950    0.19011
   0.22036    0.22057    0.22235    0.22247    0.24944    0.25024    0.25048    0.25127
   0.46847    0.46955
 kpt# 110, nband= 50, wtk=  0.00926, kpt=  0.1667  0.5000  0.5000 (reduced coord)
  -1.94300   -1.94231   -1.94227   -1.94166   -0.80347   -0.80311   -0.80264   -0.80224
  -0.79401   -0.79380   -0.79315   -0.79297   -0.79009   -0.78970   -0.78951   -0.78915
  -0.35226   -0.35162   -0.35128   -0.35064   -0.31713   -0.31697   -0.31634   -0.31589
   0.11135    0.11178    0.11814    0.11831    0.13168    0.13229    0.13500    0.13538
   0.15746    0.15813    0.16043    0.16084    0.19320    0.19343    0.19436    0.19472
   0.21692    0.21716    0.21890    0.21914    0.24704    0.24792    0.25210    0.25284
   0.45832    0.45900
 kpt# 111, nband= 50, wtk=  0.00926, kpt=  0.3333  0.5000  0.5000 (reduced coord)
  -1.94300   -1.94231   -1.94227   -1.94166   -0.80548   -0.80522   -0.80483   -0.80457
  -0.79166   -0.79157   -0.79121   -0.79096   -0.78992   -0.78948   -0.78935   -0.78894
  -0.35628   -0.35568   -0.35544   -0.35484   -0.31282   -0.31258   -0.31215   -0.31171
   0.11412    0.11436    0.11859    0.11878    0.12845    0.12883    0.13060    0.13123
   0.16295    0.16416    0.16831    0.16913    0.19412    0.19452    0.19608    0.19650
   0.21545    0.21590    0.21784    0.21839    0.24546    0.24614    0.24887    0.24953
   0.44789    0.44855
 kpt# 112, nband= 50, wtk=  0.00463, kpt=  0.5000  0.5000  0.5000 (reduced coord)
  -1.94300   -1.94231   -1.94227   -1.94166   -0.80616   -0.80604   -0.80570   -0.80561
  -0.79088   -0.79073   -0.79059   -0.79044   -0.78964   -0.78929   -0.78908   -0.78872
  -0.35785   -0.35751   -0.35719   -0.35686   -0.31078   -0.31059   -0.31036   -0.31013
   0.11727    0.11741    0.11777    0.11785    0.12627    0.12676    0.12831    0.12873
   0.16857    0.16932    0.17180    0.17247    0.19211    0.19273    0.19414    0.19481
   0.21670    0.21694    0.21822    0.21840    0.24536    0.24597    0.24625    0.24679
   0.44637    0.44720
