File Imported
Number of Symmetry Operations: 48
[[0, 1, 2], [3, 4, 5], [6, 7, 8, 9, 10, 11], [12, 13, 14], [15, 16, 17], [18, 19, 20, 21, 22, 23], [24, 25, 26, 27, 28, 29], [30, 31, 32], [33, 34, 35]]
-0.0025297
-0.0025297
-0.0025297
-0.0000434
-0.0000434
-0.0000434
 0.0002872
 0.0002872
 0.0002872
 0.0002872
 0.0002872
 0.0002872
 0.0014598
 0.0014598
 0.0014598
 0.0023745
 0.0023745
 0.0023745
 0.0026918
 0.0026918
 0.0026918
 0.0026918
 0.0026918
 0.0026918
 0.0117866
 0.0117866
 0.0117866
 0.0117866
 0.0117866
 0.0117866
 0.0124227
 0.0124227
 0.0124227
 0.0178699
 0.0178699
 0.0178699
DM is: 36
Mode Orthonormal Successful
