File Imported
Number of Symmetry Operations: 16
-------------------------GAMMA------------------------------------
DM is: 18
Mode Orthonormal Successful
[[0], [1, 2], [3], [4, 5], [6, 7], [8], [9, 10, 11], [12, 13], [14, 15], [16], [17]]
-0.0022729
-0.0001149
-0.0001149
 0.0000008
 0.0002871
 0.0002871
 0.0012227
 0.0012227
 0.0016705
 0.0023745
 0.0023810
 0.0023810
 0.0114210
 0.0114210
 0.0120629
 0.0120629
 0.0121793
 0.0176235
Symm Ops         MO0    MO1    MO2    MO3    MO4    MO5    MO6    MO7    MO8    MO9    MO10    MO11    MO12    MO13    MO14    MO15    MO16    MO17
-------------  -----  -----  -----  -----  -----  -----  -----  -----  -----  -----  ------  ------  ------  ------  ------  ------  ------  ------
E                  1      2      2      1      2      2      2      2      1      3       3       3       2       2       2       2       1       1
I                 -1     -2     -2     -1     -2     -2     -2     -2     -1      1       1       1      -2      -2       2       2       1       1
C2y                1      0      0     -1      0      0      0      0     -1     -1      -1      -1       0       0       0       0      -1       1
sigma_{xz}        -1     -0     -0      1     -0     -0      0      0      1      1       1       1       0       0       0       0      -1       1
C2z                1     -2     -2      1     -2     -2     -2     -2      1     -1      -1      -1      -2      -2      -2      -2       1       1
sigma_{xy}        -1      2      2     -1      2      2      2      2     -1     -3      -3      -3       2       2      -2      -2       1       1
C2x                1     -0     -0     -1     -0     -0      0      0     -1     -1      -1      -1       0       0       0       0      -1       1
Sigma_{yz}        -1      0      0      1      0      0      0      0      1      1       1       1       0       0       0       0      -1       1
I+C2/[1,-1,0]      1     -0     -0      1      0      0      0      0      1      1       1       1       0       0       0       0       1       1
C2/[1,-1,0]       -1      0      0     -1      0      0      0      0     -1     -1      -1      -1       0       0       0       0       1       1
I+C4Z              1     -0     -0     -1      0      0     -0     -0     -1     -1      -1      -1       0       0      -0      -0      -1       1
C^{1}_4Z          -1      0      0      1      0      0      0      0      1      1       1       1       0       0      -0      -0      -1       1
I+C2/[1,1,0]       1      0      0      1      0      0      0      0      1      1       1       1       0       0      -0      -0       1       1
C2/[1,1,0]        -1     -0     -0     -1      0      0     -0     -0     -1     -1      -1      -1       0       0      -0      -0       1       1
I+C2/[0,0,1]       1      0      0     -1     -0     -0      0      0     -1     -1      -1      -1      -0      -0      -0      -0      -1       1
C^3_4             -1     -0     -0      1     -0     -0      0      0      1      1       1       1      -0      -0      -0      -0      -1       1
-------------------------- M ------------------------------------
DM is: 18
Mode Orthonormal Successful
[[0, 1], [2, 3, 4, 5], [6, 7], [8, 9], [10, 11], [12, 13], [14, 15], [16, 17]]
-0.0037816
-0.0037792
 0.0002871
 0.0002871
 0.0002872
 0.0002872
 0.0014549
 0.0014573
 0.0023744
 0.0023744
 0.0028359
 0.0028359
 0.0104813
 0.0104848
 0.0114352
 0.0114352
 0.0165836
 0.0165867
Symm Ops         MO0    MO1    MO2    MO3    MO4    MO5    MO6    MO7    MO8    MO9    MO10    MO11    MO12    MO13    MO14    MO15    MO16    MO17
-------------  -----  -----  -----  -----  -----  -----  -----  -----  -----  -----  ------  ------  ------  ------  ------  ------  ------  ------
E                  2      2      4      4      4      4      2      2      2      2       2       2       2       2       2       2       2       2
I                 -2     -2     -4     -4     -4     -4      2      2     -2     -2       2       2      -2      -2      -2      -2       2       2
C2y                2      2     -2     -2     -2     -2     -2     -2      0      0      -0      -0      -2      -2       0       0       2       2
sigma_{xz}        -2     -2      2      2      2      2     -2     -2     -0     -0      -0      -0       2       2      -0      -0       2       2
C2z                2      2      0      0      0      0      2      2     -2     -2      -2      -2       2       2      -2      -2       2       2
sigma_{xy}        -2     -2      0      0      0      0      2      2      2      2      -2      -2      -2      -2       2       2       2       2
C2x                2      2     -2     -2     -2     -2     -2     -2     -0     -0       0       0      -2      -2       0       0       2       2
Sigma_{yz}        -2     -2      2      2      2      2     -2     -2      0      0       0       0       2       2       0       0       2       2
I+C2/[1,-1,0]      0      0      0      0      0      0      0      0      0      0       0       0       0       0       0       0      -0      -0
C2/[1,-1,0]        0      0      0      0      0      0      0      0     -0     -0       0       0      -0      -0      -0      -0      -0      -0
I+C4Z             -0     -0      0      0      0      0     -0     -0      0      0       0       0      -0      -0       0       0      -0      -0
C^{1}_4Z           0      0      0      0      0      0     -0     -0      0      0       0       0       0       0       0       0      -0      -0
I+C2/[1,1,0]       0      0      0      0      0      0      0      0     -0     -0       0       0       0       0      -0      -0      -0      -0
C2/[1,1,0]         0      0      0      0      0      0      0      0      0      0      -0      -0      -0      -0       0       0      -0      -0
I+C2/[0,0,1]      -0     -0      0      0      0      0     -0     -0      0      0       0       0      -0      -0       0       0      -0      -0
C^3_4              0      0      0      0      0      0     -0     -0     -0     -0       0       0       0       0       0       0      -0      -0
-0.0022729 -0.0037816
-0.0001149 -0.0037792
-0.0001149  0.0002871
 0.0000008  0.0002871
 0.0002871  0.0002872
 0.0002871  0.0002872
 0.0012227  0.0014549
 0.0012227  0.0014573
 0.0016705  0.0023744
 0.0023745  0.0023744
 0.0023810  0.0028359
 0.0023810  0.0028359
--------------------------- LGD Gamma*Gamma ----------------------------------
3
8
--------------------------- LGD Gamma*M -------------------------------------
-------------------------- M*M --------------------------
