File Imported
Number of Symmetry Operations: 48
[[0, 1, 2], [3, 4, 5], [6, 7, 8, 9, 10, 11], [12, 13, 14], [15, 16, 17], [18, 19, 20, 21, 22, 23], [24, 25, 26, 27, 28, 29], [30, 31, 32], [33, 34, 35]]
DM is: 36
Mode Orthonormal Successful
Mode is:=
[-2.52974370e-03 -2.52974370e-03 -2.52974370e-03 -4.33897907e-05
 -4.33897907e-05 -4.33897907e-05  2.87247002e-04  2.87247002e-04
  2.87247002e-04  2.87247002e-04  2.87247002e-04  2.87247002e-04
  1.45977759e-03  1.45977759e-03  1.45977759e-03  2.37446395e-03
  2.37446395e-03  2.37446395e-03  2.69176652e-03  2.69176652e-03
  2.69176652e-03  2.69176652e-03  2.69176652e-03  2.69176652e-03
  1.17865844e-02  1.17865844e-02  1.17865844e-02  1.17865844e-02
  1.17865844e-02  1.17865844e-02  1.24226503e-02  1.24226503e-02
  1.24226503e-02  1.78698883e-02  1.78698883e-02  1.78698883e-02]
5 33
5 34
5 35
14 33
14 34
14 35
16 33
16 34
16 35
