File Imported
Number of Symmetry Operations: 48
[[0, 1, 2], [3, 4, 5], [6, 7, 8, 9, 10, 11], [12, 13, 14], [15, 16, 17], [18, 19, 20, 21, 22, 23], [24, 25, 26, 27, 28, 29], [30, 31, 32], [33, 34, 35]]
DM is: 36
Mode Orthonormal Successful
Mode is:=
[-2.54247080e-03 -2.54247080e-03 -2.54247080e-03 -4.35134054e-05
 -4.35134054e-05 -4.35134054e-05  2.86574921e-04  2.86574921e-04
  2.86574921e-04  2.86574922e-04  2.86574922e-04  2.86574922e-04
  1.45344426e-03  1.45344426e-03  1.45344426e-03  2.37478860e-03
  2.37478860e-03  2.37478860e-03  2.68145195e-03  2.68145195e-03
  2.68145195e-03  2.68145195e-03  2.68145195e-03  2.68145195e-03
  1.18005428e-02  1.18005428e-02  1.18005428e-02  1.18005428e-02
  1.18005428e-02  1.18005428e-02  1.24606462e-02  1.24606462e-02
  1.24606462e-02  1.79037573e-02  1.79037573e-02  1.79037573e-02]
0 30
0 31
2 30
2 31
13 33
13 34
13 35
14 33
14 34
14 35
15 33
15 34
15 35
17 33
17 34
17 35
