 Fermi (or HOMO) energy (hartree) =   0.27678   Average Vxc (hartree)=  -0.44597
 Eigenvalues (hartree) for nkpt= 112  k points:
 kpt#   1, nband= 50, wtk=  0.00463, kpt=  0.0000  0.0000  0.0000 (reduced coord)
  -1.94328   -1.94261   -1.94258   -1.94258   -0.80509   -0.80503   -0.80472   -0.79353
  -0.79292   -0.79259   -0.79204   -0.79145   -0.79129   -0.78825   -0.78676   -0.78674
  -0.39517   -0.33823   -0.32961   -0.32883   -0.31890   -0.31628   -0.31562   -0.29804
   0.06052    0.06072    0.07209    0.09596    0.10304    0.10365    0.16125    0.16383
   0.16652    0.16904    0.17223    0.17228    0.21989    0.22401    0.22492    0.22904
   0.24572    0.25304    0.25365    0.25439    0.25463    0.26587    0.26872    0.27516
   0.44514    0.44590
 kpt#   2, nband= 50, wtk=  0.00926, kpt=  0.1667  0.0000  0.0000 (reduced coord)
  -1.94323   -1.94263   -1.94261   -1.94259   -0.80418   -0.80398   -0.80397   -0.79391
  -0.79334   -0.79246   -0.79203   -0.79183   -0.79143   -0.78849   -0.78812   -0.78713
  -0.39042   -0.33676   -0.32903   -0.32711   -0.32156   -0.31952   -0.31750   -0.30024
   0.06641    0.07058    0.07139    0.09834    0.10489    0.11944    0.15050    0.15250
   0.16092    0.16146    0.17209    0.17563    0.21544    0.21977    0.22014    0.23154
   0.24802    0.24855    0.24967    0.25742    0.25773    0.25935    0.26959    0.27561
   0.45249    0.45385
 kpt#   3, nband= 50, wtk=  0.00926, kpt=  0.3333  0.0000  0.0000 (reduced coord)
  -1.94310   -1.94276   -1.94260   -1.94259   -0.80191   -0.80181   -0.80086   -0.79613
  -0.79508   -0.79287   -0.79181   -0.79174   -0.79120   -0.79097   -0.78920   -0.78817
  -0.37714   -0.33815   -0.33277   -0.32629   -0.32391   -0.32127   -0.31933   -0.30610
   0.07821    0.08259    0.09896    0.10539    0.11362    0.12484    0.13411    0.13655
   0.14466    0.15318    0.18229    0.18327    0.18511    0.20670    0.20921    0.22920
   0.23682    0.23722    0.25373    0.25879    0.26451    0.26881    0.26938    0.27673
   0.46728    0.47097
 kpt#   4, nband= 50, wtk=  0.00463, kpt=  0.5000  0.0000  0.0000 (reduced coord)
  -1.94293   -1.94293   -1.94260   -1.94260   -0.79905   -0.79905   -0.79850   -0.79850
  -0.79642   -0.79642   -0.79232   -0.79232   -0.79022   -0.79022   -0.78957   -0.78957
  -0.35820   -0.35820   -0.32755   -0.32755   -0.32377   -0.32377   -0.31364   -0.31364
   0.09477    0.09477    0.11074    0.11074    0.11746    0.11746    0.12769    0.12769
   0.13982    0.13982    0.18910    0.18910    0.19586    0.19586    0.19754    0.19754
   0.23634    0.23634    0.25892    0.25892    0.26799    0.26799    0.27560    0.27560
   0.47912    0.48145
 kpt#   5, nband= 50, wtk=  0.00926, kpt=  0.0000  0.1667  0.0000 (reduced coord)
  -1.94323   -1.94263   -1.94261   -1.94258   -0.80423   -0.80398   -0.80392   -0.79418
  -0.79283   -0.79244   -0.79228   -0.79181   -0.79142   -0.78851   -0.78812   -0.78712
  -0.39043   -0.33668   -0.32807   -0.32767   -0.32239   -0.31949   -0.31708   -0.30036
   0.06631    0.07064    0.07122    0.09835    0.10604    0.11859    0.15159    0.15225
   0.16009    0.16235    0.17254    0.17470    0.21533    0.21885    0.22086    0.23760
   0.24229    0.24252    0.24916    0.25848    0.25973    0.26548    0.26649    0.27561
   0.45129    0.45296
 kpt#   6, nband= 50, wtk=  0.00926, kpt=  0.1667  0.1667  0.0000 (reduced coord)
  -1.94319   -1.94263   -1.94263   -1.94261   -0.80335   -0.80330   -0.80326   -0.79386
  -0.79385   -0.79359   -0.79186   -0.79164   -0.79092   -0.78983   -0.78882   -0.78694
  -0.38609   -0.33581   -0.32773   -0.32724   -0.32244   -0.32209   -0.31993   -0.30225
   0.07288    0.07594    0.07598    0.10005    0.10924    0.12979    0.14420    0.14434
   0.15879    0.16456    0.16477    0.17332    0.21156    0.21723    0.22225    0.22327
   0.24310    0.24917    0.24953    0.25006    0.25913    0.26093    0.26826    0.27583
   0.45522    0.46147
 kpt#   7, nband= 50, wtk=  0.00926, kpt=  0.3333  0.1667  0.0000 (reduced coord)
  -1.94307   -1.94275   -1.94262   -1.94261   -0.80156   -0.80130   -0.80088   -0.79632
  -0.79563   -0.79319   -0.79295   -0.79115   -0.79097   -0.79067   -0.78960   -0.78766
  -0.37393   -0.33824   -0.33347   -0.32761   -0.32467   -0.32116   -0.31984   -0.30731
   0.08175    0.09075    0.10222    0.10548    0.11802    0.12398    0.13161    0.13838
   0.14857    0.15954    0.17501    0.18023    0.18814    0.20323    0.20597    0.22794
   0.23156    0.23491    0.24810    0.25206    0.26349    0.26766    0.26863    0.27645
   0.46396    0.47473
 kpt#   8, nband= 50, wtk=  0.00926, kpt=  0.5000  0.1667  0.0000 (reduced coord)
  -1.94291   -1.94291   -1.94262   -1.94262   -0.79907   -0.79907   -0.79873   -0.79873
  -0.79696   -0.79696   -0.79181   -0.79181   -0.79044   -0.79044   -0.78909   -0.78909
  -0.35659   -0.35659   -0.33036   -0.33036   -0.32293   -0.32293   -0.31388   -0.31388
   0.09907    0.09907    0.11412    0.11412    0.11459    0.11459    0.13185    0.13185
   0.14607    0.14608    0.18799    0.18800    0.18883    0.18883    0.19997    0.19997
   0.23191    0.23191    0.25168    0.25168    0.26606    0.26606    0.27494    0.27494
   0.47225    0.47285
 kpt#   9, nband= 50, wtk=  0.00926, kpt= -0.3333  0.1667  0.0000 (reduced coord)
  -1.94307   -1.94275   -1.94262   -1.94261   -0.80156   -0.80130   -0.80088   -0.79632
  -0.79563   -0.79319   -0.79295   -0.79115   -0.79097   -0.79067   -0.78960   -0.78766
  -0.37393   -0.33824   -0.33347   -0.32761   -0.32467   -0.32116   -0.31984   -0.30731
   0.08175    0.09075    0.10222    0.10548    0.11802    0.12398    0.13161    0.13838
   0.14857    0.15954    0.17501    0.18023    0.18814    0.20323    0.20597    0.22794
   0.23156    0.23491    0.24810    0.25206    0.26349    0.26766    0.26863    0.27645
   0.46396    0.47438
 kpt#  10, nband= 50, wtk=  0.00926, kpt= -0.1667  0.1667  0.0000 (reduced coord)
  -1.94319   -1.94263   -1.94263   -1.94261   -0.80335   -0.80330   -0.80326   -0.79386
  -0.79385   -0.79359   -0.79186   -0.79164   -0.79092   -0.78983   -0.78882   -0.78694
  -0.38609   -0.33581   -0.32773   -0.32724   -0.32244   -0.32209   -0.31993   -0.30225
   0.07288    0.07594    0.07598    0.10005    0.10924    0.12979    0.14420    0.14434
   0.15879    0.16456    0.16477    0.17332    0.21156    0.21723    0.22225    0.22327
   0.24310    0.24917    0.24953    0.25006    0.25913    0.26093    0.26826    0.27583
   0.45522    0.46149
 kpt#  11, nband= 50, wtk=  0.00926, kpt=  0.0000  0.3333  0.0000 (reduced coord)
  -1.94310   -1.94276   -1.94260   -1.94259   -0.80193   -0.80184   -0.80081   -0.79624
  -0.79507   -0.79258   -0.79176   -0.79172   -0.79147   -0.79090   -0.78927   -0.78815
  -0.37720   -0.33822   -0.33244   -0.32611   -0.32229   -0.32116   -0.32113   -0.30655
   0.07802    0.08259    0.09872    0.10549    0.11479    0.12522    0.13428    0.13668
   0.14499    0.15351    0.18214    0.18289    0.18444    0.20684    0.21116    0.22848
   0.23288    0.23760    0.25219    0.26334    0.26465    0.26646    0.27003    0.27678
   0.46241    0.46750
 kpt#  12, nband= 50, wtk=  0.00926, kpt=  0.1667  0.3333  0.0000 (reduced coord)
  -1.94307   -1.94275   -1.94262   -1.94261   -0.80159   -0.80131   -0.80084   -0.79631
  -0.79573   -0.79318   -0.79272   -0.79136   -0.79090   -0.79060   -0.78968   -0.78765
  -0.37398   -0.33840   -0.33324   -0.32693   -0.32439   -0.32108   -0.32068   -0.30762
   0.08168    0.09107    0.10182    0.10554    0.11870    0.12383    0.13199    0.13854
   0.14884    0.16004    0.17534    0.17920    0.18757    0.20441    0.20631    0.22783
   0.23093    0.23162    0.25119    0.25170    0.26240    0.26709    0.26968    0.27647
   0.46105    0.46883
 kpt#  13, nband= 50, wtk=  0.00926, kpt=  0.3333  0.3333  0.0000 (reduced coord)
  -1.94298   -1.94272   -1.94272   -1.94264   -0.80066   -0.80065   -0.79969   -0.79828
  -0.79576   -0.79441   -0.79435   -0.79105   -0.79001   -0.78995   -0.78976   -0.78754
  -0.36494   -0.33823   -0.33797   -0.33514   -0.32090   -0.32061   -0.32024   -0.31068
   0.09189    0.10673    0.10867    0.10973    0.12574    0.12682    0.12864    0.13895
   0.15934    0.15941    0.17628    0.17970    0.18719    0.18928    0.20683    0.20787
   0.21413    0.23425    0.23503    0.24011    0.26670    0.26822    0.26890    0.27559
   0.45910    0.46529
 kpt#  14, nband= 50, wtk=  0.00926, kpt=  0.5000  0.3333  0.0000 (reduced coord)
  -1.94285   -1.94285   -1.94268   -1.94268   -0.79983   -0.79983   -0.79909   -0.79908
  -0.79652   -0.79652   -0.79270   -0.79270   -0.78953   -0.78953   -0.78845   -0.78845
  -0.35193   -0.35193   -0.33708   -0.33708   -0.32071   -0.32071   -0.31524   -0.31524
   0.10481    0.10481    0.10993    0.10993    0.13059    0.13059    0.14289    0.14289
   0.15592    0.15592    0.17341    0.17341    0.18671    0.18671    0.20692    0.20692
   0.21057    0.21057    0.23602    0.23602    0.26769    0.26769    0.27343    0.27343
   0.46101    0.46239
 kpt#  15, nband= 50, wtk=  0.00926, kpt= -0.3333  0.3333  0.0000 (reduced coord)
  -1.94298   -1.94272   -1.94272   -1.94264   -0.80066   -0.80065   -0.79969   -0.79828
  -0.79576   -0.79441   -0.79435   -0.79105   -0.79001   -0.78995   -0.78976   -0.78754
  -0.36494   -0.33823   -0.33797   -0.33514   -0.32090   -0.32061   -0.32024   -0.31068
   0.09189    0.10673    0.10867    0.10973    0.12574    0.12682    0.12864    0.13895
   0.15934    0.15941    0.17628    0.17970    0.18719    0.18928    0.20683    0.20787
   0.21413    0.23425    0.23503    0.24011    0.26670    0.26822    0.26890    0.27559
   0.45910    0.46503
 kpt#  16, nband= 50, wtk=  0.00926, kpt= -0.1667  0.3333  0.0000 (reduced coord)
  -1.94307   -1.94275   -1.94262   -1.94261   -0.80159   -0.80131   -0.80084   -0.79631
  -0.79573   -0.79318   -0.79272   -0.79136   -0.79090   -0.79060   -0.78968   -0.78765
  -0.37398   -0.33840   -0.33324   -0.32693   -0.32439   -0.32108   -0.32068   -0.30762
   0.08168    0.09107    0.10182    0.10554    0.11870    0.12383    0.13199    0.13854
   0.14884    0.16004    0.17534    0.17920    0.18757    0.20441    0.20631    0.22783
   0.23093    0.23162    0.25119    0.25170    0.26240    0.26709    0.26968    0.27647
   0.46106    0.46850
 kpt#  17, nband= 50, wtk=  0.00463, kpt=  0.0000  0.5000  0.0000 (reduced coord)
  -1.94293   -1.94293   -1.94260   -1.94260   -0.79911   -0.79910   -0.79851   -0.79851
  -0.79640   -0.79639   -0.79219   -0.79219   -0.79036   -0.79035   -0.78954   -0.78954
  -0.35833   -0.35833   -0.32674   -0.32674   -0.32355   -0.32355   -0.31463   -0.31463
   0.09455    0.09455    0.11130    0.11130    0.11763    0.11763    0.12850    0.12850
   0.13926    0.13926    0.19227    0.19227    0.19363    0.19364    0.19714    0.19714
   0.23410    0.23410    0.26158    0.26158    0.26600    0.26601    0.27600    0.27600
   0.46932    0.46986
 kpt#  18, nband= 50, wtk=  0.00926, kpt=  0.1667  0.5000  0.0000 (reduced coord)
  -1.94291   -1.94291   -1.94262   -1.94262   -0.79907   -0.79907   -0.79878   -0.79878
  -0.79693   -0.79693   -0.79162   -0.79162   -0.79063   -0.79063   -0.78906   -0.78906
  -0.35670   -0.35670   -0.32981   -0.32981   -0.32273   -0.32273   -0.31458   -0.31457
   0.09931    0.09931    0.11405    0.11405    0.11457    0.11457    0.13246    0.13246
   0.14584    0.14584    0.18929    0.18930    0.18971    0.18972    0.19821    0.19821
   0.23012    0.23012    0.25313    0.25313    0.26523    0.26523    0.27527    0.27527
   0.46600    0.46680
 kpt#  19, nband= 50, wtk=  0.00926, kpt=  0.3333  0.5000  0.0000 (reduced coord)
  -1.94285   -1.94285   -1.94268   -1.94268   -0.79983   -0.79983   -0.79910   -0.79910
  -0.79652   -0.79652   -0.79266   -0.79266   -0.78957   -0.78957   -0.78843   -0.78843
  -0.35202   -0.35202   -0.33688   -0.33688   -0.32056   -0.32056   -0.31551   -0.31551
   0.10524    0.10524    0.10974    0.10974    0.13025    0.13025    0.14282    0.14282
   0.15583    0.15584    0.17423    0.17423    0.18782    0.18782    0.20603    0.20603
   0.20912    0.20912    0.23690    0.23690    0.26733    0.26733    0.27357    0.27357
   0.45855    0.45882
 kpt#  20, nband= 50, wtk=  0.00463, kpt=  0.5000  0.5000  0.0000 (reduced coord)
  -1.94277   -1.94276   -1.94276   -1.94276   -0.79985   -0.79985   -0.79985   -0.79985
  -0.79465   -0.79465   -0.79465   -0.79465   -0.78856   -0.78856   -0.78856   -0.78856
  -0.34499   -0.34499   -0.34498   -0.34498   -0.31780   -0.31780   -0.31780   -0.31780
   0.10752    0.10752    0.10752    0.10753    0.15261    0.15261    0.15261    0.15261
   0.15727    0.15727    0.15728    0.15728    0.18951    0.18951    0.18952    0.18952
   0.21941    0.21941    0.21942    0.21942    0.27085    0.27085    0.27085    0.27085
   0.45665    0.45665
 kpt#  21, nband= 50, wtk=  0.00926, kpt=  0.0000  0.0000  0.1667 (reduced coord)
  -1.94323   -1.94266   -1.94258   -1.94258   -0.80430   -0.80425   -0.80373   -0.79413
  -0.79377   -0.79260   -0.79230   -0.79122   -0.79099   -0.78940   -0.78707   -0.78706
  -0.39071   -0.33586   -0.32861   -0.32791   -0.32512   -0.31708   -0.31651   -0.30090
   0.06620    0.06634    0.08212    0.10164    0.10556    0.11052    0.15611    0.15774
   0.16172    0.16253    0.16888    0.17051    0.22049    0.22397    0.22784    0.23170
   0.23923    0.23978    0.24481    0.25867    0.25934    0.26028    0.26682    0.26771
   0.44832    0.45169
 kpt#  22, nband= 50, wtk=  0.00926, kpt=  0.1667  0.0000  0.1667 (reduced coord)
  -1.94319   -1.94265   -1.94263   -1.94259   -0.80346   -0.80335   -0.80315   -0.79492
  -0.79364   -0.79225   -0.79222   -0.79178   -0.79116   -0.79021   -0.78756   -0.78748
  -0.38628   -0.33458   -0.32855   -0.32641   -0.32529   -0.32204   -0.31808   -0.30281
   0.07166    0.07588    0.08070    0.10363    0.10795    0.12513    0.14933    0.15363
   0.15458    0.15875    0.16566    0.16871    0.21643    0.22082    0.22670    0.22941
   0.24156    0.24176    0.24562    0.25031    0.25625    0.26248    0.26266    0.26764
   0.45629    0.45739
 kpt#  23, nband= 50, wtk=  0.00926, kpt=  0.3333  0.0000  0.1667 (reduced coord)
  -1.94307   -1.94275   -1.94264   -1.94260   -0.80157   -0.80124   -0.80070   -0.79691
  -0.79479   -0.79312   -0.79276   -0.79132   -0.79130   -0.79098   -0.78863   -0.78857
  -0.37390   -0.33749   -0.33122   -0.32738   -0.32570   -0.32340   -0.31958   -0.30792
   0.08625    0.08681    0.10241    0.10976    0.11463    0.12851    0.13635    0.13991
   0.14126    0.15690    0.17037    0.17857    0.19395    0.20260    0.21159    0.22980
   0.23886    0.24131    0.24597    0.24714    0.25561    0.26394    0.26666    0.26671
   0.46965    0.47089
 kpt#  24, nband= 50, wtk=  0.00926, kpt=  0.5000  0.0000  0.1667 (reduced coord)
  -1.94291   -1.94291   -1.94262   -1.94262   -0.79938   -0.79938   -0.79803   -0.79803
  -0.79695   -0.79695   -0.79189   -0.79189   -0.79001   -0.79001   -0.78988   -0.78987
  -0.35622   -0.35622   -0.32752   -0.32751   -0.32564   -0.32563   -0.31453   -0.31453
   0.10104    0.10104    0.11028    0.11028    0.12410    0.12410    0.12607    0.12607
   0.14401    0.14401    0.18730    0.18730    0.19367    0.19367    0.19837    0.19838
   0.23988    0.23988    0.24872    0.24872    0.26200    0.26200    0.26751    0.26751
   0.47737    0.47909
 kpt#  25, nband= 50, wtk=  0.00926, kpt= -0.3333  0.0000  0.1667 (reduced coord)
  -1.94307   -1.94275   -1.94264   -1.94260   -0.80157   -0.80124   -0.80070   -0.79691
  -0.79479   -0.79312   -0.79276   -0.79132   -0.79130   -0.79098   -0.78863   -0.78857
  -0.37390   -0.33749   -0.33123   -0.32737   -0.32570   -0.32340   -0.31958   -0.30792
   0.08625    0.08681    0.10241    0.10976    0.11463    0.12851    0.13635    0.13992
   0.14126    0.15690    0.17038    0.17857    0.19395    0.20259    0.21159    0.22980
   0.23886    0.24131    0.24597    0.24714    0.25561    0.26394    0.26666    0.26671
   0.46950    0.47169
 kpt#  26, nband= 50, wtk=  0.00926, kpt= -0.1667  0.0000  0.1667 (reduced coord)
  -1.94319   -1.94265   -1.94263   -1.94259   -0.80346   -0.80335   -0.80315   -0.79492
  -0.79364   -0.79225   -0.79222   -0.79178   -0.79116   -0.79021   -0.78756   -0.78748
  -0.38628   -0.33459   -0.32855   -0.32641   -0.32529   -0.32204   -0.31808   -0.30281
   0.07166    0.07588    0.08070    0.10363    0.10795    0.12513    0.14932    0.15364
   0.15458    0.15875    0.16566    0.16871    0.21643    0.22082    0.22670    0.22941
   0.24156    0.24176    0.24562    0.25031    0.25624    0.26248    0.26266    0.26764
   0.45629    0.45739
 kpt#  27, nband= 50, wtk=  0.00926, kpt=  0.0000  0.1667  0.1667 (reduced coord)
  -1.94319   -1.94265   -1.94263   -1.94259   -0.80351   -0.80329   -0.80316   -0.79503
  -0.79348   -0.79225   -0.79221   -0.79184   -0.79109   -0.79030   -0.78756   -0.78747
  -0.38630   -0.33449   -0.32807   -0.32653   -0.32530   -0.32283   -0.31767   -0.30288
   0.07163    0.07589    0.08056    0.10425    0.10799    0.12483    0.15120    0.15271
   0.15581    0.15724    0.16417    0.16957    0.21534    0.22259    0.22645    0.23331
   0.23681    0.23918    0.24593    0.25290    0.25372    0.26408    0.26540    0.26579
   0.45557    0.45600
 kpt#  28, nband= 50, wtk=  0.00926, kpt=  0.1667  0.1667  0.1667 (reduced coord)
  -1.94315   -1.94265   -1.94263   -1.94263   -0.80291   -0.80276   -0.80268   -0.79447
  -0.79417   -0.79338   -0.79189   -0.79171   -0.79145   -0.79061   -0.78818   -0.78721
  -0.38231   -0.33448   -0.32914   -0.32713   -0.32461   -0.32253   -0.32060   -0.30449
   0.08029    0.08143    0.08172    0.10555    0.11149    0.13482    0.14645    0.14781
   0.15434    0.15920    0.15991    0.16255    0.21827    0.22174    0.22270    0.22371
   0.23816    0.24182    0.24632    0.25005    0.25316    0.25696    0.26017    0.26808
   0.45883    0.46298
 kpt#  29, nband= 50, wtk=  0.00926, kpt=  0.3333  0.1667  0.1667 (reduced coord)
  -1.94304   -1.94274   -1.94264   -1.94263   -0.80157   -0.80148   -0.80097   -0.79573
  -0.79539   -0.79464   -0.79283   -0.79106   -0.79069   -0.79061   -0.78904   -0.78792
  -0.37115   -0.33853   -0.33405   -0.33056   -0.32318   -0.32240   -0.31900   -0.30877
   0.08937    0.09447    0.10538    0.11014    0.11866    0.12865    0.13709    0.13871
   0.14502    0.16126    0.16850    0.16900    0.19405    0.20767    0.21089    0.22847
   0.23250    0.23690    0.24295    0.24699    0.25478    0.25576    0.26302    0.26773
   0.46529    0.47425
 kpt#  30, nband= 50, wtk=  0.00926, kpt=  0.5000  0.1667  0.1667 (reduced coord)
  -1.94289   -1.94289   -1.94264   -1.94264   -0.80060   -0.80060   -0.79815   -0.79815
  -0.79655   -0.79655   -0.79132   -0.79132   -0.79007   -0.79006   -0.78940   -0.78940
  -0.35522   -0.35522   -0.33276   -0.33276   -0.32210   -0.32210   -0.31431   -0.31431
   0.10496    0.10496    0.11255    0.11255    0.12366    0.12366    0.12846    0.12846
   0.15021    0.15021    0.17714    0.17715    0.19544    0.19544    0.20358    0.20358
   0.23406    0.23406    0.24663    0.24663    0.25630    0.25630    0.26664    0.26664
   0.47147    0.47177
 kpt#  31, nband= 50, wtk=  0.00926, kpt= -0.3333  0.1667  0.1667 (reduced coord)
  -1.94304   -1.94274   -1.94264   -1.94263   -0.80157   -0.80148   -0.80097   -0.79573
  -0.79539   -0.79464   -0.79283   -0.79106   -0.79069   -0.79061   -0.78904   -0.78792
  -0.37115   -0.33853   -0.33405   -0.33055   -0.32317   -0.32241   -0.31900   -0.30877
   0.08937    0.09447    0.10538    0.11014    0.11866    0.12865    0.13709    0.13871
   0.14501    0.16126    0.16850    0.16900    0.19405    0.20767    0.21089    0.22847
   0.23251    0.23690    0.24295    0.24699    0.25478    0.25576    0.26302    0.26773
   0.46529    0.47469
 kpt#  32, nband= 50, wtk=  0.00926, kpt= -0.1667  0.1667  0.1667 (reduced coord)
  -1.94315   -1.94265   -1.94263   -1.94263   -0.80291   -0.80276   -0.80268   -0.79447
  -0.79417   -0.79338   -0.79189   -0.79171   -0.79146   -0.79061   -0.78818   -0.78721
  -0.38231   -0.33448   -0.32914   -0.32713   -0.32461   -0.32253   -0.32059   -0.30449
   0.08029    0.08143    0.08172    0.10555    0.11149    0.13482    0.14645    0.14781
   0.15434    0.15920    0.15991    0.16255    0.21827    0.22174    0.22270    0.22371
   0.23816    0.24182    0.24632    0.25005    0.25316    0.25696    0.26017    0.26808
   0.45883    0.46299
 kpt#  33, nband= 50, wtk=  0.00926, kpt=  0.0000  0.3333  0.1667 (reduced coord)
  -1.94307   -1.94275   -1.94264   -1.94260   -0.80158   -0.80125   -0.80065   -0.79700
  -0.79477   -0.79308   -0.79263   -0.79136   -0.79129   -0.79108   -0.78864   -0.78856
  -0.37397   -0.33758   -0.33081   -0.32735   -0.32580   -0.32185   -0.32109   -0.30821
   0.08611    0.08680    0.10226    0.11026    0.11494    0.12878    0.13670    0.14012
   0.14129    0.15773    0.16856    0.17922    0.19399    0.20271    0.21279    0.22990
   0.23522    0.23819    0.24911    0.25053    0.25113    0.26421    0.26705    0.26863
   0.46490    0.46914
 kpt#  34, nband= 50, wtk=  0.00926, kpt=  0.1667  0.3333  0.1667 (reduced coord)
  -1.94304   -1.94274   -1.94264   -1.94263   -0.80159   -0.80148   -0.80094   -0.79581
  -0.79535   -0.79467   -0.79268   -0.79117   -0.79066   -0.79059   -0.78907   -0.78791
  -0.37120   -0.33865   -0.33387   -0.33039   -0.32313   -0.32164   -0.31984   -0.30898
   0.08932    0.09463    0.10521    0.11023    0.11905    0.12828    0.13746    0.13894
   0.14526    0.16240    0.16674    0.16937    0.19414    0.20812    0.21173    0.22922
   0.23075    0.23224    0.24763    0.24810    0.25306    0.25324    0.26485    0.26823
   0.46207    0.46973
 kpt#  35, nband= 50, wtk=  0.00926, kpt=  0.3333  0.3333  0.1667 (reduced coord)
  -1.94295   -1.94272   -1.94272   -1.94266   -0.80152   -0.80144   -0.80133   -0.79764
  -0.79549   -0.79362   -0.79352   -0.79022   -0.79013   -0.78985   -0.78953   -0.78769
  -0.36340   -0.34034   -0.33965   -0.33773   -0.32016   -0.31895   -0.31828   -0.31120
   0.09847    0.11071    0.11125    0.11257    0.12822    0.13075    0.13204    0.14153
   0.15369    0.15636    0.16082    0.17956    0.19047    0.20448    0.21042    0.21291
   0.21803    0.23114    0.23270    0.23581    0.25530    0.25875    0.26204    0.26681
   0.45959    0.46634
 kpt#  36, nband= 50, wtk=  0.00926, kpt=  0.5000  0.3333  0.1667 (reduced coord)
  -1.94284   -1.94283   -1.94269   -1.94269   -0.80156   -0.80156   -0.80007   -0.80007
  -0.79475   -0.79475   -0.79164   -0.79163   -0.78943   -0.78942   -0.78856   -0.78856
  -0.35210   -0.35210   -0.33996   -0.33996   -0.31876   -0.31876   -0.31454   -0.31454
   0.10972    0.10972    0.11378    0.11378    0.13381    0.13381    0.13917    0.13917
   0.15777    0.15777    0.16548    0.16548    0.19765    0.19765    0.20674    0.20674
   0.21487    0.21487    0.23166    0.23166    0.25895    0.25895    0.26497    0.26497
   0.46151    0.46461
 kpt#  37, nband= 50, wtk=  0.00926, kpt= -0.3333  0.3333  0.1667 (reduced coord)
  -1.94295   -1.94272   -1.94272   -1.94266   -0.80152   -0.80144   -0.80134   -0.79764
  -0.79549   -0.79362   -0.79352   -0.79022   -0.79012   -0.78985   -0.78953   -0.78769
  -0.36340   -0.34034   -0.33965   -0.33773   -0.32016   -0.31896   -0.31828   -0.31120
   0.09847    0.11071    0.11126    0.11257    0.12822    0.13075    0.13204    0.14153
   0.15368    0.15637    0.16082    0.17956    0.19047    0.20448    0.21042    0.21291
   0.21803    0.23114    0.23270    0.23581    0.25530    0.25875    0.26204    0.26681
   0.45957    0.46653
 kpt#  38, nband= 50, wtk=  0.00926, kpt= -0.1667  0.3333  0.1667 (reduced coord)
  -1.94304   -1.94274   -1.94264   -1.94263   -0.80159   -0.80148   -0.80094   -0.79581
  -0.79535   -0.79467   -0.79268   -0.79117   -0.79066   -0.79059   -0.78907   -0.78791
  -0.37120   -0.33865   -0.33387   -0.33039   -0.32313   -0.32164   -0.31984   -0.30898
   0.08932    0.09463    0.10521    0.11023    0.11905    0.12828    0.13746    0.13894
   0.14526    0.16240    0.16673    0.16937    0.19414    0.20812    0.21173    0.22922
   0.23075    0.23225    0.24763    0.24810    0.25306    0.25324    0.26485    0.26823
   0.46208    0.47123
 kpt#  39, nband= 50, wtk=  0.00926, kpt=  0.0000  0.5000  0.1667 (reduced coord)
  -1.94291   -1.94291   -1.94262   -1.94262   -0.79936   -0.79936   -0.79808   -0.79807
  -0.79693   -0.79693   -0.79184   -0.79184   -0.78997   -0.78997   -0.78995   -0.78995
  -0.35636   -0.35636   -0.32653   -0.32653   -0.32588   -0.32588   -0.31518   -0.31518
   0.10092    0.10092    0.11073    0.11073    0.12439    0.12439    0.12609    0.12609
   0.14371    0.14371    0.18933    0.18934    0.19401    0.19401    0.19675    0.19676
   0.23669    0.23669    0.25089    0.25089    0.26039    0.26039    0.26927    0.26927
   0.46906    0.46911
 kpt#  40, nband= 50, wtk=  0.00926, kpt=  0.1667  0.5000  0.1667 (reduced coord)
  -1.94289   -1.94289   -1.94264   -1.94264   -0.80061   -0.80061   -0.79810   -0.79810
  -0.79662   -0.79662   -0.79118   -0.79118   -0.79022   -0.79022   -0.78936   -0.78936
  -0.35534   -0.35534   -0.33247   -0.33247   -0.32179   -0.32179   -0.31484   -0.31484
   0.10540    0.10540    0.11230    0.11230    0.12348    0.12348    0.12879    0.12879
   0.15000    0.15000    0.17787    0.17787    0.19677    0.19677    0.20230    0.20231
   0.23176    0.23176    0.24847    0.24847    0.25490    0.25490    0.26772    0.26772
   0.46563    0.46566
 kpt#  41, nband= 50, wtk=  0.00926, kpt=  0.3333  0.5000  0.1667 (reduced coord)
  -1.94284   -1.94283   -1.94269   -1.94269   -0.80157   -0.80157   -0.80005   -0.80005
  -0.79478   -0.79478   -0.79159   -0.79158   -0.78947   -0.78947   -0.78854   -0.78854
  -0.35217   -0.35217   -0.33985   -0.33984   -0.31855   -0.31855   -0.31481   -0.31481
   0.11021    0.11021    0.11349    0.11349    0.13376    0.13376    0.13877    0.13878
   0.15734    0.15734    0.16655    0.16655    0.19917    0.19917    0.20563    0.20563
   0.21330    0.21330    0.23244    0.23244    0.25845    0.25845    0.26551    0.26551
   0.45924    0.45926
 kpt#  42, nband= 50, wtk=  0.00926, kpt=  0.5000  0.5000  0.1667 (reduced coord)
  -1.94276   -1.94276   -1.94276   -1.94276   -0.80139   -0.80138   -0.80138   -0.80138
  -0.79305   -0.79305   -0.79305   -0.79305   -0.78855   -0.78855   -0.78854   -0.78854
  -0.34683   -0.34683   -0.34683   -0.34683   -0.31609   -0.31609   -0.31609   -0.31609
   0.11206    0.11206    0.11206    0.11206    0.14886    0.14886    0.14887    0.14887
   0.15719    0.15719    0.15719    0.15719    0.19913    0.19913    0.19913    0.19914
   0.21561    0.21561    0.21562    0.21562    0.26323    0.26323    0.26323    0.26323
   0.45862    0.45862
 kpt#  43, nband= 50, wtk=  0.00926, kpt= -0.3333  0.5000  0.1667 (reduced coord)
  -1.94284   -1.94283   -1.94269   -1.94269   -0.80157   -0.80156   -0.80005   -0.80005
  -0.79478   -0.79478   -0.79159   -0.79158   -0.78947   -0.78947   -0.78854   -0.78854
  -0.35217   -0.35217   -0.33985   -0.33985   -0.31855   -0.31854   -0.31481   -0.31481
   0.11021    0.11021    0.11349    0.11349    0.13376    0.13376    0.13877    0.13877
   0.15734    0.15734    0.16655    0.16655    0.19917    0.19917    0.20563    0.20563
   0.21330    0.21330    0.23244    0.23244    0.25845    0.25845    0.26551    0.26551
   0.45925    0.45935
 kpt#  44, nband= 50, wtk=  0.00926, kpt= -0.1667  0.5000  0.1667 (reduced coord)
  -1.94289   -1.94289   -1.94264   -1.94264   -0.80061   -0.80061   -0.79810   -0.79810
  -0.79662   -0.79662   -0.79118   -0.79118   -0.79022   -0.79022   -0.78936   -0.78936
  -0.35534   -0.35534   -0.33247   -0.33247   -0.32179   -0.32179   -0.31484   -0.31484
   0.10540    0.10540    0.11230    0.11230    0.12348    0.12348    0.12879    0.12879
   0.15000    0.15000    0.17787    0.17787    0.19677    0.19677    0.20230    0.20231
   0.23176    0.23176    0.24847    0.24847    0.25491    0.25491    0.26772    0.26772
   0.46564    0.46565
 kpt#  45, nband= 50, wtk=  0.00926, kpt=  0.0000 -0.3333  0.1667 (reduced coord)
  -1.94307   -1.94275   -1.94264   -1.94260   -0.80158   -0.80125   -0.80065   -0.79700
  -0.79477   -0.79308   -0.79263   -0.79136   -0.79129   -0.79108   -0.78864   -0.78856
  -0.37397   -0.33758   -0.33081   -0.32735   -0.32580   -0.32185   -0.32109   -0.30821
   0.08611    0.08680    0.10226    0.11026    0.11494    0.12878    0.13670    0.14012
   0.14129    0.15773    0.16856    0.17922    0.19399    0.20271    0.21279    0.22990
   0.23522    0.23819    0.24911    0.25053    0.25113    0.26421    0.26705    0.26863
   0.46490    0.46915
 kpt#  46, nband= 50, wtk=  0.00926, kpt=  0.1667 -0.3333  0.1667 (reduced coord)
  -1.94304   -1.94274   -1.94264   -1.94263   -0.80159   -0.80148   -0.80094   -0.79581
  -0.79535   -0.79467   -0.79268   -0.79117   -0.79066   -0.79059   -0.78907   -0.78791
  -0.37120   -0.33865   -0.33387   -0.33039   -0.32313   -0.32164   -0.31984   -0.30898
   0.08932    0.09463    0.10521    0.11023    0.11905    0.12828    0.13746    0.13894
   0.14526    0.16240    0.16674    0.16937    0.19414    0.20812    0.21173    0.22922
   0.23075    0.23224    0.24763    0.24810    0.25306    0.25324    0.26485    0.26823
   0.46207    0.46913
 kpt#  47, nband= 50, wtk=  0.00926, kpt=  0.3333 -0.3333  0.1667 (reduced coord)
  -1.94295   -1.94272   -1.94272   -1.94266   -0.80152   -0.80144   -0.80133   -0.79764
  -0.79549   -0.79362   -0.79352   -0.79022   -0.79013   -0.78985   -0.78953   -0.78769
  -0.36340   -0.34034   -0.33965   -0.33773   -0.32016   -0.31895   -0.31828   -0.31120
   0.09847    0.11071    0.11125    0.11257    0.12822    0.13075    0.13204    0.14153
   0.15369    0.15636    0.16082    0.17956    0.19047    0.20448    0.21042    0.21291
   0.21803    0.23114    0.23270    0.23581    0.25530    0.25875    0.26204    0.26681
   0.45957    0.46636
 kpt#  48, nband= 50, wtk=  0.00926, kpt=  0.5000 -0.3333  0.1667 (reduced coord)
  -1.94284   -1.94283   -1.94269   -1.94269   -0.80156   -0.80156   -0.80007   -0.80007
  -0.79475   -0.79475   -0.79164   -0.79163   -0.78943   -0.78942   -0.78856   -0.78856
  -0.35210   -0.35210   -0.33996   -0.33996   -0.31876   -0.31876   -0.31454   -0.31454
   0.10972    0.10972    0.11378    0.11378    0.13381    0.13381    0.13917    0.13917
   0.15777    0.15777    0.16548    0.16548    0.19765    0.19765    0.20674    0.20674
   0.21487    0.21487    0.23166    0.23166    0.25895    0.25895    0.26497    0.26497
   0.46155    0.46177
 kpt#  49, nband= 50, wtk=  0.00926, kpt= -0.3333 -0.3333  0.1667 (reduced coord)
  -1.94295   -1.94272   -1.94272   -1.94266   -0.80152   -0.80144   -0.80134   -0.79764
  -0.79549   -0.79362   -0.79352   -0.79022   -0.79012   -0.78985   -0.78953   -0.78769
  -0.36340   -0.34034   -0.33965   -0.33773   -0.32016   -0.31896   -0.31828   -0.31120
   0.09847    0.11071    0.11126    0.11257    0.12822    0.13075    0.13204    0.14153
   0.15368    0.15637    0.16082    0.17956    0.19047    0.20448    0.21042    0.21291
   0.21803    0.23114    0.23270    0.23581    0.25530    0.25875    0.26204    0.26681
   0.45959    0.46787
 kpt#  50, nband= 50, wtk=  0.00926, kpt= -0.1667 -0.3333  0.1667 (reduced coord)
  -1.94304   -1.94274   -1.94264   -1.94263   -0.80159   -0.80148   -0.80094   -0.79581
  -0.79535   -0.79467   -0.79268   -0.79117   -0.79066   -0.79059   -0.78907   -0.78791
  -0.37120   -0.33865   -0.33387   -0.33039   -0.32313   -0.32164   -0.31984   -0.30898
   0.08932    0.09463    0.10521    0.11023    0.11905    0.12828    0.13746    0.13894
   0.14526    0.16240    0.16673    0.16937    0.19414    0.20812    0.21173    0.22922
   0.23075    0.23225    0.24763    0.24810    0.25306    0.25324    0.26485    0.26823
   0.46207    0.46923
 kpt#  51, nband= 50, wtk=  0.00926, kpt=  0.0000 -0.1667  0.1667 (reduced coord)
  -1.94319   -1.94265   -1.94263   -1.94259   -0.80351   -0.80329   -0.80316   -0.79503
  -0.79348   -0.79225   -0.79221   -0.79184   -0.79109   -0.79030   -0.78756   -0.78747
  -0.38630   -0.33449   -0.32807   -0.32653   -0.32530   -0.32283   -0.31767   -0.30288
   0.07163    0.07589    0.08056    0.10425    0.10799    0.12483    0.15120    0.15271
   0.15581    0.15724    0.16417    0.16957    0.21534    0.22259    0.22645    0.23331
   0.23681    0.23918    0.24593    0.25290    0.25372    0.26408    0.26540    0.26579
   0.45557    0.45599
 kpt#  52, nband= 50, wtk=  0.00926, kpt=  0.1667 -0.1667  0.1667 (reduced coord)
  -1.94315   -1.94265   -1.94263   -1.94263   -0.80291   -0.80276   -0.80268   -0.79447
  -0.79417   -0.79338   -0.79189   -0.79171   -0.79145   -0.79061   -0.78818   -0.78721
  -0.38231   -0.33448   -0.32914   -0.32713   -0.32461   -0.32253   -0.32060   -0.30449
   0.08029    0.08143    0.08172    0.10555    0.11149    0.13482    0.14645    0.14781
   0.15434    0.15920    0.15991    0.16255    0.21827    0.22174    0.22270    0.22371
   0.23816    0.24182    0.24632    0.25005    0.25316    0.25696    0.26017    0.26808
   0.45883    0.46299
 kpt#  53, nband= 50, wtk=  0.00926, kpt=  0.3333 -0.1667  0.1667 (reduced coord)
  -1.94304   -1.94274   -1.94264   -1.94263   -0.80157   -0.80148   -0.80097   -0.79573
  -0.79539   -0.79464   -0.79283   -0.79106   -0.79069   -0.79061   -0.78904   -0.78792
  -0.37115   -0.33853   -0.33405   -0.33056   -0.32318   -0.32240   -0.31900   -0.30877
   0.08937    0.09447    0.10538    0.11014    0.11866    0.12865    0.13709    0.13871
   0.14502    0.16126    0.16850    0.16900    0.19405    0.20767    0.21089    0.22847
   0.23250    0.23690    0.24295    0.24699    0.25478    0.25576    0.26302    0.26773
   0.46528    0.47414
 kpt#  54, nband= 50, wtk=  0.00926, kpt=  0.5000 -0.1667  0.1667 (reduced coord)
  -1.94289   -1.94289   -1.94264   -1.94264   -0.80060   -0.80060   -0.79815   -0.79815
  -0.79655   -0.79655   -0.79132   -0.79132   -0.79007   -0.79006   -0.78940   -0.78940
  -0.35522   -0.35522   -0.33276   -0.33276   -0.32210   -0.32210   -0.31431   -0.31431
   0.10496    0.10496    0.11255    0.11255    0.12366    0.12366    0.12846    0.12846
   0.15021    0.15021    0.17714    0.17715    0.19544    0.19544    0.20358    0.20358
   0.23406    0.23406    0.24663    0.24663    0.25630    0.25630    0.26664    0.26664
   0.47148    0.47466
 kpt#  55, nband= 50, wtk=  0.00926, kpt= -0.3333 -0.1667  0.1667 (reduced coord)
  -1.94304   -1.94274   -1.94264   -1.94263   -0.80157   -0.80148   -0.80097   -0.79573
  -0.79539   -0.79464   -0.79283   -0.79106   -0.79069   -0.79061   -0.78904   -0.78792
  -0.37115   -0.33853   -0.33405   -0.33055   -0.32317   -0.32241   -0.31900   -0.30877
   0.08937    0.09447    0.10538    0.11014    0.11866    0.12865    0.13709    0.13871
   0.14501    0.16126    0.16850    0.16900    0.19405    0.20767    0.21089    0.22847
   0.23251    0.23690    0.24295    0.24699    0.25478    0.25576    0.26302    0.26773
   0.46528    0.47450
 kpt#  56, nband= 50, wtk=  0.00926, kpt= -0.1667 -0.1667  0.1667 (reduced coord)
  -1.94315   -1.94265   -1.94263   -1.94263   -0.80291   -0.80276   -0.80268   -0.79447
  -0.79417   -0.79338   -0.79189   -0.79171   -0.79146   -0.79061   -0.78818   -0.78721
  -0.38231   -0.33448   -0.32914   -0.32713   -0.32461   -0.32253   -0.32059   -0.30449
   0.08029    0.08143    0.08172    0.10555    0.11149    0.13482    0.14645    0.14781
   0.15434    0.15920    0.15991    0.16255    0.21827    0.22174    0.22270    0.22371
   0.23816    0.24182    0.24632    0.25005    0.25316    0.25696    0.26017    0.26808
   0.45883    0.46303
 kpt#  57, nband= 50, wtk=  0.00926, kpt=  0.0000  0.0000  0.3333 (reduced coord)
  -1.94311   -1.94278   -1.94258   -1.94258   -0.80214   -0.80211   -0.80094   -0.79619
  -0.79605   -0.79287   -0.79263   -0.79255   -0.79017   -0.79012   -0.78790   -0.78790
  -0.37824   -0.34083   -0.32907   -0.32595   -0.32549   -0.31928   -0.31894   -0.30883
   0.08242    0.08248    0.10980    0.11100    0.11321    0.13433    0.13462    0.13532
   0.14327    0.14636    0.18271    0.18298    0.19749    0.21506    0.21961    0.22066
   0.22365    0.22857    0.24153    0.24282    0.26560    0.26605    0.26838    0.26839
   0.45723    0.46644
 kpt#  58, nband= 50, wtk=  0.00926, kpt=  0.1667  0.0000  0.3333 (reduced coord)
  -1.94308   -1.94276   -1.94262   -1.94260   -0.80175   -0.80136   -0.80083   -0.79692
  -0.79561   -0.79387   -0.79218   -0.79182   -0.79096   -0.79014   -0.78840   -0.78792
  -0.37470   -0.33994   -0.32832   -0.32719   -0.32466   -0.32324   -0.31969   -0.30996
   0.08663    0.09092    0.10455    0.11177    0.11959    0.13273    0.13748    0.14192
   0.14374    0.15024    0.17118    0.17748    0.20080    0.20615    0.22047    0.22212
   0.22833    0.23459    0.23658    0.23822    0.25962    0.25993    0.26369    0.26583
   0.46293    0.47006
 kpt#  59, nband= 50, wtk=  0.00926, kpt=  0.3333  0.0000  0.3333 (reduced coord)
  -1.94298   -1.94273   -1.94271   -1.94263   -0.80055   -0.80046   -0.79939   -0.79821
  -0.79611   -0.79416   -0.79317   -0.79104   -0.79067   -0.79058   -0.78947   -0.78835
  -0.36478   -0.33740   -0.33559   -0.32986   -0.32636   -0.32243   -0.32031   -0.31301
   0.09797    0.10721    0.11110    0.11447    0.11941    0.13088    0.13521    0.14251
   0.15110    0.15629    0.17253    0.17401    0.19163    0.20192    0.20899    0.21644
   0.21924    0.23381    0.23618    0.24295    0.24974    0.25131    0.25727    0.26207
   0.47278    0.47483
 kpt#  60, nband= 50, wtk=  0.00926, kpt=  0.5000  0.0000  0.3333 (reduced coord)
  -1.94285   -1.94285   -1.94268   -1.94268   -0.79971   -0.79971   -0.79855   -0.79855
  -0.79616   -0.79616   -0.79223   -0.79223   -0.79012   -0.79012   -0.78941   -0.78941
  -0.35061   -0.35061   -0.33379   -0.33379   -0.32390   -0.32390   -0.31707   -0.31707
   0.11084    0.11084    0.11679    0.11679    0.12112    0.12112    0.14537    0.14537
   0.14735    0.14735    0.18325    0.18326    0.19009    0.19009    0.20548    0.20548
   0.21656    0.21656    0.24538    0.24538    0.24729    0.24729    0.25761    0.25762
   0.47423    0.47632
 kpt#  61, nband= 50, wtk=  0.00926, kpt= -0.3333  0.0000  0.3333 (reduced coord)
  -1.94298   -1.94273   -1.94271   -1.94263   -0.80054   -0.80046   -0.79939   -0.79821
  -0.79611   -0.79416   -0.79317   -0.79104   -0.79068   -0.79058   -0.78947   -0.78836
  -0.36478   -0.33740   -0.33559   -0.32986   -0.32635   -0.32243   -0.32031   -0.31301
   0.09797    0.10721    0.11110    0.11447    0.11941    0.13087    0.13521    0.14251
   0.15110    0.15629    0.17253    0.17401    0.19163    0.20192    0.20899    0.21644
   0.21924    0.23381    0.23618    0.24295    0.24974    0.25131    0.25727    0.26207
   0.47327    0.47498
 kpt#  62, nband= 50, wtk=  0.00926, kpt= -0.1667  0.0000  0.3333 (reduced coord)
  -1.94308   -1.94276   -1.94262   -1.94260   -0.80175   -0.80136   -0.80083   -0.79692
  -0.79561   -0.79387   -0.79218   -0.79182   -0.79096   -0.79014   -0.78840   -0.78792
  -0.37470   -0.33994   -0.32832   -0.32719   -0.32466   -0.32323   -0.31969   -0.30996
   0.08663    0.09092    0.10455    0.11177    0.11959    0.13273    0.13749    0.14192
   0.14374    0.15024    0.17118    0.17748    0.20080    0.20615    0.22047    0.22212
   0.22834    0.23459    0.23658    0.23822    0.25962    0.25993    0.26369    0.26583
   0.46292    0.46996
 kpt#  63, nband= 50, wtk=  0.00926, kpt=  0.0000  0.1667  0.3333 (reduced coord)
  -1.94308   -1.94276   -1.94262   -1.94260   -0.80174   -0.80133   -0.80083   -0.79699
  -0.79558   -0.79385   -0.79214   -0.79185   -0.79095   -0.79021   -0.78838   -0.78791
  -0.37472   -0.33993   -0.32830   -0.32716   -0.32429   -0.32400   -0.31931   -0.30997
   0.08671    0.09077    0.10409    0.11386    0.11811    0.13352    0.13689    0.14068
   0.14546    0.14954    0.17057    0.17821    0.19978    0.20541    0.22195    0.22279
   0.23001    0.23457    0.23548    0.23646    0.25924    0.26041    0.26447    0.26580
   0.46237    0.46731
 kpt#  64, nband= 50, wtk=  0.00926, kpt=  0.1667  0.1667  0.3333 (reduced coord)
  -1.94304   -1.94275   -1.94263   -1.94263   -0.80172   -0.80152   -0.80097   -0.79578
  -0.79565   -0.79494   -0.79184   -0.79174   -0.79144   -0.78992   -0.78842   -0.78792
  -0.37172   -0.34045   -0.33012   -0.32865   -0.32649   -0.32092   -0.31951   -0.31075
   0.09357    0.09552    0.10350    0.11586    0.12035    0.13562    0.13824    0.14373
   0.14500    0.15528    0.16394    0.16560    0.20340    0.21551    0.21928    0.22044
   0.23032    0.23141    0.23521    0.23558    0.25369    0.25640    0.25796    0.26047
   0.46421    0.47045
 kpt#  65, nband= 50, wtk=  0.00926, kpt=  0.3333  0.1667  0.3333 (reduced coord)
  -1.94296   -1.94273   -1.94272   -1.94265   -0.80169   -0.80127   -0.80113   -0.79734
  -0.79547   -0.79323   -0.79322   -0.79089   -0.79049   -0.78994   -0.78903   -0.78834
  -0.36331   -0.34044   -0.33861   -0.33443   -0.32300   -0.31988   -0.31785   -0.31286
   0.10412    0.10814    0.11328    0.11815    0.12170    0.13481    0.13882    0.14247
   0.15095    0.15197    0.15931    0.17480    0.20018    0.20587    0.21066    0.22144
   0.22447    0.23071    0.23351    0.23658    0.24362    0.24616    0.25150    0.25747
   0.46699    0.47752
 kpt#  66, nband= 50, wtk=  0.00926, kpt=  0.5000  0.1667  0.3333 (reduced coord)
  -1.94284   -1.94283   -1.94269   -1.94269   -0.80153   -0.80153   -0.79968   -0.79968
  -0.79455   -0.79455   -0.79096   -0.79095   -0.78988   -0.78987   -0.78945   -0.78945
  -0.35126   -0.35126   -0.33847   -0.33847   -0.32028   -0.32028   -0.31562   -0.31562
   0.11444    0.11444    0.11946    0.11947    0.12419    0.12419    0.13986    0.13986
   0.15326    0.15326    0.17261    0.17261    0.19996    0.19996    0.20751    0.20751
   0.22078    0.22078    0.23930    0.23931    0.24076    0.24076    0.25476    0.25476
   0.47075    0.47078
 kpt#  67, nband= 50, wtk=  0.00926, kpt= -0.3333  0.1667  0.3333 (reduced coord)
  -1.94296   -1.94273   -1.94272   -1.94265   -0.80168   -0.80127   -0.80113   -0.79734
  -0.79547   -0.79323   -0.79322   -0.79089   -0.79049   -0.78994   -0.78903   -0.78834
  -0.36331   -0.34045   -0.33862   -0.33443   -0.32300   -0.31988   -0.31784   -0.31286
   0.10412    0.10814    0.11328    0.11816    0.12170    0.13481    0.13882    0.14247
   0.15095    0.15197    0.15931    0.17480    0.20018    0.20587    0.21066    0.22144
   0.22447    0.23071    0.23351    0.23658    0.24362    0.24616    0.25149    0.25747
   0.46696    0.47588
 kpt#  68, nband= 50, wtk=  0.00926, kpt= -0.1667  0.1667  0.3333 (reduced coord)
  -1.94304   -1.94275   -1.94263   -1.94263   -0.80172   -0.80152   -0.80097   -0.79578
  -0.79565   -0.79494   -0.79184   -0.79174   -0.79144   -0.78992   -0.78842   -0.78792
  -0.37172   -0.34045   -0.33012   -0.32864   -0.32649   -0.32092   -0.31951   -0.31075
   0.09357    0.09552    0.10350    0.11586    0.12035    0.13562    0.13824    0.14373
   0.14500    0.15528    0.16393    0.16560    0.20340    0.21551    0.21928    0.22044
   0.23032    0.23141    0.23521    0.23558    0.25369    0.25640    0.25796    0.26047
   0.46421    0.47040
 kpt#  69, nband= 50, wtk=  0.00926, kpt=  0.0000  0.3333  0.3333 (reduced coord)
  -1.94298   -1.94273   -1.94271   -1.94263   -0.80051   -0.80044   -0.79921   -0.79843
  -0.79606   -0.79418   -0.79321   -0.79090   -0.79079   -0.79069   -0.78938   -0.78835
  -0.36486   -0.33738   -0.33576   -0.33005   -0.32624   -0.32133   -0.32104   -0.31306
   0.09784    0.10712    0.11097    0.11607    0.11882    0.13196    0.13444    0.14154
   0.15057    0.15612    0.17309    0.17465    0.19147    0.19925    0.21180    0.21585
   0.21877    0.23404    0.23556    0.24169    0.24948    0.25278    0.25865    0.26215
   0.46858    0.47215
 kpt#  70, nband= 50, wtk=  0.00926, kpt=  0.1667  0.3333  0.3333 (reduced coord)
  -1.94296   -1.94273   -1.94272   -1.94265   -0.80170   -0.80127   -0.80108   -0.79730
  -0.79554   -0.79326   -0.79320   -0.79086   -0.79051   -0.78996   -0.78901   -0.78833
  -0.36337   -0.34043   -0.33869   -0.33451   -0.32290   -0.31921   -0.31836   -0.31291
   0.10398    0.10817    0.11345    0.11890    0.12163    0.13414    0.13942    0.14191
   0.15043    0.15198    0.15955    0.17521    0.19853    0.20637    0.21267    0.22112
   0.22273    0.23137    0.23213    0.23592    0.24491    0.24641    0.25233    0.25781
   0.46324    0.47187
 kpt#  71, nband= 50, wtk=  0.00926, kpt=  0.3333  0.3333  0.3333 (reduced coord)
  -1.94289   -1.94273   -1.94272   -1.94272   -0.80270   -0.80259   -0.80255   -0.79995
  -0.79271   -0.79240   -0.79216   -0.79021   -0.78982   -0.78956   -0.78900   -0.78809
  -0.35892   -0.34422   -0.34333   -0.34277   -0.31825   -0.31601   -0.31548   -0.31278
   0.11354    0.11698    0.11897    0.12058    0.12870    0.13963    0.14112    0.14433
   0.14867    0.15034    0.15180    0.18375    0.19291    0.21403    0.21606    0.21964
   0.22155    0.22480    0.22724    0.22798    0.23197    0.24123    0.24551    0.25258
   0.46074    0.47141
 kpt#  72, nband= 50, wtk=  0.00926, kpt=  0.5000  0.3333  0.3333 (reduced coord)
  -1.94281   -1.94280   -1.94272   -1.94272   -0.80318   -0.80318   -0.80200   -0.80200
  -0.79229   -0.79229   -0.79030   -0.79030   -0.78919   -0.78919   -0.78884   -0.78884
  -0.35180   -0.35180   -0.34528   -0.34528   -0.31575   -0.31575   -0.31340   -0.31340
   0.12020    0.12020    0.12252    0.12253    0.13256    0.13256    0.14038    0.14038
   0.15474    0.15474    0.17070    0.17070    0.20082    0.20082    0.21258    0.21258
   0.21989    0.21989    0.22327    0.22327    0.23786    0.23786    0.24978    0.24978
   0.46390    0.46463
 kpt#  73, nband= 50, wtk=  0.00926, kpt= -0.3333  0.3333  0.3333 (reduced coord)
  -1.94289   -1.94273   -1.94272   -1.94272   -0.80270   -0.80259   -0.80255   -0.79995
  -0.79271   -0.79240   -0.79216   -0.79021   -0.78982   -0.78956   -0.78900   -0.78809
  -0.35892   -0.34422   -0.34333   -0.34277   -0.31825   -0.31601   -0.31548   -0.31278
   0.11354    0.11698    0.11897    0.12058    0.12870    0.13963    0.14112    0.14433
   0.14867    0.15034    0.15180    0.18375    0.19291    0.21403    0.21606    0.21964
   0.22155    0.22480    0.22724    0.22798    0.23197    0.24124    0.24550    0.25258
   0.46073    0.46903
 kpt#  74, nband= 50, wtk=  0.00926, kpt= -0.1667  0.3333  0.3333 (reduced coord)
  -1.94296   -1.94273   -1.94272   -1.94265   -0.80170   -0.80127   -0.80108   -0.79730
  -0.79554   -0.79326   -0.79320   -0.79086   -0.79051   -0.78995   -0.78901   -0.78833
  -0.36337   -0.34043   -0.33869   -0.33451   -0.32290   -0.31921   -0.31836   -0.31291
   0.10398    0.10817    0.11345    0.11890    0.12163    0.13414    0.13942    0.14191
   0.15043    0.15198    0.15955    0.17520    0.19852    0.20637    0.21267    0.22112
   0.22273    0.23137    0.23213    0.23592    0.24491    0.24641    0.25233    0.25781
   0.46324    0.47187
 kpt#  75, nband= 50, wtk=  0.00926, kpt=  0.0000  0.5000  0.3333 (reduced coord)
  -1.94285   -1.94285   -1.94268   -1.94268   -0.79966   -0.79966   -0.79850   -0.79850
  -0.79624   -0.79624   -0.79230   -0.79230   -0.79003   -0.79003   -0.78945   -0.78945
  -0.35078   -0.35077   -0.33380   -0.33379   -0.32357   -0.32357   -0.31722   -0.31722
   0.11085    0.11085    0.11906    0.11906    0.11917    0.11918    0.14586    0.14586
   0.14595    0.14595    0.18360    0.18360    0.19142    0.19142    0.20537    0.20538
   0.21445    0.21445    0.24309    0.24309    0.25138    0.25138    0.25727    0.25727
   0.46891    0.46901
 kpt#  76, nband= 50, wtk=  0.00926, kpt=  0.1667  0.5000  0.3333 (reduced coord)
  -1.94284   -1.94283   -1.94269   -1.94269   -0.80153   -0.80153   -0.79963   -0.79963
  -0.79462   -0.79462   -0.79096   -0.79096   -0.78984   -0.78983   -0.78947   -0.78947
  -0.35138   -0.35138   -0.33846   -0.33846   -0.31994   -0.31994   -0.31584   -0.31584
   0.11454    0.11455    0.12029    0.12029    0.12365    0.12365    0.13940    0.13940
   0.15286    0.15287    0.17299    0.17299    0.20276    0.20277    0.20536    0.20536
   0.21877    0.21878    0.23745    0.23745    0.24419    0.24419    0.25490    0.25490
   0.46538    0.46539
 kpt#  77, nband= 50, wtk=  0.00926, kpt=  0.3333  0.5000  0.3333 (reduced coord)
  -1.94281   -1.94280   -1.94272   -1.94272   -0.80319   -0.80319   -0.80199   -0.80199
  -0.79233   -0.79232   -0.79024   -0.79024   -0.78926   -0.78926   -0.78880   -0.78880
  -0.35185   -0.35185   -0.34527   -0.34527   -0.31553   -0.31553   -0.31359   -0.31359
   0.12033    0.12033    0.12254    0.12254    0.13279    0.13279    0.13988    0.13988
   0.15470    0.15470    0.17087    0.17088    0.20151    0.20151    0.21263    0.21263
   0.21726    0.21726    0.22436    0.22436    0.23864    0.23864    0.24988    0.24988
   0.46075    0.46075
 kpt#  78, nband= 50, wtk=  0.00926, kpt=  0.5000  0.5000  0.3333 (reduced coord)
  -1.94276   -1.94276   -1.94276   -1.94276   -0.80337   -0.80336   -0.80336   -0.80336
  -0.79096   -0.79096   -0.79096   -0.79096   -0.78852   -0.78852   -0.78851   -0.78851
  -0.35005   -0.35005   -0.35005   -0.35005   -0.31321   -0.31321   -0.31321   -0.31321
   0.12244    0.12244    0.12244    0.12244    0.13971    0.13972    0.13972    0.13972
   0.16519    0.16519    0.16520    0.16520    0.20494    0.20495    0.20495    0.20495
   0.21487    0.21487    0.21487    0.21487    0.24564    0.24564    0.24564    0.24564
   0.46227    0.46227
 kpt#  79, nband= 50, wtk=  0.00926, kpt= -0.3333  0.5000  0.3333 (reduced coord)
  -1.94281   -1.94280   -1.94272   -1.94272   -0.80319   -0.80319   -0.80199   -0.80199
  -0.79233   -0.79232   -0.79024   -0.79024   -0.78926   -0.78926   -0.78880   -0.78880
  -0.35185   -0.35184   -0.34527   -0.34527   -0.31553   -0.31553   -0.31359   -0.31359
   0.12033    0.12033    0.12254    0.12254    0.13279    0.13279    0.13988    0.13988
   0.15470    0.15470    0.17087    0.17088    0.20151    0.20151    0.21263    0.21263
   0.21726    0.21726    0.22436    0.22436    0.23864    0.23864    0.24988    0.24988
   0.46075    0.46075
 kpt#  80, nband= 50, wtk=  0.00926, kpt= -0.1667  0.5000  0.3333 (reduced coord)
  -1.94284   -1.94283   -1.94269   -1.94269   -0.80153   -0.80153   -0.79963   -0.79963
  -0.79462   -0.79462   -0.79096   -0.79096   -0.78983   -0.78983   -0.78947   -0.78947
  -0.35138   -0.35138   -0.33846   -0.33846   -0.31994   -0.31994   -0.31584   -0.31584
   0.11454    0.11455    0.12029    0.12029    0.12365    0.12365    0.13940    0.13940
   0.15286    0.15287    0.17298    0.17298    0.20276    0.20277    0.20536    0.20536
   0.21877    0.21877    0.23745    0.23745    0.24419    0.24419    0.25490    0.25490
   0.46538    0.46539
 kpt#  81, nband= 50, wtk=  0.00926, kpt=  0.0000 -0.3333  0.3333 (reduced coord)
  -1.94298   -1.94273   -1.94271   -1.94263   -0.80051   -0.80044   -0.79921   -0.79843
  -0.79606   -0.79418   -0.79321   -0.79090   -0.79079   -0.79069   -0.78938   -0.78835
  -0.36486   -0.33738   -0.33576   -0.33005   -0.32624   -0.32133   -0.32104   -0.31306
   0.09784    0.10712    0.11097    0.11607    0.11882    0.13196    0.13444    0.14154
   0.15057    0.15612    0.17309    0.17465    0.19147    0.19925    0.21180    0.21585
   0.21877    0.23404    0.23556    0.24169    0.24948    0.25278    0.25865    0.26215
   0.46854    0.47178
 kpt#  82, nband= 50, wtk=  0.00926, kpt=  0.1667 -0.3333  0.3333 (reduced coord)
  -1.94296   -1.94273   -1.94272   -1.94265   -0.80170   -0.80127   -0.80108   -0.79730
  -0.79554   -0.79326   -0.79320   -0.79086   -0.79051   -0.78996   -0.78901   -0.78833
  -0.36337   -0.34043   -0.33869   -0.33451   -0.32290   -0.31921   -0.31836   -0.31291
   0.10398    0.10817    0.11345    0.11890    0.12163    0.13414    0.13942    0.14191
   0.15043    0.15198    0.15955    0.17521    0.19853    0.20637    0.21267    0.22112
   0.22273    0.23137    0.23213    0.23592    0.24491    0.24641    0.25233    0.25781
   0.46325    0.47239
 kpt#  83, nband= 50, wtk=  0.00926, kpt=  0.3333 -0.3333  0.3333 (reduced coord)
  -1.94289   -1.94273   -1.94272   -1.94272   -0.80270   -0.80259   -0.80255   -0.79995
  -0.79271   -0.79240   -0.79216   -0.79021   -0.78982   -0.78956   -0.78900   -0.78809
  -0.35892   -0.34422   -0.34333   -0.34277   -0.31825   -0.31601   -0.31548   -0.31278
   0.11354    0.11698    0.11897    0.12058    0.12870    0.13963    0.14112    0.14433
   0.14867    0.15034    0.15180    0.18375    0.19291    0.21403    0.21606    0.21964
   0.22155    0.22480    0.22724    0.22798    0.23197    0.24123    0.24551    0.25258
   0.46074    0.46880
 kpt#  84, nband= 50, wtk=  0.00926, kpt=  0.5000 -0.3333  0.3333 (reduced coord)
  -1.94281   -1.94280   -1.94272   -1.94272   -0.80318   -0.80318   -0.80200   -0.80200
  -0.79229   -0.79229   -0.79030   -0.79030   -0.78919   -0.78919   -0.78884   -0.78884
  -0.35180   -0.35180   -0.34528   -0.34528   -0.31575   -0.31575   -0.31340   -0.31340
   0.12020    0.12020    0.12252    0.12253    0.13256    0.13256    0.14038    0.14038
   0.15474    0.15474    0.17070    0.17070    0.20082    0.20082    0.21258    0.21258
   0.21989    0.21989    0.22327    0.22327    0.23786    0.23786    0.24978    0.24978
   0.46390    0.46489
 kpt#  85, nband= 50, wtk=  0.00926, kpt= -0.3333 -0.3333  0.3333 (reduced coord)
  -1.94289   -1.94273   -1.94272   -1.94272   -0.80270   -0.80259   -0.80255   -0.79995
  -0.79271   -0.79240   -0.79216   -0.79021   -0.78982   -0.78956   -0.78900   -0.78809
  -0.35892   -0.34422   -0.34333   -0.34277   -0.31825   -0.31601   -0.31548   -0.31278
   0.11354    0.11698    0.11897    0.12058    0.12870    0.13963    0.14112    0.14433
   0.14867    0.15034    0.15180    0.18375    0.19291    0.21403    0.21606    0.21964
   0.22155    0.22480    0.22724    0.22798    0.23197    0.24124    0.24550    0.25258
   0.46073    0.46886
 kpt#  86, nband= 50, wtk=  0.00926, kpt= -0.1667 -0.3333  0.3333 (reduced coord)
  -1.94296   -1.94273   -1.94272   -1.94265   -0.80170   -0.80127   -0.80108   -0.79730
  -0.79554   -0.79326   -0.79320   -0.79086   -0.79051   -0.78995   -0.78901   -0.78833
  -0.36337   -0.34043   -0.33869   -0.33451   -0.32290   -0.31921   -0.31836   -0.31291
   0.10398    0.10817    0.11345    0.11890    0.12163    0.13414    0.13942    0.14191
   0.15043    0.15198    0.15955    0.17520    0.19852    0.20637    0.21267    0.22112
   0.22273    0.23137    0.23213    0.23592    0.24491    0.24641    0.25233    0.25781
   0.46324    0.47164
 kpt#  87, nband= 50, wtk=  0.00926, kpt=  0.0000 -0.1667  0.3333 (reduced coord)
  -1.94308   -1.94276   -1.94262   -1.94260   -0.80174   -0.80133   -0.80083   -0.79699
  -0.79558   -0.79385   -0.79214   -0.79185   -0.79095   -0.79021   -0.78838   -0.78791
  -0.37472   -0.33993   -0.32830   -0.32716   -0.32429   -0.32400   -0.31931   -0.30997
   0.08671    0.09077    0.10409    0.11386    0.11811    0.13352    0.13689    0.14068
   0.14546    0.14954    0.17057    0.17821    0.19978    0.20541    0.22195    0.22279
   0.23001    0.23457    0.23548    0.23646    0.25924    0.26041    0.26447    0.26580
   0.46237    0.46731
 kpt#  88, nband= 50, wtk=  0.00926, kpt=  0.1667 -0.1667  0.3333 (reduced coord)
  -1.94304   -1.94275   -1.94263   -1.94263   -0.80172   -0.80152   -0.80097   -0.79578
  -0.79565   -0.79494   -0.79184   -0.79174   -0.79144   -0.78992   -0.78842   -0.78792
  -0.37172   -0.34045   -0.33012   -0.32865   -0.32649   -0.32092   -0.31951   -0.31075
   0.09357    0.09552    0.10350    0.11586    0.12035    0.13562    0.13824    0.14373
   0.14500    0.15528    0.16394    0.16560    0.20340    0.21551    0.21928    0.22044
   0.23032    0.23141    0.23521    0.23558    0.25369    0.25640    0.25796    0.26047
   0.46421    0.47041
 kpt#  89, nband= 50, wtk=  0.00926, kpt=  0.3333 -0.1667  0.3333 (reduced coord)
  -1.94296   -1.94273   -1.94272   -1.94265   -0.80169   -0.80127   -0.80113   -0.79734
  -0.79547   -0.79323   -0.79322   -0.79089   -0.79049   -0.78994   -0.78903   -0.78834
  -0.36331   -0.34044   -0.33861   -0.33443   -0.32300   -0.31988   -0.31785   -0.31286
   0.10412    0.10814    0.11328    0.11815    0.12170    0.13481    0.13882    0.14247
   0.15095    0.15197    0.15931    0.17480    0.20018    0.20587    0.21066    0.22144
   0.22447    0.23071    0.23351    0.23658    0.24362    0.24616    0.25150    0.25747
   0.46698    0.47543
 kpt#  90, nband= 50, wtk=  0.00926, kpt=  0.5000 -0.1667  0.3333 (reduced coord)
  -1.94284   -1.94283   -1.94269   -1.94269   -0.80153   -0.80153   -0.79968   -0.79968
  -0.79455   -0.79455   -0.79096   -0.79095   -0.78988   -0.78987   -0.78945   -0.78945
  -0.35126   -0.35126   -0.33847   -0.33847   -0.32028   -0.32028   -0.31562   -0.31562
   0.11444    0.11444    0.11946    0.11947    0.12419    0.12419    0.13986    0.13986
   0.15326    0.15326    0.17261    0.17261    0.19996    0.19996    0.20751    0.20751
   0.22078    0.22078    0.23930    0.23931    0.24076    0.24076    0.25476    0.25476
   0.47075    0.47123
 kpt#  91, nband= 50, wtk=  0.00926, kpt= -0.3333 -0.1667  0.3333 (reduced coord)
  -1.94296   -1.94273   -1.94272   -1.94265   -0.80168   -0.80127   -0.80113   -0.79734
  -0.79547   -0.79323   -0.79322   -0.79089   -0.79049   -0.78994   -0.78903   -0.78834
  -0.36331   -0.34045   -0.33862   -0.33443   -0.32300   -0.31988   -0.31784   -0.31286
   0.10412    0.10814    0.11328    0.11816    0.12170    0.13481    0.13882    0.14247
   0.15095    0.15197    0.15931    0.17480    0.20018    0.20587    0.21066    0.22144
   0.22447    0.23071    0.23351    0.23658    0.24362    0.24616    0.25149    0.25747
   0.46696    0.47559
 kpt#  92, nband= 50, wtk=  0.00926, kpt= -0.1667 -0.1667  0.3333 (reduced coord)
  -1.94304   -1.94275   -1.94263   -1.94263   -0.80172   -0.80152   -0.80097   -0.79578
  -0.79565   -0.79494   -0.79184   -0.79174   -0.79144   -0.78992   -0.78842   -0.78792
  -0.37172   -0.34045   -0.33012   -0.32864   -0.32649   -0.32092   -0.31951   -0.31075
   0.09357    0.09552    0.10350    0.11586    0.12035    0.13562    0.13824    0.14373
   0.14500    0.15528    0.16393    0.16560    0.20340    0.21551    0.21928    0.22044
   0.23032    0.23141    0.23521    0.23558    0.25369    0.25640    0.25796    0.26047
   0.46421    0.47040
 kpt#  93, nband= 50, wtk=  0.00463, kpt=  0.0000  0.0000  0.5000 (reduced coord)
  -1.94295   -1.94294   -1.94258   -1.94258   -0.79917   -0.79917   -0.79912   -0.79912
  -0.79698   -0.79698   -0.79263   -0.79263   -0.78913   -0.78913   -0.78895   -0.78895
  -0.36028   -0.36028   -0.32246   -0.32245   -0.32227   -0.32226   -0.31927   -0.31926
   0.10651    0.10652    0.10707    0.10707    0.12164    0.12165    0.13014    0.13014
   0.15061    0.15061    0.17712    0.17712    0.20130    0.20130    0.20265    0.20265
   0.21943    0.21944    0.24701    0.24701    0.26781    0.26781    0.26931    0.26931
   0.47012    0.47014
 kpt#  94, nband= 50, wtk=  0.00926, kpt=  0.1667  0.0000  0.5000 (reduced coord)
  -1.94292   -1.94292   -1.94261   -1.94261   -0.79950   -0.79949   -0.79840   -0.79839
  -0.79748   -0.79748   -0.79199   -0.79199   -0.78979   -0.78979   -0.78888   -0.78887
  -0.35801   -0.35801   -0.32535   -0.32535   -0.32196   -0.32195   -0.31942   -0.31942
   0.10815    0.10815    0.11380    0.11380    0.12087    0.12087    0.12821    0.12822
   0.15784    0.15784    0.18214    0.18214    0.18905    0.18905    0.19850    0.19850
   0.23037    0.23037    0.23949    0.23949    0.26261    0.26261    0.26381    0.26381
   0.47267    0.47272
 kpt#  95, nband= 50, wtk=  0.00926, kpt=  0.3333  0.0000  0.5000 (reduced coord)
  -1.94285   -1.94285   -1.94267   -1.94267   -0.79976   -0.79976   -0.79855   -0.79855
  -0.79662   -0.79662   -0.79165   -0.79165   -0.79066   -0.79066   -0.78891   -0.78891
  -0.35162   -0.35162   -0.33286   -0.33285   -0.32133   -0.32132   -0.31985   -0.31985
   0.11129    0.11129    0.11786    0.11786    0.12969    0.12970    0.13079    0.13079
   0.16930    0.16931    0.17544    0.17544    0.18965    0.18965    0.19656    0.19656
   0.21701    0.21701    0.23965    0.23965    0.24992    0.24992    0.25755    0.25755
   0.47456    0.47534
 kpt#  96, nband= 50, wtk=  0.00463, kpt=  0.5000  0.0000  0.5000 (reduced coord)
  -1.94276   -1.94276   -1.94276   -1.94276   -0.79946   -0.79946   -0.79945   -0.79945
  -0.79416   -0.79416   -0.79416   -0.79415   -0.78950   -0.78950   -0.78950   -0.78950
  -0.34251   -0.34251   -0.34251   -0.34251   -0.32055   -0.32055   -0.32055   -0.32055
   0.11456    0.11456    0.11456    0.11456    0.13638    0.13638    0.13639    0.13639
   0.17636    0.17636    0.17636    0.17636    0.18734    0.18734    0.18734    0.18734
   0.22226    0.22226    0.22226    0.22227    0.25261    0.25261    0.25262    0.25262
   0.47421    0.47421
 kpt#  97, nband= 50, wtk=  0.00926, kpt=  0.0000  0.1667  0.5000 (reduced coord)
  -1.94292   -1.94292   -1.94261   -1.94261   -0.79942   -0.79941   -0.79848   -0.79848
  -0.79747   -0.79747   -0.79198   -0.79198   -0.78985   -0.78985   -0.78883   -0.78883
  -0.35803   -0.35803   -0.32561   -0.32561   -0.32169   -0.32169   -0.31939   -0.31939
   0.10764    0.10764    0.11436    0.11436    0.12125    0.12125    0.12824    0.12824
   0.15645    0.15645    0.18306    0.18306    0.18867    0.18867    0.19885    0.19886
   0.23027    0.23028    0.23952    0.23952    0.26265    0.26265    0.26399    0.26399
   0.47077    0.47077
 kpt#  98, nband= 50, wtk=  0.00926, kpt=  0.1667  0.1667  0.5000 (reduced coord)
  -1.94290   -1.94290   -1.94263   -1.94263   -0.80076   -0.80072   -0.79883   -0.79759
  -0.79669   -0.79662   -0.79158   -0.79156   -0.79074   -0.78927   -0.78894   -0.78878
  -0.35675   -0.35624   -0.33011   -0.32969   -0.31986   -0.31958   -0.31942   -0.31858
   0.10997    0.11102    0.11908    0.11999    0.12017    0.12223    0.12528    0.13206
   0.15433    0.16797    0.17448    0.17450    0.18585    0.18721    0.20789    0.20873
   0.23034    0.23056    0.23071    0.24068    0.25538    0.25626    0.25697    0.26006
   0.46617    0.48174
 kpt#  99, nband= 50, wtk=  0.00926, kpt=  0.3333  0.1667  0.5000 (reduced coord)
  -1.94284   -1.94284   -1.94269   -1.94268   -0.80177   -0.80121   -0.80055   -0.79901
  -0.79480   -0.79404   -0.79185   -0.79062   -0.79045   -0.79003   -0.78896   -0.78878
  -0.35250   -0.35160   -0.33775   -0.33690   -0.31918   -0.31867   -0.31759   -0.31757
   0.11402    0.11659    0.11993    0.12000    0.12922    0.12988    0.13290    0.13831
   0.15755    0.16116    0.16572    0.18235    0.19545    0.19609    0.20235    0.20826
   0.21234    0.22597    0.23462    0.23517    0.24137    0.24677    0.24695    0.25548
   0.46648    0.47796
 kpt# 100, nband= 50, wtk=  0.00926, kpt=  0.5000  0.1667  0.5000 (reduced coord)
  -1.94276   -1.94276   -1.94276   -1.94276   -0.80170   -0.80170   -0.80051   -0.80051
  -0.79324   -0.79324   -0.79169   -0.79169   -0.78960   -0.78960   -0.78931   -0.78931
  -0.34579   -0.34579   -0.34474   -0.34474   -0.31866   -0.31866   -0.31706   -0.31706
   0.11744    0.11744    0.11990    0.11990    0.13348    0.13348    0.13848    0.13848
   0.16559    0.16559    0.17241    0.17241    0.19764    0.19764    0.20251    0.20251
   0.21855    0.21856    0.21973    0.21973    0.24333    0.24333    0.25172    0.25172
   0.47036    0.47276
 kpt# 101, nband= 50, wtk=  0.00926, kpt= -0.3333  0.1667  0.5000 (reduced coord)
  -1.94284   -1.94284   -1.94269   -1.94268   -0.80177   -0.80121   -0.80055   -0.79901
  -0.79480   -0.79404   -0.79185   -0.79062   -0.79045   -0.79003   -0.78896   -0.78878
  -0.35250   -0.35160   -0.33775   -0.33690   -0.31918   -0.31867   -0.31759   -0.31757
   0.11402    0.11659    0.11993    0.12000    0.12922    0.12988    0.13290    0.13831
   0.15755    0.16116    0.16572    0.18235    0.19545    0.19609    0.20235    0.20826
   0.21234    0.22597    0.23462    0.23517    0.24137    0.24677    0.24695    0.25548
   0.46648    0.47784
 kpt# 102, nband= 50, wtk=  0.00926, kpt= -0.1667  0.1667  0.5000 (reduced coord)
  -1.94290   -1.94290   -1.94263   -1.94263   -0.80076   -0.80072   -0.79883   -0.79759
  -0.79669   -0.79662   -0.79158   -0.79156   -0.79074   -0.78927   -0.78894   -0.78878
  -0.35675   -0.35624   -0.33011   -0.32969   -0.31986   -0.31958   -0.31942   -0.31858
   0.10997    0.11102    0.11908    0.11999    0.12017    0.12223    0.12528    0.13206
   0.15433    0.16797    0.17448    0.17450    0.18585    0.18721    0.20789    0.20873
   0.23034    0.23056    0.23071    0.24068    0.25538    0.25626    0.25697    0.26006
   0.46617    0.48257
 kpt# 103, nband= 50, wtk=  0.00926, kpt=  0.0000  0.3333  0.5000 (reduced coord)
  -1.94285   -1.94285   -1.94267   -1.94267   -0.79969   -0.79969   -0.79852   -0.79851
  -0.79670   -0.79670   -0.79172   -0.79172   -0.79065   -0.79065   -0.78887   -0.78887
  -0.35170   -0.35169   -0.33309   -0.33308   -0.32108   -0.32107   -0.31976   -0.31976
   0.11100    0.11100    0.11847    0.11847    0.13011    0.13011    0.13066    0.13066
   0.16676    0.16676    0.17542    0.17542    0.18915    0.18915    0.19878    0.19878
   0.21679    0.21679    0.24009    0.24009    0.24989    0.24990    0.25792    0.25792
   0.47113    0.47173
 kpt# 104, nband= 50, wtk=  0.00926, kpt=  0.1667  0.3333  0.5000 (reduced coord)
  -1.94284   -1.94284   -1.94269   -1.94268   -0.80178   -0.80115   -0.80055   -0.79897
  -0.79489   -0.79401   -0.79191   -0.79064   -0.79041   -0.79006   -0.78893   -0.78875
  -0.35251   -0.35169   -0.33756   -0.33730   -0.31907   -0.31823   -0.31780   -0.31756
   0.11332    0.11713    0.12030    0.12034    0.12879    0.12978    0.13301    0.13941
   0.15712    0.16002    0.16562    0.17851    0.19684    0.19969    0.20292    0.20650
   0.21172    0.22562    0.23496    0.23582    0.24265    0.24598    0.24689    0.25599
   0.46297    0.47438
 kpt# 105, nband= 50, wtk=  0.00926, kpt=  0.3333  0.3333  0.5000 (reduced coord)
  -1.94281   -1.94281   -1.94272   -1.94272   -0.80314   -0.80311   -0.80267   -0.80122
  -0.79177   -0.79168   -0.79119   -0.79007   -0.79001   -0.78953   -0.78866   -0.78857
  -0.35256   -0.35154   -0.34447   -0.34425   -0.31641   -0.31467   -0.31450   -0.31440
   0.12228    0.12311    0.12383    0.12386    0.13166    0.13501    0.13745    0.13832
   0.15600    0.15612    0.16189    0.18745    0.19594    0.19631    0.21462    0.21618
   0.21865    0.22219    0.22450    0.22761    0.23147    0.23506    0.23697    0.24783
   0.46054    0.46988
 kpt# 106, nband= 50, wtk=  0.00926, kpt=  0.5000  0.3333  0.5000 (reduced coord)
  -1.94276   -1.94276   -1.94276   -1.94276   -0.80367   -0.80367   -0.80291   -0.80291
  -0.79108   -0.79108   -0.78996   -0.78996   -0.78919   -0.78919   -0.78890   -0.78890
  -0.35001   -0.35001   -0.34926   -0.34926   -0.31434   -0.31434   -0.31304   -0.31304
   0.12542    0.12542    0.12851    0.12851    0.13241    0.13241    0.13589    0.13589
   0.16404    0.16404    0.17244    0.17244    0.20401    0.20401    0.20422    0.20422
   0.21950    0.21950    0.22356    0.22356    0.22814    0.22814    0.24384    0.24384
   0.46491    0.46499
 kpt# 107, nband= 50, wtk=  0.00926, kpt= -0.3333  0.3333  0.5000 (reduced coord)
  -1.94281   -1.94281   -1.94272   -1.94272   -0.80314   -0.80311   -0.80267   -0.80122
  -0.79177   -0.79168   -0.79119   -0.79007   -0.79001   -0.78953   -0.78866   -0.78857
  -0.35256   -0.35154   -0.34447   -0.34425   -0.31641   -0.31467   -0.31450   -0.31440
   0.12228    0.12311    0.12383    0.12386    0.13166    0.13501    0.13745    0.13832
   0.15600    0.15612    0.16189    0.18745    0.19594    0.19631    0.21462    0.21618
   0.21865    0.22219    0.22450    0.22761    0.23147    0.23506    0.23697    0.24783
   0.46054    0.46992
 kpt# 108, nband= 50, wtk=  0.00926, kpt= -0.1667  0.3333  0.5000 (reduced coord)
  -1.94284   -1.94284   -1.94269   -1.94268   -0.80178   -0.80115   -0.80055   -0.79897
  -0.79489   -0.79401   -0.79191   -0.79064   -0.79041   -0.79006   -0.78893   -0.78875
  -0.35251   -0.35169   -0.33756   -0.33730   -0.31907   -0.31823   -0.31780   -0.31756
   0.11332    0.11713    0.12030    0.12034    0.12879    0.12978    0.13301    0.13941
   0.15712    0.16002    0.16562    0.17851    0.19684    0.19969    0.20292    0.20650
   0.21172    0.22562    0.23496    0.23582    0.24265    0.24598    0.24689    0.25599
   0.46297    0.47432
 kpt# 109, nband= 50, wtk=  0.00463, kpt=  0.0000  0.5000  0.5000 (reduced coord)
  -1.94276   -1.94276   -1.94276   -1.94276   -0.79940   -0.79940   -0.79940   -0.79940
  -0.79424   -0.79424   -0.79424   -0.79423   -0.78948   -0.78948   -0.78947   -0.78947
  -0.34266   -0.34266   -0.34266   -0.34266   -0.32037   -0.32037   -0.32037   -0.32037
   0.11472    0.11472    0.11472    0.11472    0.13639    0.13639    0.13639    0.13639
   0.17476    0.17476    0.17476    0.17476    0.18801    0.18802    0.18802    0.18802
   0.22296    0.22296    0.22296    0.22296    0.25286    0.25286    0.25286    0.25286
   0.47182    0.47182
 kpt# 110, nband= 50, wtk=  0.00926, kpt=  0.1667  0.5000  0.5000 (reduced coord)
  -1.94276   -1.94276   -1.94276   -1.94276   -0.80169   -0.80169   -0.80046   -0.80045
  -0.79332   -0.79332   -0.79169   -0.79169   -0.78960   -0.78960   -0.78927   -0.78927
  -0.34574   -0.34574   -0.34499   -0.34499   -0.31838   -0.31838   -0.31712   -0.31712
   0.11736    0.11736    0.12016    0.12016    0.13357    0.13357    0.13865    0.13865
   0.16483    0.16483    0.17185    0.17185    0.19596    0.19596    0.20347    0.20347
   0.21782    0.21782    0.22188    0.22188    0.24347    0.24347    0.25206    0.25206
   0.46556    0.46557
 kpt# 111, nband= 50, wtk=  0.00926, kpt=  0.3333  0.5000  0.5000 (reduced coord)
  -1.94276   -1.94276   -1.94276   -1.94276   -0.80368   -0.80367   -0.80289   -0.80289
  -0.79113   -0.79112   -0.78990   -0.78990   -0.78924   -0.78924   -0.78887   -0.78887
  -0.34993   -0.34993   -0.34940   -0.34940   -0.31417   -0.31417   -0.31314   -0.31314
   0.12511    0.12511    0.12843    0.12843    0.13277    0.13277    0.13620    0.13620
   0.16369    0.16369    0.17238    0.17238    0.20235    0.20235    0.20502    0.20502
   0.21891    0.21891    0.22449    0.22449    0.22903    0.22903    0.24375    0.24376
   0.46116    0.46116
 kpt# 112, nband= 50, wtk=  0.00463, kpt=  0.5000  0.5000  0.5000 (reduced coord)
  -1.94276   -1.94276   -1.94276   -1.94276   -0.80414   -0.80414   -0.80413   -0.80413
  -0.79015   -0.79015   -0.79015   -0.79015   -0.78849   -0.78849   -0.78849   -0.78849
  -0.35149   -0.35149   -0.35149   -0.35149   -0.31196   -0.31196   -0.31196   -0.31196
   0.12866    0.12866    0.12866    0.12866    0.13603    0.13603    0.13603    0.13603
   0.17054    0.17054    0.17055    0.17055    0.19945    0.19945    0.19945    0.19946
   0.22043    0.22043    0.22043    0.22043    0.23578    0.23578    0.23579    0.23579
   0.46384    0.46384
