 Fermi (or HOMO) energy (hartree) =   0.28425   Average Vxc (hartree)=  -0.44644
 Eigenvalues (hartree) for nkpt= 112  k points:
 kpt#   1, nband= 50, wtk=  0.00463, kpt=  0.0000  0.0000  0.0000 (reduced coord)
  -1.94225   -1.94155   -1.94152   -1.94144   -0.80631   -0.80628   -0.80573   -0.79513
  -0.79364   -0.79325   -0.79322   -0.79256   -0.79121   -0.78758   -0.78757   -0.78744
  -0.40034   -0.34775   -0.34665   -0.34304   -0.31164   -0.30600   -0.30533   -0.30124
   0.06875    0.06892    0.07549    0.09599    0.10036    0.11003    0.16048    0.16354
   0.16755    0.16938    0.17476    0.18032    0.19959    0.20300    0.20838    0.21994
   0.22929    0.22987    0.23088    0.23181    0.24620    0.26266    0.28073    0.28425
   0.45646    0.46140
 kpt#   2, nband= 50, wtk=  0.00926, kpt=  0.1667  0.0000  0.0000 (reduced coord)
  -1.94221   -1.94157   -1.94152   -1.94146   -0.80563   -0.80551   -0.80484   -0.79498
  -0.79432   -0.79379   -0.79284   -0.79279   -0.79121   -0.78885   -0.78786   -0.78781
  -0.39624   -0.34732   -0.34631   -0.34267   -0.31247   -0.31126   -0.30426   -0.30131
   0.07001    0.07306    0.07596    0.09723    0.09845    0.11809    0.15046    0.15444
   0.16701    0.16762    0.17176    0.18656    0.19010    0.20140    0.21486    0.22163
   0.22938    0.23039    0.23482    0.24316    0.24488    0.25207    0.27999    0.28354
   0.46383    0.46875
 kpt#   3, nband= 50, wtk=  0.00926, kpt=  0.3333  0.0000  0.0000 (reduced coord)
  -1.94211   -1.94164   -1.94153   -1.94148   -0.80389   -0.80380   -0.80220   -0.79638
  -0.79521   -0.79451   -0.79300   -0.79275   -0.79129   -0.79104   -0.78878   -0.78856
  -0.38613   -0.34676   -0.34519   -0.34250   -0.32428   -0.31009   -0.30471   -0.30178
   0.07078    0.07361    0.09191    0.10186    0.10258    0.11500    0.13785    0.14047
   0.15629    0.16627    0.17288    0.18662    0.19517    0.20486    0.21562    0.21640
   0.22087    0.23638    0.23993    0.24220    0.24746    0.25191    0.28109    0.28187
   0.45743    0.46480
 kpt#   4, nband= 50, wtk=  0.00463, kpt=  0.5000  0.0000  0.0000 (reduced coord)
  -1.94204   -1.94171   -1.94153   -1.94149   -0.80267   -0.80255   -0.79967   -0.79779
  -0.79627   -0.79542   -0.79432   -0.79275   -0.79099   -0.79080   -0.78960   -0.78906
  -0.37917   -0.34729   -0.34396   -0.34313   -0.33111   -0.30920   -0.30506   -0.30227
   0.07264    0.07490    0.09771    0.10429    0.10823    0.11193    0.13237    0.13457
   0.14793    0.16529    0.17901    0.18085    0.20086    0.20098    0.21173    0.21746
   0.22067    0.23925    0.23977    0.24164    0.24810    0.25359    0.28103    0.28270
   0.45178    0.45844
 kpt#   5, nband= 50, wtk=  0.00926, kpt=  0.0000  0.1667  0.0000 (reduced coord)
  -1.94220   -1.94157   -1.94155   -1.94144   -0.80555   -0.80536   -0.80495   -0.79549
  -0.79392   -0.79362   -0.79316   -0.79230   -0.79151   -0.78865   -0.78798   -0.78792
  -0.39607   -0.34802   -0.34681   -0.34271   -0.31392   -0.30739   -0.30554   -0.30195
   0.07348    0.07365    0.07727    0.09712    0.10909    0.11260    0.15056    0.15986
   0.16233    0.16599    0.17277    0.17993    0.19690    0.20425    0.20954    0.21561
   0.22169    0.23054    0.23125    0.24154    0.24229    0.26234    0.27909    0.28076
   0.45545    0.46571
 kpt#   6, nband= 50, wtk=  0.00926, kpt=  0.1667  0.1667  0.0000 (reduced coord)
  -1.94217   -1.94158   -1.94156   -1.94146   -0.80491   -0.80489   -0.80417   -0.79543
  -0.79496   -0.79364   -0.79262   -0.79257   -0.79137   -0.79030   -0.78823   -0.78769
  -0.39235   -0.34795   -0.34641   -0.34251   -0.31347   -0.31334   -0.30443   -0.30182
   0.07117    0.07941    0.08050    0.09782    0.10463    0.12043    0.14454    0.15375
   0.15977    0.16714    0.17063    0.18416    0.19011    0.20173    0.21489    0.21520
   0.22491    0.23107    0.23193    0.24131    0.24896    0.25219    0.27902    0.28020
   0.45818    0.46853
 kpt#   7, nband= 50, wtk=  0.00926, kpt=  0.3333  0.1667  0.0000 (reduced coord)
  -1.94207   -1.94164   -1.94156   -1.94150   -0.80375   -0.80318   -0.80217   -0.79726
  -0.79489   -0.79424   -0.79406   -0.79233   -0.79122   -0.79115   -0.78894   -0.78837
  -0.38326   -0.34743   -0.34587   -0.34260   -0.32431   -0.31214   -0.30451   -0.30181
   0.07170    0.08026    0.09447    0.10323    0.10625    0.11814    0.13473    0.14312
   0.15702    0.15993    0.17347    0.18397    0.19682    0.20405    0.20746    0.21576
   0.22368    0.23059    0.23772    0.23909    0.24821    0.25076    0.27899    0.28034
   0.45780    0.46092
 kpt#   8, nband= 50, wtk=  0.00926, kpt=  0.5000  0.1667  0.0000 (reduced coord)
  -1.94200   -1.94170   -1.94155   -1.94151   -0.80291   -0.80195   -0.80039   -0.79840
  -0.79637   -0.79581   -0.79363   -0.79243   -0.79107   -0.79026   -0.78938   -0.78937
  -0.37714   -0.34693   -0.34612   -0.34296   -0.33065   -0.31123   -0.30471   -0.30199
   0.07447    0.07983    0.09776    0.10855    0.11113    0.11423    0.12913    0.14067
   0.14996    0.16066    0.17633    0.18379    0.18818    0.20387    0.21121    0.22007
   0.22302    0.23355    0.23549    0.23662    0.24900    0.24988    0.27853    0.28168
   0.45645    0.45739
 kpt#   9, nband= 50, wtk=  0.00926, kpt= -0.3333  0.1667  0.0000 (reduced coord)
  -1.94207   -1.94164   -1.94156   -1.94150   -0.80375   -0.80318   -0.80217   -0.79727
  -0.79489   -0.79425   -0.79406   -0.79234   -0.79123   -0.79115   -0.78894   -0.78836
  -0.38326   -0.34743   -0.34587   -0.34261   -0.32431   -0.31214   -0.30451   -0.30181
   0.07170    0.08027    0.09447    0.10323    0.10625    0.11814    0.13474    0.14310
   0.15702    0.15993    0.17348    0.18396    0.19683    0.20407    0.20745    0.21576
   0.22370    0.23058    0.23772    0.23908    0.24821    0.25076    0.27899    0.28034
   0.45786    0.46093
 kpt#  10, nband= 50, wtk=  0.00926, kpt= -0.1667  0.1667  0.0000 (reduced coord)
  -1.94217   -1.94158   -1.94156   -1.94146   -0.80491   -0.80489   -0.80417   -0.79544
  -0.79496   -0.79364   -0.79262   -0.79257   -0.79137   -0.79031   -0.78823   -0.78769
  -0.39235   -0.34795   -0.34641   -0.34251   -0.31347   -0.31334   -0.30444   -0.30181
   0.07116    0.07942    0.08050    0.09782    0.10464    0.12043    0.14454    0.15374
   0.15977    0.16713    0.17064    0.18417    0.19010    0.20171    0.21489    0.21523
   0.22490    0.23108    0.23193    0.24131    0.24896    0.25218    0.27902    0.28020
   0.45821    0.46852
 kpt#  11, nband= 50, wtk=  0.00926, kpt=  0.0000  0.3333  0.0000 (reduced coord)
  -1.94207   -1.94170   -1.94155   -1.94145   -0.80365   -0.80297   -0.80280   -0.79712
  -0.79555   -0.79350   -0.79302   -0.79252   -0.79151   -0.79083   -0.78902   -0.78884
  -0.38439   -0.35489   -0.34461   -0.34222   -0.31666   -0.31096   -0.30577   -0.30367
   0.07520    0.08579    0.09859    0.10044    0.12029    0.12343    0.13600    0.14220
   0.14459    0.16697    0.17260    0.17450    0.18422    0.19743    0.20620    0.21146
   0.21781    0.23065    0.23460    0.23802    0.25535    0.26368    0.27577    0.27591
   0.45201    0.46764
 kpt#  12, nband= 50, wtk=  0.00926, kpt=  0.1667  0.3333  0.0000 (reduced coord)
  -1.94204   -1.94169   -1.94157   -1.94147   -0.80345   -0.80309   -0.80220   -0.79711
  -0.79626   -0.79420   -0.79248   -0.79212   -0.79174   -0.79133   -0.78915   -0.78840
  -0.38172   -0.35477   -0.34437   -0.34223   -0.31681   -0.31541   -0.30467   -0.30312
   0.07510    0.09114    0.09851    0.09975    0.11763    0.12701    0.13246    0.14248
   0.14606    0.16678    0.17286    0.17839    0.18297    0.19718    0.19843    0.21704
   0.21888    0.22934    0.23190    0.23969    0.25604    0.25621    0.27573    0.27686
   0.45067    0.46211
 kpt#  13, nband= 50, wtk=  0.00926, kpt=  0.3333  0.3333  0.0000 (reduced coord)
  -1.94197   -1.94167   -1.94162   -1.94151   -0.80327   -0.80264   -0.80088   -0.79852
  -0.79642   -0.79517   -0.79372   -0.79197   -0.79078   -0.79058   -0.78966   -0.78831
  -0.37540   -0.35447   -0.34394   -0.34241   -0.32374   -0.31677   -0.30392   -0.30222
   0.07742    0.09550    0.09587    0.10807    0.11816    0.12585    0.12796    0.14145
   0.14816    0.15911    0.17316    0.17927    0.18641    0.20219    0.20407    0.21631
   0.21660    0.22250    0.23407    0.24040    0.24602    0.25154    0.27489    0.27802
   0.44899    0.45733
 kpt#  14, nband= 50, wtk=  0.00926, kpt=  0.5000  0.3333  0.0000 (reduced coord)
  -1.94191   -1.94168   -1.94164   -1.94153   -0.80331   -0.80183   -0.80012   -0.79919
  -0.79776   -0.79468   -0.79407   -0.79269   -0.79010   -0.78985   -0.78935   -0.78916
  -0.37143   -0.35429   -0.34380   -0.34259   -0.32844   -0.31661   -0.30375   -0.30186
   0.08043    0.09232    0.09645    0.11966    0.12009    0.12129    0.12154    0.14365
   0.15054    0.15554    0.16795    0.18125    0.18171    0.20945    0.20999    0.21410
   0.21967    0.22863    0.22990    0.23252    0.24483    0.24562    0.27446    0.27822
   0.45225    0.45621
 kpt#  15, nband= 50, wtk=  0.00926, kpt= -0.3333  0.3333  0.0000 (reduced coord)
  -1.94197   -1.94167   -1.94162   -1.94151   -0.80326   -0.80264   -0.80088   -0.79853
  -0.79642   -0.79517   -0.79372   -0.79197   -0.79079   -0.79057   -0.78966   -0.78830
  -0.37540   -0.35447   -0.34394   -0.34241   -0.32374   -0.31677   -0.30392   -0.30222
   0.07742    0.09550    0.09587    0.10807    0.11817    0.12585    0.12795    0.14143
   0.14816    0.15910    0.17316    0.17928    0.18643    0.20221    0.20407    0.21632
   0.21660    0.22249    0.23407    0.24039    0.24602    0.25154    0.27490    0.27801
   0.44904    0.45732
 kpt#  16, nband= 50, wtk=  0.00926, kpt= -0.1667  0.3333  0.0000 (reduced coord)
  -1.94204   -1.94169   -1.94157   -1.94147   -0.80345   -0.80309   -0.80220   -0.79711
  -0.79626   -0.79419   -0.79249   -0.79212   -0.79174   -0.79133   -0.78915   -0.78839
  -0.38172   -0.35477   -0.34437   -0.34223   -0.31680   -0.31541   -0.30467   -0.30312
   0.07510    0.09114    0.09852    0.09975    0.11764    0.12700    0.13246    0.14247
   0.14605    0.16677    0.17286    0.17839    0.18298    0.19720    0.19843    0.21704
   0.21889    0.22933    0.23191    0.23969    0.25604    0.25621    0.27574    0.27685
   0.45070    0.46210
 kpt#  17, nband= 50, wtk=  0.00463, kpt=  0.0000  0.5000  0.0000 (reduced coord)
  -1.94193   -1.94184   -1.94155   -1.94145   -0.80179   -0.80175   -0.79992   -0.79986
  -0.79557   -0.79553   -0.79331   -0.79323   -0.79044   -0.79036   -0.79006   -0.78998
  -0.36880   -0.36874   -0.34274   -0.34271   -0.31506   -0.31502   -0.30525   -0.30522
   0.08366    0.08368    0.11297    0.11304    0.12802    0.12810    0.13357    0.13367
   0.13902    0.13914    0.17510    0.17522    0.17953    0.17955    0.21428    0.21430
   0.22125    0.22130    0.23694    0.23701    0.26326    0.26331    0.27411    0.27416
   0.45397    0.45399
 kpt#  18, nband= 50, wtk=  0.00926, kpt=  0.1667  0.5000  0.0000 (reduced coord)
  -1.94191   -1.94182   -1.94157   -1.94147   -0.80218   -0.80214   -0.79947   -0.79941
  -0.79660   -0.79658   -0.79224   -0.79219   -0.79105   -0.79100   -0.78954   -0.78950
  -0.36755   -0.36749   -0.34269   -0.34265   -0.31725   -0.31721   -0.30433   -0.30430
   0.08481    0.08484    0.11290    0.11295    0.12462    0.12465    0.13189    0.13196
   0.14828    0.14832    0.17255    0.17261    0.18210    0.18216    0.20806    0.20808
   0.22699    0.22705    0.23414    0.23417    0.25904    0.25908    0.27491    0.27496
   0.45103    0.45108
 kpt#  19, nband= 50, wtk=  0.00926, kpt=  0.3333  0.5000  0.0000 (reduced coord)
  -1.94186   -1.94177   -1.94162   -1.94152   -0.80276   -0.80274   -0.79899   -0.79898
  -0.79734   -0.79731   -0.79244   -0.79237   -0.79053   -0.79051   -0.78908   -0.78906
  -0.36480   -0.36474   -0.34260   -0.34257   -0.32128   -0.32125   -0.30308   -0.30305
   0.08756    0.08759    0.11043    0.11049    0.12406    0.12412    0.13450    0.13458
   0.15190    0.15198    0.16830    0.16833    0.18994    0.19006    0.21090    0.21091
   0.22050    0.22055    0.23551    0.23553    0.24875    0.24878    0.27480    0.27486
   0.44841    0.44852
 kpt#  20, nband= 50, wtk=  0.00463, kpt=  0.5000  0.5000  0.0000 (reduced coord)
  -1.94183   -1.94173   -1.94166   -1.94155   -0.80298   -0.80297   -0.79932   -0.79931
  -0.79677   -0.79672   -0.79335   -0.79328   -0.78949   -0.78948   -0.78928   -0.78926
  -0.36327   -0.36320   -0.34258   -0.34255   -0.32330   -0.32326   -0.30260   -0.30257
   0.08959    0.08962    0.10690    0.10694    0.12786    0.12788    0.13725    0.13729
   0.14719    0.14733    0.16567    0.16570    0.19800    0.19810    0.21201    0.21212
   0.22280    0.22282    0.23281    0.23283    0.24017    0.24021    0.27436    0.27442
   0.45005    0.45014
 kpt#  21, nband= 50, wtk=  0.00926, kpt=  0.0000  0.0000  0.1667 (reduced coord)
  -1.94221   -1.94159   -1.94152   -1.94145   -0.80565   -0.80542   -0.80479   -0.79540
  -0.79456   -0.79332   -0.79313   -0.79244   -0.79122   -0.78876   -0.78793   -0.78776
  -0.39601   -0.34871   -0.34578   -0.34271   -0.31125   -0.31002   -0.30734   -0.30091
   0.07203    0.07259    0.08458    0.09318    0.10709    0.11240    0.15088    0.15910
   0.15945    0.16763    0.17882    0.18552    0.19438    0.19976    0.20480    0.22172
   0.22685    0.22951    0.23265    0.23857    0.24554    0.26186    0.27190    0.27913
   0.45970    0.46479
 kpt#  22, nband= 50, wtk=  0.00926, kpt=  0.1667  0.0000  0.1667 (reduced coord)
  -1.94217   -1.94160   -1.94153   -1.94147   -0.80520   -0.80463   -0.80415   -0.79556
  -0.79447   -0.79412   -0.79321   -0.79213   -0.79126   -0.79012   -0.78820   -0.78774
  -0.39228   -0.34863   -0.34548   -0.34243   -0.31426   -0.31079   -0.30746   -0.30124
   0.07171    0.08009    0.08148    0.09456    0.10552    0.11925    0.14885    0.15504
   0.15564    0.16294    0.17600    0.18546    0.19348    0.19898    0.20994    0.22116
   0.22443    0.23122    0.23652    0.24160    0.24621    0.25175    0.27349    0.27948
   0.46382    0.47075
 kpt#  23, nband= 50, wtk=  0.00926, kpt=  0.3333  0.0000  0.1667 (reduced coord)
  -1.94207   -1.94165   -1.94155   -1.94150   -0.80402   -0.80281   -0.80234   -0.79668
  -0.79571   -0.79439   -0.79343   -0.79212   -0.79195   -0.79061   -0.78918   -0.78833
  -0.38318   -0.34859   -0.34453   -0.34240   -0.32452   -0.30953   -0.30736   -0.30204
   0.07389    0.07678    0.09584    0.10259    0.10656    0.11768    0.14046    0.14339
   0.15126    0.16420    0.17055    0.18231    0.19704    0.20550    0.21004    0.21529
   0.22374    0.22655    0.23710    0.24501    0.24598    0.25440    0.27253    0.28010
   0.45804    0.46524
 kpt#  24, nband= 50, wtk=  0.00926, kpt=  0.5000  0.0000  0.1667 (reduced coord)
  -1.94200   -1.94170   -1.94155   -1.94151   -0.80312   -0.80197   -0.80029   -0.79735
  -0.79702   -0.79626   -0.79285   -0.79230   -0.79166   -0.79018   -0.79000   -0.78897
  -0.37704   -0.34880   -0.34374   -0.34309   -0.33066   -0.30851   -0.30750   -0.30257
   0.07566    0.07637    0.10179    0.10526    0.11093    0.11722    0.13605    0.13625
   0.14767    0.16562    0.17317    0.17681    0.19543    0.19669    0.21391    0.22051
   0.22392    0.22730    0.23855    0.24003    0.24983    0.25549    0.27158    0.28041
   0.45390    0.45834
 kpt#  25, nband= 50, wtk=  0.00926, kpt= -0.3333  0.0000  0.1667 (reduced coord)
  -1.94207   -1.94165   -1.94155   -1.94150   -0.80402   -0.80281   -0.80234   -0.79667
  -0.79572   -0.79438   -0.79344   -0.79212   -0.79197   -0.79061   -0.78918   -0.78833
  -0.38317   -0.34859   -0.34453   -0.34240   -0.32452   -0.30953   -0.30736   -0.30203
   0.07388    0.07678    0.09586    0.10259    0.10657    0.11768    0.14046    0.14339
   0.15126    0.16421    0.17052    0.18230    0.19706    0.20549    0.21003    0.21530
   0.22373    0.22657    0.23708    0.24501    0.24597    0.25441    0.27254    0.28010
   0.45801    0.46514
 kpt#  26, nband= 50, wtk=  0.00926, kpt= -0.1667  0.0000  0.1667 (reduced coord)
  -1.94217   -1.94160   -1.94153   -1.94147   -0.80521   -0.80462   -0.80415   -0.79555
  -0.79448   -0.79413   -0.79322   -0.79212   -0.79125   -0.79013   -0.78820   -0.78774
  -0.39228   -0.34863   -0.34547   -0.34243   -0.31425   -0.31080   -0.30748   -0.30124
   0.07170    0.08010    0.08149    0.09456    0.10552    0.11925    0.14884    0.15504
   0.15565    0.16293    0.17598    0.18545    0.19350    0.19897    0.20995    0.22118
   0.22442    0.23120    0.23653    0.24161    0.24620    0.25173    0.27350    0.27948
   0.46381    0.47169
 kpt#  27, nband= 50, wtk=  0.00926, kpt=  0.0000  0.1667  0.1667 (reduced coord)
  -1.94216   -1.94159   -1.94156   -1.94145   -0.80509   -0.80451   -0.80420   -0.79609
  -0.79439   -0.79365   -0.79304   -0.79237   -0.79129   -0.79007   -0.78832   -0.78774
  -0.39209   -0.34804   -0.34727   -0.34270   -0.31355   -0.30965   -0.30818   -0.30164
   0.07675    0.07988    0.08240    0.09823    0.11140    0.11423    0.14926    0.15168
   0.15902    0.15975    0.17831    0.18323    0.19373    0.20265    0.20412    0.21950
   0.22199    0.22901    0.23078    0.23873    0.24418    0.26167    0.27138    0.27670
   0.45762    0.46815
 kpt#  28, nband= 50, wtk=  0.00926, kpt=  0.1667  0.1667  0.1667 (reduced coord)
  -1.94212   -1.94160   -1.94156   -1.94148   -0.80484   -0.80409   -0.80364   -0.79562
  -0.79507   -0.79431   -0.79288   -0.79209   -0.79153   -0.79095   -0.78812   -0.78793
  -0.38877   -0.34840   -0.34701   -0.34264   -0.31493   -0.31226   -0.30730   -0.30162
   0.07662    0.08170    0.08581    0.09908    0.10829    0.12064    0.14563    0.15002
   0.15538    0.16084    0.17222    0.18492    0.19353    0.20301    0.20823    0.21544
   0.22548    0.22772    0.23221    0.23870    0.24644    0.25350    0.27216    0.27776
   0.45808    0.47077
 kpt#  29, nband= 50, wtk=  0.00926, kpt=  0.3333  0.1667  0.1667 (reduced coord)
  -1.94204   -1.94164   -1.94157   -1.94152   -0.80402   -0.80295   -0.80251   -0.79663
  -0.79580   -0.79507   -0.79334   -0.79176   -0.79166   -0.79066   -0.78871   -0.78856
  -0.38072   -0.34875   -0.34689   -0.34300   -0.32377   -0.31084   -0.30663   -0.30190
   0.07669    0.08130    0.09799    0.10543    0.10936    0.11945    0.13780    0.14405
   0.15278    0.15904    0.16869    0.18421    0.19910    0.20359    0.20708    0.21326
   0.22268    0.22872    0.23102    0.24120    0.24375    0.25307    0.27165    0.27853
   0.45446    0.46411
 kpt#  30, nband= 50, wtk=  0.00926, kpt=  0.5000  0.1667  0.1667 (reduced coord)
  -1.94197   -1.94170   -1.94157   -1.94153   -0.80307   -0.80296   -0.80108   -0.79806
  -0.79642   -0.79601   -0.79252   -0.79183   -0.79082   -0.79034   -0.78971   -0.78913
  -0.37537   -0.34906   -0.34703   -0.34357   -0.32885   -0.30976   -0.30647   -0.30217
   0.07834    0.08075    0.10190    0.10759    0.11279    0.12117    0.13257    0.14054
   0.14906    0.16198    0.16855    0.17914    0.19514    0.19930    0.21284    0.21601
   0.22439    0.22767    0.23318    0.23945    0.24210    0.25400    0.27129    0.27848
   0.45368    0.45635
 kpt#  31, nband= 50, wtk=  0.00926, kpt= -0.3333  0.1667  0.1667 (reduced coord)
  -1.94204   -1.94164   -1.94157   -1.94152   -0.80401   -0.80296   -0.80250   -0.79662
  -0.79579   -0.79508   -0.79336   -0.79176   -0.79167   -0.79065   -0.78871   -0.78855
  -0.38071   -0.34875   -0.34688   -0.34300   -0.32377   -0.31084   -0.30664   -0.30190
   0.07668    0.08131    0.09800    0.10543    0.10936    0.11945    0.13780    0.14405
   0.15277    0.15904    0.16867    0.18421    0.19911    0.20360    0.20707    0.21326
   0.22271    0.22871    0.23102    0.24119    0.24374    0.25307    0.27165    0.27853
   0.45449    0.46410
 kpt#  32, nband= 50, wtk=  0.00926, kpt= -0.1667  0.1667  0.1667 (reduced coord)
  -1.94212   -1.94160   -1.94156   -1.94148   -0.80484   -0.80409   -0.80364   -0.79561
  -0.79506   -0.79431   -0.79290   -0.79209   -0.79154   -0.79094   -0.78812   -0.78792
  -0.38876   -0.34840   -0.34700   -0.34264   -0.31492   -0.31226   -0.30731   -0.30162
   0.07661    0.08171    0.08583    0.09908    0.10829    0.12064    0.14562    0.15003
   0.15538    0.16083    0.17221    0.18491    0.19354    0.20300    0.20824    0.21546
   0.22549    0.22770    0.23222    0.23871    0.24643    0.25349    0.27217    0.27777
   0.45810    0.47074
 kpt#  33, nband= 50, wtk=  0.00926, kpt=  0.0000  0.3333  0.1667 (reduced coord)
  -1.94204   -1.94168   -1.94158   -1.94147   -0.80334   -0.80258   -0.80251   -0.79795
  -0.79527   -0.79361   -0.79348   -0.79278   -0.79127   -0.79088   -0.78936   -0.78847
  -0.38135   -0.35399   -0.34630   -0.34307   -0.31604   -0.31105   -0.30838   -0.30362
   0.08293    0.08923    0.10143    0.10179    0.11965    0.12257    0.13224    0.14158
   0.14952    0.16333    0.17103    0.17492    0.18781    0.19824    0.20775    0.20779
   0.21957    0.22469    0.23003    0.23511    0.25389    0.26303    0.26983    0.27342
   0.45322    0.46806
 kpt#  34, nband= 50, wtk=  0.00926, kpt=  0.1667  0.3333  0.1667 (reduced coord)
  -1.94201   -1.94167   -1.94159   -1.94149   -0.80371   -0.80303   -0.80219   -0.79743
  -0.79581   -0.79482   -0.79285   -0.79199   -0.79147   -0.79089   -0.78885   -0.78856
  -0.37914   -0.35429   -0.34663   -0.34338   -0.31656   -0.31402   -0.30667   -0.30292
   0.08218    0.09254    0.09943    0.10451    0.11830    0.12511    0.13261    0.14238
   0.14869    0.16122    0.16781    0.18043    0.18993    0.19825    0.20062    0.21307
   0.21940    0.22342    0.22970    0.23551    0.25180    0.25801    0.26999    0.27433
   0.45136    0.46393
 kpt#  35, nband= 50, wtk=  0.00926, kpt=  0.3333  0.3333  0.1667 (reduced coord)
  -1.94194   -1.94166   -1.94163   -1.94153   -0.80397   -0.80319   -0.80240   -0.79881
  -0.79595   -0.79400   -0.79320   -0.79136   -0.79090   -0.79029   -0.78927   -0.78845
  -0.37390   -0.35463   -0.34776   -0.34443   -0.32144   -0.31396   -0.30498   -0.30209
   0.08274    0.09423    0.10198    0.10853    0.12037    0.12364    0.13265    0.13870
   0.15155    0.15564    0.16950    0.18608    0.19040    0.19734    0.20638    0.21115
   0.21458    0.22225    0.22863    0.23834    0.24459    0.25223    0.26966    0.27501
   0.44810    0.45976
 kpt#  36, nband= 50, wtk=  0.00926, kpt=  0.5000  0.3333  0.1667 (reduced coord)
  -1.94189   -1.94168   -1.94164   -1.94155   -0.80399   -0.80279   -0.80272   -0.80021
  -0.79564   -0.79390   -0.79242   -0.79197   -0.79002   -0.78963   -0.78946   -0.78914
  -0.37058   -0.35468   -0.34883   -0.34523   -0.32420   -0.31328   -0.30440   -0.30180
   0.08455    0.09361    0.10091    0.11546    0.11911    0.12364    0.13030    0.13928
   0.14710    0.16167    0.16832    0.18151    0.19016    0.20207    0.20896    0.21009
   0.21664    0.22332    0.22821    0.23356    0.24285    0.24851    0.26988    0.27511
   0.44922    0.45438
 kpt#  37, nband= 50, wtk=  0.00926, kpt= -0.3333  0.3333  0.1667 (reduced coord)
  -1.94194   -1.94166   -1.94163   -1.94153   -0.80397   -0.80319   -0.80240   -0.79881
  -0.79595   -0.79400   -0.79322   -0.79136   -0.79092   -0.79028   -0.78927   -0.78844
  -0.37390   -0.35463   -0.34776   -0.34443   -0.32144   -0.31397   -0.30498   -0.30210
   0.08275    0.09423    0.10197    0.10856    0.12037    0.12362    0.13265    0.13869
   0.15154    0.15563    0.16948    0.18608    0.19040    0.19736    0.20636    0.21117
   0.21459    0.22225    0.22863    0.23833    0.24459    0.25223    0.26965    0.27502
   0.44814    0.45989
 kpt#  38, nband= 50, wtk=  0.00926, kpt= -0.1667  0.3333  0.1667 (reduced coord)
  -1.94201   -1.94167   -1.94159   -1.94149   -0.80371   -0.80303   -0.80219   -0.79742
  -0.79581   -0.79481   -0.79288   -0.79200   -0.79147   -0.79087   -0.78885   -0.78855
  -0.37914   -0.35429   -0.34662   -0.34338   -0.31656   -0.31402   -0.30668   -0.30292
   0.08219    0.09255    0.09943    0.10452    0.11831    0.12510    0.13260    0.14238
   0.14868    0.16120    0.16780    0.18043    0.18992    0.19826    0.20062    0.21307
   0.21941    0.22343    0.22971    0.23550    0.25179    0.25801    0.26999    0.27434
   0.45140    0.46392
 kpt#  39, nband= 50, wtk=  0.00926, kpt=  0.0000  0.5000  0.1667 (reduced coord)
  -1.94191   -1.94181   -1.94157   -1.94147   -0.80158   -0.80154   -0.80033   -0.80029
  -0.79584   -0.79582   -0.79296   -0.79290   -0.79063   -0.79056   -0.78975   -0.78969
  -0.36698   -0.36692   -0.34436   -0.34433   -0.31461   -0.31457   -0.30620   -0.30616
   0.09052    0.09055    0.11115    0.11122    0.12288    0.12293    0.13752    0.13763
   0.14358    0.14368    0.17595    0.17597    0.17813    0.17823    0.21388    0.21390
   0.22120    0.22125    0.22970    0.22979    0.26133    0.26139    0.27072    0.27077
   0.45539    0.45547
 kpt#  40, nband= 50, wtk=  0.00926, kpt=  0.1667  0.5000  0.1667 (reduced coord)
  -1.94189   -1.94179   -1.94159   -1.94149   -0.80270   -0.80267   -0.79995   -0.79992
  -0.79616   -0.79612   -0.79201   -0.79197   -0.79068   -0.79064   -0.78955   -0.78951
  -0.36622   -0.36615   -0.34489   -0.34485   -0.31602   -0.31599   -0.30494   -0.30490
   0.09083    0.09086    0.10972    0.10978    0.12500    0.12504    0.13692    0.13702
   0.14736    0.14742    0.16929    0.16931    0.18683    0.18688    0.20868    0.20870
   0.22183    0.22188    0.23068    0.23074    0.25762    0.25766    0.27093    0.27097
   0.45252    0.45258
 kpt#  41, nband= 50, wtk=  0.00926, kpt=  0.3333  0.5000  0.1667 (reduced coord)
  -1.94185   -1.94175   -1.94164   -1.94153   -0.80368   -0.80367   -0.80111   -0.80109
  -0.79513   -0.79507   -0.79166   -0.79161   -0.79036   -0.79032   -0.78910   -0.78908
  -0.36440   -0.36434   -0.34636   -0.34633   -0.31787   -0.31783   -0.30322   -0.30319
   0.09233    0.09236    0.10958    0.10963    0.12345    0.12350    0.13889    0.13896
   0.14949    0.14959    0.17030    0.17033    0.19585    0.19593    0.20489    0.20490
   0.21701    0.21705    0.23197    0.23202    0.24993    0.24996    0.27090    0.27095
   0.44930    0.44939
 kpt#  42, nband= 50, wtk=  0.00926, kpt=  0.5000  0.5000  0.1667 (reduced coord)
  -1.94182   -1.94172   -1.94167   -1.94156   -0.80392   -0.80391   -0.80192   -0.80190
  -0.79412   -0.79407   -0.79242   -0.79235   -0.78938   -0.78937   -0.78928   -0.78925
  -0.36330   -0.36324   -0.34739   -0.34736   -0.31849   -0.31846   -0.30259   -0.30256
   0.09393    0.09395    0.10831    0.10835    0.12524    0.12532    0.13476    0.13481
   0.15247    0.15259    0.17149    0.17152    0.19981    0.19988    0.20539    0.20544
   0.21854    0.21860    0.22733    0.22739    0.24498    0.24501    0.27139    0.27144
   0.45035    0.45041
 kpt#  43, nband= 50, wtk=  0.00926, kpt= -0.3333  0.5000  0.1667 (reduced coord)
  -1.94185   -1.94175   -1.94164   -1.94153   -0.80369   -0.80366   -0.80110   -0.80109
  -0.79513   -0.79507   -0.79166   -0.79161   -0.79036   -0.79034   -0.78910   -0.78907
  -0.36440   -0.36434   -0.34637   -0.34633   -0.31787   -0.31783   -0.30323   -0.30319
   0.09234    0.09237    0.10958    0.10963    0.12344    0.12349    0.13887    0.13895
   0.14950    0.14959    0.17030    0.17034    0.19585    0.19593    0.20488    0.20491
   0.21701    0.21704    0.23198    0.23203    0.24993    0.24995    0.27091    0.27096
   0.44930    0.44941
 kpt#  44, nband= 50, wtk=  0.00926, kpt= -0.1667  0.5000  0.1667 (reduced coord)
  -1.94189   -1.94179   -1.94159   -1.94149   -0.80271   -0.80267   -0.79994   -0.79992
  -0.79615   -0.79611   -0.79202   -0.79198   -0.79068   -0.79065   -0.78955   -0.78950
  -0.36621   -0.36615   -0.34489   -0.34485   -0.31602   -0.31599   -0.30494   -0.30491
   0.09084    0.09086    0.10973    0.10978    0.12499    0.12502    0.13693    0.13702
   0.14735    0.14742    0.16929    0.16930    0.18683    0.18687    0.20867    0.20869
   0.22184    0.22188    0.23068    0.23074    0.25762    0.25766    0.27093    0.27098
   0.45251    0.45260
 kpt#  45, nband= 50, wtk=  0.00926, kpt=  0.0000 -0.3333  0.1667 (reduced coord)
  -1.94204   -1.94168   -1.94158   -1.94147   -0.80336   -0.80258   -0.80249   -0.79795
  -0.79528   -0.79359   -0.79347   -0.79283   -0.79126   -0.79091   -0.78936   -0.78846
  -0.38134   -0.35400   -0.34631   -0.34305   -0.31603   -0.31107   -0.30837   -0.30364
   0.08296    0.08923    0.10143    0.10181    0.11965    0.12258    0.13219    0.14158
   0.14948    0.16334    0.17102    0.17496    0.18775    0.19827    0.20773    0.20779
   0.21963    0.22472    0.23006    0.23503    0.25391    0.26301    0.26981    0.27344
   0.45319    0.46822
 kpt#  46, nband= 50, wtk=  0.00926, kpt=  0.1667 -0.3333  0.1667 (reduced coord)
  -1.94201   -1.94167   -1.94159   -1.94149   -0.80373   -0.80301   -0.80219   -0.79742
  -0.79583   -0.79479   -0.79289   -0.79200   -0.79148   -0.79085   -0.78886   -0.78854
  -0.37913   -0.35429   -0.34664   -0.34336   -0.31655   -0.31404   -0.30666   -0.30294
   0.08221    0.09255    0.09943    0.10453    0.11830    0.12510    0.13255    0.14237
   0.14869    0.16123    0.16782    0.18044    0.18988    0.19828    0.20061    0.21306
   0.21938    0.22352    0.22966    0.23551    0.25181    0.25800    0.26997    0.27435
   0.45134    0.46400
 kpt#  47, nband= 50, wtk=  0.00926, kpt=  0.3333 -0.3333  0.1667 (reduced coord)
  -1.94194   -1.94166   -1.94163   -1.94153   -0.80398   -0.80318   -0.80240   -0.79881
  -0.79594   -0.79401   -0.79322   -0.79138   -0.79092   -0.79026   -0.78926   -0.78844
  -0.37389   -0.35464   -0.34777   -0.34441   -0.32145   -0.31397   -0.30497   -0.30211
   0.08276    0.09425    0.10198    0.10856    0.12036    0.12360    0.13262    0.13867
   0.15156    0.15566    0.16950    0.18604    0.19041    0.19736    0.20636    0.21117
   0.21456    0.22229    0.22862    0.23833    0.24459    0.25224    0.26963    0.27503
   0.44810    0.45970
 kpt#  48, nband= 50, wtk=  0.00926, kpt=  0.5000 -0.3333  0.1667 (reduced coord)
  -1.94189   -1.94168   -1.94164   -1.94155   -0.80400   -0.80279   -0.80271   -0.80021
  -0.79563   -0.79388   -0.79244   -0.79200   -0.79002   -0.78963   -0.78945   -0.78913
  -0.37057   -0.35468   -0.34882   -0.34521   -0.32421   -0.31329   -0.30440   -0.30181
   0.08456    0.09364    0.10092    0.11548    0.11911    0.12361    0.13029    0.13923
   0.14711    0.16166    0.16834    0.18151    0.19014    0.20204    0.20900    0.21006
   0.21661    0.22339    0.22822    0.23355    0.24284    0.24850    0.26986    0.27513
   0.44922    0.45433
 kpt#  49, nband= 50, wtk=  0.00926, kpt= -0.3333 -0.3333  0.1667 (reduced coord)
  -1.94194   -1.94166   -1.94163   -1.94153   -0.80399   -0.80317   -0.80239   -0.79881
  -0.79595   -0.79399   -0.79322   -0.79138   -0.79093   -0.79026   -0.78924   -0.78845
  -0.37389   -0.35464   -0.34776   -0.34441   -0.32145   -0.31397   -0.30498   -0.30211
   0.08277    0.09425    0.10198    0.10857    0.12033    0.12360    0.13264    0.13866
   0.15156    0.15567    0.16951    0.18603    0.19040    0.19735    0.20637    0.21117
   0.21456    0.22228    0.22862    0.23833    0.24460    0.25224    0.26963    0.27504
   0.44807    0.45980
 kpt#  50, nband= 50, wtk=  0.00926, kpt= -0.1667 -0.3333  0.1667 (reduced coord)
  -1.94201   -1.94167   -1.94159   -1.94149   -0.80375   -0.80300   -0.80218   -0.79742
  -0.79583   -0.79478   -0.79290   -0.79201   -0.79148   -0.79085   -0.78885   -0.78855
  -0.37913   -0.35429   -0.34663   -0.34336   -0.31654   -0.31404   -0.30667   -0.30295
   0.08222    0.09256    0.09943    0.10453    0.11828    0.12509    0.13257    0.14237
   0.14869    0.16122    0.16782    0.18044    0.18988    0.19827    0.20060    0.21307
   0.21939    0.22350    0.22965    0.23552    0.25182    0.25798    0.26997    0.27436
   0.45132    0.46403
 kpt#  51, nband= 50, wtk=  0.00926, kpt=  0.0000 -0.1667  0.1667 (reduced coord)
  -1.94216   -1.94159   -1.94156   -1.94145   -0.80511   -0.80449   -0.80420   -0.79609
  -0.79437   -0.79366   -0.79309   -0.79234   -0.79127   -0.79010   -0.78832   -0.78772
  -0.39208   -0.34804   -0.34727   -0.34269   -0.31354   -0.30965   -0.30820   -0.30165
   0.07677    0.07988    0.08241    0.09825    0.11138    0.11423    0.14925    0.15165
   0.15903    0.15973    0.17830    0.18328    0.19370    0.20263    0.20413    0.21955
   0.22200    0.22904    0.23080    0.23868    0.24417    0.26166    0.27136    0.27672
   0.45762    0.46815
 kpt#  52, nband= 50, wtk=  0.00926, kpt=  0.1667 -0.1667  0.1667 (reduced coord)
  -1.94212   -1.94160   -1.94156   -1.94148   -0.80485   -0.80408   -0.80364   -0.79561
  -0.79505   -0.79432   -0.79289   -0.79211   -0.79156   -0.79092   -0.78812   -0.78791
  -0.38876   -0.34840   -0.34701   -0.34263   -0.31492   -0.31227   -0.30730   -0.30164
   0.07665    0.08169    0.08583    0.09909    0.10827    0.12064    0.14559    0.15002
   0.15539    0.16082    0.17223    0.18493    0.19352    0.20298    0.20824    0.21548
   0.22547    0.22772    0.23225    0.23871    0.24643    0.25349    0.27213    0.27778
   0.45808    0.47074
 kpt#  53, nband= 50, wtk=  0.00926, kpt=  0.3333 -0.1667  0.1667 (reduced coord)
  -1.94204   -1.94164   -1.94157   -1.94152   -0.80402   -0.80294   -0.80250   -0.79663
  -0.79577   -0.79508   -0.79335   -0.79180   -0.79167   -0.79062   -0.78871   -0.78856
  -0.38071   -0.34875   -0.34689   -0.34299   -0.32377   -0.31084   -0.30663   -0.30191
   0.07670    0.08132    0.09801    0.10543    0.10935    0.11946    0.13777    0.14404
   0.15276    0.15906    0.16869    0.18418    0.19909    0.20358    0.20709    0.21327
   0.22271    0.22868    0.23101    0.24122    0.24378    0.25306    0.27162    0.27854
   0.45445    0.46448
 kpt#  54, nband= 50, wtk=  0.00926, kpt=  0.5000 -0.1667  0.1667 (reduced coord)
  -1.94197   -1.94170   -1.94157   -1.94153   -0.80307   -0.80296   -0.80107   -0.79807
  -0.79641   -0.79601   -0.79254   -0.79184   -0.79084   -0.79031   -0.78971   -0.78912
  -0.37537   -0.34905   -0.34703   -0.34355   -0.32886   -0.30976   -0.30647   -0.30218
   0.07835    0.08076    0.10192    0.10760    0.11280    0.12116    0.13255    0.14052
   0.14907    0.16198    0.16853    0.17914    0.19513    0.19928    0.21282    0.21603
   0.22440    0.22767    0.23317    0.23944    0.24214    0.25399    0.27128    0.27849
   0.45365    0.45635
 kpt#  55, nband= 50, wtk=  0.00926, kpt= -0.3333 -0.1667  0.1667 (reduced coord)
  -1.94204   -1.94164   -1.94157   -1.94152   -0.80403   -0.80294   -0.80249   -0.79663
  -0.79577   -0.79508   -0.79336   -0.79180   -0.79167   -0.79062   -0.78871   -0.78856
  -0.38071   -0.34875   -0.34688   -0.34299   -0.32377   -0.31085   -0.30664   -0.30191
   0.07671    0.08130    0.09802    0.10543    0.10934    0.11946    0.13778    0.14405
   0.15276    0.15905    0.16868    0.18418    0.19911    0.20357    0.20708    0.21329
   0.22269    0.22870    0.23100    0.24122    0.24378    0.25306    0.27163    0.27854
   0.45441    0.46413
 kpt#  56, nband= 50, wtk=  0.00926, kpt= -0.1667 -0.1667  0.1667 (reduced coord)
  -1.94212   -1.94160   -1.94156   -1.94148   -0.80486   -0.80407   -0.80364   -0.79561
  -0.79506   -0.79432   -0.79290   -0.79210   -0.79157   -0.79092   -0.78812   -0.78792
  -0.38876   -0.34841   -0.34701   -0.34263   -0.31491   -0.31227   -0.30731   -0.30164
   0.07665    0.08169    0.08584    0.09909    0.10827    0.12064    0.14561    0.15001
   0.15540    0.16081    0.17222    0.18493    0.19352    0.20297    0.20824    0.21549
   0.22547    0.22770    0.23224    0.23871    0.24645    0.25347    0.27214    0.27778
   0.45804    0.47121
 kpt#  57, nband= 50, wtk=  0.00926, kpt=  0.0000  0.0000  0.3333 (reduced coord)
  -1.94207   -1.94172   -1.94152   -1.94146   -0.80372   -0.80322   -0.80247   -0.79714
  -0.79625   -0.79346   -0.79339   -0.79211   -0.79125   -0.79082   -0.78885   -0.78860
  -0.38415   -0.35465   -0.34386   -0.34216   -0.31546   -0.31136   -0.30931   -0.30315
   0.07975    0.08503    0.09156    0.10843    0.11794    0.11931    0.13002    0.13973
   0.14505    0.17737    0.17869    0.18255    0.18787    0.19603    0.20509    0.21996
   0.22128    0.22949    0.23496    0.23982    0.24683    0.26132    0.26161    0.26809
   0.46858    0.47230
 kpt#  58, nband= 50, wtk=  0.00926, kpt=  0.1667  0.0000  0.3333 (reduced coord)
  -1.94204   -1.94171   -1.94153   -1.94148   -0.80367   -0.80308   -0.80201   -0.79698
  -0.79664   -0.79413   -0.79321   -0.79213   -0.79134   -0.79076   -0.78917   -0.78839
  -0.38148   -0.35455   -0.34388   -0.34208   -0.31709   -0.31267   -0.30900   -0.30318
   0.07778    0.09074    0.09306    0.10345    0.11687    0.12343    0.13478    0.13988
   0.14835    0.16829    0.17315    0.18377    0.19033    0.19378    0.20994    0.21269
   0.22399    0.23237    0.23313    0.24083    0.24465    0.25532    0.26443    0.26898
   0.46690    0.47242
 kpt#  59, nband= 50, wtk=  0.00926, kpt=  0.3333  0.0000  0.3333 (reduced coord)
  -1.94197   -1.94169   -1.94158   -1.94152   -0.80357   -0.80263   -0.80069   -0.79802
  -0.79659   -0.79543   -0.79350   -0.79158   -0.79082   -0.79052   -0.79014   -0.78844
  -0.37513   -0.35445   -0.34358   -0.34231   -0.32339   -0.31343   -0.30772   -0.30350
   0.07790    0.08832    0.09967    0.11190    0.11620    0.12277    0.13338    0.14316
   0.15252    0.16336    0.17000    0.17982    0.18576    0.19601    0.20371    0.21464
   0.21990    0.22826    0.23671    0.24233    0.24339    0.25548    0.26180    0.27175
   0.45941    0.46370
 kpt#  60, nband= 50, wtk=  0.00926, kpt=  0.5000  0.0000  0.3333 (reduced coord)
  -1.94191   -1.94170   -1.94161   -1.94154   -0.80356   -0.80215   -0.79965   -0.79843
  -0.79784   -0.79565   -0.79329   -0.79121   -0.79098   -0.79085   -0.78948   -0.78906
  -0.37112   -0.35447   -0.34323   -0.34281   -0.32738   -0.31351   -0.30704   -0.30373
   0.07993    0.08515    0.10235    0.11674    0.11746    0.12509    0.12932    0.14209
   0.15573    0.16628    0.16721    0.17577    0.18519    0.19004    0.20314    0.21304
   0.21654    0.23353    0.23708    0.23929    0.25039    0.25356    0.25838    0.27309
   0.45550    0.45693
 kpt#  61, nband= 50, wtk=  0.00926, kpt= -0.3333  0.0000  0.3333 (reduced coord)
  -1.94197   -1.94169   -1.94158   -1.94152   -0.80357   -0.80263   -0.80069   -0.79801
  -0.79658   -0.79543   -0.79350   -0.79159   -0.79082   -0.79054   -0.79012   -0.78843
  -0.37512   -0.35446   -0.34357   -0.34231   -0.32339   -0.31344   -0.30773   -0.30350
   0.07789    0.08833    0.09968    0.11191    0.11620    0.12277    0.13338    0.14318
   0.15250    0.16336    0.16997    0.17980    0.18576    0.19601    0.20372    0.21465
   0.21990    0.22824    0.23672    0.24233    0.24339    0.25549    0.26180    0.27175
   0.45920    0.46396
 kpt#  62, nband= 50, wtk=  0.00926, kpt= -0.1667  0.0000  0.3333 (reduced coord)
  -1.94204   -1.94171   -1.94153   -1.94148   -0.80367   -0.80307   -0.80201   -0.79697
  -0.79664   -0.79413   -0.79321   -0.79213   -0.79134   -0.79076   -0.78917   -0.78839
  -0.38147   -0.35455   -0.34387   -0.34208   -0.31707   -0.31269   -0.30900   -0.30318
   0.07777    0.09075    0.09307    0.10346    0.11687    0.12343    0.13478    0.13988
   0.14834    0.16829    0.17313    0.18377    0.19032    0.19378    0.20997    0.21269
   0.22397    0.23235    0.23316    0.24082    0.24465    0.25532    0.26443    0.26898
   0.46688    0.47232
 kpt#  63, nband= 50, wtk=  0.00926, kpt=  0.0000  0.1667  0.3333 (reduced coord)
  -1.94204   -1.94170   -1.94155   -1.94148   -0.80349   -0.80259   -0.80233   -0.79801
  -0.79586   -0.79374   -0.79297   -0.79285   -0.79140   -0.79070   -0.78922   -0.78832
  -0.38118   -0.35389   -0.34556   -0.34322   -0.31434   -0.31309   -0.30933   -0.30382
   0.08657    0.08816    0.09578    0.10856    0.11867    0.11898    0.12906    0.14356
   0.14478    0.16638    0.17387    0.18681    0.18788    0.19527    0.20709    0.21665
   0.22378    0.22490    0.23012    0.23652    0.24707    0.25917    0.26125    0.26770
   0.46444    0.47449
 kpt#  64, nband= 50, wtk=  0.00926, kpt=  0.1667  0.1667  0.3333 (reduced coord)
  -1.94201   -1.94170   -1.94156   -1.94150   -0.80386   -0.80299   -0.80211   -0.79742
  -0.79610   -0.79461   -0.79295   -0.79231   -0.79136   -0.79055   -0.78886   -0.78848
  -0.37897   -0.35413   -0.34616   -0.34347   -0.31621   -0.31248   -0.30937   -0.30336
   0.08316    0.09401    0.09757    0.10447    0.11826    0.12203    0.13309    0.14345
   0.14738    0.16320    0.16875    0.18397    0.18918    0.19981    0.21000    0.21362
   0.22110    0.22450    0.23177    0.23691    0.24258    0.25509    0.26323    0.26905
   0.46055    0.47345
 kpt#  65, nband= 50, wtk=  0.00926, kpt=  0.3333  0.1667  0.3333 (reduced coord)
  -1.94194   -1.94169   -1.94159   -1.94154   -0.80413   -0.80327   -0.80221   -0.79869
  -0.79587   -0.79410   -0.79297   -0.79148   -0.79089   -0.79019   -0.78943   -0.78857
  -0.37371   -0.35466   -0.34712   -0.34480   -0.32086   -0.31133   -0.30804   -0.30312
   0.08278    0.09198    0.10246    0.11104    0.11963    0.12134    0.13544    0.14008
   0.14969    0.16388    0.16843    0.18082    0.18866    0.19895    0.20336    0.21567
   0.21973    0.22620    0.22937    0.23698    0.24040    0.25515    0.26009    0.27098
   0.45337    0.46209
 kpt#  66, nband= 50, wtk=  0.00926, kpt=  0.5000  0.1667  0.3333 (reduced coord)
  -1.94189   -1.94170   -1.94161   -1.94156   -0.80415   -0.80327   -0.80212   -0.80008
  -0.79546   -0.79423   -0.79201   -0.79089   -0.79066   -0.79039   -0.78958   -0.78908
  -0.37036   -0.35502   -0.34731   -0.34631   -0.32326   -0.31074   -0.30713   -0.30323
   0.08532    0.08805    0.10497    0.11517    0.11652    0.12631    0.13471    0.13914
   0.14873    0.16812    0.16914    0.17557    0.18797    0.19397    0.20720    0.21094
   0.21878    0.22446    0.23500    0.23573    0.24296    0.25429    0.25739    0.27153
   0.45183    0.45365
 kpt#  67, nband= 50, wtk=  0.00926, kpt= -0.3333  0.1667  0.3333 (reduced coord)
  -1.94194   -1.94169   -1.94159   -1.94154   -0.80413   -0.80327   -0.80221   -0.79869
  -0.79586   -0.79411   -0.79298   -0.79150   -0.79088   -0.79018   -0.78943   -0.78856
  -0.37371   -0.35466   -0.34711   -0.34481   -0.32085   -0.31133   -0.30805   -0.30312
   0.08277    0.09199    0.10246    0.11104    0.11965    0.12135    0.13544    0.14007
   0.14969    0.16386    0.16841    0.18082    0.18864    0.19896    0.20337    0.21567
   0.21975    0.22622    0.22936    0.23698    0.24041    0.25515    0.26008    0.27099
   0.45339    0.46203
 kpt#  68, nband= 50, wtk=  0.00926, kpt= -0.1667  0.1667  0.3333 (reduced coord)
  -1.94201   -1.94170   -1.94156   -1.94150   -0.80386   -0.80298   -0.80212   -0.79742
  -0.79609   -0.79461   -0.79297   -0.79232   -0.79135   -0.79054   -0.78886   -0.78848
  -0.37897   -0.35413   -0.34616   -0.34348   -0.31620   -0.31250   -0.30937   -0.30336
   0.08316    0.09402    0.09757    0.10448    0.11826    0.12204    0.13309    0.14344
   0.14738    0.16320    0.16873    0.18396    0.18918    0.19982    0.21001    0.21363
   0.22111    0.22451    0.23177    0.23691    0.24257    0.25510    0.26322    0.26906
   0.46056    0.47422
 kpt#  69, nband= 50, wtk=  0.00926, kpt=  0.0000  0.3333  0.3333 (reduced coord)
  -1.94194   -1.94167   -1.94164   -1.94152   -0.80254   -0.80186   -0.80137   -0.79959
  -0.79546   -0.79477   -0.79433   -0.79246   -0.79064   -0.79046   -0.78995   -0.78843
  -0.37303   -0.35180   -0.35171   -0.34579   -0.31446   -0.31163   -0.31087   -0.30570
   0.09673    0.10384    0.10389    0.11100    0.11872    0.12214    0.13055    0.13196
   0.15162    0.16103    0.16770    0.17554    0.18362    0.19552    0.20906    0.20934
   0.21027    0.22543    0.22873    0.23354    0.24964    0.25626    0.26086    0.26526
   0.45863    0.47114
 kpt#  70, nband= 50, wtk=  0.00926, kpt=  0.1667  0.3333  0.3333 (reduced coord)
  -1.94192   -1.94167   -1.94164   -1.94153   -0.80373   -0.80286   -0.80237   -0.79932
  -0.79525   -0.79441   -0.79317   -0.79181   -0.79074   -0.79022   -0.78935   -0.78855
  -0.37202   -0.35310   -0.35236   -0.34687   -0.31478   -0.31168   -0.30938   -0.30443
   0.09454    0.10196    0.10666    0.11188    0.11828    0.12375    0.13048    0.13727
   0.15037    0.16026    0.16511    0.17919    0.18693    0.19690    0.20347    0.20934
   0.21657    0.22352    0.22651    0.23008    0.24614    0.25446    0.26199    0.26676
   0.45469    0.46827
 kpt#  71, nband= 50, wtk=  0.00926, kpt=  0.3333  0.3333  0.3333 (reduced coord)
  -1.94187   -1.94168   -1.94165   -1.94157   -0.80483   -0.80415   -0.80387   -0.80146
  -0.79342   -0.79284   -0.79198   -0.79103   -0.79059   -0.78974   -0.78894   -0.78876
  -0.36949   -0.35496   -0.35421   -0.34968   -0.31605   -0.30944   -0.30712   -0.30296
   0.09303    0.10071    0.11088    0.11296    0.11824    0.12395    0.12942    0.14093
   0.14637    0.16702    0.17117    0.17937    0.18960    0.19393    0.20315    0.20772
   0.21507    0.22144    0.22452    0.23162    0.24088    0.25356    0.25881    0.26732
   0.44864    0.46266
 kpt#  72, nband= 50, wtk=  0.00926, kpt=  0.5000  0.3333  0.3333 (reduced coord)
  -1.94183   -1.94170   -1.94165   -1.94158   -0.80494   -0.80487   -0.80427   -0.80284
  -0.79264   -0.79255   -0.79091   -0.79077   -0.78988   -0.78947   -0.78940   -0.78900
  -0.36776   -0.35573   -0.35533   -0.35150   -0.31649   -0.30809   -0.30616   -0.30251
   0.09453    0.09871    0.11280    0.11430    0.11673    0.12402    0.12868    0.14138
   0.14560    0.17162    0.17465    0.17692    0.19081    0.19523    0.20123    0.20738
   0.21385    0.21731    0.22928    0.23085    0.23893    0.25324    0.25550    0.26755
   0.44902    0.45177
 kpt#  73, nband= 50, wtk=  0.00926, kpt= -0.3333  0.3333  0.3333 (reduced coord)
  -1.94187   -1.94168   -1.94165   -1.94157   -0.80483   -0.80415   -0.80388   -0.80145
  -0.79341   -0.79282   -0.79201   -0.79105   -0.79059   -0.78972   -0.78893   -0.78875
  -0.36948   -0.35497   -0.35420   -0.34968   -0.31605   -0.30944   -0.30712   -0.30297
   0.09303    0.10072    0.11088    0.11296    0.11824    0.12397    0.12942    0.14093
   0.14636    0.16701    0.17114    0.17937    0.18961    0.19392    0.20315    0.20771
   0.21507    0.22147    0.22452    0.23163    0.24088    0.25356    0.25880    0.26733
   0.44867    0.46201
 kpt#  74, nband= 50, wtk=  0.00926, kpt= -0.1667  0.3333  0.3333 (reduced coord)
  -1.94192   -1.94167   -1.94164   -1.94153   -0.80372   -0.80286   -0.80237   -0.79932
  -0.79524   -0.79439   -0.79319   -0.79183   -0.79075   -0.79021   -0.78933   -0.78855
  -0.37202   -0.35311   -0.35235   -0.34687   -0.31478   -0.31168   -0.30938   -0.30444
   0.09455    0.10197    0.10666    0.11188    0.11829    0.12375    0.13047    0.13727
   0.15036    0.16025    0.16509    0.17920    0.18693    0.19689    0.20346    0.20934
   0.21658    0.22353    0.22652    0.23010    0.24613    0.25446    0.26199    0.26676
   0.45472    0.46827
 kpt#  75, nband= 50, wtk=  0.00926, kpt=  0.0000  0.5000  0.3333 (reduced coord)
  -1.94184   -1.94174   -1.94164   -1.94154   -0.80128   -0.80126   -0.80096   -0.80095
  -0.79586   -0.79582   -0.79338   -0.79331   -0.79029   -0.79026   -0.78937   -0.78934
  -0.36204   -0.36198   -0.34892   -0.34888   -0.31328   -0.31324   -0.30850   -0.30846
   0.10672    0.10674    0.11351    0.11357    0.11690    0.11692    0.14209    0.14221
   0.14276    0.14286    0.16906    0.16909    0.18788    0.18798    0.19943    0.19951
   0.22263    0.22267    0.23003    0.23010    0.25596    0.25603    0.25971    0.25976
   0.46108    0.46119
 kpt#  76, nband= 50, wtk=  0.00926, kpt=  0.1667  0.5000  0.3333 (reduced coord)
  -1.94183   -1.94173   -1.94165   -1.94155   -0.80323   -0.80322   -0.80141   -0.80140
  -0.79481   -0.79474   -0.79209   -0.79205   -0.79013   -0.79009   -0.78936   -0.78933
  -0.36239   -0.36233   -0.35026   -0.35022   -0.31310   -0.31306   -0.30676   -0.30672
   0.10384    0.10386    0.11173    0.11180    0.12283    0.12285    0.13854    0.13861
   0.14785    0.14793    0.16900    0.16902    0.18987    0.18992    0.20234    0.20240
   0.21704    0.21707    0.22991    0.22995    0.25231    0.25236    0.26246    0.26249
   0.45751    0.45760
 kpt#  77, nband= 50, wtk=  0.00926, kpt=  0.3333  0.5000  0.3333 (reduced coord)
  -1.94180   -1.94171   -1.94168   -1.94157   -0.80490   -0.80489   -0.80349   -0.80347
  -0.79268   -0.79260   -0.79093   -0.79089   -0.78978   -0.78973   -0.78909   -0.78906
  -0.36278   -0.36272   -0.35320   -0.35317   -0.31191   -0.31187   -0.30423   -0.30419
   0.10268    0.10271    0.11189    0.11195    0.12317    0.12322    0.13456    0.13465
   0.15581    0.15590    0.17402    0.17405    0.19084    0.19088    0.20411    0.20415
   0.21177    0.21183    0.22786    0.22790    0.24941    0.24944    0.26165    0.26169
   0.45292    0.45298
 kpt#  78, nband= 50, wtk=  0.00926, kpt=  0.5000  0.5000  0.3333 (reduced coord)
  -1.94178   -1.94170   -1.94169   -1.94159   -0.80536   -0.80534   -0.80456   -0.80453
  -0.79152   -0.79146   -0.79109   -0.79103   -0.78920   -0.78916   -0.78905   -0.78901
  -0.36274   -0.36269   -0.35485   -0.35481   -0.31110   -0.31106   -0.30322   -0.30318
   0.10391    0.10394    0.11140    0.11145    0.12360    0.12371    0.13026    0.13037
   0.16039    0.16046    0.17736    0.17739    0.19360    0.19363    0.19848    0.19853
   0.21722    0.21730    0.22373    0.22380    0.24702    0.24704    0.26149    0.26152
   0.45317    0.45393
 kpt#  79, nband= 50, wtk=  0.00926, kpt= -0.3333  0.5000  0.3333 (reduced coord)
  -1.94180   -1.94171   -1.94168   -1.94157   -0.80491   -0.80488   -0.80348   -0.80347
  -0.79267   -0.79260   -0.79094   -0.79089   -0.78978   -0.78976   -0.78908   -0.78903
  -0.36277   -0.36272   -0.35321   -0.35316   -0.31191   -0.31187   -0.30424   -0.30420
   0.10269    0.10272    0.11191    0.11195    0.12315    0.12321    0.13454    0.13465
   0.15582    0.15590    0.17400    0.17406    0.19085    0.19088    0.20411    0.20415
   0.21175    0.21182    0.22787    0.22791    0.24941    0.24944    0.26166    0.26169
   0.45290    0.45300
 kpt#  80, nband= 50, wtk=  0.00926, kpt= -0.1667  0.5000  0.3333 (reduced coord)
  -1.94183   -1.94173   -1.94165   -1.94155   -0.80324   -0.80321   -0.80141   -0.80140
  -0.79480   -0.79473   -0.79211   -0.79207   -0.79012   -0.79010   -0.78935   -0.78932
  -0.36239   -0.36233   -0.35026   -0.35022   -0.31310   -0.31306   -0.30676   -0.30673
   0.10385    0.10386    0.11175    0.11180    0.12282    0.12283    0.13852    0.13861
   0.14786    0.14792    0.16898    0.16903    0.18988    0.18992    0.20234    0.20240
   0.21703    0.21707    0.22993    0.22996    0.25230    0.25235    0.26247    0.26249
   0.45751    0.45761
 kpt#  81, nband= 50, wtk=  0.00926, kpt=  0.0000 -0.3333  0.3333 (reduced coord)
  -1.94194   -1.94167   -1.94164   -1.94152   -0.80255   -0.80185   -0.80135   -0.79959
  -0.79544   -0.79477   -0.79436   -0.79248   -0.79066   -0.79043   -0.78996   -0.78842
  -0.37302   -0.35181   -0.35172   -0.34577   -0.31444   -0.31163   -0.31091   -0.30571
   0.09674    0.10389    0.10390    0.11101    0.11871    0.12213    0.13056    0.13191
   0.15162    0.16096    0.16772    0.17551    0.18363    0.19553    0.20904    0.20932
   0.21031    0.22545    0.22876    0.23349    0.24969    0.25621    0.26082    0.26529
   0.45858    0.47127
 kpt#  82, nband= 50, wtk=  0.00926, kpt=  0.1667 -0.3333  0.3333 (reduced coord)
  -1.94192   -1.94167   -1.94164   -1.94153   -0.80374   -0.80283   -0.80237   -0.79932
  -0.79523   -0.79442   -0.79319   -0.79182   -0.79076   -0.79018   -0.78937   -0.78854
  -0.37201   -0.35312   -0.35237   -0.34685   -0.31477   -0.31168   -0.30938   -0.30445
   0.09457    0.10201    0.10665    0.11189    0.11827    0.12374    0.13042    0.13728
   0.15038    0.16022    0.16512    0.17919    0.18693    0.19690    0.20345    0.20935
   0.21655    0.22356    0.22653    0.23007    0.24616    0.25442    0.26197    0.26678
   0.45466    0.46837
 kpt#  83, nband= 50, wtk=  0.00926, kpt=  0.3333 -0.3333  0.3333 (reduced coord)
  -1.94187   -1.94168   -1.94165   -1.94157   -0.80484   -0.80413   -0.80388   -0.80146
  -0.79340   -0.79283   -0.79202   -0.79104   -0.79062   -0.78970   -0.78894   -0.78875
  -0.36947   -0.35497   -0.35421   -0.34966   -0.31605   -0.30945   -0.30712   -0.30298
   0.09304    0.10075    0.11091    0.11294    0.11823    0.12396    0.12935    0.14093
   0.14637    0.16699    0.17117    0.17936    0.18960    0.19394    0.20314    0.20769
   0.21505    0.22149    0.22452    0.23162    0.24089    0.25356    0.25880    0.26733
   0.44864    0.46199
 kpt#  84, nband= 50, wtk=  0.00926, kpt=  0.5000 -0.3333  0.3333 (reduced coord)
  -1.94183   -1.94170   -1.94165   -1.94158   -0.80495   -0.80487   -0.80425   -0.80284
  -0.79262   -0.79254   -0.79092   -0.79079   -0.78993   -0.78949   -0.78935   -0.78897
  -0.36775   -0.35573   -0.35534   -0.35149   -0.31649   -0.30810   -0.30616   -0.30252
   0.09454    0.09875    0.11282    0.11433    0.11672    0.12400    0.12862    0.14138
   0.14559    0.17161    0.17465    0.17692    0.19080    0.19527    0.20119    0.20735
   0.21386    0.21736    0.22929    0.23081    0.23894    0.25325    0.25551    0.26753
   0.44902    0.45174
 kpt#  85, nband= 50, wtk=  0.00926, kpt= -0.3333 -0.3333  0.3333 (reduced coord)
  -1.94187   -1.94168   -1.94165   -1.94157   -0.80486   -0.80412   -0.80387   -0.80146
  -0.79341   -0.79280   -0.79203   -0.79105   -0.79061   -0.78969   -0.78893   -0.78875
  -0.36947   -0.35497   -0.35421   -0.34966   -0.31605   -0.30945   -0.30712   -0.30298
   0.09305    0.10075    0.11092    0.11295    0.11823    0.12395    0.12935    0.14093
   0.14636    0.16701    0.17118    0.17935    0.18959    0.19393    0.20313    0.20770
   0.21506    0.22149    0.22450    0.23163    0.24090    0.25355    0.25881    0.26733
   0.44862    0.46199
 kpt#  86, nband= 50, wtk=  0.00926, kpt= -0.1667 -0.3333  0.3333 (reduced coord)
  -1.94192   -1.94167   -1.94164   -1.94153   -0.80375   -0.80283   -0.80236   -0.79933
  -0.79522   -0.79442   -0.79319   -0.79184   -0.79076   -0.79018   -0.78936   -0.78854
  -0.37201   -0.35312   -0.35237   -0.34684   -0.31477   -0.31168   -0.30939   -0.30445
   0.09457    0.10201    0.10666    0.11189    0.11828    0.12372    0.13044    0.13726
   0.15037    0.16023    0.16512    0.17918    0.18693    0.19690    0.20346    0.20934
   0.21655    0.22355    0.22653    0.23009    0.24617    0.25440    0.26199    0.26679
   0.45464    0.46836
 kpt#  87, nband= 50, wtk=  0.00926, kpt=  0.0000 -0.1667  0.3333 (reduced coord)
  -1.94204   -1.94170   -1.94155   -1.94148   -0.80350   -0.80257   -0.80232   -0.79801
  -0.79586   -0.79373   -0.79297   -0.79287   -0.79143   -0.79068   -0.78922   -0.78831
  -0.38117   -0.35389   -0.34557   -0.34320   -0.31434   -0.31306   -0.30936   -0.30382
   0.08658    0.08817    0.09582    0.10857    0.11866    0.11897    0.12905    0.14354
   0.14479    0.16634    0.17391    0.18683    0.18783    0.19525    0.20707    0.21672
   0.22384    0.22487    0.23018    0.23647    0.24709    0.25912    0.26122    0.26774
   0.46445    0.47405
 kpt#  88, nband= 50, wtk=  0.00926, kpt=  0.1667 -0.1667  0.3333 (reduced coord)
  -1.94201   -1.94170   -1.94156   -1.94150   -0.80387   -0.80297   -0.80211   -0.79741
  -0.79610   -0.79461   -0.79296   -0.79233   -0.79138   -0.79052   -0.78886   -0.78848
  -0.37896   -0.35414   -0.34616   -0.34347   -0.31621   -0.31248   -0.30939   -0.30337
   0.08318    0.09403    0.09758    0.10447    0.11825    0.12203    0.13310    0.14342
   0.14738    0.16319    0.16876    0.18397    0.18914    0.19979    0.20998    0.21364
   0.22115    0.22453    0.23179    0.23691    0.24258    0.25507    0.26319    0.26908
   0.46056    0.47309
 kpt#  89, nband= 50, wtk=  0.00926, kpt=  0.3333 -0.1667  0.3333 (reduced coord)
  -1.94194   -1.94169   -1.94159   -1.94154   -0.80414   -0.80327   -0.80220   -0.79869
  -0.79588   -0.79407   -0.79301   -0.79150   -0.79092   -0.79015   -0.78941   -0.78857
  -0.37370   -0.35466   -0.34711   -0.34480   -0.32086   -0.31132   -0.30805   -0.30312
   0.08279    0.09201    0.10246    0.11102    0.11965    0.12133    0.13542    0.14005
   0.14970    0.16385    0.16844    0.18081    0.18863    0.19894    0.20339    0.21567
   0.21972    0.22621    0.22936    0.23700    0.24043    0.25515    0.26007    0.27098
   0.45338    0.46200
 kpt#  90, nband= 50, wtk=  0.00926, kpt=  0.5000 -0.1667  0.3333 (reduced coord)
  -1.94189   -1.94170   -1.94161   -1.94156   -0.80414   -0.80329   -0.80209   -0.80008
  -0.79547   -0.79422   -0.79202   -0.79090   -0.79068   -0.79039   -0.78956   -0.78907
  -0.37035   -0.35503   -0.34731   -0.34629   -0.32327   -0.31074   -0.30713   -0.30323
   0.08534    0.08805    0.10500    0.11518    0.11653    0.12629    0.13465    0.13916
   0.14873    0.16810    0.16913    0.17556    0.18796    0.19397    0.20720    0.21095
   0.21875    0.22445    0.23502    0.23577    0.24297    0.25429    0.25739    0.27152
   0.45183    0.45362
 kpt#  91, nband= 50, wtk=  0.00926, kpt= -0.3333 -0.1667  0.3333 (reduced coord)
  -1.94194   -1.94169   -1.94159   -1.94154   -0.80415   -0.80327   -0.80219   -0.79869
  -0.79588   -0.79406   -0.79301   -0.79151   -0.79091   -0.79014   -0.78943   -0.78856
  -0.37370   -0.35466   -0.34712   -0.34479   -0.32086   -0.31133   -0.30805   -0.30312
   0.08278    0.09201    0.10247    0.11103    0.11967    0.12132    0.13544    0.14005
   0.14968    0.16386    0.16844    0.18078    0.18861    0.19895    0.20339    0.21567
   0.21973    0.22622    0.22936    0.23699    0.24042    0.25515    0.26008    0.27098
   0.45335    0.46203
 kpt#  92, nband= 50, wtk=  0.00926, kpt= -0.1667 -0.1667  0.3333 (reduced coord)
  -1.94201   -1.94170   -1.94156   -1.94150   -0.80388   -0.80296   -0.80211   -0.79742
  -0.79609   -0.79459   -0.79297   -0.79234   -0.79137   -0.79053   -0.78887   -0.78847
  -0.37896   -0.35414   -0.34616   -0.34346   -0.31619   -0.31249   -0.30939   -0.30337
   0.08317    0.09403    0.09759    0.10447    0.11827    0.12201    0.13311    0.14342
   0.14737    0.16319    0.16876    0.18396    0.18914    0.19980    0.21000    0.21364
   0.22112    0.22455    0.23178    0.23690    0.24259    0.25506    0.26321    0.26908
   0.46053    0.47308
 kpt#  93, nband= 50, wtk=  0.00463, kpt=  0.0000  0.0000  0.5000 (reduced coord)
  -1.94191   -1.94187   -1.94151   -1.94147   -0.80161   -0.80160   -0.80022   -0.80020
  -0.79589   -0.79588   -0.79319   -0.79316   -0.79045   -0.79043   -0.78956   -0.78954
  -0.36833   -0.36831   -0.34237   -0.34236   -0.31499   -0.31497   -0.30672   -0.30670
   0.08789    0.08791    0.10531    0.10533    0.12633    0.12635    0.13036    0.13039
   0.14357    0.14362    0.18182    0.18184    0.19743    0.19746    0.21302    0.21305
   0.21848    0.21852    0.23694    0.23697    0.25455    0.25457    0.26293    0.26294
   0.47753    0.47962
 kpt#  94, nband= 50, wtk=  0.00926, kpt=  0.1667  0.0000  0.5000 (reduced coord)
  -1.94189   -1.94185   -1.94153   -1.94148   -0.80223   -0.80222   -0.79945   -0.79942
  -0.79671   -0.79670   -0.79247   -0.79245   -0.79059   -0.79056   -0.78955   -0.78952
  -0.36709   -0.36707   -0.34248   -0.34246   -0.31644   -0.31642   -0.30632   -0.30630
   0.08628    0.08629    0.10843    0.10845    0.12590    0.12592    0.13276    0.13278
   0.14592    0.14596    0.17950    0.17952    0.19147    0.19149    0.21020    0.21023
   0.22691    0.22692    0.23612    0.23614    0.25057    0.25058    0.26277    0.26279
   0.47030    0.47073
 kpt#  95, nband= 50, wtk=  0.00926, kpt=  0.3333  0.0000  0.5000 (reduced coord)
  -1.94184   -1.94181   -1.94158   -1.94153   -0.80295   -0.80294   -0.79830   -0.79829
  -0.79778   -0.79777   -0.79200   -0.79197   -0.79072   -0.79070   -0.78934   -0.78933
  -0.36437   -0.36435   -0.34270   -0.34269   -0.31939   -0.31937   -0.30567   -0.30565
   0.08586    0.08587    0.10978    0.10980    0.12515    0.12518    0.13887    0.13890
   0.15127    0.15131    0.17541    0.17542    0.18862    0.18864    0.20269    0.20273
   0.22784    0.22786    0.23894    0.23896    0.24520    0.24521    0.26460    0.26461
   0.45967    0.45970
 kpt#  96, nband= 50, wtk=  0.00463, kpt=  0.5000  0.0000  0.5000 (reduced coord)
  -1.94181   -1.94177   -1.94162   -1.94156   -0.80322   -0.80321   -0.79864   -0.79864
  -0.79718   -0.79716   -0.79264   -0.79261   -0.78995   -0.78995   -0.78953   -0.78952
  -0.36288   -0.36286   -0.34283   -0.34281   -0.32097   -0.32095   -0.30538   -0.30537
   0.08705    0.08706    0.10768    0.10769    0.12500    0.12504    0.14160    0.14163
   0.15707    0.15708    0.17472    0.17474    0.18580    0.18584    0.19808    0.19810
   0.22313    0.22315    0.23971    0.23972    0.24800    0.24802    0.26450    0.26451
   0.45410    0.45413
 kpt#  97, nband= 50, wtk=  0.00926, kpt=  0.0000  0.1667  0.5000 (reduced coord)
  -1.94189   -1.94185   -1.94154   -1.94149   -0.80150   -0.80149   -0.80044   -0.80043
  -0.79615   -0.79614   -0.79282   -0.79281   -0.79067   -0.79065   -0.78939   -0.78936
  -0.36661   -0.36659   -0.34409   -0.34407   -0.31456   -0.31454   -0.30731   -0.30729
   0.09348    0.09349    0.10664    0.10666    0.12405    0.12407    0.13519    0.13520
   0.14225    0.14228    0.17622    0.17626    0.19903    0.19910    0.20736    0.20740
   0.22273    0.22280    0.23399    0.23404    0.25103    0.25109    0.26231    0.26235
   0.47315    0.47320
 kpt#  98, nband= 50, wtk=  0.00926, kpt=  0.1667  0.1667  0.5000 (reduced coord)
  -1.94187   -1.94183   -1.94156   -1.94151   -0.80284   -0.80265   -0.80023   -0.79960
  -0.79631   -0.79605   -0.79228   -0.79207   -0.79087   -0.79008   -0.78946   -0.78943
  -0.36626   -0.36539   -0.34540   -0.34406   -0.31642   -0.31393   -0.30766   -0.30565
   0.09121    0.09174    0.10828    0.11075    0.12077    0.13126    0.13321    0.13571
   0.14408    0.14534    0.17258    0.17592    0.19402    0.19937    0.20671    0.21160
   0.22155    0.22526    0.23257    0.23402    0.24378    0.25218    0.25972    0.26507
   0.46335    0.47323
 kpt#  99, nband= 50, wtk=  0.00926, kpt=  0.3333  0.1667  0.5000 (reduced coord)
  -1.94183   -1.94179   -1.94160   -1.94155   -0.80383   -0.80378   -0.80124   -0.80063
  -0.79507   -0.79498   -0.79165   -0.79124   -0.79058   -0.79026   -0.78935   -0.78928
  -0.36460   -0.36347   -0.34722   -0.34553   -0.31736   -0.31508   -0.30631   -0.30460
   0.09045    0.09169    0.10919    0.11080    0.12348    0.12852    0.13402    0.13921
   0.14987    0.15221    0.17580    0.17667    0.18759    0.19532    0.20122    0.20951
   0.22207    0.22538    0.23167    0.23704    0.23743    0.24885    0.26244    0.26420
   0.45408    0.45906
 kpt# 100, nband= 50, wtk=  0.00926, kpt=  0.5000  0.1667  0.5000 (reduced coord)
  -1.94180   -1.94176   -1.94163   -1.94157   -0.80411   -0.80410   -0.80165   -0.80164
  -0.79421   -0.79419   -0.79167   -0.79164   -0.78989   -0.78988   -0.78947   -0.78946
  -0.36300   -0.36298   -0.34742   -0.34740   -0.31663   -0.31661   -0.30494   -0.30492
   0.09243    0.09244    0.10783    0.10786    0.12614    0.12618    0.13564    0.13567
   0.15898    0.15899    0.17779    0.17780    0.18624    0.18626    0.20135    0.20137
   0.22348    0.22352    0.23486    0.23488    0.24322    0.24323    0.26353    0.26355
   0.45134    0.45137
 kpt# 101, nband= 50, wtk=  0.00926, kpt= -0.3333  0.1667  0.5000 (reduced coord)
  -1.94183   -1.94179   -1.94160   -1.94155   -0.80382   -0.80379   -0.80124   -0.80062
  -0.79507   -0.79498   -0.79165   -0.79124   -0.79058   -0.79026   -0.78935   -0.78927
  -0.36459   -0.36348   -0.34721   -0.34555   -0.31737   -0.31508   -0.30631   -0.30460
   0.09046    0.09168    0.10919    0.11080    0.12349    0.12850    0.13402    0.13923
   0.14985    0.15221    0.17578    0.17666    0.18760    0.19533    0.20124    0.20950
   0.22208    0.22537    0.23166    0.23704    0.23744    0.24885    0.26245    0.26419
   0.45410    0.45904
 kpt# 102, nband= 50, wtk=  0.00926, kpt= -0.1667  0.1667  0.5000 (reduced coord)
  -1.94187   -1.94183   -1.94156   -1.94151   -0.80283   -0.80265   -0.80023   -0.79960
  -0.79631   -0.79606   -0.79228   -0.79206   -0.79088   -0.79009   -0.78947   -0.78941
  -0.36625   -0.36540   -0.34539   -0.34407   -0.31642   -0.31393   -0.30766   -0.30566
   0.09120    0.09176    0.10828    0.11076    0.12077    0.13128    0.13319    0.13572
   0.14408    0.14534    0.17258    0.17590    0.19402    0.19938    0.20670    0.21162
   0.22157    0.22526    0.23258    0.23401    0.24376    0.25219    0.25973    0.26506
   0.46337    0.47312
 kpt# 103, nband= 50, wtk=  0.00926, kpt=  0.0000  0.3333  0.5000 (reduced coord)
  -1.94182   -1.94178   -1.94161   -1.94155   -0.80144   -0.80143   -0.80078   -0.80076
  -0.79606   -0.79604   -0.79321   -0.79318   -0.79040   -0.79039   -0.78919   -0.78917
  -0.36188   -0.36186   -0.34883   -0.34881   -0.31319   -0.31317   -0.30893   -0.30891
   0.10468    0.10469    0.11430    0.11435    0.12124    0.12128    0.13892    0.13894
   0.14080    0.14082    0.17362    0.17369    0.18079    0.18083    0.21100    0.21101
   0.22556    0.22558    0.22890    0.22895    0.24727    0.24737    0.25899    0.25904
   0.46933    0.47023
 kpt# 104, nband= 50, wtk=  0.00926, kpt=  0.1667  0.3333  0.5000 (reduced coord)
  -1.94181   -1.94178   -1.94162   -1.94156   -0.80345   -0.80298   -0.80184   -0.80100
  -0.79504   -0.79442   -0.79240   -0.79198   -0.79035   -0.79000   -0.78921   -0.78918
  -0.36275   -0.36163   -0.35060   -0.34989   -0.31330   -0.31151   -0.30882   -0.30661
   0.10053    0.10639    0.11229    0.11355    0.12143    0.12666    0.13598    0.13745
   0.14560    0.14586    0.16967    0.17146    0.18870    0.18910    0.20717    0.21426
   0.21955    0.22225    0.22515    0.22530    0.24458    0.25183    0.25547    0.26418
   0.45829    0.47417
 kpt# 105, nband= 50, wtk=  0.00926, kpt=  0.3333  0.3333  0.5000 (reduced coord)
  -1.94179   -1.94176   -1.94164   -1.94158   -0.80504   -0.80482   -0.80378   -0.80309
  -0.79263   -0.79238   -0.79112   -0.79085   -0.79002   -0.78956   -0.78913   -0.78909
  -0.36324   -0.36194   -0.35369   -0.35278   -0.31158   -0.31010   -0.30642   -0.30454
   0.10205    0.10289    0.11033    0.11582    0.12123    0.12598    0.13152    0.13391
   0.15473    0.15599    0.17458    0.17749    0.18755    0.18997    0.20674    0.20745
   0.21570    0.22146    0.22403    0.22587    0.23909    0.25048    0.25713    0.26224
   0.44980    0.46203
 kpt# 106, nband= 50, wtk=  0.00926, kpt=  0.5000  0.3333  0.5000 (reduced coord)
  -1.94177   -1.94174   -1.94165   -1.94159   -0.80547   -0.80545   -0.80443   -0.80441
  -0.79167   -0.79165   -0.79051   -0.79050   -0.78947   -0.78945   -0.78916   -0.78914
  -0.36262   -0.36260   -0.35483   -0.35482   -0.31000   -0.30999   -0.30449   -0.30448
   0.10418    0.10420    0.11112    0.11115    0.12298    0.12299    0.13095    0.13097
   0.16146    0.16147    0.18013    0.18014    0.18475    0.18477    0.20297    0.20299
   0.22278    0.22281    0.22657    0.22662    0.24045    0.24047    0.25924    0.25927
   0.45047    0.45049
 kpt# 107, nband= 50, wtk=  0.00926, kpt= -0.3333  0.3333  0.5000 (reduced coord)
  -1.94179   -1.94176   -1.94164   -1.94158   -0.80503   -0.80482   -0.80379   -0.80309
  -0.79263   -0.79238   -0.79112   -0.79085   -0.79003   -0.78958   -0.78914   -0.78906
  -0.36323   -0.36194   -0.35368   -0.35279   -0.31158   -0.31010   -0.30642   -0.30454
   0.10204    0.10289    0.11032    0.11582    0.12123    0.12599    0.13153    0.13389
   0.15472    0.15601    0.17457    0.17747    0.18756    0.18999    0.20672    0.20746
   0.21568    0.22148    0.22405    0.22588    0.23907    0.25048    0.25714    0.26224
   0.44982    0.46201
 kpt# 108, nband= 50, wtk=  0.00926, kpt= -0.1667  0.3333  0.5000 (reduced coord)
  -1.94181   -1.94178   -1.94162   -1.94156   -0.80344   -0.80298   -0.80185   -0.80100
  -0.79504   -0.79442   -0.79239   -0.79198   -0.79035   -0.79001   -0.78921   -0.78917
  -0.36274   -0.36164   -0.35060   -0.34990   -0.31330   -0.31151   -0.30882   -0.30661
   0.10053    0.10640    0.11229    0.11354    0.12142    0.12667    0.13598    0.13743
   0.14559    0.14588    0.16966    0.17145    0.18870    0.18911    0.20717    0.21425
   0.21953    0.22227    0.22517    0.22532    0.24455    0.25183    0.25548    0.26418
   0.45831    0.47387
 kpt# 109, nband= 50, wtk=  0.00463, kpt=  0.0000  0.5000  0.5000 (reduced coord)
  -1.94175   -1.94173   -1.94167   -1.94161   -0.80123   -0.80123   -0.80121   -0.80121
  -0.79483   -0.79481   -0.79476   -0.79473   -0.78956   -0.78956   -0.78955   -0.78953
  -0.35540   -0.35538   -0.35535   -0.35533   -0.31114   -0.31113   -0.31111   -0.31108
   0.11233    0.11235    0.11236    0.11237    0.13246    0.13250    0.13255    0.13258
   0.15082    0.15083    0.15089    0.15091    0.19437    0.19440    0.19449    0.19450
   0.22898    0.22901    0.22902    0.22905    0.25146    0.25150    0.25156    0.25156
   0.47200    0.47209
 kpt# 110, nband= 50, wtk=  0.00926, kpt=  0.1667  0.5000  0.5000 (reduced coord)
  -1.94175   -1.94173   -1.94167   -1.94161   -0.80314   -0.80312   -0.80241   -0.80240
  -0.79361   -0.79361   -0.79282   -0.79282   -0.78950   -0.78949   -0.78948   -0.78946
  -0.35691   -0.35690   -0.35642   -0.35641   -0.30993   -0.30992   -0.30942   -0.30941
   0.10779    0.10781    0.11604    0.11605    0.13012    0.13015    0.13203    0.13204
   0.15439    0.15440    0.15586    0.15588    0.19608    0.19609    0.19784    0.19785
   0.22018    0.22020    0.22603    0.22605    0.24961    0.24963    0.25777    0.25778
   0.46282    0.46284
 kpt# 111, nband= 50, wtk=  0.00926, kpt=  0.3333  0.5000  0.5000 (reduced coord)
  -1.94175   -1.94173   -1.94167   -1.94161   -0.80515   -0.80514   -0.80466   -0.80465
  -0.79148   -0.79147   -0.79098   -0.79098   -0.78924   -0.78923   -0.78918   -0.78915
  -0.35929   -0.35928   -0.35885   -0.35884   -0.30724   -0.30724   -0.30679   -0.30678
   0.10795    0.10797    0.11423    0.11424    0.12773    0.12774    0.12934    0.12936
   0.16140    0.16141    0.16498    0.16498    0.19583    0.19584    0.19922    0.19925
   0.21577    0.21579    0.22336    0.22338    0.24904    0.24906    0.25649    0.25650
   0.45658    0.45660
 kpt# 112, nband= 50, wtk=  0.00463, kpt=  0.5000  0.5000  0.5000 (reduced coord)
  -1.94175   -1.94173   -1.94167   -1.94161   -0.80576   -0.80574   -0.80573   -0.80573
  -0.79066   -0.79065   -0.79061   -0.79059   -0.78892   -0.78891   -0.78889   -0.78885
  -0.36023   -0.36021   -0.36018   -0.36016   -0.30581   -0.30579   -0.30577   -0.30574
   0.11117    0.11118    0.11120    0.11123    0.12680    0.12683    0.12695    0.12696
   0.16619    0.16619    0.16622    0.16622    0.19643    0.19645    0.19648    0.19649
   0.22124    0.22126    0.22130    0.22131    0.25038    0.25042    0.25044    0.25045
   0.45845    0.45847
