 Fermi (or HOMO) energy (hartree) =   0.27585   Average Vxc (hartree)=  -0.44458
 Eigenvalues (hartree) for nkpt= 112  k points:
 kpt#   1, nband= 50, wtk=  0.00463, kpt=  0.0000  0.0000  0.0000 (reduced coord)
  -1.93787   -1.93711   -1.93703   -1.93699   -0.80695   -0.80491   -0.80432   -0.79510
  -0.79267   -0.79174   -0.79047   -0.79003   -0.78873   -0.78616   -0.78494   -0.78462
  -0.39715   -0.34989   -0.34297   -0.34011   -0.31300   -0.31174   -0.31125   -0.30422
   0.05977    0.06446    0.07554    0.09181    0.09660    0.09911    0.14915    0.16088
   0.16633    0.17271    0.17862    0.17996    0.18041    0.19405    0.20471    0.21569
   0.22083    0.23410    0.24072    0.24483    0.25547    0.25817    0.27499    0.27585
   0.45693    0.46135
 kpt#   2, nband= 50, wtk=  0.00926, kpt=  0.1667  0.0000  0.0000 (reduced coord)
  -1.93783   -1.93715   -1.93703   -1.93698   -0.80612   -0.80390   -0.80370   -0.79558
  -0.79277   -0.79155   -0.79086   -0.79031   -0.78874   -0.78693   -0.78545   -0.78524
  -0.39277   -0.34771   -0.34242   -0.33847   -0.31930   -0.31359   -0.31140   -0.30583
   0.06385    0.07265    0.07333    0.09342    0.09863    0.11234    0.14084    0.15733
   0.16101    0.16163    0.16954    0.17779    0.18204    0.19950    0.21090    0.21636
   0.22793    0.23110    0.23927    0.24263    0.25020    0.26004    0.26970    0.27255
   0.45982    0.46549
 kpt#   3, nband= 50, wtk=  0.00926, kpt=  0.3333  0.0000  0.0000 (reduced coord)
  -1.93772   -1.93725   -1.93704   -1.93698   -0.80394   -0.80217   -0.80125   -0.79714
  -0.79366   -0.79176   -0.79114   -0.79095   -0.78885   -0.78843   -0.78683   -0.78601
  -0.38129   -0.34225   -0.34209   -0.33459   -0.33180   -0.31948   -0.31246   -0.30977
   0.07373    0.07618    0.09556    0.09967    0.10400    0.11847    0.12759    0.14173
   0.15178    0.15937    0.16021    0.17514    0.18696    0.19216    0.21417    0.21614
   0.22271    0.22378    0.23901    0.24703    0.25300    0.25751    0.26506    0.26632
   0.46409    0.47133
 kpt#   4, nband= 50, wtk=  0.00463, kpt=  0.5000  0.0000  0.0000 (reduced coord)
  -1.93765   -1.93733   -1.93704   -1.93697   -0.80200   -0.80113   -0.79916   -0.79883
  -0.79424   -0.79305   -0.79216   -0.79095   -0.78848   -0.78801   -0.78797   -0.78662
  -0.37188   -0.34708   -0.33756   -0.33663   -0.33238   -0.32380   -0.31313   -0.31236
   0.08234    0.08279    0.10126    0.10240    0.10975    0.12014    0.12035    0.13283
   0.14660    0.15197    0.16877    0.17764    0.17914    0.19206    0.20009    0.21634
   0.22125    0.22675    0.23861    0.25068    0.25294    0.25445    0.26477    0.26573
   0.46498    0.47240
 kpt#   5, nband= 50, wtk=  0.00926, kpt=  0.0000  0.1667  0.0000 (reduced coord)
  -1.93781   -1.93711   -1.93708   -1.93700   -0.80576   -0.80399   -0.80383   -0.79602
  -0.79248   -0.79150   -0.79147   -0.79026   -0.78853   -0.78715   -0.78521   -0.78495
  -0.39231   -0.34839   -0.34223   -0.33979   -0.31669   -0.31389   -0.31292   -0.30521
   0.06959    0.07001    0.07104    0.09369    0.10163    0.11142    0.14313    0.14636
   0.15895    0.16960    0.17238    0.17831    0.18127    0.19833    0.21075    0.21826
   0.23018    0.23151    0.23576    0.23916    0.24819    0.25551    0.27232    0.27317
   0.45526    0.46622
 kpt#   6, nband= 50, wtk=  0.00926, kpt=  0.1667  0.1667  0.0000 (reduced coord)
  -1.93778   -1.93714   -1.93708   -1.93700   -0.80514   -0.80351   -0.80290   -0.79653
  -0.79261   -0.79178   -0.79114   -0.79064   -0.78850   -0.78812   -0.78552   -0.78514
  -0.38836   -0.34692   -0.34162   -0.33812   -0.32055   -0.31856   -0.31174   -0.30664
   0.06945    0.07582    0.07831    0.09510    0.10281    0.11930    0.13620    0.15060
   0.15481    0.15800    0.17242    0.17633    0.17807    0.19842    0.21393    0.21526
   0.22856    0.23419    0.23681    0.23999    0.24622    0.25176    0.26835    0.27043
   0.45818    0.46774
 kpt#   7, nband= 50, wtk=  0.00926, kpt=  0.3333  0.1667  0.0000 (reduced coord)
  -1.93768   -1.93724   -1.93708   -1.93700   -0.80352   -0.80199   -0.80078   -0.79804
  -0.79373   -0.79217   -0.79184   -0.79084   -0.78872   -0.78831   -0.78628   -0.78605
  -0.37804   -0.34305   -0.34135   -0.33445   -0.33212   -0.32289   -0.31252   -0.31013
   0.07604    0.08399    0.09572    0.10386    0.10784    0.12009    0.12682    0.14129
   0.15365    0.15472    0.16349    0.17219    0.18489    0.19183    0.20816    0.21021
   0.22215    0.22726    0.23697    0.24734    0.24740    0.24991    0.26474    0.26581
   0.46228    0.46814
 kpt#   8, nband= 50, wtk=  0.00926, kpt=  0.5000  0.1667  0.0000 (reduced coord)
  -1.93761   -1.93731   -1.93708   -1.93700   -0.80210   -0.80089   -0.79944   -0.79915
  -0.79477   -0.79389   -0.79184   -0.79068   -0.78805   -0.78768   -0.78732   -0.78686
  -0.36971   -0.34579   -0.34003   -0.33622   -0.33293   -0.32524   -0.31316   -0.31248
   0.08499    0.08914    0.09979    0.10434    0.11479    0.11868    0.12658    0.13616
   0.14767    0.15041    0.17103    0.17249    0.17517    0.19199    0.20122    0.21344
   0.21762    0.21871    0.23919    0.24807    0.24829    0.25024    0.26455    0.26499
   0.46382    0.46775
 kpt#   9, nband= 50, wtk=  0.00926, kpt= -0.3333  0.1667  0.0000 (reduced coord)
  -1.93768   -1.93724   -1.93708   -1.93700   -0.80352   -0.80199   -0.80079   -0.79804
  -0.79372   -0.79217   -0.79183   -0.79085   -0.78870   -0.78832   -0.78628   -0.78606
  -0.37804   -0.34306   -0.34135   -0.33445   -0.33211   -0.32288   -0.31252   -0.31014
   0.07604    0.08399    0.09572    0.10386    0.10784    0.12010    0.12682    0.14128
   0.15366    0.15472    0.16349    0.17218    0.18490    0.19183    0.20816    0.21020
   0.22215    0.22727    0.23697    0.24733    0.24739    0.24991    0.26474    0.26581
   0.46227    0.46814
 kpt#  10, nband= 50, wtk=  0.00926, kpt= -0.1667  0.1667  0.0000 (reduced coord)
  -1.93778   -1.93714   -1.93708   -1.93700   -0.80515   -0.80350   -0.80290   -0.79654
  -0.79261   -0.79177   -0.79114   -0.79064   -0.78850   -0.78811   -0.78552   -0.78515
  -0.38836   -0.34693   -0.34162   -0.33812   -0.32054   -0.31856   -0.31174   -0.30664
   0.06946    0.07582    0.07831    0.09510    0.10281    0.11931    0.13621    0.15060
   0.15480    0.15800    0.17241    0.17632    0.17809    0.19841    0.21394    0.21526
   0.22855    0.23420    0.23682    0.23998    0.24621    0.25177    0.26835    0.27044
   0.45817    0.46775
 kpt#  11, nband= 50, wtk=  0.00926, kpt=  0.0000  0.3333  0.0000 (reduced coord)
  -1.93766   -1.93723   -1.93709   -1.93701   -0.80243   -0.80243   -0.80145   -0.79807
  -0.79424   -0.79285   -0.79199   -0.79121   -0.78794   -0.78773   -0.78596   -0.78582
  -0.37894   -0.34778   -0.34055   -0.33922   -0.32733   -0.31962   -0.31232   -0.30777
   0.07249    0.08523    0.09517    0.09636    0.11064    0.12577    0.12996    0.13016
   0.14044    0.15840    0.17254    0.17280    0.19101    0.19225    0.20902    0.21088
   0.21795    0.22092    0.24076    0.24439    0.24899    0.25550    0.26719    0.26810
   0.45967    0.47448
 kpt#  12, nband= 50, wtk=  0.00926, kpt=  0.1667  0.3333  0.0000 (reduced coord)
  -1.93763   -1.93722   -1.93712   -1.93702   -0.80244   -0.80241   -0.80062   -0.79852
  -0.79405   -0.79387   -0.79176   -0.79091   -0.78816   -0.78777   -0.78623   -0.78554
  -0.37618   -0.34777   -0.33982   -0.33750   -0.32828   -0.32416   -0.31195   -0.30876
   0.07511    0.09246    0.09705    0.09944    0.11085    0.12438    0.12900    0.13327
   0.14039    0.16080    0.17235    0.17466    0.18287    0.19159    0.19650    0.21668
   0.21797    0.22233    0.24060    0.24401    0.24462    0.24975    0.26600    0.26725
   0.45900    0.46598
 kpt#  13, nband= 50, wtk=  0.00926, kpt=  0.3333  0.3333  0.0000 (reduced coord)
  -1.93755   -1.93720   -1.93719   -1.93705   -0.80224   -0.80175   -0.79964   -0.79941
  -0.79537   -0.79308   -0.79256   -0.79081   -0.78785   -0.78746   -0.78674   -0.78566
  -0.36909   -0.34718   -0.33911   -0.33481   -0.33271   -0.32952   -0.31255   -0.31117
   0.08380    0.09827    0.10267    0.11097    0.11657    0.12289    0.12543    0.13864
   0.14067    0.15924    0.16765    0.17164    0.18413    0.18732    0.19088    0.20816
   0.21235    0.22809    0.23110    0.23498    0.24648    0.24677    0.26408    0.26427
   0.45688    0.45705
 kpt#  14, nband= 50, wtk=  0.00926, kpt=  0.5000  0.3333  0.0000 (reduced coord)
  -1.93750   -1.93724   -1.93719   -1.93706   -0.80199   -0.80064   -0.80036   -0.79983
  -0.79489   -0.79417   -0.79182   -0.79159   -0.78725   -0.78700   -0.78677   -0.78644
  -0.36370   -0.34661   -0.34228   -0.33498   -0.33461   -0.32890   -0.31316   -0.31274
   0.09237    0.09982    0.10217    0.11413    0.11506    0.12582    0.13492    0.14175
   0.14493    0.15079    0.15974    0.17159    0.17422    0.19354    0.19506    0.20346
   0.20640    0.22078    0.23153    0.23576    0.24354    0.24779    0.26247    0.26254
   0.45394    0.45606
 kpt#  15, nband= 50, wtk=  0.00926, kpt= -0.3333  0.3333  0.0000 (reduced coord)
  -1.93755   -1.93720   -1.93719   -1.93705   -0.80224   -0.80175   -0.79965   -0.79942
  -0.79537   -0.79308   -0.79256   -0.79081   -0.78784   -0.78746   -0.78674   -0.78566
  -0.36909   -0.34718   -0.33911   -0.33481   -0.33270   -0.32952   -0.31255   -0.31117
   0.08381    0.09827    0.10267    0.11097    0.11658    0.12289    0.12543    0.13862
   0.14067    0.15924    0.16764    0.17165    0.18413    0.18733    0.19086    0.20816
   0.21234    0.22808    0.23110    0.23499    0.24648    0.24676    0.26408    0.26427
   0.45687    0.45706
 kpt#  16, nband= 50, wtk=  0.00926, kpt= -0.1667  0.3333  0.0000 (reduced coord)
  -1.93763   -1.93722   -1.93712   -1.93702   -0.80244   -0.80241   -0.80063   -0.79853
  -0.79404   -0.79387   -0.79176   -0.79091   -0.78815   -0.78778   -0.78623   -0.78555
  -0.37618   -0.34778   -0.33982   -0.33750   -0.32828   -0.32416   -0.31195   -0.30876
   0.07511    0.09246    0.09705    0.09943    0.11085    0.12438    0.12900    0.13328
   0.14038    0.16081    0.17234    0.17467    0.18287    0.19158    0.19649    0.21668
   0.21795    0.22234    0.24059    0.24402    0.24461    0.24976    0.26600    0.26725
   0.45898    0.46600
 kpt#  17, nband= 50, wtk=  0.00463, kpt=  0.0000  0.5000  0.0000 (reduced coord)
  -1.93748   -1.93741   -1.93708   -1.93702   -0.80040   -0.80038   -0.79802   -0.79800
  -0.79759   -0.79755   -0.79146   -0.79142   -0.78698   -0.78696   -0.78693   -0.78692
  -0.36089   -0.36083   -0.33931   -0.33928   -0.32656   -0.32653   -0.31057   -0.31054
   0.08362    0.08366    0.11104    0.11110    0.11543    0.11549    0.12617    0.12622
   0.14102    0.14111    0.17548    0.17553    0.18353    0.18362    0.20415    0.20420
   0.21720    0.21732    0.24697    0.24698    0.25335    0.25340    0.26504    0.26505
   0.46835    0.46866
 kpt#  18, nband= 50, wtk=  0.00926, kpt=  0.1667  0.5000  0.0000 (reduced coord)
  -1.93746   -1.93739   -1.93710   -1.93704   -0.80083   -0.80082   -0.79851   -0.79847
  -0.79699   -0.79697   -0.79118   -0.79116   -0.78735   -0.78731   -0.78654   -0.78651
  -0.35982   -0.35977   -0.33822   -0.33819   -0.32874   -0.32872   -0.31095   -0.31092
   0.08727    0.08731    0.11330    0.11335    0.11750    0.11752    0.12350    0.12354
   0.14657    0.14661    0.17373    0.17378    0.18275    0.18284    0.19903    0.19910
   0.21827    0.21837    0.24474    0.24476    0.24765    0.24766    0.26553    0.26555
   0.46097    0.46103
 kpt#  19, nband= 50, wtk=  0.00926, kpt=  0.3333  0.5000  0.0000 (reduced coord)
  -1.93741   -1.93735   -1.93715   -1.93709   -0.80128   -0.80126   -0.79984   -0.79981
  -0.79530   -0.79528   -0.79155   -0.79153   -0.78721   -0.78719   -0.78626   -0.78624
  -0.35714   -0.35709   -0.33665   -0.33662   -0.33256   -0.33253   -0.31218   -0.31215
   0.09498    0.09502    0.11301    0.11304    0.12153    0.12157    0.13086    0.13090
   0.15163    0.15166    0.16829    0.16837    0.17553    0.17563    0.20215    0.20223
   0.21381    0.21384    0.23289    0.23291    0.24530    0.24533    0.26341    0.26346
   0.45266    0.45277
 kpt#  20, nband= 50, wtk=  0.00463, kpt=  0.5000  0.5000  0.0000 (reduced coord)
  -1.93738   -1.93731   -1.93718   -1.93712   -0.80117   -0.80115   -0.80073   -0.80070
  -0.79350   -0.79348   -0.79298   -0.79297   -0.78669   -0.78667   -0.78639   -0.78638
  -0.35532   -0.35526   -0.33789   -0.33786   -0.33270   -0.33266   -0.31305   -0.31302
   0.09940    0.09943    0.10968    0.10971    0.13189    0.13193    0.13386    0.13388
   0.15159    0.15166    0.15787    0.15792    0.17941    0.17952    0.19806    0.19816
   0.21886    0.21891    0.22293    0.22301    0.24469    0.24475    0.26091    0.26097
   0.45019    0.45031
 kpt#  21, nband= 50, wtk=  0.00926, kpt=  0.0000  0.0000  0.1667 (reduced coord)
  -1.93782   -1.93717   -1.93702   -1.93698   -0.80613   -0.80413   -0.80335   -0.79563
  -0.79348   -0.79177   -0.79144   -0.78912   -0.78871   -0.78696   -0.78550   -0.78488
  -0.39273   -0.34736   -0.34317   -0.33855   -0.31755   -0.31336   -0.31263   -0.30674
   0.06483    0.06847    0.08424    0.09781    0.10062    0.10230    0.14402    0.15584
   0.16162    0.16882    0.17106    0.17833    0.18248    0.19253    0.20399    0.21687
   0.22409    0.22822    0.23449    0.24945    0.25577    0.25722    0.26466    0.27191
   0.45985    0.46285
 kpt#  22, nband= 50, wtk=  0.00926, kpt=  0.1667  0.0000  0.1667 (reduced coord)
  -1.93778   -1.93719   -1.93703   -1.93699   -0.80539   -0.80330   -0.80283   -0.79592
  -0.79397   -0.79178   -0.79152   -0.78930   -0.78866   -0.78781   -0.78611   -0.78491
  -0.38875   -0.34635   -0.34194   -0.33712   -0.32217   -0.31568   -0.31339   -0.30760
   0.06818    0.07642    0.08075    0.09769    0.10166    0.11663    0.14193    0.14678
   0.15518    0.16129    0.17176    0.17528    0.18497    0.19543    0.20851    0.21329
   0.22437    0.23261    0.23621    0.23826    0.25144    0.25871    0.26344    0.27043
   0.45874    0.46812
 kpt#  23, nband= 50, wtk=  0.00926, kpt=  0.3333  0.0000  0.1667 (reduced coord)
  -1.93769   -1.93727   -1.93705   -1.93699   -0.80342   -0.80160   -0.80112   -0.79709
  -0.79522   -0.79286   -0.79106   -0.79031   -0.78878   -0.78816   -0.78709   -0.78557
  -0.37836   -0.34415   -0.33934   -0.33605   -0.33115   -0.32053   -0.31466   -0.31042
   0.07656    0.08084    0.09997    0.10220    0.10489    0.11935    0.13309    0.14151
   0.14721    0.15206    0.16817    0.17640    0.18373    0.19381    0.20596    0.21596
   0.22133    0.22379    0.23564    0.24208    0.24981    0.25798    0.25821    0.26730
   0.45880    0.46580
 kpt#  24, nband= 50, wtk=  0.00926, kpt=  0.5000  0.0000  0.1667 (reduced coord)
  -1.93762   -1.93733   -1.93705   -1.93699   -0.80147   -0.80107   -0.79941   -0.79846
  -0.79561   -0.79477   -0.79100   -0.79053   -0.78850   -0.78837   -0.78715   -0.78634
  -0.36995   -0.34605   -0.34095   -0.33750   -0.32959   -0.32329   -0.31610   -0.31207
   0.08265    0.08574    0.10513    0.10591    0.10842    0.12478    0.12966    0.13341
   0.13736    0.15032    0.17159    0.17451    0.18151    0.19359    0.19982    0.21519
   0.22133    0.22452    0.23245    0.24541    0.24933    0.25535    0.25664    0.26687
   0.45785    0.46416
 kpt#  25, nband= 50, wtk=  0.00926, kpt= -0.3333  0.0000  0.1667 (reduced coord)
  -1.93769   -1.93727   -1.93705   -1.93699   -0.80342   -0.80160   -0.80112   -0.79709
  -0.79522   -0.79286   -0.79107   -0.79031   -0.78878   -0.78816   -0.78709   -0.78557
  -0.37836   -0.34415   -0.33935   -0.33605   -0.33115   -0.32053   -0.31466   -0.31042
   0.07656    0.08084    0.09997    0.10220    0.10489    0.11936    0.13309    0.14151
   0.14721    0.15206    0.16817    0.17640    0.18373    0.19380    0.20596    0.21597
   0.22133    0.22379    0.23563    0.24208    0.24981    0.25798    0.25821    0.26730
   0.45880    0.46566
 kpt#  26, nband= 50, wtk=  0.00926, kpt= -0.1667  0.0000  0.1667 (reduced coord)
  -1.93778   -1.93719   -1.93703   -1.93699   -0.80539   -0.80330   -0.80283   -0.79592
  -0.79397   -0.79178   -0.79152   -0.78930   -0.78866   -0.78781   -0.78611   -0.78491
  -0.38875   -0.34634   -0.34194   -0.33712   -0.32217   -0.31569   -0.31339   -0.30760
   0.06818    0.07642    0.08075    0.09769    0.10166    0.11664    0.14193    0.14678
   0.15517    0.16129    0.17177    0.17528    0.18498    0.19543    0.20851    0.21329
   0.22437    0.23261    0.23621    0.23826    0.25144    0.25871    0.26344    0.27043
   0.45875    0.46996
 kpt#  27, nband= 50, wtk=  0.00926, kpt=  0.0000  0.1667  0.1667 (reduced coord)
  -1.93777   -1.93716   -1.93707   -1.93700   -0.80524   -0.80311   -0.80306   -0.79672
  -0.79298   -0.79227   -0.79130   -0.78971   -0.78859   -0.78788   -0.78540   -0.78524
  -0.38826   -0.34604   -0.34330   -0.33791   -0.31860   -0.31743   -0.31430   -0.30718
   0.07314    0.07402    0.07969    0.09984    0.10422    0.11377    0.13925    0.14596
   0.15895    0.16206    0.16982    0.17584    0.17965    0.19738    0.21222    0.21702
   0.22613    0.22754    0.23352    0.24309    0.24592    0.25420    0.26226    0.27030
   0.45808    0.46588
 kpt#  28, nband= 50, wtk=  0.00926, kpt=  0.1667  0.1667  0.1667 (reduced coord)
  -1.93773   -1.93718   -1.93707   -1.93701   -0.80481   -0.80277   -0.80237   -0.79682
  -0.79367   -0.79232   -0.79127   -0.78992   -0.78870   -0.78825   -0.78576   -0.78514
  -0.38476   -0.34639   -0.34129   -0.33713   -0.32233   -0.31989   -0.31459   -0.30737
   0.07459    0.08116    0.08172    0.10096    0.10466    0.12134    0.13794    0.14341
   0.15435    0.15909    0.16414    0.17262    0.18470    0.19918    0.21003    0.21574
   0.22539    0.23098    0.23473    0.23777    0.24525    0.24911    0.26224    0.26878
   0.45817    0.46725
 kpt#  29, nband= 50, wtk=  0.00926, kpt=  0.3333  0.1667  0.1667 (reduced coord)
  -1.93764   -1.93725   -1.93708   -1.93702   -0.80364   -0.80168   -0.80104   -0.79740
  -0.79493   -0.79383   -0.79081   -0.79012   -0.78863   -0.78809   -0.78649   -0.78570
  -0.37568   -0.34524   -0.34015   -0.33817   -0.32868   -0.32258   -0.31570   -0.30900
   0.07988    0.08650    0.09924    0.10555    0.10980    0.12018    0.13210    0.14236
   0.14707    0.15343    0.16093    0.17434    0.18570    0.19447    0.20791    0.21148
   0.22023    0.22549    0.23472    0.24030    0.24360    0.24842    0.25869    0.26658
   0.45753    0.46399
 kpt#  30, nband= 50, wtk=  0.00926, kpt=  0.5000  0.1667  0.1667 (reduced coord)
  -1.93758   -1.93731   -1.93709   -1.93702   -0.80254   -0.80166   -0.79919   -0.79856
  -0.79557   -0.79513   -0.79043   -0.79015   -0.78798   -0.78785   -0.78705   -0.78651
  -0.36843   -0.34652   -0.34203   -0.34034   -0.32843   -0.32307   -0.31683   -0.31028
   0.08760    0.08837    0.10369    0.10708    0.11212    0.12771    0.13137    0.13791
   0.13853    0.14849    0.16470    0.17393    0.18160    0.19525    0.20121    0.21671
   0.21773    0.21863    0.23434    0.24122    0.24267    0.24901    0.25822    0.26546
   0.45493    0.46285
 kpt#  31, nband= 50, wtk=  0.00926, kpt= -0.3333  0.1667  0.1667 (reduced coord)
  -1.93764   -1.93725   -1.93708   -1.93702   -0.80364   -0.80168   -0.80104   -0.79740
  -0.79492   -0.79383   -0.79080   -0.79011   -0.78862   -0.78810   -0.78650   -0.78570
  -0.37568   -0.34524   -0.34016   -0.33817   -0.32868   -0.32258   -0.31570   -0.30900
   0.07988    0.08650    0.09924    0.10555    0.10980    0.12018    0.13210    0.14236
   0.14707    0.15344    0.16093    0.17435    0.18570    0.19447    0.20791    0.21147
   0.22023    0.22549    0.23472    0.24030    0.24360    0.24841    0.25869    0.26658
   0.45753    0.46399
 kpt#  32, nband= 50, wtk=  0.00926, kpt= -0.1667  0.1667  0.1667 (reduced coord)
  -1.93773   -1.93718   -1.93707   -1.93701   -0.80481   -0.80277   -0.80237   -0.79682
  -0.79367   -0.79232   -0.79127   -0.78991   -0.78869   -0.78826   -0.78576   -0.78514
  -0.38476   -0.34639   -0.34129   -0.33713   -0.32233   -0.31990   -0.31459   -0.30737
   0.07459    0.08117    0.08171    0.10096    0.10465    0.12134    0.13795    0.14341
   0.15435    0.15910    0.16414    0.17263    0.18470    0.19918    0.21004    0.21574
   0.22538    0.23097    0.23472    0.23776    0.24526    0.24912    0.26224    0.26878
   0.45816    0.46723
 kpt#  33, nband= 50, wtk=  0.00926, kpt=  0.0000  0.3333  0.1667 (reduced coord)
  -1.93762   -1.93722   -1.93713   -1.93703   -0.80269   -0.80216   -0.80035   -0.79873
  -0.79504   -0.79248   -0.79200   -0.79077   -0.78819   -0.78783   -0.78617   -0.78589
  -0.37591   -0.34612   -0.34248   -0.33820   -0.32771   -0.31951   -0.31577   -0.30899
   0.07905    0.08831    0.09766    0.10228    0.11135    0.12082    0.12954    0.13678
   0.14406    0.16218    0.16271    0.17139    0.18876    0.19267    0.21006    0.21045
   0.21853    0.22197    0.23074    0.24075    0.24390    0.25479    0.25928    0.26589
   0.46241    0.46877
 kpt#  34, nband= 50, wtk=  0.00926, kpt=  0.1667  0.3333  0.1667 (reduced coord)
  -1.93759   -1.93721   -1.93715   -1.93704   -0.80317   -0.80193   -0.80093   -0.79799
  -0.79535   -0.79316   -0.79160   -0.79029   -0.78835   -0.78770   -0.78611   -0.78578
  -0.37378   -0.34783   -0.34111   -0.33848   -0.32750   -0.32331   -0.31470   -0.30852
   0.08095    0.09279    0.10053    0.10459    0.11191    0.12171    0.13162    0.13637
   0.14202    0.15801    0.16666    0.17264    0.18190    0.19463    0.20425    0.21427
   0.21896    0.22273    0.23141    0.23773    0.24228    0.24747    0.26019    0.26442
   0.45957    0.46547
 kpt#  35, nband= 50, wtk=  0.00926, kpt=  0.3333  0.3333  0.1667 (reduced coord)
  -1.93752   -1.93721   -1.93719   -1.93706   -0.80334   -0.80198   -0.80150   -0.79869
  -0.79508   -0.79319   -0.79116   -0.78995   -0.78798   -0.78732   -0.78652   -0.78574
  -0.36823   -0.34862   -0.34290   -0.34172   -0.32641   -0.32489   -0.31461   -0.30888
   0.08719    0.10022    0.10504    0.10890    0.11703    0.12184    0.13340    0.13731
   0.14240    0.15240    0.16124    0.17866    0.18566    0.18946    0.20002    0.20733
   0.21511    0.22636    0.22775    0.23255    0.23852    0.24372    0.25750    0.26353
   0.45327    0.45845
 kpt#  36, nband= 50, wtk=  0.00926, kpt=  0.5000  0.3333  0.1667 (reduced coord)
  -1.93748   -1.93725   -1.93719   -1.93708   -0.80315   -0.80236   -0.80087   -0.80033
  -0.79398   -0.79372   -0.79042   -0.79042   -0.78727   -0.78700   -0.78655   -0.78644
  -0.36389   -0.34784   -0.34700   -0.34432   -0.32602   -0.32300   -0.31506   -0.30963
   0.09407    0.10167    0.10366    0.11069    0.11975    0.12427    0.13512    0.13683
   0.14733    0.15077    0.15708    0.17701    0.18245    0.19735    0.19771    0.20357
   0.20833    0.22055    0.22944    0.23005    0.23884    0.24384    0.25722    0.26210
   0.44900    0.45804
 kpt#  37, nband= 50, wtk=  0.00926, kpt= -0.3333  0.3333  0.1667 (reduced coord)
  -1.93752   -1.93721   -1.93719   -1.93706   -0.80334   -0.80198   -0.80150   -0.79869
  -0.79507   -0.79319   -0.79116   -0.78995   -0.78798   -0.78732   -0.78652   -0.78574
  -0.36823   -0.34861   -0.34291   -0.34172   -0.32640   -0.32489   -0.31461   -0.30888
   0.08719    0.10022    0.10503    0.10891    0.11704    0.12184    0.13339    0.13731
   0.14240    0.15240    0.16124    0.17866    0.18567    0.18947    0.20001    0.20733
   0.21511    0.22636    0.22775    0.23255    0.23852    0.24371    0.25750    0.26353
   0.45328    0.45843
 kpt#  38, nband= 50, wtk=  0.00926, kpt= -0.1667  0.3333  0.1667 (reduced coord)
  -1.93759   -1.93721   -1.93715   -1.93704   -0.80317   -0.80193   -0.80093   -0.79800
  -0.79533   -0.79316   -0.79160   -0.79029   -0.78834   -0.78771   -0.78611   -0.78578
  -0.37379   -0.34783   -0.34111   -0.33848   -0.32750   -0.32331   -0.31469   -0.30852
   0.08095    0.09279    0.10053    0.10458    0.11191    0.12171    0.13163    0.13637
   0.14201    0.15801    0.16666    0.17264    0.18190    0.19464    0.20424    0.21427
   0.21897    0.22273    0.23141    0.23773    0.24227    0.24747    0.26019    0.26442
   0.45955    0.46973
 kpt#  39, nband= 50, wtk=  0.00926, kpt=  0.0000  0.5000  0.1667 (reduced coord)
  -1.93745   -1.93739   -1.93711   -1.93705   -0.80068   -0.80066   -0.79904   -0.79901
  -0.79641   -0.79639   -0.79108   -0.79105   -0.78734   -0.78730   -0.78688   -0.78685
  -0.35912   -0.35906   -0.34035   -0.34032   -0.32604   -0.32602   -0.31231   -0.31228
   0.08917    0.08922    0.10974    0.10979    0.11428    0.11433    0.13363    0.13368
   0.14283    0.14291    0.17154    0.17159    0.18430    0.18440    0.20405    0.20410
   0.21799    0.21810    0.23615    0.23617    0.25185    0.25191    0.26114    0.26117
   0.47058    0.47115
 kpt#  40, nband= 50, wtk=  0.00926, kpt=  0.1667  0.5000  0.1667 (reduced coord)
  -1.93743   -1.93737   -1.93713   -1.93706   -0.80163   -0.80162   -0.79943   -0.79939
  -0.79560   -0.79558   -0.79072   -0.79070   -0.78735   -0.78732   -0.78666   -0.78663
  -0.35897   -0.35891   -0.34056   -0.34054   -0.32693   -0.32690   -0.31158   -0.31155
   0.09161    0.09165    0.11019    0.11023    0.11783    0.11786    0.13132    0.13136
   0.14767    0.14771    0.16666    0.16671    0.18644    0.18652    0.20285    0.20290
   0.21814    0.21822    0.23411    0.23412    0.24809    0.24810    0.26022    0.26026
   0.46121    0.46128
 kpt#  41, nband= 50, wtk=  0.00926, kpt=  0.3333  0.5000  0.1667 (reduced coord)
  -1.93739   -1.93733   -1.93717   -1.93711   -0.80249   -0.80248   -0.80099   -0.80096
  -0.79369   -0.79368   -0.79071   -0.79069   -0.78712   -0.78710   -0.78631   -0.78629
  -0.35787   -0.35782   -0.34359   -0.34358   -0.32566   -0.32565   -0.31131   -0.31129
   0.09789    0.09791    0.11146    0.11147    0.12034    0.12035    0.13428    0.13432
   0.15092    0.15095    0.16429    0.16435    0.18707    0.18714    0.20209    0.20217
   0.21414    0.21419    0.22882    0.22886    0.24198    0.24202    0.25932    0.25936
   0.45177    0.45188
 kpt#  42, nband= 50, wtk=  0.00926, kpt=  0.5000  0.5000  0.1667 (reduced coord)
  -1.93736   -1.93730   -1.93720   -1.93713   -0.80237   -0.80235   -0.80216   -0.80213
  -0.79195   -0.79193   -0.79180   -0.79178   -0.78657   -0.78655   -0.78644   -0.78643
  -0.35664   -0.35658   -0.34630   -0.34629   -0.32397   -0.32395   -0.31175   -0.31173
   0.10209    0.10212    0.11070    0.11072    0.12538    0.12541    0.12893    0.12899
   0.15794    0.15798    0.16388    0.16391    0.18587    0.18595    0.19953    0.19962
   0.21494    0.21500    0.22122    0.22130    0.24195    0.24199    0.25839    0.25844
   0.44861    0.44873
 kpt#  43, nband= 50, wtk=  0.00926, kpt= -0.3333  0.5000  0.1667 (reduced coord)
  -1.93739   -1.93733   -1.93717   -1.93711   -0.80249   -0.80248   -0.80098   -0.80096
  -0.79369   -0.79367   -0.79071   -0.79069   -0.78712   -0.78710   -0.78632   -0.78629
  -0.35787   -0.35782   -0.34359   -0.34358   -0.32566   -0.32565   -0.31131   -0.31128
   0.09788    0.09792    0.11146    0.11148    0.12034    0.12035    0.13427    0.13432
   0.15091    0.15096    0.16430    0.16434    0.18708    0.18714    0.20210    0.20216
   0.21414    0.21419    0.22883    0.22886    0.24198    0.24201    0.25933    0.25936
   0.45177    0.45187
 kpt#  44, nband= 50, wtk=  0.00926, kpt= -0.1667  0.5000  0.1667 (reduced coord)
  -1.93743   -1.93737   -1.93713   -1.93706   -0.80163   -0.80162   -0.79942   -0.79940
  -0.79560   -0.79558   -0.79072   -0.79069   -0.78735   -0.78732   -0.78667   -0.78662
  -0.35896   -0.35891   -0.34057   -0.34054   -0.32693   -0.32691   -0.31158   -0.31155
   0.09161    0.09165    0.11019    0.11022    0.11782    0.11786    0.13132    0.13136
   0.14767    0.14771    0.16666    0.16671    0.18645    0.18652    0.20285    0.20290
   0.21813    0.21823    0.23411    0.23412    0.24808    0.24811    0.26023    0.26025
   0.46122    0.46128
 kpt#  45, nband= 50, wtk=  0.00926, kpt=  0.0000 -0.3333  0.1667 (reduced coord)
  -1.93762   -1.93722   -1.93713   -1.93703   -0.80270   -0.80216   -0.80033   -0.79872
  -0.79502   -0.79249   -0.79201   -0.79077   -0.78818   -0.78783   -0.78618   -0.78589
  -0.37592   -0.34611   -0.34247   -0.33821   -0.32772   -0.31950   -0.31579   -0.30897
   0.07903    0.08831    0.09766    0.10227    0.11136    0.12080    0.12953    0.13680
   0.14409    0.16213    0.16272    0.17140    0.18881    0.19269    0.21001    0.21038
   0.21852    0.22205    0.23074    0.24074    0.24389    0.25481    0.25927    0.26590
   0.46241    0.46887
 kpt#  46, nband= 50, wtk=  0.00926, kpt=  0.1667 -0.3333  0.1667 (reduced coord)
  -1.93759   -1.93721   -1.93715   -1.93704   -0.80318   -0.80194   -0.80093   -0.79797
  -0.79533   -0.79317   -0.79160   -0.79029   -0.78833   -0.78771   -0.78611   -0.78578
  -0.37379   -0.34783   -0.34110   -0.33850   -0.32750   -0.32330   -0.31471   -0.30850
   0.08093    0.09278    0.10054    0.10459    0.11191    0.12170    0.13164    0.13639
   0.14201    0.15802    0.16662    0.17267    0.18194    0.19463    0.20422    0.21426
   0.21899    0.22271    0.23142    0.23772    0.24226    0.24746    0.26019    0.26443
   0.45953    0.46551
 kpt#  47, nband= 50, wtk=  0.00926, kpt=  0.3333 -0.3333  0.1667 (reduced coord)
  -1.93752   -1.93721   -1.93719   -1.93706   -0.80335   -0.80200   -0.80149   -0.79867
  -0.79507   -0.79319   -0.79117   -0.78995   -0.78797   -0.78732   -0.78652   -0.78575
  -0.36823   -0.34862   -0.34290   -0.34173   -0.32640   -0.32489   -0.31462   -0.30887
   0.08718    0.10019    0.10503    0.10891    0.11701    0.12187    0.13343    0.13731
   0.14239    0.15243    0.16121    0.17869    0.18570    0.18947    0.19998    0.20734
   0.21511    0.22634    0.22772    0.23256    0.23853    0.24370    0.25751    0.26352
   0.45321    0.45850
 kpt#  48, nband= 50, wtk=  0.00926, kpt=  0.5000 -0.3333  0.1667 (reduced coord)
  -1.93748   -1.93725   -1.93719   -1.93708   -0.80317   -0.80238   -0.80085   -0.80031
  -0.79397   -0.79373   -0.79043   -0.79042   -0.78726   -0.78698   -0.78657   -0.78644
  -0.36389   -0.34785   -0.34700   -0.34433   -0.32601   -0.32300   -0.31507   -0.30961
   0.09407    0.10165    0.10364    0.11066    0.11976    0.12430    0.13510    0.13685
   0.14738    0.15080    0.15705    0.17704    0.18247    0.19732    0.19777    0.20354
   0.20829    0.22049    0.22944    0.23007    0.23887    0.24384    0.25723    0.26209
   0.44893    0.45788
 kpt#  49, nband= 50, wtk=  0.00926, kpt= -0.3333 -0.3333  0.1667 (reduced coord)
  -1.93752   -1.93721   -1.93719   -1.93706   -0.80336   -0.80200   -0.80148   -0.79867
  -0.79508   -0.79319   -0.79117   -0.78995   -0.78797   -0.78732   -0.78652   -0.78574
  -0.36823   -0.34861   -0.34290   -0.34173   -0.32640   -0.32489   -0.31462   -0.30886
   0.08718    0.10020    0.10503    0.10890    0.11700    0.12186    0.13344    0.13730
   0.14239    0.15243    0.16120    0.17869    0.18569    0.18946    0.19999    0.20734
   0.21512    0.22635    0.22772    0.23255    0.23853    0.24370    0.25751    0.26352
   0.45321    0.45851
 kpt#  50, nband= 50, wtk=  0.00926, kpt= -0.1667 -0.3333  0.1667 (reduced coord)
  -1.93759   -1.93721   -1.93715   -1.93704   -0.80319   -0.80193   -0.80093   -0.79797
  -0.79534   -0.79317   -0.79160   -0.79029   -0.78834   -0.78770   -0.78611   -0.78578
  -0.37379   -0.34782   -0.34110   -0.33850   -0.32750   -0.32330   -0.31471   -0.30850
   0.08093    0.09278    0.10054    0.10459    0.11190    0.12171    0.13164    0.13639
   0.14201    0.15802    0.16662    0.17267    0.18193    0.19463    0.20423    0.21427
   0.21899    0.22272    0.23143    0.23771    0.24227    0.24746    0.26019    0.26443
   0.45954    0.46550
 kpt#  51, nband= 50, wtk=  0.00926, kpt=  0.0000 -0.1667  0.1667 (reduced coord)
  -1.93777   -1.93716   -1.93707   -1.93700   -0.80525   -0.80311   -0.80306   -0.79671
  -0.79300   -0.79226   -0.79130   -0.78972   -0.78859   -0.78788   -0.78541   -0.78524
  -0.38826   -0.34604   -0.34329   -0.33792   -0.31860   -0.31744   -0.31429   -0.30717
   0.07314    0.07403    0.07967    0.09984    0.10422    0.11377    0.13925    0.14594
   0.15896    0.16203    0.16986    0.17587    0.17970    0.19734    0.21217    0.21704
   0.22607    0.22756    0.23353    0.24309    0.24594    0.25421    0.26226    0.27031
   0.45805    0.46587
 kpt#  52, nband= 50, wtk=  0.00926, kpt=  0.1667 -0.1667  0.1667 (reduced coord)
  -1.93773   -1.93718   -1.93707   -1.93701   -0.80482   -0.80276   -0.80238   -0.79681
  -0.79367   -0.79233   -0.79126   -0.78991   -0.78869   -0.78826   -0.78577   -0.78514
  -0.38477   -0.34639   -0.34128   -0.33714   -0.32232   -0.31990   -0.31459   -0.30736
   0.07457    0.08116    0.08172    0.10096    0.10466    0.12135    0.13793    0.14342
   0.15434    0.15910    0.16416    0.17264    0.18473    0.19916    0.21002    0.21574
   0.22538    0.23097    0.23472    0.23775    0.24525    0.24912    0.26224    0.26879
   0.45815    0.46721
 kpt#  53, nband= 50, wtk=  0.00926, kpt=  0.3333 -0.1667  0.1667 (reduced coord)
  -1.93764   -1.93725   -1.93708   -1.93702   -0.80365   -0.80170   -0.80102   -0.79737
  -0.79491   -0.79385   -0.79080   -0.79011   -0.78861   -0.78810   -0.78650   -0.78570
  -0.37568   -0.34524   -0.34016   -0.33818   -0.32867   -0.32258   -0.31571   -0.30899
   0.07986    0.08650    0.09924    0.10554    0.10980    0.12018    0.13213    0.14235
   0.14710    0.15342    0.16092    0.17437    0.18572    0.19447    0.20791    0.21148
   0.22022    0.22547    0.23473    0.24027    0.24358    0.24844    0.25870    0.26658
   0.45750    0.46398
 kpt#  54, nband= 50, wtk=  0.00926, kpt=  0.5000 -0.1667  0.1667 (reduced coord)
  -1.93758   -1.93731   -1.93709   -1.93702   -0.80256   -0.80167   -0.79916   -0.79853
  -0.79558   -0.79515   -0.79043   -0.79015   -0.78796   -0.78785   -0.78706   -0.78652
  -0.36843   -0.34652   -0.34203   -0.34035   -0.32842   -0.32307   -0.31685   -0.31026
   0.08759    0.08836    0.10368    0.10705    0.11211    0.12772    0.13139    0.13791
   0.13856    0.14851    0.16469    0.17393    0.18162    0.19523    0.20124    0.21672
   0.21771    0.21860    0.23433    0.24123    0.24264    0.24904    0.25822    0.26546
   0.45490    0.46294
 kpt#  55, nband= 50, wtk=  0.00926, kpt= -0.3333 -0.1667  0.1667 (reduced coord)
  -1.93764   -1.93725   -1.93708   -1.93702   -0.80365   -0.80169   -0.80102   -0.79737
  -0.79492   -0.79385   -0.79081   -0.79011   -0.78862   -0.78809   -0.78650   -0.78570
  -0.37568   -0.34523   -0.34016   -0.33818   -0.32867   -0.32258   -0.31571   -0.30898
   0.07986    0.08650    0.09924    0.10554    0.10980    0.12018    0.13213    0.14235
   0.14710    0.15342    0.16093    0.17437    0.18572    0.19446    0.20792    0.21149
   0.22022    0.22547    0.23472    0.24028    0.24357    0.24844    0.25869    0.26658
   0.45750    0.46399
 kpt#  56, nband= 50, wtk=  0.00926, kpt= -0.1667 -0.1667  0.1667 (reduced coord)
  -1.93773   -1.93718   -1.93707   -1.93701   -0.80482   -0.80276   -0.80238   -0.79680
  -0.79367   -0.79233   -0.79126   -0.78992   -0.78870   -0.78825   -0.78577   -0.78514
  -0.38477   -0.34638   -0.34129   -0.33714   -0.32233   -0.31990   -0.31459   -0.30736
   0.07457    0.08116    0.08172    0.10095    0.10466    0.12135    0.13793    0.14342
   0.15434    0.15910    0.16417    0.17264    0.18473    0.19917    0.21001    0.21574
   0.22538    0.23098    0.23473    0.23776    0.24524    0.24912    0.26224    0.26879
   0.45816    0.46720
 kpt#  57, nband= 50, wtk=  0.00926, kpt=  0.0000  0.0000  0.3333 (reduced coord)
  -1.93769   -1.93731   -1.93701   -1.93698   -0.80388   -0.80200   -0.80079   -0.79750
  -0.79562   -0.79321   -0.79149   -0.78904   -0.78840   -0.78795   -0.78651   -0.78562
  -0.38049   -0.34849   -0.34061   -0.33481   -0.32344   -0.31744   -0.31639   -0.31384
   0.07812    0.08102    0.09765    0.11147    0.11211    0.12252    0.12548    0.14211
   0.14828    0.15481    0.16854    0.16960    0.18707    0.19158    0.19750    0.20661
   0.21301    0.23207    0.23752    0.24771    0.25117    0.25609    0.25928    0.26097
   0.46702    0.46861
 kpt#  58, nband= 50, wtk=  0.00926, kpt=  0.1667  0.0000  0.3333 (reduced coord)
  -1.93766   -1.93731   -1.93703   -1.93700   -0.80333   -0.80165   -0.80053   -0.79747
  -0.79630   -0.79367   -0.79131   -0.78963   -0.78826   -0.78776   -0.78694   -0.78535
  -0.37762   -0.34851   -0.33997   -0.33422   -0.32547   -0.31978   -0.31748   -0.31283
   0.07974    0.08600    0.09839    0.10330    0.11385    0.12555    0.13365    0.14396
   0.14870    0.15151    0.15830    0.18174    0.18584    0.18864    0.19641    0.20847
   0.21205    0.22930    0.23283    0.24024    0.25315    0.25468    0.25850    0.26339
   0.45895    0.46439
 kpt#  59, nband= 50, wtk=  0.00926, kpt=  0.3333  0.0000  0.3333 (reduced coord)
  -1.93758   -1.93733   -1.93706   -1.93702   -0.80194   -0.80058   -0.80003   -0.79773
  -0.79731   -0.79525   -0.79138   -0.79030   -0.78800   -0.78757   -0.78709   -0.78541
  -0.37023   -0.34847   -0.33945   -0.33632   -0.32849   -0.32113   -0.31894   -0.31347
   0.08350    0.09161    0.10145    0.10892    0.11282    0.12053    0.13982    0.14350
   0.14744    0.15006    0.16664    0.17851    0.17944    0.19230    0.19824    0.20286
   0.21209    0.22202    0.23223    0.23728    0.24660    0.25080    0.25836    0.26380
   0.45223    0.45657
 kpt#  60, nband= 50, wtk=  0.00926, kpt=  0.5000  0.0000  0.3333 (reduced coord)
  -1.93753   -1.93736   -1.93707   -1.93703   -0.80064   -0.80026   -0.79961   -0.79782
  -0.79766   -0.79682   -0.79112   -0.79100   -0.78782   -0.78777   -0.78629   -0.78598
  -0.36458   -0.34856   -0.34306   -0.33780   -0.32669   -0.32131   -0.32075   -0.31406
   0.08576    0.09342    0.10328    0.11119    0.11326    0.12388    0.13609    0.14159
   0.14785    0.15286    0.16850    0.17294    0.18235    0.18631    0.20020    0.20315
   0.21201    0.22541    0.23172    0.23445    0.24027    0.25014    0.25671    0.26335
   0.44899    0.45393
 kpt#  61, nband= 50, wtk=  0.00926, kpt= -0.3333  0.0000  0.3333 (reduced coord)
  -1.93758   -1.93733   -1.93706   -1.93702   -0.80194   -0.80058   -0.80003   -0.79773
  -0.79731   -0.79525   -0.79138   -0.79030   -0.78800   -0.78757   -0.78709   -0.78541
  -0.37022   -0.34847   -0.33945   -0.33632   -0.32849   -0.32113   -0.31894   -0.31347
   0.08350    0.09161    0.10145    0.10892    0.11281    0.12053    0.13982    0.14350
   0.14744    0.15006    0.16665    0.17851    0.17944    0.19230    0.19824    0.20286
   0.21209    0.22202    0.23223    0.23728    0.24659    0.25080    0.25836    0.26380
   0.45223    0.45657
 kpt#  62, nband= 50, wtk=  0.00926, kpt= -0.1667  0.0000  0.3333 (reduced coord)
  -1.93766   -1.93731   -1.93703   -1.93700   -0.80333   -0.80165   -0.80053   -0.79747
  -0.79630   -0.79367   -0.79131   -0.78963   -0.78826   -0.78776   -0.78694   -0.78535
  -0.37762   -0.34851   -0.33997   -0.33422   -0.32547   -0.31978   -0.31748   -0.31282
   0.07974    0.08600    0.09840    0.10330    0.11385    0.12555    0.13365    0.14396
   0.14869    0.15151    0.15830    0.18174    0.18584    0.18864    0.19641    0.20846
   0.21205    0.22930    0.23283    0.24024    0.25315    0.25468    0.25851    0.26339
   0.45895    0.46439
 kpt#  63, nband= 50, wtk=  0.00926, kpt=  0.0000  0.1667  0.3333 (reduced coord)
  -1.93764   -1.93729   -1.93706   -1.93701   -0.80366   -0.80099   -0.80089   -0.79865
  -0.79449   -0.79416   -0.79102   -0.78966   -0.78825   -0.78824   -0.78616   -0.78604
  -0.37706   -0.34810   -0.34003   -0.33598   -0.32270   -0.32203   -0.31648   -0.31366
   0.08480    0.08583    0.09719    0.11155    0.11314    0.12492    0.12533    0.14136
   0.14694    0.15170    0.16569    0.17401    0.18702    0.19059    0.19559    0.21270
   0.21521    0.22870    0.23269    0.24325    0.24968    0.25011    0.25341    0.25938
   0.46359    0.46684
 kpt#  64, nband= 50, wtk=  0.00926, kpt=  0.1667  0.1667  0.3333 (reduced coord)
  -1.93761   -1.93729   -1.93706   -1.93702   -0.80367   -0.80140   -0.80086   -0.79771
  -0.79544   -0.79434   -0.79098   -0.78965   -0.78821   -0.78794   -0.78647   -0.78563
  -0.37484   -0.34914   -0.33997   -0.33639   -0.32436   -0.32188   -0.31840   -0.31123
   0.08495    0.09056    0.09816    0.10792    0.11325    0.12574    0.13242    0.14161
   0.14615    0.15206    0.15910    0.17765    0.18520    0.19387    0.20070    0.20871
   0.21476    0.22530    0.23292    0.23755    0.24586    0.24943    0.25323    0.26174
   0.45856    0.46423
 kpt#  65, nband= 50, wtk=  0.00926, kpt=  0.3333  0.1667  0.3333 (reduced coord)
  -1.93755   -1.93731   -1.93709   -1.93705   -0.80342   -0.80182   -0.80077   -0.79747
  -0.79633   -0.79477   -0.79067   -0.78944   -0.78786   -0.78753   -0.78683   -0.78554
  -0.36906   -0.35018   -0.34272   -0.33981   -0.32466   -0.32104   -0.31858   -0.31043
   0.08700    0.09500    0.10405    0.10972    0.11353    0.12212    0.13670    0.14137
   0.14660    0.15247    0.16226    0.17545    0.18501    0.19523    0.20348    0.20543
   0.21454    0.22088    0.22778    0.23550    0.24249    0.24572    0.25019    0.26304
   0.45155    0.45532
 kpt#  66, nband= 50, wtk=  0.00926, kpt=  0.5000  0.1667  0.3333 (reduced coord)
  -1.93750   -1.93733   -1.93710   -1.93706   -0.80297   -0.80231   -0.80016   -0.79896
  -0.79607   -0.79465   -0.79017   -0.78966   -0.78763   -0.78753   -0.78635   -0.78607
  -0.36462   -0.35047   -0.34659   -0.34193   -0.32308   -0.31981   -0.31936   -0.31078
   0.09020    0.09381    0.10709    0.11190    0.11242    0.12473    0.13783    0.13906
   0.14808    0.15434    0.15993    0.17487    0.18836    0.18987    0.20143    0.20839
   0.21540    0.22016    0.22730    0.23374    0.23649    0.24645    0.24989    0.26218
   0.44682    0.45212
 kpt#  67, nband= 50, wtk=  0.00926, kpt= -0.3333  0.1667  0.3333 (reduced coord)
  -1.93755   -1.93731   -1.93709   -1.93705   -0.80342   -0.80183   -0.80077   -0.79748
  -0.79632   -0.79477   -0.79067   -0.78943   -0.78787   -0.78753   -0.78684   -0.78553
  -0.36907   -0.35018   -0.34272   -0.33981   -0.32466   -0.32104   -0.31858   -0.31043
   0.08700    0.09500    0.10405    0.10971    0.11352    0.12212    0.13670    0.14137
   0.14660    0.15246    0.16226    0.17545    0.18501    0.19524    0.20348    0.20542
   0.21454    0.22088    0.22779    0.23550    0.24249    0.24572    0.25019    0.26304
   0.45155    0.45532
 kpt#  68, nband= 50, wtk=  0.00926, kpt= -0.1667  0.1667  0.3333 (reduced coord)
  -1.93761   -1.93729   -1.93706   -1.93702   -0.80366   -0.80140   -0.80086   -0.79771
  -0.79544   -0.79434   -0.79098   -0.78963   -0.78821   -0.78795   -0.78648   -0.78562
  -0.37484   -0.34914   -0.33997   -0.33639   -0.32436   -0.32188   -0.31840   -0.31122
   0.08495    0.09055    0.09815    0.10792    0.11324    0.12575    0.13242    0.14162
   0.14614    0.15205    0.15911    0.17766    0.18520    0.19387    0.20069    0.20872
   0.21475    0.22531    0.23292    0.23754    0.24586    0.24943    0.25322    0.26173
   0.45855    0.46428
 kpt#  69, nband= 50, wtk=  0.00926, kpt=  0.0000  0.3333  0.3333 (reduced coord)
  -1.93752   -1.93724   -1.93717   -1.93706   -0.80245   -0.80126   -0.80014   -0.79869
  -0.79634   -0.79272   -0.79164   -0.79039   -0.78800   -0.78785   -0.78699   -0.78614
  -0.36756   -0.34655   -0.34268   -0.33942   -0.32698   -0.31996   -0.31964   -0.31422
   0.09431    0.09888    0.10370    0.11320    0.11586    0.11927    0.12588    0.13893
   0.14508    0.15849    0.16169    0.17047    0.18844    0.19076    0.20132    0.21016
   0.21330    0.22101    0.22164    0.23208    0.24108    0.24611    0.25224    0.25641
   0.46624    0.46637
 kpt#  70, nband= 50, wtk=  0.00926, kpt=  0.1667  0.3333  0.3333 (reduced coord)
  -1.93750   -1.93724   -1.93717   -1.93708   -0.80337   -0.80181   -0.80158   -0.79855
  -0.79543   -0.79270   -0.79096   -0.78973   -0.78807   -0.78757   -0.78652   -0.78618
  -0.36708   -0.34941   -0.34419   -0.34164   -0.32414   -0.32181   -0.31742   -0.31114
   0.09386    0.09901    0.10836    0.11213    0.11489    0.12126    0.12933    0.13861
   0.14295    0.15285    0.16567    0.17524    0.18352    0.19696    0.20234    0.21087
   0.21436    0.21791    0.22362    0.23124    0.23772    0.24266    0.24950    0.25730
   0.45978    0.46399
 kpt#  71, nband= 50, wtk=  0.00926, kpt=  0.3333  0.3333  0.3333 (reduced coord)
  -1.93745   -1.93726   -1.93718   -1.93710   -0.80432   -0.80332   -0.80259   -0.80059
  -0.79335   -0.79205   -0.78980   -0.78899   -0.78768   -0.78718   -0.78644   -0.78588
  -0.36522   -0.35258   -0.34882   -0.34733   -0.31999   -0.31898   -0.31505   -0.30858
   0.09410    0.10405    0.10900    0.11229    0.11604    0.12281    0.12931    0.13210
   0.14924    0.15848    0.16620    0.17847    0.18575    0.19655    0.20020    0.20974
   0.21572    0.21754    0.22335    0.22876    0.23306    0.23996    0.24417    0.25773
   0.44956    0.45613
 kpt#  72, nband= 50, wtk=  0.00926, kpt=  0.5000  0.3333  0.3333 (reduced coord)
  -1.93742   -1.93728   -1.93718   -1.93711   -0.80450   -0.80400   -0.80264   -0.80208
  -0.79253   -0.79168   -0.78918   -0.78888   -0.78714   -0.78697   -0.78629   -0.78616
  -0.36331   -0.35353   -0.35174   -0.35076   -0.31786   -0.31620   -0.31487   -0.30813
   0.09794    0.10063    0.11154    0.11441    0.11458    0.12194    0.12941    0.12970
   0.15793    0.15989    0.16452    0.17966    0.19132    0.19622    0.19679    0.20626
   0.21658    0.21692    0.21994    0.22200    0.23452    0.24203    0.24363    0.25729
   0.44352    0.45209
 kpt#  73, nband= 50, wtk=  0.00926, kpt= -0.3333  0.3333  0.3333 (reduced coord)
  -1.93745   -1.93726   -1.93718   -1.93710   -0.80432   -0.80332   -0.80260   -0.80059
  -0.79334   -0.79205   -0.78980   -0.78898   -0.78767   -0.78719   -0.78645   -0.78588
  -0.36522   -0.35258   -0.34882   -0.34733   -0.31999   -0.31898   -0.31505   -0.30858
   0.09410    0.10405    0.10900    0.11229    0.11605    0.12281    0.12930    0.13210
   0.14925    0.15847    0.16620    0.17847    0.18576    0.19655    0.20020    0.20974
   0.21573    0.21754    0.22335    0.22876    0.23306    0.23994    0.24418    0.25773
   0.44956    0.45633
 kpt#  74, nband= 50, wtk=  0.00926, kpt= -0.1667  0.3333  0.3333 (reduced coord)
  -1.93750   -1.93724   -1.93717   -1.93708   -0.80337   -0.80181   -0.80159   -0.79856
  -0.79542   -0.79270   -0.79096   -0.78973   -0.78806   -0.78758   -0.78653   -0.78617
  -0.36708   -0.34941   -0.34419   -0.34164   -0.32414   -0.32181   -0.31742   -0.31114
   0.09386    0.09901    0.10836    0.11212    0.11490    0.12125    0.12933    0.13862
   0.14293    0.15286    0.16567    0.17525    0.18352    0.19696    0.20234    0.21087
   0.21437    0.21791    0.22362    0.23124    0.23772    0.24265    0.24950    0.25730
   0.45998    0.46428
 kpt#  75, nband= 50, wtk=  0.00926, kpt=  0.0000  0.5000  0.3333 (reduced coord)
  -1.93738   -1.93732   -1.93718   -1.93712   -0.80107   -0.80105   -0.80019   -0.80016
  -0.79463   -0.79460   -0.79104   -0.79101   -0.78770   -0.78767   -0.78687   -0.78685
  -0.35444   -0.35439   -0.34350   -0.34346   -0.32433   -0.32430   -0.31654   -0.31651
   0.10314    0.10320    0.11121    0.11126    0.11265    0.11268    0.13920    0.13923
   0.14877    0.14884    0.16695    0.16705    0.18436    0.18447    0.20943    0.20945
   0.20967    0.20969    0.22251    0.22259    0.24682    0.24689    0.25013    0.25016
   0.46839    0.47158
 kpt#  76, nband= 50, wtk=  0.00926, kpt=  0.1667  0.5000  0.3333 (reduced coord)
  -1.93737   -1.93731   -1.93719   -1.93713   -0.80247   -0.80247   -0.80099   -0.80095
  -0.79336   -0.79333   -0.79028   -0.79026   -0.78748   -0.78745   -0.78677   -0.78675
  -0.35625   -0.35620   -0.34585   -0.34582   -0.32271   -0.32269   -0.31382   -0.31380
   0.10189    0.10194    0.11121    0.11124    0.11741    0.11743    0.13526    0.13529
   0.15098    0.15103    0.16692    0.16701    0.18887    0.18894    0.20480    0.20484
   0.21427    0.21428    0.22285    0.22292    0.24205    0.24209    0.25043    0.25048
   0.46186    0.46192
 kpt#  77, nband= 50, wtk=  0.00926, kpt=  0.3333  0.5000  0.3333 (reduced coord)
  -1.93734   -1.93728   -1.93721   -1.93715   -0.80397   -0.80397   -0.80292   -0.80290
  -0.79124   -0.79122   -0.78955   -0.78954   -0.78699   -0.78696   -0.78642   -0.78640
  -0.35844   -0.35840   -0.35124   -0.35122   -0.31803   -0.31802   -0.31062   -0.31060
   0.10346    0.10349    0.11186    0.11189    0.11968    0.11970    0.12746    0.12752
   0.16020    0.16024    0.17158    0.17165    0.19071    0.19077    0.20086    0.20091
   0.21368    0.21373    0.22290    0.22296    0.23806    0.23808    0.24894    0.24898
   0.45115    0.45125
 kpt#  78, nband= 50, wtk=  0.00926, kpt=  0.5000  0.5000  0.3333 (reduced coord)
  -1.93733   -1.93727   -1.93723   -1.93717   -0.80418   -0.80417   -0.80414   -0.80412
  -0.79001   -0.78998   -0.78978   -0.78976   -0.78651   -0.78648   -0.78635   -0.78632
  -0.35873   -0.35869   -0.35434   -0.35432   -0.31529   -0.31527   -0.30983   -0.30981
   0.10688    0.10689    0.11076    0.11079    0.11938    0.11941    0.12348    0.12355
   0.16868    0.16869    0.17412    0.17415    0.19249    0.19251    0.19599    0.19604
   0.21231    0.21238    0.21926    0.21936    0.23826    0.23829    0.24979    0.24982
   0.44647    0.44658
 kpt#  79, nband= 50, wtk=  0.00926, kpt= -0.3333  0.5000  0.3333 (reduced coord)
  -1.93734   -1.93728   -1.93721   -1.93715   -0.80398   -0.80396   -0.80291   -0.80290
  -0.79123   -0.79122   -0.78956   -0.78953   -0.78698   -0.78696   -0.78643   -0.78639
  -0.35844   -0.35840   -0.35124   -0.35122   -0.31803   -0.31802   -0.31062   -0.31060
   0.10346    0.10349    0.11186    0.11189    0.11967    0.11970    0.12746    0.12752
   0.16019    0.16025    0.17159    0.17164    0.19073    0.19076    0.20086    0.20091
   0.21368    0.21373    0.22290    0.22296    0.23807    0.23808    0.24895    0.24896
   0.45116    0.45125
 kpt#  80, nband= 50, wtk=  0.00926, kpt= -0.1667  0.5000  0.3333 (reduced coord)
  -1.93737   -1.93731   -1.93719   -1.93713   -0.80248   -0.80246   -0.80098   -0.80096
  -0.79336   -0.79334   -0.79028   -0.79025   -0.78747   -0.78745   -0.78678   -0.78674
  -0.35624   -0.35620   -0.34585   -0.34582   -0.32271   -0.32269   -0.31382   -0.31379
   0.10189    0.10193    0.11121    0.11124    0.11740    0.11744    0.13526    0.13529
   0.15097    0.15103    0.16693    0.16701    0.18887    0.18894    0.20480    0.20485
   0.21427    0.21428    0.22285    0.22292    0.24204    0.24210    0.25045    0.25046
   0.46187    0.46199
 kpt#  81, nband= 50, wtk=  0.00926, kpt=  0.0000 -0.3333  0.3333 (reduced coord)
  -1.93752   -1.93724   -1.93717   -1.93706   -0.80247   -0.80127   -0.80012   -0.79867
  -0.79634   -0.79274   -0.79165   -0.79038   -0.78799   -0.78785   -0.78701   -0.78615
  -0.36757   -0.34653   -0.34267   -0.33944   -0.32699   -0.31997   -0.31963   -0.31420
   0.09431    0.09884    0.10372    0.11323    0.11584    0.11927    0.12585    0.13896
   0.14505    0.15854    0.16167    0.17051    0.18849    0.19074    0.20132    0.21013
   0.21323    0.22108    0.22161    0.23210    0.24103    0.24611    0.25228    0.25641
   0.46626    0.46627
 kpt#  82, nband= 50, wtk=  0.00926, kpt=  0.1667 -0.3333  0.3333 (reduced coord)
  -1.93750   -1.93724   -1.93717   -1.93708   -0.80338   -0.80179   -0.80160   -0.79853
  -0.79542   -0.79272   -0.79096   -0.78972   -0.78805   -0.78757   -0.78654   -0.78618
  -0.36709   -0.34940   -0.34418   -0.34165   -0.32415   -0.32179   -0.31743   -0.31113
   0.09386    0.09898    0.10838    0.11213    0.11488    0.12126    0.12932    0.13862
   0.14296    0.15286    0.16566    0.17529    0.18353    0.19697    0.20233    0.21087
   0.21435    0.21788    0.22363    0.23124    0.23770    0.24266    0.24950    0.25731
   0.45974    0.46406
 kpt#  83, nband= 50, wtk=  0.00926, kpt=  0.3333 -0.3333  0.3333 (reduced coord)
  -1.93745   -1.93726   -1.93718   -1.93710   -0.80433   -0.80332   -0.80260   -0.80058
  -0.79332   -0.79206   -0.78980   -0.78899   -0.78765   -0.78719   -0.78646   -0.78589
  -0.36523   -0.35257   -0.34882   -0.34733   -0.31997   -0.31899   -0.31506   -0.30856
   0.09409    0.10403    0.10900    0.11228    0.11604    0.12280    0.12933    0.13211
   0.14928    0.15849    0.16618    0.17850    0.18576    0.19656    0.20020    0.20975
   0.21571    0.21752    0.22333    0.22875    0.23308    0.23991    0.24419    0.25774
   0.44951    0.45631
 kpt#  84, nband= 50, wtk=  0.00926, kpt=  0.5000 -0.3333  0.3333 (reduced coord)
  -1.93742   -1.93728   -1.93718   -1.93711   -0.80452   -0.80401   -0.80263   -0.80207
  -0.79251   -0.79170   -0.78917   -0.78890   -0.78710   -0.78696   -0.78631   -0.78617
  -0.36331   -0.35354   -0.35174   -0.35077   -0.31785   -0.31621   -0.31489   -0.30812
   0.09793    0.10060    0.11153    0.11438    0.11455    0.12199    0.12943    0.12970
   0.15794    0.15992    0.16450    0.17970    0.19137    0.19620    0.19682    0.20622
   0.21661    0.21685    0.21987    0.22202    0.23456    0.24202    0.24360    0.25731
   0.44346    0.45212
 kpt#  85, nband= 50, wtk=  0.00926, kpt= -0.3333 -0.3333  0.3333 (reduced coord)
  -1.93745   -1.93726   -1.93718   -1.93710   -0.80434   -0.80332   -0.80259   -0.80058
  -0.79333   -0.79206   -0.78980   -0.78900   -0.78766   -0.78718   -0.78645   -0.78589
  -0.36522   -0.35257   -0.34883   -0.34734   -0.31997   -0.31898   -0.31507   -0.30856
   0.09408    0.10403    0.10900    0.11228    0.11604    0.12280    0.12934    0.13211
   0.14927    0.15850    0.16618    0.17850    0.18575    0.19656    0.20021    0.20975
   0.21571    0.21752    0.22333    0.22875    0.23308    0.23992    0.24418    0.25774
   0.44950    0.45633
 kpt#  86, nband= 50, wtk=  0.00926, kpt= -0.1667 -0.3333  0.3333 (reduced coord)
  -1.93750   -1.93724   -1.93717   -1.93708   -0.80339   -0.80180   -0.80159   -0.79853
  -0.79543   -0.79272   -0.79096   -0.78973   -0.78806   -0.78756   -0.78653   -0.78619
  -0.36709   -0.34939   -0.34419   -0.34166   -0.32415   -0.32180   -0.31744   -0.31112
   0.09385    0.09899    0.10837    0.11213    0.11488    0.12126    0.12933    0.13862
   0.14297    0.15285    0.16567    0.17527    0.18353    0.19698    0.20234    0.21087
   0.21434    0.21788    0.22363    0.23124    0.23770    0.24268    0.24950    0.25730
   0.45975    0.46402
 kpt#  87, nband= 50, wtk=  0.00926, kpt=  0.0000 -0.1667  0.3333 (reduced coord)
  -1.93764   -1.93729   -1.93706   -1.93701   -0.80368   -0.80100   -0.80088   -0.79863
  -0.79451   -0.79415   -0.79102   -0.78966   -0.78824   -0.78823   -0.78617   -0.78604
  -0.37707   -0.34809   -0.34003   -0.33600   -0.32271   -0.32203   -0.31647   -0.31365
   0.08480    0.08584    0.09715    0.11156    0.11314    0.12493    0.12532    0.14135
   0.14693    0.15176    0.16568    0.17404    0.18708    0.19054    0.19564    0.21266
   0.21517    0.22862    0.23271    0.24329    0.24969    0.25010    0.25343    0.25938
   0.46357    0.46682
 kpt#  88, nband= 50, wtk=  0.00926, kpt=  0.1667 -0.1667  0.3333 (reduced coord)
  -1.93761   -1.93729   -1.93706   -1.93702   -0.80368   -0.80139   -0.80088   -0.79768
  -0.79543   -0.79436   -0.79097   -0.78963   -0.78821   -0.78794   -0.78649   -0.78562
  -0.37484   -0.34913   -0.33997   -0.33640   -0.32437   -0.32187   -0.31840   -0.31121
   0.08494    0.09058    0.09812    0.10793    0.11325    0.12572    0.13242    0.14163
   0.14615    0.15207    0.15912    0.17765    0.18523    0.19390    0.20068    0.20869
   0.21475    0.22525    0.23292    0.23757    0.24586    0.24943    0.25322    0.26175
   0.45852    0.46424
 kpt#  89, nband= 50, wtk=  0.00926, kpt=  0.3333 -0.1667  0.3333 (reduced coord)
  -1.93755   -1.93731   -1.93709   -1.93705   -0.80343   -0.80183   -0.80077   -0.79745
  -0.79630   -0.79479   -0.79066   -0.78944   -0.78787   -0.78751   -0.78686   -0.78554
  -0.36907   -0.35017   -0.34273   -0.33982   -0.32465   -0.32105   -0.31859   -0.31042
   0.08698    0.09501    0.10402    0.10972    0.11351    0.12213    0.13668    0.14141
   0.14663    0.15246    0.16227    0.17545    0.18502    0.19525    0.20348    0.20541
   0.21455    0.22087    0.22777    0.23550    0.24245    0.24572    0.25019    0.26306
   0.45151    0.45535
 kpt#  90, nband= 50, wtk=  0.00926, kpt=  0.5000 -0.1667  0.3333 (reduced coord)
  -1.93750   -1.93733   -1.93710   -1.93706   -0.80299   -0.80232   -0.80014   -0.79895
  -0.79604   -0.79467   -0.79017   -0.78967   -0.78763   -0.78751   -0.78637   -0.78607
  -0.36461   -0.35047   -0.34660   -0.34193   -0.32307   -0.31982   -0.31936   -0.31076
   0.09018    0.09381    0.10707    0.11187    0.11239    0.12478    0.13789    0.13905
   0.14805    0.15438    0.15992    0.17488    0.18838    0.18984    0.20148    0.20839
   0.21534    0.22017    0.22728    0.23376    0.23646    0.24642    0.24991    0.26219
   0.44679    0.45214
 kpt#  91, nband= 50, wtk=  0.00926, kpt= -0.3333 -0.1667  0.3333 (reduced coord)
  -1.93755   -1.93731   -1.93709   -1.93705   -0.80343   -0.80183   -0.80077   -0.79745
  -0.79631   -0.79479   -0.79067   -0.78945   -0.78786   -0.78751   -0.78685   -0.78554
  -0.36906   -0.35017   -0.34273   -0.33982   -0.32466   -0.32105   -0.31859   -0.31041
   0.08698    0.09501    0.10402    0.10973    0.11351    0.12213    0.13668    0.14141
   0.14662    0.15247    0.16227    0.17545    0.18502    0.19524    0.20348    0.20542
   0.21455    0.22088    0.22777    0.23551    0.24245    0.24572    0.25020    0.26306
   0.45150    0.45535
 kpt#  92, nband= 50, wtk=  0.00926, kpt= -0.1667 -0.1667  0.3333 (reduced coord)
  -1.93761   -1.93729   -1.93706   -1.93702   -0.80368   -0.80138   -0.80088   -0.79768
  -0.79544   -0.79436   -0.79097   -0.78965   -0.78821   -0.78793   -0.78648   -0.78563
  -0.37484   -0.34913   -0.33998   -0.33640   -0.32437   -0.32187   -0.31840   -0.31121
   0.08493    0.09058    0.09812    0.10793    0.11325    0.12572    0.13242    0.14163
   0.14615    0.15208    0.15912    0.17764    0.18522    0.19390    0.20069    0.20869
   0.21476    0.22525    0.23292    0.23757    0.24586    0.24943    0.25322    0.26175
   0.45853    0.46423
 kpt#  93, nband= 50, wtk=  0.00463, kpt=  0.0000  0.0000  0.5000 (reduced coord)
  -1.93751   -1.93749   -1.93701   -1.93698   -0.80086   -0.80086   -0.79922   -0.79922
  -0.79619   -0.79617   -0.79066   -0.79065   -0.78763   -0.78762   -0.78668   -0.78668
  -0.36367   -0.36367   -0.33367   -0.33367   -0.32177   -0.32177   -0.31949   -0.31949
   0.09326    0.09326    0.10126    0.10128    0.12557    0.12558    0.14054    0.14056
   0.14819    0.14820    0.15503    0.15503    0.17339    0.17340    0.21083    0.21085
   0.22124    0.22125    0.23841    0.23842    0.25069    0.25071    0.26148    0.26148
   0.46968    0.46982
 kpt#  94, nband= 50, wtk=  0.00926, kpt=  0.1667  0.0000  0.5000 (reduced coord)
  -1.93750   -1.93747   -1.93703   -1.93700   -0.80052   -0.80051   -0.79931   -0.79931
  -0.79669   -0.79668   -0.79058   -0.79057   -0.78778   -0.78778   -0.78642   -0.78642
  -0.36228   -0.36228   -0.33487   -0.33487   -0.32275   -0.32274   -0.31874   -0.31874
   0.09307    0.09308    0.10163    0.10164    0.12598    0.12598    0.13858    0.13859
   0.15343    0.15345    0.15792    0.15793    0.17385    0.17387    0.21044    0.21045
   0.21710    0.21711    0.23334    0.23335    0.25361    0.25362    0.25957    0.25958
   0.46091    0.46092
 kpt#  95, nband= 50, wtk=  0.00926, kpt=  0.3333  0.0000  0.5000 (reduced coord)
  -1.93746   -1.93743   -1.93706   -1.93703   -0.80006   -0.80005   -0.79906   -0.79906
  -0.79762   -0.79761   -0.79100   -0.79099   -0.78762   -0.78762   -0.78604   -0.78603
  -0.35899   -0.35898   -0.33781   -0.33780   -0.32397   -0.32397   -0.31794   -0.31794
   0.09294    0.09295    0.10350    0.10350    0.12143    0.12143    0.14554    0.14554
   0.15635    0.15636    0.16479    0.16480    0.17619    0.17621    0.20118    0.20119
   0.21643    0.21643    0.22838    0.22839    0.25073    0.25073    0.25858    0.25858
   0.45127    0.45129
 kpt#  96, nband= 50, wtk=  0.00463, kpt=  0.5000  0.0000  0.5000 (reduced coord)
  -1.93745   -1.93741   -1.93709   -1.93705   -0.79990   -0.79989   -0.79902   -0.79901
  -0.79776   -0.79776   -0.79152   -0.79150   -0.78734   -0.78733   -0.78592   -0.78592
  -0.35693   -0.35692   -0.33971   -0.33971   -0.32445   -0.32444   -0.31767   -0.31767
   0.09318    0.09318    0.10498    0.10499    0.11806    0.11806    0.15018    0.15020
   0.15989    0.15990    0.16495    0.16496    0.18140    0.18141    0.19007    0.19010
   0.21821    0.21821    0.22873    0.22875    0.24590    0.24591    0.25821    0.25822
   0.44776    0.44778
 kpt#  97, nband= 50, wtk=  0.00926, kpt=  0.0000  0.1667  0.5000 (reduced coord)
  -1.93748   -1.93746   -1.93704   -1.93702   -0.80133   -0.80131   -0.79886   -0.79885
  -0.79620   -0.79619   -0.79046   -0.79045   -0.78738   -0.78737   -0.78708   -0.78707
  -0.36169   -0.36168   -0.33539   -0.33538   -0.32218   -0.32218   -0.31952   -0.31951
   0.09857    0.09860    0.10319    0.10321    0.12360    0.12362    0.13471    0.13472
   0.14692    0.14695    0.16257    0.16263    0.17887    0.17889    0.20420    0.20428
   0.22321    0.22325    0.23449    0.23455    0.24936    0.24938    0.25465    0.25465
   0.46722    0.46724
 kpt#  98, nband= 50, wtk=  0.00926, kpt=  0.1667  0.1667  0.5000 (reduced coord)
  -1.93747   -1.93744   -1.93706   -1.93703   -0.80215   -0.80182   -0.79860   -0.79849
  -0.79655   -0.79621   -0.79056   -0.78980   -0.78760   -0.78737   -0.78686   -0.78655
  -0.36168   -0.36062   -0.33878   -0.33545   -0.32480   -0.32264   -0.31694   -0.31651
   0.09527    0.09966    0.10248    0.10549    0.12228    0.12485    0.13435    0.13808
   0.14660    0.15052    0.16353    0.16608    0.17902    0.17918    0.20459    0.20921
   0.21969    0.22029    0.22717    0.23425    0.24713    0.24957    0.25174    0.25753
   0.45947    0.46176
 kpt#  99, nband= 50, wtk=  0.00926, kpt=  0.3333  0.1667  0.5000 (reduced coord)
  -1.93744   -1.93741   -1.93709   -1.93706   -0.80265   -0.80262   -0.79996   -0.79917
  -0.79558   -0.79543   -0.79036   -0.78955   -0.78767   -0.78718   -0.78638   -0.78597
  -0.36018   -0.35903   -0.34294   -0.34092   -0.32242   -0.32217   -0.31546   -0.31400
   0.09316    0.09956    0.10299    0.10870    0.11919    0.12188    0.13625    0.14284
   0.15296    0.15781    0.16579    0.17246    0.17898    0.18239    0.20214    0.20780
   0.21487    0.21796    0.22433    0.22755    0.24323    0.24681    0.25306    0.25628
   0.45037    0.45047
 kpt# 100, nband= 50, wtk=  0.00926, kpt=  0.5000  0.1667  0.5000 (reduced coord)
  -1.93742   -1.93739   -1.93711   -1.93707   -0.80276   -0.80275   -0.80035   -0.80035
  -0.79487   -0.79484   -0.79011   -0.79009   -0.78722   -0.78721   -0.78598   -0.78597
  -0.35842   -0.35842   -0.34470   -0.34470   -0.32103   -0.32102   -0.31437   -0.31435
   0.09539    0.09541    0.10741    0.10744    0.11851    0.11853    0.14047    0.14050
   0.16371    0.16373    0.16698    0.16700    0.18202    0.18203    0.20305    0.20307
   0.21400    0.21401    0.22480    0.22481    0.24361    0.24363    0.25416    0.25418
   0.44584    0.44587
 kpt# 101, nband= 50, wtk=  0.00926, kpt= -0.3333  0.1667  0.5000 (reduced coord)
  -1.93744   -1.93741   -1.93709   -1.93706   -0.80264   -0.80262   -0.79997   -0.79917
  -0.79558   -0.79543   -0.79034   -0.78955   -0.78767   -0.78719   -0.78638   -0.78596
  -0.36018   -0.35903   -0.34294   -0.34092   -0.32241   -0.32217   -0.31546   -0.31400
   0.09316    0.09956    0.10299    0.10870    0.11919    0.12188    0.13624    0.14285
   0.15298    0.15781    0.16579    0.17244    0.17898    0.18240    0.20215    0.20779
   0.21487    0.21795    0.22432    0.22756    0.24322    0.24682    0.25306    0.25628
   0.45039    0.45046
 kpt# 102, nband= 50, wtk=  0.00926, kpt= -0.1667  0.1667  0.5000 (reduced coord)
  -1.93747   -1.93744   -1.93706   -1.93703   -0.80215   -0.80182   -0.79861   -0.79848
  -0.79655   -0.79621   -0.79055   -0.78979   -0.78761   -0.78737   -0.78686   -0.78655
  -0.36168   -0.36062   -0.33877   -0.33545   -0.32480   -0.32263   -0.31694   -0.31650
   0.09527    0.09966    0.10249    0.10548    0.12229    0.12484    0.13434    0.13808
   0.14662    0.15053    0.16352    0.16607    0.17901    0.17919    0.20459    0.20921
   0.21969    0.22030    0.22716    0.23425    0.24712    0.24959    0.25173    0.25753
   0.45946    0.46177
 kpt# 103, nband= 50, wtk=  0.00926, kpt=  0.0000  0.3333  0.5000 (reduced coord)
  -1.93739   -1.93737   -1.93713   -1.93711   -0.80157   -0.80154   -0.79968   -0.79966
  -0.79484   -0.79483   -0.79069   -0.79068   -0.78768   -0.78767   -0.78698   -0.78697
  -0.35621   -0.35620   -0.34078   -0.34077   -0.32206   -0.32205   -0.32004   -0.32002
   0.10608    0.10610    0.11122    0.11126    0.12041    0.12043    0.12828    0.12831
   0.14905    0.14910    0.17188    0.17190    0.18655    0.18659    0.19343    0.19345
   0.22177    0.22181    0.22734    0.22736    0.23844    0.23850    0.24977    0.24979
   0.46654    0.46657
 kpt# 104, nband= 50, wtk=  0.00926, kpt=  0.1667  0.3333  0.5000 (reduced coord)
  -1.93738   -1.93736   -1.93714   -1.93711   -0.80304   -0.80255   -0.80086   -0.80007
  -0.79406   -0.79351   -0.79032   -0.78955   -0.78752   -0.78722   -0.78705   -0.78679
  -0.35818   -0.35704   -0.34493   -0.34306   -0.32170   -0.32093   -0.31613   -0.31565
   0.10387    0.10464    0.11044    0.11232    0.11934    0.12099    0.12991    0.13027
   0.14805    0.15408    0.16902    0.17223    0.18563    0.19537    0.19686    0.20038
   0.21114    0.22292    0.22580    0.22779    0.23508    0.24003    0.24475    0.25285
   0.45935    0.46279
 kpt# 105, nband= 50, wtk=  0.00926, kpt=  0.3333  0.3333  0.5000 (reduced coord)
  -1.93737   -1.93734   -1.93716   -1.93713   -0.80440   -0.80417   -0.80268   -0.80194
  -0.79223   -0.79180   -0.78927   -0.78866   -0.78722   -0.78701   -0.78647   -0.78623
  -0.36010   -0.35906   -0.35053   -0.34932   -0.31737   -0.31689   -0.31231   -0.31113
   0.09996    0.10304    0.11172    0.11377    0.11874    0.11995    0.12648    0.12918
   0.16005    0.16131    0.17209    0.17671    0.18569    0.18951    0.20382    0.20583
   0.21265    0.21494    0.22414    0.22625    0.22990    0.23760    0.24781    0.24924
   0.44911    0.45076
 kpt# 106, nband= 50, wtk=  0.00926, kpt=  0.5000  0.3333  0.5000 (reduced coord)
  -1.93736   -1.93732   -1.93717   -1.93714   -0.80479   -0.80478   -0.80321   -0.80320
  -0.79131   -0.79129   -0.78868   -0.78865   -0.78691   -0.78690   -0.78606   -0.78605
  -0.36010   -0.36009   -0.35283   -0.35282   -0.31481   -0.31479   -0.31039   -0.31037
   0.10066    0.10067    0.11260    0.11262    0.11954    0.11956    0.12663    0.12666
   0.16891    0.16892    0.17352    0.17355    0.18806    0.18806    0.20410    0.20415
   0.21332    0.21336    0.22245    0.22250    0.23341    0.23345    0.24919    0.24923
   0.44401    0.44406
 kpt# 107, nband= 50, wtk=  0.00926, kpt= -0.3333  0.3333  0.5000 (reduced coord)
  -1.93737   -1.93734   -1.93716   -1.93713   -0.80439   -0.80417   -0.80269   -0.80193
  -0.79223   -0.79180   -0.78926   -0.78865   -0.78723   -0.78701   -0.78648   -0.78623
  -0.36010   -0.35907   -0.35053   -0.34932   -0.31736   -0.31689   -0.31230   -0.31113
   0.09997    0.10304    0.11172    0.11376    0.11874    0.11995    0.12647    0.12918
   0.16005    0.16132    0.17208    0.17671    0.18568    0.18952    0.20382    0.20583
   0.21265    0.21494    0.22414    0.22626    0.22989    0.23759    0.24781    0.24924
   0.44911    0.45078
 kpt# 108, nband= 50, wtk=  0.00926, kpt= -0.1667  0.3333  0.5000 (reduced coord)
  -1.93738   -1.93736   -1.93714   -1.93711   -0.80303   -0.80256   -0.80087   -0.80007
  -0.79405   -0.79351   -0.79032   -0.78954   -0.78751   -0.78724   -0.78704   -0.78680
  -0.35818   -0.35705   -0.34492   -0.34306   -0.32170   -0.32093   -0.31613   -0.31564
   0.10387    0.10465    0.11043    0.11233    0.11933    0.12099    0.12992    0.13026
   0.14805    0.15409    0.16903    0.17223    0.18563    0.19537    0.19686    0.20037
   0.21114    0.22293    0.22580    0.22780    0.23508    0.24003    0.24474    0.25286
   0.45935    0.46294
 kpt# 109, nband= 50, wtk=  0.00463, kpt=  0.0000  0.5000  0.5000 (reduced coord)
  -1.93730   -1.93726   -1.93724   -1.93720   -0.80096   -0.80095   -0.80094   -0.80092
  -0.79259   -0.79257   -0.79255   -0.79253   -0.78725   -0.78724   -0.78722   -0.78721
  -0.34857   -0.34856   -0.34852   -0.34852   -0.32109   -0.32109   -0.32107   -0.32107
   0.11097    0.11097    0.11098    0.11099    0.12387    0.12389    0.12390    0.12391
   0.16340    0.16341    0.16351    0.16352    0.18823    0.18823    0.18828    0.18830
   0.22084    0.22085    0.22086    0.22087    0.24186    0.24188    0.24193    0.24194
   0.47016    0.47023
 kpt# 110, nband= 50, wtk=  0.00926, kpt=  0.1667  0.5000  0.5000 (reduced coord)
  -1.93730   -1.93726   -1.93724   -1.93720   -0.80257   -0.80255   -0.80187   -0.80186
  -0.79175   -0.79173   -0.79089   -0.79088   -0.78717   -0.78715   -0.78706   -0.78704
  -0.35165   -0.35164   -0.35159   -0.35159   -0.31794   -0.31794   -0.31770   -0.31769
   0.10984    0.10984    0.11064    0.11066    0.12344    0.12345    0.12401    0.12403
   0.16400    0.16402    0.16512    0.16515    0.19261    0.19262    0.19281    0.19283
   0.21645    0.21646    0.22055    0.22056    0.23819    0.23822    0.24527    0.24529
   0.46295    0.46342
 kpt# 111, nband= 50, wtk=  0.00926, kpt=  0.3333  0.5000  0.5000 (reduced coord)
  -1.93730   -1.93726   -1.93724   -1.93720   -0.80439   -0.80438   -0.80389   -0.80388
  -0.78996   -0.78994   -0.78933   -0.78932   -0.78673   -0.78671   -0.78666   -0.78664
  -0.35649   -0.35649   -0.35643   -0.35643   -0.31277   -0.31277   -0.31254   -0.31253
   0.10901    0.10902    0.10921    0.10921    0.12182    0.12183    0.12247    0.12247
   0.17137    0.17137    0.17217    0.17219    0.19192    0.19194    0.19411    0.19413
   0.21638    0.21639    0.21901    0.21902    0.23930    0.23933    0.24209    0.24211
   0.45303    0.45319
 kpt# 112, nband= 50, wtk=  0.00463, kpt=  0.5000  0.5000  0.5000 (reduced coord)
  -1.93730   -1.93726   -1.93724   -1.93720   -0.80494   -0.80493   -0.80492   -0.80491
  -0.78913   -0.78912   -0.78910   -0.78909   -0.78637   -0.78636   -0.78633   -0.78632
  -0.35853   -0.35852   -0.35849   -0.35849   -0.31048   -0.31047   -0.31046   -0.31045
   0.10849    0.10850    0.10852    0.10853    0.12124    0.12125    0.12128    0.12129
   0.17742    0.17744    0.17746    0.17748    0.19017    0.19017    0.19022    0.19022
   0.21736    0.21736    0.21744    0.21745    0.24055    0.24057    0.24058    0.24061
   0.45027    0.45031
