 Fermi (or HOMO) energy (hartree) =   0.27685   Average Vxc (hartree)=  -0.44598
 Eigenvalues (hartree) for nkpt= 112  k points:
 kpt#   1, nband= 50, wtk=  0.00463, kpt=  0.0000  0.0000  0.0000 (reduced coord)
  -1.94336   -1.94270   -1.94267   -1.94267   -0.80512   -0.80507   -0.80476   -0.79349
  -0.79296   -0.79263   -0.79215   -0.79145   -0.79132   -0.78833   -0.78680   -0.78679
  -0.39514   -0.33823   -0.32947   -0.32885   -0.31890   -0.31618   -0.31566   -0.29779
   0.06047    0.06063    0.07201    0.09593    0.10294    0.10342    0.16171    0.16393
   0.16651    0.16868    0.17233    0.17238    0.22066    0.22394    0.22556    0.22891
   0.24646    0.25240    0.25398    0.25483    0.25530    0.26594    0.26839    0.27517
   0.44460    0.44577
 kpt#   2, nband= 50, wtk=  0.00926, kpt=  0.1667  0.0000  0.0000 (reduced coord)
  -1.94332   -1.94271   -1.94269   -1.94267   -0.80421   -0.80401   -0.80401   -0.79395
  -0.79330   -0.79247   -0.79208   -0.79194   -0.79146   -0.78856   -0.78816   -0.78718
  -0.39039   -0.33675   -0.32885   -0.32708   -0.32165   -0.31952   -0.31745   -0.30002
   0.06633    0.07053    0.07131    0.09832    0.10503    0.11907    0.15081    0.15256
   0.16078    0.16168    0.17217    0.17552    0.21618    0.21980    0.22022    0.23240
   0.24786    0.24890    0.24914    0.25760    0.25870    0.25938    0.26927    0.27564
   0.45236    0.45329
 kpt#   3, nband= 50, wtk=  0.00926, kpt=  0.3333  0.0000  0.0000 (reduced coord)
  -1.94319   -1.94284   -1.94269   -1.94267   -0.80195   -0.80184   -0.80089   -0.79617
  -0.79510   -0.79285   -0.79183   -0.79178   -0.79130   -0.79102   -0.78927   -0.78821
  -0.37712   -0.33810   -0.33271   -0.32627   -0.32362   -0.32125   -0.31953   -0.30598
   0.07820    0.08258    0.09893    0.10539    0.11378    0.12499    0.13414    0.13664
   0.14470    0.15297    0.18247    0.18309    0.18533    0.20685    0.20958    0.22906
   0.23716    0.23750    0.25353    0.25965    0.26445    0.26905    0.26908    0.27682
   0.46717    0.47081
 kpt#   4, nband= 50, wtk=  0.00463, kpt=  0.5000  0.0000  0.0000 (reduced coord)
  -1.94302   -1.94301   -1.94268   -1.94268   -0.79909   -0.79909   -0.79853   -0.79853
  -0.79646   -0.79646   -0.79233   -0.79233   -0.79030   -0.79030   -0.78962   -0.78961
  -0.35818   -0.35818   -0.32740   -0.32740   -0.32373   -0.32373   -0.31366   -0.31366
   0.09486    0.09486    0.11078    0.11078    0.11748    0.11748    0.12780    0.12780
   0.13986    0.13986    0.18940    0.18941    0.19615    0.19616    0.19697    0.19698
   0.23659    0.23659    0.25941    0.25941    0.26774    0.26774    0.27577    0.27577
   0.47893    0.48101
 kpt#   5, nband= 50, wtk=  0.00926, kpt=  0.0000  0.1667  0.0000 (reduced coord)
  -1.94332   -1.94271   -1.94270   -1.94267   -0.80426   -0.80401   -0.80396   -0.79417
  -0.79287   -0.79246   -0.79233   -0.79190   -0.79146   -0.78858   -0.78816   -0.78717
  -0.39041   -0.33668   -0.32809   -0.32753   -0.32230   -0.31949   -0.31712   -0.30012
   0.06625    0.07057    0.07118    0.09833    0.10596    0.11838    0.15170    0.15236
   0.16010    0.16239    0.17253    0.17478    0.21599    0.21918    0.22080    0.23748
   0.24293    0.24339    0.24940    0.25877    0.25942    0.26555    0.26619    0.27564
   0.45141    0.45259
 kpt#   6, nband= 50, wtk=  0.00926, kpt=  0.1667  0.1667  0.0000 (reduced coord)
  -1.94327   -1.94271   -1.94271   -1.94269   -0.80337   -0.80334   -0.80330   -0.79388
  -0.79384   -0.79363   -0.79190   -0.79172   -0.79094   -0.78988   -0.78889   -0.78698
  -0.38607   -0.33580   -0.32757   -0.32718   -0.32243   -0.32215   -0.31993   -0.30205
   0.07285    0.07590    0.07594    0.10003    0.10930    0.12949    0.14429    0.14441
   0.15893    0.16463    0.16479    0.17325    0.21213    0.21736    0.22262    0.22346
   0.24380    0.24937    0.24945    0.25020    0.25929    0.26070    0.26819    0.27588
   0.45533    0.46111
 kpt#   7, nband= 50, wtk=  0.00926, kpt=  0.3333  0.1667  0.0000 (reduced coord)
  -1.94315   -1.94283   -1.94271   -1.94270   -0.80160   -0.80133   -0.80091   -0.79634
  -0.79567   -0.79323   -0.79295   -0.79123   -0.79099   -0.79071   -0.78968   -0.78770
  -0.37391   -0.33821   -0.33342   -0.32745   -0.32462   -0.32114   -0.31991   -0.30719
   0.08177    0.09080    0.10220    0.10547    0.11816    0.12402    0.13165    0.13845
   0.14866    0.15937    0.17519    0.18004    0.18838    0.20356    0.20614    0.22828
   0.23145    0.23494    0.24851    0.25217    0.26336    0.26765    0.26885    0.27655
   0.46404    0.47455
 kpt#   8, nband= 50, wtk=  0.00926, kpt=  0.5000  0.1667  0.0000 (reduced coord)
  -1.94299   -1.94299   -1.94270   -1.94270   -0.79910   -0.79909   -0.79877   -0.79877
  -0.79700   -0.79700   -0.79181   -0.79181   -0.79053   -0.79052   -0.78913   -0.78913
  -0.35657   -0.35657   -0.33025   -0.33025   -0.32289   -0.32289   -0.31387   -0.31387
   0.09925    0.09925    0.11413    0.11413    0.11452    0.11452    0.13197    0.13197
   0.14613    0.14613    0.18817    0.18818    0.18913    0.18913    0.19957    0.19958
   0.23210    0.23210    0.25195    0.25195    0.26601    0.26601    0.27512    0.27512
   0.47225    0.47285
 kpt#   9, nband= 50, wtk=  0.00926, kpt= -0.3333  0.1667  0.0000 (reduced coord)
  -1.94315   -1.94283   -1.94271   -1.94270   -0.80160   -0.80133   -0.80091   -0.79634
  -0.79567   -0.79323   -0.79295   -0.79123   -0.79099   -0.79071   -0.78968   -0.78770
  -0.37391   -0.33821   -0.33342   -0.32745   -0.32462   -0.32114   -0.31991   -0.30719
   0.08177    0.09080    0.10220    0.10547    0.11816    0.12402    0.13165    0.13845
   0.14866    0.15937    0.17519    0.18004    0.18838    0.20356    0.20614    0.22828
   0.23145    0.23494    0.24851    0.25217    0.26336    0.26765    0.26885    0.27655
   0.46405    0.47420
 kpt#  10, nband= 50, wtk=  0.00926, kpt= -0.1667  0.1667  0.0000 (reduced coord)
  -1.94327   -1.94271   -1.94271   -1.94269   -0.80337   -0.80334   -0.80330   -0.79388
  -0.79384   -0.79363   -0.79190   -0.79172   -0.79094   -0.78988   -0.78889   -0.78698
  -0.38607   -0.33580   -0.32757   -0.32718   -0.32243   -0.32215   -0.31993   -0.30205
   0.07285    0.07590    0.07594    0.10003    0.10930    0.12949    0.14429    0.14441
   0.15893    0.16463    0.16479    0.17325    0.21213    0.21736    0.22262    0.22346
   0.24380    0.24937    0.24945    0.25020    0.25929    0.26070    0.26819    0.27588
   0.45533    0.46113
 kpt#  11, nband= 50, wtk=  0.00926, kpt=  0.0000  0.3333  0.0000 (reduced coord)
  -1.94319   -1.94284   -1.94269   -1.94267   -0.80197   -0.80187   -0.80086   -0.79626
  -0.79509   -0.79261   -0.79180   -0.79177   -0.79152   -0.79096   -0.78932   -0.78820
  -0.37717   -0.33815   -0.33245   -0.32612   -0.32213   -0.32116   -0.32116   -0.30634
   0.07805    0.08258    0.09875    0.10547    0.11471    0.12529    0.13427    0.13674
   0.14496    0.15323    0.18220    0.18295    0.18478    0.20695    0.21113    0.22849
   0.23368    0.23823    0.25215    0.26358    0.26472    0.26637    0.27001    0.27685
   0.46321    0.46730
 kpt#  12, nband= 50, wtk=  0.00926, kpt=  0.1667  0.3333  0.0000 (reduced coord)
  -1.94315   -1.94283   -1.94271   -1.94270   -0.80162   -0.80134   -0.80088   -0.79633
  -0.79575   -0.79322   -0.79276   -0.79141   -0.79093   -0.79065   -0.78974   -0.78769
  -0.37395   -0.33833   -0.33324   -0.32690   -0.32440   -0.32108   -0.32059   -0.30743
   0.08172    0.09105    0.10189    0.10552    0.11870    0.12391    0.13195    0.13856
   0.14888    0.15976    0.17545    0.17923    0.18792    0.20452    0.20640    0.22821
   0.23095    0.23225    0.25103    0.25185    0.26252    0.26719    0.26968    0.27656
   0.46170    0.46977
 kpt#  13, nband= 50, wtk=  0.00926, kpt=  0.3333  0.3333  0.0000 (reduced coord)
  -1.94306   -1.94280   -1.94280   -1.94273   -0.80069   -0.80068   -0.79972   -0.79830
  -0.79581   -0.79444   -0.79439   -0.79108   -0.79005   -0.79000   -0.78981   -0.78758
  -0.36492   -0.33816   -0.33796   -0.33511   -0.32087   -0.32052   -0.32023   -0.31056
   0.09198    0.10673    0.10889    0.10973    0.12579    0.12665    0.12876    0.13897
   0.15951    0.15957    0.17631    0.17939    0.18763    0.18938    0.20705    0.20788
   0.21424    0.23431    0.23493    0.24013    0.26686    0.26843    0.26896    0.27573
   0.45946    0.46591
 kpt#  14, nband= 50, wtk=  0.00926, kpt=  0.5000  0.3333  0.0000 (reduced coord)
  -1.94293   -1.94293   -1.94277   -1.94276   -0.79986   -0.79985   -0.79911   -0.79911
  -0.79656   -0.79656   -0.79274   -0.79273   -0.78958   -0.78958   -0.78849   -0.78849
  -0.35192   -0.35192   -0.33703   -0.33703   -0.32065   -0.32065   -0.31518   -0.31518
   0.10498    0.10498    0.10994    0.10994    0.13055    0.13055    0.14299    0.14299
   0.15600    0.15600    0.17374    0.17374    0.18683    0.18683    0.20666    0.20666
   0.21053    0.21053    0.23611    0.23611    0.26783    0.26783    0.27362    0.27362
   0.46110    0.46237
 kpt#  15, nband= 50, wtk=  0.00926, kpt= -0.3333  0.3333  0.0000 (reduced coord)
  -1.94306   -1.94280   -1.94280   -1.94273   -0.80069   -0.80068   -0.79972   -0.79830
  -0.79581   -0.79444   -0.79439   -0.79108   -0.79005   -0.79000   -0.78981   -0.78758
  -0.36492   -0.33816   -0.33796   -0.33511   -0.32087   -0.32052   -0.32023   -0.31056
   0.09198    0.10673    0.10889    0.10973    0.12579    0.12665    0.12876    0.13897
   0.15951    0.15957    0.17631    0.17939    0.18763    0.18938    0.20705    0.20788
   0.21424    0.23431    0.23493    0.24013    0.26686    0.26843    0.26896    0.27573
   0.45948    0.46557
 kpt#  16, nband= 50, wtk=  0.00926, kpt= -0.1667  0.3333  0.0000 (reduced coord)
  -1.94315   -1.94283   -1.94271   -1.94270   -0.80162   -0.80134   -0.80088   -0.79633
  -0.79575   -0.79322   -0.79276   -0.79141   -0.79093   -0.79065   -0.78974   -0.78769
  -0.37395   -0.33833   -0.33324   -0.32690   -0.32440   -0.32108   -0.32059   -0.30743
   0.08172    0.09105    0.10189    0.10552    0.11870    0.12391    0.13195    0.13856
   0.14888    0.15976    0.17545    0.17923    0.18792    0.20452    0.20640    0.22821
   0.23095    0.23225    0.25103    0.25185    0.26252    0.26719    0.26968    0.27656
   0.46171    0.46950
 kpt#  17, nband= 50, wtk=  0.00463, kpt=  0.0000  0.5000  0.0000 (reduced coord)
  -1.94302   -1.94301   -1.94269   -1.94268   -0.79914   -0.79913   -0.79854   -0.79853
  -0.79644   -0.79643   -0.79223   -0.79222   -0.79041   -0.79040   -0.78960   -0.78959
  -0.35828   -0.35828   -0.32676   -0.32676   -0.32356   -0.32356   -0.31444   -0.31444
   0.09468    0.09469    0.11122    0.11122    0.11761    0.11761    0.12844    0.12844
   0.13942    0.13942    0.19212    0.19212    0.19368    0.19368    0.19717    0.19717
   0.23479    0.23480    0.26161    0.26161    0.26609    0.26609    0.27608    0.27608
   0.47071    0.47125
 kpt#  18, nband= 50, wtk=  0.00926, kpt=  0.1667  0.5000  0.0000 (reduced coord)
  -1.94300   -1.94299   -1.94271   -1.94270   -0.79910   -0.79909   -0.79881   -0.79880
  -0.79698   -0.79697   -0.79166   -0.79166   -0.79068   -0.79068   -0.78912   -0.78911
  -0.35666   -0.35666   -0.32982   -0.32982   -0.32274   -0.32273   -0.31442   -0.31442
   0.09944    0.09944    0.11407    0.11407    0.11450    0.11450    0.13245    0.13246
   0.14594    0.14594    0.18924    0.18924    0.18984    0.18984    0.19815    0.19815
   0.23065    0.23066    0.25311    0.25311    0.26535    0.26535    0.27537    0.27537
   0.46710    0.46819
 kpt#  19, nband= 50, wtk=  0.00926, kpt=  0.3333  0.5000  0.0000 (reduced coord)
  -1.94294   -1.94293   -1.94277   -1.94276   -0.79986   -0.79985   -0.79912   -0.79912
  -0.79657   -0.79656   -0.79271   -0.79270   -0.78961   -0.78961   -0.78848   -0.78848
  -0.35199   -0.35199   -0.33687   -0.33687   -0.32054   -0.32053   -0.31540   -0.31540
   0.10533    0.10533    0.10979    0.10979    0.13028    0.13028    0.14294    0.14294
   0.15593    0.15593    0.17439    0.17440    0.18772    0.18772    0.20595    0.20595
   0.20936    0.20937    0.23681    0.23681    0.26754    0.26755    0.27373    0.27373
   0.45909    0.45933
 kpt#  20, nband= 50, wtk=  0.00463, kpt=  0.5000  0.5000  0.0000 (reduced coord)
  -1.94285   -1.94285   -1.94285   -1.94284   -0.79988   -0.79988   -0.79988   -0.79988
  -0.79470   -0.79470   -0.79469   -0.79469   -0.78860   -0.78860   -0.78860   -0.78860
  -0.34497   -0.34497   -0.34496   -0.34496   -0.31773   -0.31773   -0.31773   -0.31773
   0.10759    0.10759    0.10759    0.10759    0.15279    0.15279    0.15279    0.15279
   0.15740    0.15740    0.15741    0.15741    0.18948    0.18948    0.18948    0.18948
   0.21932    0.21932    0.21932    0.21932    0.27104    0.27104    0.27105    0.27105
   0.45683    0.45684
 kpt#  21, nband= 50, wtk=  0.00926, kpt=  0.0000  0.0000  0.1667 (reduced coord)
  -1.94332   -1.94274   -1.94267   -1.94267   -0.80433   -0.80429   -0.80376   -0.79410
  -0.79380   -0.79265   -0.79240   -0.79121   -0.79102   -0.78948   -0.78711   -0.78710
  -0.39068   -0.33585   -0.32848   -0.32793   -0.32511   -0.31700   -0.31654   -0.30068
   0.06615    0.06626    0.08205    0.10204    0.10548    0.10994    0.15647    0.15779
   0.16191    0.16254    0.16897    0.17029    0.22104    0.22386    0.22861    0.23172
   0.23961    0.24035    0.24443    0.25870    0.25965    0.26039    0.26690    0.26761
   0.44779    0.45156
 kpt#  22, nband= 50, wtk=  0.00926, kpt=  0.1667  0.0000  0.1667 (reduced coord)
  -1.94327   -1.94274   -1.94271   -1.94267   -0.80350   -0.80338   -0.80319   -0.79495
  -0.79364   -0.79230   -0.79222   -0.79187   -0.79119   -0.79029   -0.78761   -0.78752
  -0.38626   -0.33456   -0.32839   -0.32638   -0.32528   -0.32211   -0.31804   -0.30262
   0.07161    0.07583    0.08064    0.10389    0.10789    0.12475    0.14976    0.15361
   0.15482    0.15856    0.16553    0.16878    0.21657    0.22160    0.22673    0.22999
   0.24187    0.24227    0.24522    0.25026    0.25598    0.26283    0.26289    0.26747
   0.45575    0.45727
 kpt#  23, nband= 50, wtk=  0.00926, kpt=  0.3333  0.0000  0.1667 (reduced coord)
  -1.94315   -1.94283   -1.94272   -1.94269   -0.80160   -0.80126   -0.80073   -0.79695
  -0.79480   -0.79315   -0.79276   -0.79137   -0.79135   -0.79107   -0.78868   -0.78862
  -0.37388   -0.33743   -0.33114   -0.32733   -0.32570   -0.32316   -0.31975   -0.30781
   0.08625    0.08681    0.10242    0.10994    0.11463    0.12868    0.13642    0.13996
   0.14124    0.15679    0.17017    0.17874    0.19425    0.20278    0.21182    0.22983
   0.23938    0.24133    0.24638    0.24734    0.25501    0.26405    0.26666    0.26696
   0.46949    0.47043
 kpt#  24, nband= 50, wtk=  0.00926, kpt=  0.5000  0.0000  0.1667 (reduced coord)
  -1.94299   -1.94299   -1.94270   -1.94270   -0.79940   -0.79940   -0.79806   -0.79806
  -0.79699   -0.79699   -0.79191   -0.79191   -0.79005   -0.79005   -0.78995   -0.78995
  -0.35620   -0.35620   -0.32734   -0.32733   -0.32566   -0.32565   -0.31453   -0.31453
   0.10116    0.10116    0.11037    0.11037    0.12415    0.12416    0.12603    0.12603
   0.14406    0.14406    0.18771    0.18771    0.19385    0.19385    0.19791    0.19792
   0.24011    0.24011    0.24907    0.24907    0.26175    0.26176    0.26771    0.26771
   0.47721    0.47896
 kpt#  25, nband= 50, wtk=  0.00926, kpt= -0.3333  0.0000  0.1667 (reduced coord)
  -1.94315   -1.94283   -1.94272   -1.94269   -0.80160   -0.80126   -0.80073   -0.79695
  -0.79480   -0.79315   -0.79276   -0.79137   -0.79135   -0.79107   -0.78868   -0.78862
  -0.37388   -0.33743   -0.33114   -0.32733   -0.32570   -0.32316   -0.31975   -0.30781
   0.08625    0.08681    0.10242    0.10994    0.11463    0.12867    0.13642    0.13996
   0.14124    0.15679    0.17017    0.17874    0.19425    0.20278    0.21182    0.22983
   0.23938    0.24133    0.24638    0.24734    0.25501    0.26405    0.26665    0.26696
   0.46932    0.47101
 kpt#  26, nband= 50, wtk=  0.00926, kpt= -0.1667  0.0000  0.1667 (reduced coord)
  -1.94327   -1.94274   -1.94271   -1.94267   -0.80350   -0.80338   -0.80319   -0.79495
  -0.79364   -0.79229   -0.79222   -0.79187   -0.79119   -0.79029   -0.78761   -0.78752
  -0.38626   -0.33456   -0.32839   -0.32638   -0.32528   -0.32211   -0.31804   -0.30262
   0.07161    0.07583    0.08064    0.10389    0.10789    0.12475    0.14976    0.15362
   0.15482    0.15856    0.16553    0.16878    0.21657    0.22160    0.22673    0.22999
   0.24187    0.24227    0.24522    0.25026    0.25598    0.26283    0.26289    0.26747
   0.45575    0.45727
 kpt#  27, nband= 50, wtk=  0.00926, kpt=  0.0000  0.1667  0.1667 (reduced coord)
  -1.94327   -1.94274   -1.94271   -1.94267   -0.80354   -0.80333   -0.80319   -0.79504
  -0.79350   -0.79230   -0.79222   -0.79191   -0.79112   -0.79036   -0.78761   -0.78751
  -0.38627   -0.33448   -0.32800   -0.32648   -0.32530   -0.32273   -0.31771   -0.30267
   0.07159    0.07584    0.08053    0.10441    0.10791    0.12450    0.15142    0.15274
   0.15580    0.15733    0.16434    0.16946    0.21568    0.22312    0.22645    0.23325
   0.23780    0.23977    0.24583    0.25257    0.25393    0.26410    0.26521    0.26586
   0.45518    0.45616
 kpt#  28, nband= 50, wtk=  0.00926, kpt=  0.1667  0.1667  0.1667 (reduced coord)
  -1.94323   -1.94274   -1.94271   -1.94271   -0.80294   -0.80280   -0.80271   -0.79448
  -0.79421   -0.79339   -0.79192   -0.79176   -0.79154   -0.79065   -0.78824   -0.78725
  -0.38229   -0.33446   -0.32896   -0.32718   -0.32460   -0.32240   -0.32069   -0.30431
   0.08033    0.08134    0.08170    0.10569    0.11148    0.13452    0.14668    0.14784
   0.15447    0.15927    0.15983    0.16251    0.21883    0.22216    0.22285    0.22383
   0.23893    0.24226    0.24611    0.24999    0.25281    0.25724    0.25997    0.26806
   0.45900    0.46259
 kpt#  29, nband= 50, wtk=  0.00926, kpt=  0.3333  0.1667  0.1667 (reduced coord)
  -1.94312   -1.94282   -1.94273   -1.94272   -0.80160   -0.80151   -0.80101   -0.79577
  -0.79540   -0.79469   -0.79284   -0.79111   -0.79075   -0.79064   -0.78910   -0.78796
  -0.37113   -0.33848   -0.33400   -0.33048   -0.32315   -0.32227   -0.31908   -0.30866
   0.08941    0.09453    0.10540    0.11024    0.11873    0.12869    0.13714    0.13876
   0.14507    0.16126    0.16822    0.16915    0.19434    0.20790    0.21113    0.22876
   0.23244    0.23698    0.24347    0.24722    0.25450    0.25549    0.26320    0.26780
   0.46545    0.47415
 kpt#  30, nband= 50, wtk=  0.00926, kpt=  0.5000  0.1667  0.1667 (reduced coord)
  -1.94297   -1.94297   -1.94272   -1.94272   -0.80062   -0.80062   -0.79818   -0.79818
  -0.79660   -0.79660   -0.79133   -0.79133   -0.79014   -0.79014   -0.78945   -0.78945
  -0.35520   -0.35520   -0.33269   -0.33269   -0.32203   -0.32203   -0.31430   -0.31430
   0.10519    0.10519    0.11256    0.11256    0.12359    0.12359    0.12851    0.12851
   0.15026    0.15026    0.17737    0.17737    0.19563    0.19563    0.20333    0.20333
   0.23421    0.23422    0.24706    0.24706    0.25604    0.25604    0.26678    0.26678
   0.47153    0.47183
 kpt#  31, nband= 50, wtk=  0.00926, kpt= -0.3333  0.1667  0.1667 (reduced coord)
  -1.94312   -1.94282   -1.94273   -1.94272   -0.80160   -0.80151   -0.80101   -0.79577
  -0.79540   -0.79469   -0.79284   -0.79111   -0.79076   -0.79064   -0.78910   -0.78796
  -0.37113   -0.33848   -0.33401   -0.33048   -0.32315   -0.32227   -0.31908   -0.30866
   0.08941    0.09453    0.10540    0.11024    0.11873    0.12869    0.13714    0.13876
   0.14507    0.16126    0.16822    0.16915    0.19434    0.20790    0.21113    0.22876
   0.23244    0.23698    0.24347    0.24722    0.25450    0.25548    0.26320    0.26780
   0.46546    0.47446
 kpt#  32, nband= 50, wtk=  0.00926, kpt= -0.1667  0.1667  0.1667 (reduced coord)
  -1.94323   -1.94274   -1.94271   -1.94271   -0.80294   -0.80280   -0.80271   -0.79448
  -0.79421   -0.79339   -0.79192   -0.79176   -0.79154   -0.79065   -0.78824   -0.78725
  -0.38229   -0.33446   -0.32897   -0.32717   -0.32460   -0.32241   -0.32068   -0.30431
   0.08033    0.08134    0.08170    0.10569    0.11148    0.13452    0.14668    0.14784
   0.15447    0.15927    0.15983    0.16251    0.21883    0.22216    0.22285    0.22384
   0.23893    0.24226    0.24611    0.24999    0.25281    0.25724    0.25997    0.26806
   0.45900    0.46259
 kpt#  33, nband= 50, wtk=  0.00926, kpt=  0.0000  0.3333  0.1667 (reduced coord)
  -1.94316   -1.94283   -1.94272   -1.94268   -0.80161   -0.80128   -0.80069   -0.79703
  -0.79479   -0.79312   -0.79266   -0.79140   -0.79134   -0.79114   -0.78870   -0.78861
  -0.37393   -0.33751   -0.33081   -0.32731   -0.32578   -0.32176   -0.32112   -0.30803
   0.08614    0.08680    0.10230    0.11034    0.11487    0.12888    0.13669    0.14012
   0.14126    0.15745    0.16874    0.17925    0.19428    0.20287    0.21279    0.22992
   0.23623    0.23886    0.24922    0.25026    0.25109    0.26429    0.26689    0.26855
   0.46573    0.46895
 kpt#  34, nband= 50, wtk=  0.00926, kpt=  0.1667  0.3333  0.1667 (reduced coord)
  -1.94312   -1.94282   -1.94273   -1.94271   -0.80161   -0.80151   -0.80098   -0.79583
  -0.79536   -0.79472   -0.79272   -0.79120   -0.79073   -0.79062   -0.78913   -0.78795
  -0.37117   -0.33858   -0.33386   -0.33035   -0.32311   -0.32164   -0.31977   -0.30883
   0.08937    0.09465    0.10527    0.11031    0.11903    0.12839    0.13743    0.13894
   0.14526    0.16219    0.16680    0.16945    0.19440    0.20826    0.21182    0.22956
   0.23086    0.23308    0.24780    0.24788    0.25301    0.25336    0.26470    0.26820
   0.46282    0.47071
 kpt#  35, nband= 50, wtk=  0.00926, kpt=  0.3333  0.3333  0.1667 (reduced coord)
  -1.94304   -1.94280   -1.94280   -1.94275   -0.80154   -0.80147   -0.80137   -0.79767
  -0.79553   -0.79365   -0.79357   -0.79024   -0.79016   -0.78991   -0.78959   -0.78773
  -0.36337   -0.34025   -0.33965   -0.33770   -0.32012   -0.31886   -0.31829   -0.31110
   0.09857    0.11096    0.11131    0.11255    0.12831    0.13084    0.13188    0.14153
   0.15395    0.15635    0.16088    0.17937    0.19066    0.20472    0.21074    0.21295
   0.21820    0.23122    0.23258    0.23581    0.25537    0.25900    0.26194    0.26686
   0.46008    0.46697
 kpt#  36, nband= 50, wtk=  0.00926, kpt=  0.5000  0.3333  0.1667 (reduced coord)
  -1.94292   -1.94292   -1.94278   -1.94277   -0.80158   -0.80158   -0.80010   -0.80010
  -0.79480   -0.79479   -0.79167   -0.79167   -0.78948   -0.78948   -0.78860   -0.78860
  -0.35208   -0.35208   -0.33992   -0.33992   -0.31869   -0.31868   -0.31450   -0.31450
   0.10991    0.10991    0.11382    0.11382    0.13385    0.13385    0.13914    0.13914
   0.15783    0.15784    0.16570    0.16570    0.19792    0.19792    0.20657    0.20657
   0.21480    0.21480    0.23175    0.23175    0.25902    0.25902    0.26510    0.26510
   0.46171    0.46536
 kpt#  37, nband= 50, wtk=  0.00926, kpt= -0.3333  0.3333  0.1667 (reduced coord)
  -1.94304   -1.94280   -1.94280   -1.94275   -0.80154   -0.80147   -0.80138   -0.79767
  -0.79553   -0.79365   -0.79356   -0.79024   -0.79016   -0.78991   -0.78959   -0.78773
  -0.36337   -0.34025   -0.33965   -0.33771   -0.32012   -0.31887   -0.31828   -0.31110
   0.09857    0.11096    0.11131    0.11255    0.12831    0.13084    0.13188    0.14153
   0.15395    0.15635    0.16088    0.17937    0.19066    0.20472    0.21074    0.21295
   0.21820    0.23123    0.23258    0.23581    0.25537    0.25900    0.26193    0.26686
   0.46004    0.46721
 kpt#  38, nband= 50, wtk=  0.00926, kpt= -0.1667  0.3333  0.1667 (reduced coord)
  -1.94312   -1.94282   -1.94273   -1.94271   -0.80161   -0.80151   -0.80098   -0.79583
  -0.79536   -0.79472   -0.79272   -0.79120   -0.79073   -0.79062   -0.78913   -0.78795
  -0.37117   -0.33858   -0.33386   -0.33035   -0.32311   -0.32164   -0.31977   -0.30883
   0.08937    0.09465    0.10527    0.11031    0.11903    0.12839    0.13743    0.13894
   0.14526    0.16219    0.16680    0.16945    0.19440    0.20826    0.21182    0.22956
   0.23086    0.23308    0.24779    0.24788    0.25301    0.25337    0.26469    0.26820
   0.46284    0.47216
 kpt#  39, nband= 50, wtk=  0.00926, kpt=  0.0000  0.5000  0.1667 (reduced coord)
  -1.94300   -1.94299   -1.94271   -1.94270   -0.79939   -0.79938   -0.79810   -0.79810
  -0.79697   -0.79697   -0.79187   -0.79187   -0.79003   -0.79002   -0.79001   -0.79000
  -0.35631   -0.35631   -0.32651   -0.32650   -0.32590   -0.32590   -0.31505   -0.31505
   0.10106    0.10106    0.11073    0.11073    0.12439    0.12440    0.12604    0.12605
   0.14382    0.14382    0.18945    0.18945    0.19396    0.19396    0.19667    0.19667
   0.23749    0.23749    0.25091    0.25091    0.26042    0.26042    0.26912    0.26912
   0.47029    0.47044
 kpt#  40, nband= 50, wtk=  0.00926, kpt=  0.1667  0.5000  0.1667 (reduced coord)
  -1.94298   -1.94297   -1.94273   -1.94272   -0.80063   -0.80063   -0.79814   -0.79813
  -0.79665   -0.79664   -0.79122   -0.79122   -0.79027   -0.79026   -0.78942   -0.78941
  -0.35529   -0.35529   -0.33246   -0.33245   -0.32178   -0.32178   -0.31473   -0.31472
   0.10555    0.10555    0.11235    0.11235    0.12345    0.12345    0.12877    0.12878
   0.15009    0.15009    0.17795    0.17795    0.19670    0.19670    0.20231    0.20231
   0.23235    0.23236    0.24862    0.24862    0.25485    0.25485    0.26764    0.26764
   0.46671    0.46676
 kpt#  41, nband= 50, wtk=  0.00926, kpt=  0.3333  0.5000  0.1667 (reduced coord)
  -1.94293   -1.94292   -1.94278   -1.94277   -0.80159   -0.80159   -0.80009   -0.80009
  -0.79482   -0.79481   -0.79163   -0.79163   -0.78952   -0.78952   -0.78859   -0.78859
  -0.35214   -0.35214   -0.33983   -0.33982   -0.31852   -0.31851   -0.31472   -0.31472
   0.11030    0.11031    0.11359    0.11359    0.13380    0.13380    0.13884    0.13884
   0.15749    0.15750    0.16655    0.16655    0.19916    0.19917    0.20565    0.20565
   0.21353    0.21354    0.23238    0.23238    0.25862    0.25862    0.26553    0.26553
   0.45987    0.45990
 kpt#  42, nband= 50, wtk=  0.00926, kpt=  0.5000  0.5000  0.1667 (reduced coord)
  -1.94285   -1.94285   -1.94284   -1.94284   -0.80141   -0.80141   -0.80141   -0.80141
  -0.79309   -0.79309   -0.79309   -0.79309   -0.78859   -0.78859   -0.78859   -0.78859
  -0.34681   -0.34681   -0.34680   -0.34680   -0.31603   -0.31603   -0.31603   -0.31603
   0.11214    0.11214    0.11214    0.11214    0.14912    0.14912    0.14912    0.14912
   0.15713    0.15713    0.15713    0.15714    0.19925    0.19925    0.19926    0.19926
   0.21549    0.21549    0.21549    0.21550    0.26337    0.26337    0.26337    0.26337
   0.45886    0.45887
 kpt#  43, nband= 50, wtk=  0.00926, kpt= -0.3333  0.5000  0.1667 (reduced coord)
  -1.94293   -1.94292   -1.94278   -1.94277   -0.80159   -0.80159   -0.80009   -0.80009
  -0.79482   -0.79481   -0.79163   -0.79163   -0.78952   -0.78952   -0.78859   -0.78859
  -0.35214   -0.35213   -0.33983   -0.33983   -0.31852   -0.31851   -0.31472   -0.31472
   0.11030    0.11031    0.11359    0.11359    0.13380    0.13380    0.13884    0.13884
   0.15749    0.15750    0.16655    0.16655    0.19916    0.19917    0.20565    0.20565
   0.21354    0.21354    0.23238    0.23238    0.25862    0.25862    0.26553    0.26553
   0.45988    0.46001
 kpt#  44, nband= 50, wtk=  0.00926, kpt= -0.1667  0.5000  0.1667 (reduced coord)
  -1.94298   -1.94297   -1.94273   -1.94272   -0.80063   -0.80063   -0.79814   -0.79813
  -0.79665   -0.79664   -0.79122   -0.79122   -0.79027   -0.79026   -0.78942   -0.78941
  -0.35529   -0.35529   -0.33246   -0.33246   -0.32178   -0.32178   -0.31473   -0.31472
   0.10555    0.10555    0.11235    0.11236    0.12345    0.12345    0.12877    0.12878
   0.15009    0.15009    0.17795    0.17795    0.19670    0.19670    0.20231    0.20231
   0.23236    0.23236    0.24861    0.24862    0.25485    0.25486    0.26764    0.26764
   0.46671    0.46675
 kpt#  45, nband= 50, wtk=  0.00926, kpt=  0.0000 -0.3333  0.1667 (reduced coord)
  -1.94316   -1.94283   -1.94272   -1.94268   -0.80161   -0.80128   -0.80069   -0.79703
  -0.79479   -0.79312   -0.79266   -0.79140   -0.79134   -0.79114   -0.78870   -0.78861
  -0.37393   -0.33751   -0.33081   -0.32731   -0.32578   -0.32176   -0.32112   -0.30803
   0.08614    0.08680    0.10230    0.11034    0.11487    0.12888    0.13669    0.14012
   0.14126    0.15745    0.16874    0.17925    0.19428    0.20287    0.21279    0.22992
   0.23623    0.23886    0.24922    0.25026    0.25109    0.26429    0.26689    0.26855
   0.46588    0.46898
 kpt#  46, nband= 50, wtk=  0.00926, kpt=  0.1667 -0.3333  0.1667 (reduced coord)
  -1.94312   -1.94282   -1.94273   -1.94271   -0.80161   -0.80151   -0.80098   -0.79583
  -0.79536   -0.79472   -0.79272   -0.79120   -0.79073   -0.79062   -0.78913   -0.78795
  -0.37117   -0.33858   -0.33386   -0.33035   -0.32311   -0.32164   -0.31977   -0.30883
   0.08937    0.09465    0.10527    0.11031    0.11903    0.12839    0.13743    0.13894
   0.14526    0.16219    0.16680    0.16945    0.19440    0.20826    0.21182    0.22956
   0.23086    0.23308    0.24780    0.24788    0.25301    0.25336    0.26470    0.26820
   0.46282    0.46995
 kpt#  47, nband= 50, wtk=  0.00926, kpt=  0.3333 -0.3333  0.1667 (reduced coord)
  -1.94304   -1.94280   -1.94280   -1.94275   -0.80154   -0.80147   -0.80137   -0.79767
  -0.79553   -0.79365   -0.79357   -0.79024   -0.79016   -0.78991   -0.78959   -0.78773
  -0.36337   -0.34025   -0.33965   -0.33770   -0.32012   -0.31886   -0.31829   -0.31110
   0.09857    0.11096    0.11131    0.11255    0.12831    0.13084    0.13188    0.14153
   0.15395    0.15635    0.16088    0.17937    0.19066    0.20472    0.21074    0.21295
   0.21820    0.23122    0.23258    0.23581    0.25537    0.25900    0.26194    0.26686
   0.46005    0.46701
 kpt#  48, nband= 50, wtk=  0.00926, kpt=  0.5000 -0.3333  0.1667 (reduced coord)
  -1.94292   -1.94292   -1.94278   -1.94277   -0.80158   -0.80158   -0.80010   -0.80010
  -0.79480   -0.79479   -0.79167   -0.79167   -0.78948   -0.78948   -0.78860   -0.78860
  -0.35208   -0.35208   -0.33992   -0.33992   -0.31869   -0.31868   -0.31450   -0.31450
   0.10991    0.10991    0.11382    0.11382    0.13385    0.13385    0.13914    0.13914
   0.15783    0.15784    0.16570    0.16570    0.19792    0.19792    0.20657    0.20657
   0.21480    0.21480    0.23175    0.23175    0.25902    0.25902    0.26510    0.26510
   0.46174    0.46197
 kpt#  49, nband= 50, wtk=  0.00926, kpt= -0.3333 -0.3333  0.1667 (reduced coord)
  -1.94304   -1.94280   -1.94280   -1.94275   -0.80154   -0.80147   -0.80138   -0.79767
  -0.79553   -0.79365   -0.79356   -0.79024   -0.79016   -0.78991   -0.78959   -0.78773
  -0.36337   -0.34025   -0.33965   -0.33771   -0.32012   -0.31887   -0.31828   -0.31110
   0.09857    0.11096    0.11131    0.11255    0.12831    0.13084    0.13188    0.14153
   0.15395    0.15635    0.16088    0.17937    0.19066    0.20472    0.21074    0.21295
   0.21820    0.23123    0.23258    0.23581    0.25537    0.25900    0.26193    0.26686
   0.46006    0.46830
 kpt#  50, nband= 50, wtk=  0.00926, kpt= -0.1667 -0.3333  0.1667 (reduced coord)
  -1.94312   -1.94282   -1.94273   -1.94271   -0.80161   -0.80151   -0.80098   -0.79583
  -0.79536   -0.79472   -0.79272   -0.79120   -0.79073   -0.79062   -0.78913   -0.78795
  -0.37117   -0.33858   -0.33386   -0.33035   -0.32311   -0.32164   -0.31977   -0.30883
   0.08937    0.09465    0.10527    0.11031    0.11903    0.12839    0.13743    0.13894
   0.14526    0.16219    0.16680    0.16945    0.19440    0.20826    0.21182    0.22956
   0.23086    0.23308    0.24779    0.24788    0.25301    0.25337    0.26469    0.26820
   0.46282    0.47011
 kpt#  51, nband= 50, wtk=  0.00926, kpt=  0.0000 -0.1667  0.1667 (reduced coord)
  -1.94327   -1.94274   -1.94271   -1.94267   -0.80354   -0.80333   -0.80319   -0.79504
  -0.79350   -0.79230   -0.79222   -0.79191   -0.79112   -0.79036   -0.78761   -0.78751
  -0.38627   -0.33448   -0.32800   -0.32648   -0.32530   -0.32273   -0.31771   -0.30267
   0.07159    0.07584    0.08053    0.10441    0.10791    0.12450    0.15142    0.15274
   0.15580    0.15733    0.16434    0.16946    0.21568    0.22312    0.22645    0.23325
   0.23780    0.23977    0.24583    0.25257    0.25393    0.26410    0.26521    0.26586
   0.45518    0.45616
 kpt#  52, nband= 50, wtk=  0.00926, kpt=  0.1667 -0.1667  0.1667 (reduced coord)
  -1.94323   -1.94274   -1.94271   -1.94271   -0.80294   -0.80280   -0.80271   -0.79448
  -0.79421   -0.79339   -0.79192   -0.79176   -0.79154   -0.79065   -0.78824   -0.78725
  -0.38229   -0.33446   -0.32896   -0.32718   -0.32460   -0.32240   -0.32069   -0.30431
   0.08033    0.08134    0.08170    0.10569    0.11148    0.13452    0.14668    0.14784
   0.15447    0.15927    0.15983    0.16251    0.21883    0.22216    0.22285    0.22383
   0.23893    0.24226    0.24611    0.24999    0.25281    0.25724    0.25997    0.26806
   0.45900    0.46259
 kpt#  53, nband= 50, wtk=  0.00926, kpt=  0.3333 -0.1667  0.1667 (reduced coord)
  -1.94312   -1.94282   -1.94273   -1.94272   -0.80160   -0.80151   -0.80101   -0.79577
  -0.79540   -0.79469   -0.79284   -0.79111   -0.79075   -0.79064   -0.78910   -0.78796
  -0.37113   -0.33848   -0.33400   -0.33048   -0.32315   -0.32227   -0.31908   -0.30866
   0.08941    0.09453    0.10540    0.11024    0.11873    0.12869    0.13714    0.13876
   0.14507    0.16126    0.16822    0.16915    0.19434    0.20790    0.21113    0.22876
   0.23244    0.23698    0.24347    0.24722    0.25450    0.25549    0.26320    0.26780
   0.46544    0.47407
 kpt#  54, nband= 50, wtk=  0.00926, kpt=  0.5000 -0.1667  0.1667 (reduced coord)
  -1.94297   -1.94297   -1.94272   -1.94272   -0.80062   -0.80062   -0.79818   -0.79818
  -0.79660   -0.79660   -0.79133   -0.79133   -0.79014   -0.79014   -0.78945   -0.78945
  -0.35520   -0.35520   -0.33269   -0.33269   -0.32203   -0.32203   -0.31430   -0.31430
   0.10519    0.10519    0.11256    0.11256    0.12359    0.12359    0.12851    0.12851
   0.15026    0.15026    0.17737    0.17737    0.19563    0.19563    0.20333    0.20333
   0.23421    0.23422    0.24706    0.24706    0.25604    0.25604    0.26678    0.26678
   0.47155    0.47552
 kpt#  55, nband= 50, wtk=  0.00926, kpt= -0.3333 -0.1667  0.1667 (reduced coord)
  -1.94312   -1.94282   -1.94273   -1.94272   -0.80160   -0.80151   -0.80101   -0.79577
  -0.79540   -0.79469   -0.79284   -0.79111   -0.79076   -0.79064   -0.78910   -0.78796
  -0.37113   -0.33848   -0.33401   -0.33048   -0.32315   -0.32227   -0.31908   -0.30866
   0.08941    0.09453    0.10540    0.11024    0.11873    0.12869    0.13714    0.13876
   0.14507    0.16126    0.16822    0.16915    0.19434    0.20790    0.21113    0.22876
   0.23244    0.23698    0.24347    0.24722    0.25450    0.25548    0.26320    0.26780
   0.46545    0.47432
 kpt#  56, nband= 50, wtk=  0.00926, kpt= -0.1667 -0.1667  0.1667 (reduced coord)
  -1.94323   -1.94274   -1.94271   -1.94271   -0.80294   -0.80280   -0.80271   -0.79448
  -0.79421   -0.79339   -0.79192   -0.79176   -0.79154   -0.79065   -0.78824   -0.78725
  -0.38229   -0.33446   -0.32897   -0.32717   -0.32460   -0.32241   -0.32068   -0.30431
   0.08033    0.08134    0.08170    0.10569    0.11148    0.13452    0.14668    0.14784
   0.15447    0.15927    0.15983    0.16251    0.21883    0.22216    0.22285    0.22384
   0.23893    0.24226    0.24611    0.24999    0.25281    0.25724    0.25997    0.26806
   0.45900    0.46262
 kpt#  57, nband= 50, wtk=  0.00926, kpt=  0.0000  0.0000  0.3333 (reduced coord)
  -1.94320   -1.94286   -1.94267   -1.94267   -0.80217   -0.80215   -0.80097   -0.79620
  -0.79609   -0.79290   -0.79268   -0.79261   -0.79021   -0.79017   -0.78794   -0.78794
  -0.37822   -0.34082   -0.32903   -0.32585   -0.32549   -0.31921   -0.31894   -0.30868
   0.08240    0.08245    0.10978    0.11136    0.11314    0.13446    0.13469    0.13519
   0.14356    0.14599    0.18281    0.18302    0.19769    0.21570    0.21951    0.22056
   0.22395    0.22806    0.24200    0.24301    0.26590    0.26626    0.26845    0.26845
   0.45677    0.46632
 kpt#  58, nband= 50, wtk=  0.00926, kpt=  0.1667  0.0000  0.3333 (reduced coord)
  -1.94316   -1.94285   -1.94270   -1.94268   -0.80178   -0.80139   -0.80087   -0.79696
  -0.79563   -0.79390   -0.79222   -0.79189   -0.79100   -0.79019   -0.78844   -0.78797
  -0.37468   -0.33992   -0.32828   -0.32707   -0.32460   -0.32328   -0.31966   -0.30982
   0.08664    0.09089    0.10452    0.11212    0.11954    0.13293    0.13749    0.14223
   0.14379    0.14965    0.17120    0.17757    0.20102    0.20635    0.22054    0.22241
   0.22857    0.23492    0.23628    0.23835    0.25968    0.25999    0.26395    0.26588
   0.46249    0.46993
 kpt#  59, nband= 50, wtk=  0.00926, kpt=  0.3333  0.0000  0.3333 (reduced coord)
  -1.94306   -1.94282   -1.94280   -1.94272   -0.80057   -0.80049   -0.79939   -0.79828
  -0.79613   -0.79419   -0.79321   -0.79107   -0.79075   -0.79063   -0.78951   -0.78841
  -0.36476   -0.33736   -0.33553   -0.32981   -0.32632   -0.32229   -0.32039   -0.31291
   0.09799    0.10726    0.11120    0.11474    0.11943    0.13103    0.13518    0.14250
   0.15115    0.15632    0.17225    0.17414    0.19178    0.20232    0.20923    0.21642
   0.21947    0.23391    0.23611    0.24293    0.24972    0.25144    0.25735    0.26215
   0.47246    0.47465
 kpt#  60, nband= 50, wtk=  0.00926, kpt=  0.5000  0.0000  0.3333 (reduced coord)
  -1.94293   -1.94293   -1.94277   -1.94276   -0.79973   -0.79973   -0.79857   -0.79857
  -0.79621   -0.79621   -0.79227   -0.79227   -0.79016   -0.79016   -0.78947   -0.78947
  -0.35058   -0.35058   -0.33373   -0.33372   -0.32384   -0.32384   -0.31704   -0.31704
   0.11093    0.11093    0.11712    0.11712    0.12097    0.12097    0.14549    0.14549
   0.14726    0.14726    0.18353    0.18354    0.19035    0.19035    0.20527    0.20528
   0.21656    0.21656    0.24545    0.24545    0.24749    0.24749    0.25758    0.25758
   0.47411    0.47612
 kpt#  61, nband= 50, wtk=  0.00926, kpt= -0.3333  0.0000  0.3333 (reduced coord)
  -1.94306   -1.94282   -1.94280   -1.94272   -0.80057   -0.80048   -0.79939   -0.79828
  -0.79613   -0.79419   -0.79321   -0.79107   -0.79075   -0.79063   -0.78951   -0.78841
  -0.36476   -0.33736   -0.33554   -0.32980   -0.32632   -0.32229   -0.32039   -0.31291
   0.09799    0.10726    0.11120    0.11474    0.11943    0.13103    0.13518    0.14250
   0.15115    0.15632    0.17225    0.17414    0.19177    0.20232    0.20923    0.21641
   0.21947    0.23391    0.23611    0.24293    0.24972    0.25144    0.25735    0.26216
   0.47303    0.47484
 kpt#  62, nband= 50, wtk=  0.00926, kpt= -0.1667  0.0000  0.3333 (reduced coord)
  -1.94316   -1.94285   -1.94270   -1.94268   -0.80178   -0.80139   -0.80087   -0.79696
  -0.79563   -0.79390   -0.79222   -0.79189   -0.79100   -0.79019   -0.78844   -0.78797
  -0.37468   -0.33992   -0.32828   -0.32707   -0.32461   -0.32327   -0.31966   -0.30982
   0.08664    0.09089    0.10452    0.11212    0.11954    0.13292    0.13749    0.14223
   0.14379    0.14966    0.17120    0.17757    0.20102    0.20634    0.22054    0.22241
   0.22857    0.23492    0.23628    0.23835    0.25968    0.25999    0.26395    0.26588
   0.46249    0.46981
 kpt#  63, nband= 50, wtk=  0.00926, kpt=  0.0000  0.1667  0.3333 (reduced coord)
  -1.94316   -1.94285   -1.94270   -1.94268   -0.80177   -0.80137   -0.80086   -0.79701
  -0.79561   -0.79388   -0.79219   -0.79191   -0.79099   -0.79025   -0.78842   -0.78796
  -0.37470   -0.33991   -0.32826   -0.32705   -0.32430   -0.32390   -0.31935   -0.30983
   0.08670    0.09077    0.10416    0.11379    0.11833    0.13355    0.13701    0.14096
   0.14570    0.14884    0.17071    0.17816    0.20019    0.20574    0.22173    0.22297
   0.22997    0.23458    0.23562    0.23695    0.25945    0.26033    0.26458    0.26586
   0.46204    0.46767
 kpt#  64, nband= 50, wtk=  0.00926, kpt=  0.1667  0.1667  0.3333 (reduced coord)
  -1.94313   -1.94284   -1.94271   -1.94271   -0.80174   -0.80156   -0.80100   -0.79580
  -0.79569   -0.79497   -0.79188   -0.79178   -0.79151   -0.78995   -0.78848   -0.78797
  -0.37170   -0.34042   -0.32997   -0.32867   -0.32646   -0.32082   -0.31958   -0.31062
   0.09370    0.09543    0.10353    0.11614    0.12027    0.13585    0.13817    0.14396
   0.14519    0.15468    0.16407    0.16555    0.20383    0.21600    0.21924    0.22043
   0.23060    0.23166    0.23499    0.23580    0.25361    0.25659    0.25791    0.26049
   0.46433    0.47031
 kpt#  65, nband= 50, wtk=  0.00926, kpt=  0.3333  0.1667  0.3333 (reduced coord)
  -1.94304   -1.94281   -1.94280   -1.94274   -0.80171   -0.80130   -0.80116   -0.79737
  -0.79551   -0.79326   -0.79325   -0.79092   -0.79056   -0.78997   -0.78909   -0.78839
  -0.36329   -0.34041   -0.33856   -0.33439   -0.32295   -0.31977   -0.31789   -0.31278
   0.10418    0.10822    0.11338    0.11846    0.12165    0.13491    0.13884    0.14246
   0.15104    0.15201    0.15937    0.17453    0.20043    0.20613    0.21110    0.22148
   0.22472    0.23087    0.23337    0.23637    0.24364    0.24640    0.25129    0.25755
   0.46731    0.47691
 kpt#  66, nband= 50, wtk=  0.00926, kpt=  0.5000  0.1667  0.3333 (reduced coord)
  -1.94292   -1.94292   -1.94278   -1.94277   -0.80156   -0.80156   -0.79971   -0.79971
  -0.79459   -0.79459   -0.79098   -0.79098   -0.78993   -0.78992   -0.78952   -0.78951
  -0.35123   -0.35123   -0.33843   -0.33842   -0.32020   -0.32020   -0.31561   -0.31561
   0.11457    0.11457    0.11974    0.11974    0.12412    0.12412    0.13983    0.13983
   0.15328    0.15328    0.17279    0.17279    0.20035    0.20036    0.20724    0.20724
   0.22085    0.22085    0.23942    0.23942    0.24080    0.24080    0.25475    0.25476
   0.47090    0.47092
 kpt#  67, nband= 50, wtk=  0.00926, kpt= -0.3333  0.1667  0.3333 (reduced coord)
  -1.94304   -1.94281   -1.94280   -1.94274   -0.80171   -0.80130   -0.80116   -0.79737
  -0.79551   -0.79326   -0.79325   -0.79092   -0.79056   -0.78997   -0.78909   -0.78839
  -0.36329   -0.34041   -0.33856   -0.33439   -0.32295   -0.31978   -0.31789   -0.31278
   0.10418    0.10822    0.11338    0.11846    0.12165    0.13491    0.13884    0.14246
   0.15104    0.15201    0.15937    0.17453    0.20043    0.20613    0.21110    0.22147
   0.22473    0.23087    0.23337    0.23637    0.24364    0.24640    0.25129    0.25755
   0.46728    0.47591
 kpt#  68, nband= 50, wtk=  0.00926, kpt= -0.1667  0.1667  0.3333 (reduced coord)
  -1.94313   -1.94284   -1.94271   -1.94271   -0.80173   -0.80156   -0.80100   -0.79580
  -0.79569   -0.79497   -0.79188   -0.79178   -0.79151   -0.78995   -0.78848   -0.78797
  -0.37170   -0.34042   -0.32997   -0.32867   -0.32646   -0.32082   -0.31957   -0.31062
   0.09370    0.09543    0.10353    0.11614    0.12027    0.13585    0.13817    0.14396
   0.14519    0.15468    0.16407    0.16555    0.20383    0.21600    0.21924    0.22043
   0.23061    0.23166    0.23499    0.23580    0.25361    0.25659    0.25791    0.26049
   0.46433    0.47022
 kpt#  69, nband= 50, wtk=  0.00926, kpt=  0.0000  0.3333  0.3333 (reduced coord)
  -1.94306   -1.94281   -1.94280   -1.94272   -0.80054   -0.80047   -0.79924   -0.79846
  -0.79609   -0.79421   -0.79324   -0.79095   -0.79085   -0.79072   -0.78944   -0.78841
  -0.36482   -0.33734   -0.33567   -0.32995   -0.32623   -0.32132   -0.32107   -0.31295
   0.09789    0.10718    0.11109    0.11604    0.11894    0.13190    0.13457    0.14171
   0.15074    0.15619    0.17270    0.17465    0.19165    0.20005    0.21166    0.21589
   0.21913    0.23407    0.23561    0.24193    0.24946    0.25262    0.25849    0.26221
   0.46952    0.47254
 kpt#  70, nband= 50, wtk=  0.00926, kpt=  0.1667  0.3333  0.3333 (reduced coord)
  -1.94304   -1.94281   -1.94280   -1.94274   -0.80172   -0.80130   -0.80112   -0.79734
  -0.79557   -0.79329   -0.79324   -0.79090   -0.79058   -0.78998   -0.78908   -0.78838
  -0.36333   -0.34039   -0.33862   -0.33445   -0.32288   -0.31922   -0.31832   -0.31282
   0.10407    0.10824    0.11352    0.11911    0.12154    0.13435    0.13934    0.14201
   0.15063    0.15202    0.15956    0.17486    0.19908    0.20652    0.21275    0.22120
   0.22333    0.23139    0.23225    0.23589    0.24470    0.24652    0.25202    0.25781
   0.46412    0.47275
 kpt#  71, nband= 50, wtk=  0.00926, kpt=  0.3333  0.3333  0.3333 (reduced coord)
  -1.94298   -1.94281   -1.94280   -1.94280   -0.80272   -0.80262   -0.80259   -0.79998
  -0.79274   -0.79242   -0.79221   -0.79025   -0.78990   -0.78957   -0.78908   -0.78814
  -0.35888   -0.34419   -0.34324   -0.34276   -0.31820   -0.31593   -0.31548   -0.31271
   0.11366    0.11723    0.11897    0.12074    0.12875    0.13987    0.14113    0.14440
   0.14877    0.15039    0.15159    0.18360    0.19307    0.21464    0.21669    0.21977
   0.22168    0.22489    0.22705    0.22789    0.23164    0.24136    0.24519    0.25259
   0.46153    0.47188
 kpt#  72, nband= 50, wtk=  0.00926, kpt=  0.5000  0.3333  0.3333 (reduced coord)
  -1.94289   -1.94289   -1.94281   -1.94280   -0.80321   -0.80321   -0.80203   -0.80203
  -0.79233   -0.79233   -0.79033   -0.79033   -0.78926   -0.78925   -0.78889   -0.78889
  -0.35176   -0.35176   -0.34524   -0.34524   -0.31568   -0.31568   -0.31337   -0.31337
   0.12037    0.12037    0.12267    0.12268    0.13271    0.13271    0.14035    0.14035
   0.15474    0.15475    0.17077    0.17077    0.20097    0.20097    0.21276    0.21276
   0.21984    0.21984    0.22336    0.22336    0.23779    0.23780    0.24977    0.24977
   0.46426    0.46520
 kpt#  73, nband= 50, wtk=  0.00926, kpt= -0.3333  0.3333  0.3333 (reduced coord)
  -1.94298   -1.94281   -1.94280   -1.94280   -0.80272   -0.80262   -0.80259   -0.79998
  -0.79274   -0.79242   -0.79221   -0.79024   -0.78990   -0.78957   -0.78908   -0.78814
  -0.35888   -0.34419   -0.34324   -0.34276   -0.31820   -0.31594   -0.31548   -0.31271
   0.11366    0.11723    0.11897    0.12074    0.12875    0.13987    0.14113    0.14440
   0.14876    0.15039    0.15159    0.18360    0.19307    0.21464    0.21669    0.21977
   0.22168    0.22489    0.22704    0.22789    0.23164    0.24136    0.24519    0.25259
   0.46153    0.46988
 kpt#  74, nband= 50, wtk=  0.00926, kpt= -0.1667  0.3333  0.3333 (reduced coord)
  -1.94304   -1.94281   -1.94280   -1.94274   -0.80172   -0.80130   -0.80112   -0.79734
  -0.79557   -0.79329   -0.79324   -0.79090   -0.79058   -0.78998   -0.78908   -0.78838
  -0.36333   -0.34039   -0.33862   -0.33445   -0.32287   -0.31922   -0.31832   -0.31282
   0.10407    0.10824    0.11352    0.11911    0.12154    0.13435    0.13934    0.14201
   0.15063    0.15202    0.15956    0.17486    0.19908    0.20652    0.21275    0.22120
   0.22333    0.23139    0.23225    0.23589    0.24470    0.24652    0.25202    0.25781
   0.46412    0.47267
 kpt#  75, nband= 50, wtk=  0.00926, kpt=  0.0000  0.5000  0.3333 (reduced coord)
  -1.94294   -1.94293   -1.94277   -1.94276   -0.79969   -0.79968   -0.79854   -0.79854
  -0.79628   -0.79627   -0.79233   -0.79232   -0.79009   -0.79008   -0.78950   -0.78950
  -0.35072   -0.35071   -0.33373   -0.33373   -0.32358   -0.32357   -0.31716   -0.31716
   0.11094    0.11094    0.11909    0.11909    0.11925    0.11926    0.14595    0.14596
   0.14606    0.14607    0.18381    0.18381    0.19142    0.19142    0.20519    0.20520
   0.21485    0.21485    0.24345    0.24345    0.25093    0.25093    0.25730    0.25731
   0.46972    0.46986
 kpt#  76, nband= 50, wtk=  0.00926, kpt=  0.1667  0.5000  0.3333 (reduced coord)
  -1.94293   -1.94292   -1.94278   -1.94277   -0.80156   -0.80155   -0.79967   -0.79967
  -0.79465   -0.79464   -0.79099   -0.79098   -0.78990   -0.78989   -0.78953   -0.78953
  -0.35133   -0.35132   -0.33841   -0.33841   -0.31993   -0.31993   -0.31578   -0.31578
   0.11466    0.11466    0.12043    0.12043    0.12365    0.12365    0.13946    0.13946
   0.15297    0.15297    0.17309    0.17309    0.20270    0.20270    0.20543    0.20543
   0.21922    0.21922    0.23773    0.23773    0.24377    0.24377    0.25486    0.25486
   0.46638    0.46639
 kpt#  77, nband= 50, wtk=  0.00926, kpt=  0.3333  0.5000  0.3333 (reduced coord)
  -1.94289   -1.94288   -1.94281   -1.94280   -0.80321   -0.80321   -0.80202   -0.80202
  -0.79236   -0.79236   -0.79028   -0.79028   -0.78931   -0.78931   -0.78886   -0.78886
  -0.35180   -0.35180   -0.34523   -0.34523   -0.31550   -0.31550   -0.31353   -0.31353
   0.12047    0.12048    0.12269    0.12269    0.13289    0.13289    0.13995    0.13995
   0.15472    0.15472    0.17091    0.17091    0.20152    0.20153    0.21282    0.21282
   0.21766    0.21766    0.22429    0.22429    0.23843    0.23843    0.24985    0.24985
   0.46162    0.46163
 kpt#  78, nband= 50, wtk=  0.00926, kpt=  0.5000  0.5000  0.3333 (reduced coord)
  -1.94285   -1.94285   -1.94284   -1.94284   -0.80339   -0.80339   -0.80339   -0.80339
  -0.79100   -0.79100   -0.79099   -0.79099   -0.78857   -0.78857   -0.78856   -0.78856
  -0.35001   -0.35001   -0.35001   -0.35001   -0.31316   -0.31316   -0.31316   -0.31316
   0.12258    0.12258    0.12258    0.12258    0.13986    0.13986    0.13987    0.13987
   0.16516    0.16516    0.16517    0.16517    0.20514    0.20514    0.20514    0.20515
   0.21483    0.21483    0.21484    0.21484    0.24562    0.24562    0.24562    0.24562
   0.46264    0.46264
 kpt#  79, nband= 50, wtk=  0.00926, kpt= -0.3333  0.5000  0.3333 (reduced coord)
  -1.94289   -1.94288   -1.94281   -1.94280   -0.80321   -0.80321   -0.80202   -0.80202
  -0.79236   -0.79236   -0.79028   -0.79028   -0.78931   -0.78931   -0.78886   -0.78886
  -0.35180   -0.35180   -0.34523   -0.34523   -0.31550   -0.31550   -0.31353   -0.31353
   0.12047    0.12048    0.12269    0.12269    0.13289    0.13289    0.13995    0.13995
   0.15471    0.15472    0.17091    0.17091    0.20153    0.20153    0.21282    0.21282
   0.21766    0.21766    0.22429    0.22429    0.23843    0.23843    0.24985    0.24985
   0.46162    0.46162
 kpt#  80, nband= 50, wtk=  0.00926, kpt= -0.1667  0.5000  0.3333 (reduced coord)
  -1.94293   -1.94292   -1.94278   -1.94277   -0.80156   -0.80155   -0.79967   -0.79967
  -0.79465   -0.79464   -0.79099   -0.79098   -0.78990   -0.78989   -0.78953   -0.78953
  -0.35133   -0.35132   -0.33841   -0.33841   -0.31993   -0.31993   -0.31578   -0.31578
   0.11466    0.11466    0.12043    0.12043    0.12365    0.12365    0.13946    0.13946
   0.15297    0.15297    0.17309    0.17309    0.20270    0.20270    0.20543    0.20543
   0.21922    0.21922    0.23773    0.23773    0.24377    0.24377    0.25486    0.25486
   0.46638    0.46639
 kpt#  81, nband= 50, wtk=  0.00926, kpt=  0.0000 -0.3333  0.3333 (reduced coord)
  -1.94306   -1.94281   -1.94280   -1.94272   -0.80054   -0.80047   -0.79924   -0.79846
  -0.79609   -0.79421   -0.79324   -0.79095   -0.79085   -0.79072   -0.78944   -0.78841
  -0.36482   -0.33734   -0.33567   -0.32995   -0.32623   -0.32132   -0.32107   -0.31295
   0.09789    0.10718    0.11109    0.11604    0.11894    0.13190    0.13457    0.14171
   0.15074    0.15619    0.17270    0.17465    0.19165    0.20005    0.21166    0.21589
   0.21913    0.23407    0.23561    0.24193    0.24946    0.25262    0.25849    0.26221
   0.46952    0.47184
 kpt#  82, nband= 50, wtk=  0.00926, kpt=  0.1667 -0.3333  0.3333 (reduced coord)
  -1.94304   -1.94281   -1.94280   -1.94274   -0.80172   -0.80130   -0.80112   -0.79734
  -0.79557   -0.79329   -0.79324   -0.79090   -0.79058   -0.78998   -0.78908   -0.78838
  -0.36333   -0.34039   -0.33862   -0.33445   -0.32288   -0.31922   -0.31832   -0.31282
   0.10407    0.10824    0.11352    0.11911    0.12154    0.13435    0.13934    0.14201
   0.15063    0.15202    0.15956    0.17486    0.19908    0.20652    0.21275    0.22120
   0.22333    0.23139    0.23225    0.23589    0.24470    0.24652    0.25202    0.25781
   0.46413    0.47403
 kpt#  83, nband= 50, wtk=  0.00926, kpt=  0.3333 -0.3333  0.3333 (reduced coord)
  -1.94298   -1.94281   -1.94280   -1.94280   -0.80272   -0.80262   -0.80259   -0.79998
  -0.79274   -0.79242   -0.79221   -0.79025   -0.78990   -0.78957   -0.78908   -0.78814
  -0.35888   -0.34419   -0.34324   -0.34276   -0.31820   -0.31593   -0.31548   -0.31271
   0.11366    0.11723    0.11897    0.12074    0.12875    0.13987    0.14113    0.14440
   0.14877    0.15039    0.15159    0.18360    0.19307    0.21464    0.21669    0.21977
   0.22168    0.22489    0.22705    0.22789    0.23164    0.24136    0.24519    0.25259
   0.46153    0.46958
 kpt#  84, nband= 50, wtk=  0.00926, kpt=  0.5000 -0.3333  0.3333 (reduced coord)
  -1.94289   -1.94289   -1.94281   -1.94280   -0.80321   -0.80321   -0.80203   -0.80203
  -0.79233   -0.79233   -0.79033   -0.79033   -0.78926   -0.78925   -0.78889   -0.78889
  -0.35176   -0.35176   -0.34524   -0.34524   -0.31568   -0.31568   -0.31337   -0.31337
   0.12037    0.12037    0.12267    0.12268    0.13271    0.13271    0.14035    0.14035
   0.15474    0.15475    0.17077    0.17077    0.20097    0.20097    0.21276    0.21276
   0.21984    0.21984    0.22336    0.22336    0.23779    0.23780    0.24977    0.24977
   0.46427    0.46498
 kpt#  85, nband= 50, wtk=  0.00926, kpt= -0.3333 -0.3333  0.3333 (reduced coord)
  -1.94298   -1.94281   -1.94280   -1.94280   -0.80272   -0.80262   -0.80259   -0.79998
  -0.79274   -0.79242   -0.79221   -0.79024   -0.78990   -0.78957   -0.78908   -0.78814
  -0.35888   -0.34419   -0.34324   -0.34276   -0.31820   -0.31594   -0.31548   -0.31271
   0.11366    0.11723    0.11897    0.12074    0.12875    0.13987    0.14113    0.14440
   0.14876    0.15039    0.15159    0.18360    0.19307    0.21464    0.21669    0.21977
   0.22168    0.22489    0.22704    0.22789    0.23164    0.24136    0.24519    0.25259
   0.46153    0.46963
 kpt#  86, nband= 50, wtk=  0.00926, kpt= -0.1667 -0.3333  0.3333 (reduced coord)
  -1.94304   -1.94281   -1.94280   -1.94274   -0.80172   -0.80130   -0.80112   -0.79734
  -0.79557   -0.79329   -0.79324   -0.79090   -0.79058   -0.78998   -0.78908   -0.78838
  -0.36333   -0.34039   -0.33862   -0.33445   -0.32287   -0.31922   -0.31832   -0.31282
   0.10407    0.10824    0.11352    0.11911    0.12154    0.13435    0.13934    0.14201
   0.15063    0.15202    0.15956    0.17486    0.19908    0.20652    0.21275    0.22120
   0.22333    0.23139    0.23225    0.23589    0.24470    0.24652    0.25202    0.25781
   0.46412    0.47238
 kpt#  87, nband= 50, wtk=  0.00926, kpt=  0.0000 -0.1667  0.3333 (reduced coord)
  -1.94316   -1.94285   -1.94270   -1.94268   -0.80177   -0.80137   -0.80086   -0.79701
  -0.79561   -0.79388   -0.79219   -0.79191   -0.79099   -0.79025   -0.78842   -0.78796
  -0.37470   -0.33991   -0.32826   -0.32705   -0.32430   -0.32390   -0.31935   -0.30983
   0.08670    0.09077    0.10416    0.11379    0.11833    0.13355    0.13701    0.14096
   0.14570    0.14884    0.17071    0.17816    0.20019    0.20574    0.22173    0.22297
   0.22997    0.23458    0.23562    0.23695    0.25945    0.26033    0.26458    0.26586
   0.46204    0.46766
 kpt#  88, nband= 50, wtk=  0.00926, kpt=  0.1667 -0.1667  0.3333 (reduced coord)
  -1.94313   -1.94284   -1.94271   -1.94271   -0.80174   -0.80156   -0.80100   -0.79580
  -0.79569   -0.79497   -0.79188   -0.79178   -0.79151   -0.78995   -0.78848   -0.78797
  -0.37170   -0.34042   -0.32997   -0.32867   -0.32646   -0.32082   -0.31958   -0.31062
   0.09370    0.09543    0.10353    0.11614    0.12027    0.13585    0.13817    0.14396
   0.14519    0.15468    0.16407    0.16555    0.20383    0.21600    0.21924    0.22043
   0.23060    0.23166    0.23499    0.23580    0.25361    0.25659    0.25791    0.26049
   0.46432    0.47024
 kpt#  89, nband= 50, wtk=  0.00926, kpt=  0.3333 -0.1667  0.3333 (reduced coord)
  -1.94304   -1.94281   -1.94280   -1.94274   -0.80171   -0.80130   -0.80116   -0.79737
  -0.79551   -0.79326   -0.79325   -0.79092   -0.79056   -0.78997   -0.78909   -0.78839
  -0.36329   -0.34041   -0.33856   -0.33439   -0.32295   -0.31977   -0.31789   -0.31278
   0.10418    0.10822    0.11338    0.11846    0.12165    0.13491    0.13884    0.14246
   0.15104    0.15201    0.15937    0.17453    0.20043    0.20613    0.21110    0.22148
   0.22472    0.23087    0.23337    0.23637    0.24364    0.24640    0.25129    0.25755
   0.46730    0.47550
 kpt#  90, nband= 50, wtk=  0.00926, kpt=  0.5000 -0.1667  0.3333 (reduced coord)
  -1.94292   -1.94292   -1.94278   -1.94277   -0.80156   -0.80156   -0.79971   -0.79971
  -0.79459   -0.79459   -0.79098   -0.79098   -0.78993   -0.78992   -0.78952   -0.78951
  -0.35123   -0.35123   -0.33843   -0.33842   -0.32020   -0.32020   -0.31561   -0.31561
   0.11457    0.11457    0.11974    0.11974    0.12412    0.12412    0.13983    0.13983
   0.15328    0.15328    0.17279    0.17279    0.20035    0.20036    0.20724    0.20724
   0.22085    0.22085    0.23942    0.23942    0.24080    0.24080    0.25475    0.25476
   0.47089    0.47142
 kpt#  91, nband= 50, wtk=  0.00926, kpt= -0.3333 -0.1667  0.3333 (reduced coord)
  -1.94304   -1.94281   -1.94280   -1.94274   -0.80171   -0.80130   -0.80116   -0.79737
  -0.79551   -0.79326   -0.79325   -0.79092   -0.79056   -0.78997   -0.78909   -0.78839
  -0.36329   -0.34041   -0.33856   -0.33439   -0.32295   -0.31978   -0.31789   -0.31278
   0.10418    0.10822    0.11338    0.11846    0.12165    0.13491    0.13884    0.14246
   0.15104    0.15201    0.15937    0.17453    0.20043    0.20613    0.21110    0.22147
   0.22473    0.23087    0.23337    0.23637    0.24364    0.24640    0.25129    0.25755
   0.46728    0.47560
 kpt#  92, nband= 50, wtk=  0.00926, kpt= -0.1667 -0.1667  0.3333 (reduced coord)
  -1.94313   -1.94284   -1.94271   -1.94271   -0.80173   -0.80156   -0.80100   -0.79580
  -0.79569   -0.79497   -0.79188   -0.79178   -0.79151   -0.78995   -0.78848   -0.78797
  -0.37170   -0.34042   -0.32997   -0.32867   -0.32646   -0.32082   -0.31957   -0.31062
   0.09370    0.09543    0.10353    0.11614    0.12027    0.13585    0.13817    0.14396
   0.14519    0.15468    0.16407    0.16555    0.20383    0.21600    0.21924    0.22043
   0.23061    0.23166    0.23499    0.23580    0.25361    0.25659    0.25791    0.26049
   0.46432    0.47022
 kpt#  93, nband= 50, wtk=  0.00463, kpt=  0.0000  0.0000  0.5000 (reduced coord)
  -1.94303   -1.94303   -1.94267   -1.94267   -0.79919   -0.79919   -0.79915   -0.79915
  -0.79702   -0.79702   -0.79269   -0.79268   -0.78917   -0.78917   -0.78899   -0.78899
  -0.36026   -0.36026   -0.32240   -0.32239   -0.32225   -0.32224   -0.31917   -0.31917
   0.10655    0.10655    0.10710    0.10710    0.12175    0.12175    0.13039    0.13039
   0.15065    0.15065    0.17674    0.17674    0.20166    0.20166    0.20277    0.20277
   0.21917    0.21917    0.24737    0.24737    0.26807    0.26807    0.26938    0.26938
   0.46985    0.46985
 kpt#  94, nband= 50, wtk=  0.00926, kpt=  0.1667  0.0000  0.5000 (reduced coord)
  -1.94301   -1.94300   -1.94269   -1.94269   -0.79951   -0.79951   -0.79845   -0.79844
  -0.79752   -0.79752   -0.79204   -0.79204   -0.78983   -0.78983   -0.78892   -0.78892
  -0.35799   -0.35799   -0.32529   -0.32528   -0.32195   -0.32194   -0.31933   -0.31933
   0.10823    0.10823    0.11381    0.11381    0.12105    0.12105    0.12830    0.12830
   0.15791    0.15791    0.18184    0.18184    0.18922    0.18922    0.19860    0.19861
   0.23034    0.23034    0.23982    0.23982    0.26279    0.26279    0.26388    0.26388
   0.47241    0.47244
 kpt#  95, nband= 50, wtk=  0.00926, kpt=  0.3333  0.0000  0.5000 (reduced coord)
  -1.94294   -1.94294   -1.94276   -1.94276   -0.79978   -0.79978   -0.79858   -0.79858
  -0.79667   -0.79667   -0.79169   -0.79169   -0.79071   -0.79071   -0.78896   -0.78896
  -0.35159   -0.35159   -0.33280   -0.33280   -0.32130   -0.32130   -0.31978   -0.31978
   0.11135    0.11136    0.11803    0.11803    0.12978    0.12979    0.13082    0.13082
   0.16937    0.16937    0.17555    0.17556    0.18969    0.18969    0.19652    0.19652
   0.21708    0.21708    0.23988    0.23988    0.24983    0.24983    0.25768    0.25768
   0.47437    0.47519
 kpt#  96, nband= 50, wtk=  0.00463, kpt=  0.5000  0.0000  0.5000 (reduced coord)
  -1.94285   -1.94285   -1.94285   -1.94284   -0.79948   -0.79948   -0.79947   -0.79947
  -0.79421   -0.79420   -0.79420   -0.79420   -0.78955   -0.78955   -0.78955   -0.78955
  -0.34247   -0.34247   -0.34247   -0.34247   -0.32050   -0.32050   -0.32050   -0.32050
   0.11465    0.11465    0.11465    0.11465    0.13648    0.13648    0.13648    0.13649
   0.17660    0.17660    0.17660    0.17660    0.18727    0.18727    0.18727    0.18727
   0.22224    0.22225    0.22225    0.22225    0.25268    0.25268    0.25269    0.25269
   0.47413    0.47414
 kpt#  97, nband= 50, wtk=  0.00926, kpt=  0.0000  0.1667  0.5000 (reduced coord)
  -1.94301   -1.94300   -1.94269   -1.94269   -0.79944   -0.79944   -0.79851   -0.79851
  -0.79751   -0.79751   -0.79204   -0.79203   -0.78988   -0.78988   -0.78888   -0.78888
  -0.35801   -0.35800   -0.32550   -0.32550   -0.32173   -0.32172   -0.31931   -0.31931
   0.10781    0.10781    0.11427    0.11427    0.12136    0.12136    0.12832    0.12832
   0.15678    0.15678    0.18260    0.18260    0.18891    0.18891    0.19890    0.19890
   0.23026    0.23026    0.23984    0.23984    0.26282    0.26282    0.26403    0.26403
   0.47086    0.47087
 kpt#  98, nband= 50, wtk=  0.00926, kpt=  0.1667  0.1667  0.5000 (reduced coord)
  -1.94298   -1.94298   -1.94271   -1.94271   -0.80078   -0.80075   -0.79886   -0.79762
  -0.79671   -0.79666   -0.79163   -0.79161   -0.79077   -0.78930   -0.78899   -0.78883
  -0.35673   -0.35621   -0.33000   -0.32967   -0.31980   -0.31952   -0.31946   -0.31849
   0.11021    0.11107    0.11913    0.12001    0.12012    0.12244    0.12526    0.13214
   0.15445    0.16843    0.17460    0.17461    0.18560    0.18663    0.20816    0.20883
   0.23036    0.23053    0.23105    0.24098    0.25536    0.25643    0.25699    0.26009
   0.46646    0.48124
 kpt#  99, nband= 50, wtk=  0.00926, kpt=  0.3333  0.1667  0.5000 (reduced coord)
  -1.94293   -1.94293   -1.94277   -1.94277   -0.80180   -0.80123   -0.80058   -0.79904
  -0.79484   -0.79408   -0.79188   -0.79068   -0.79050   -0.79007   -0.78901   -0.78883
  -0.35248   -0.35156   -0.33768   -0.33688   -0.31913   -0.31861   -0.31758   -0.31749
   0.11407    0.11676    0.12009    0.12014    0.12922    0.12993    0.13297    0.13849
   0.15753    0.16122    0.16577    0.18260    0.19536    0.19600    0.20256    0.20833
   0.21231    0.22610    0.23487    0.23534    0.24136    0.24669    0.24682    0.25560
   0.46679    0.47843
 kpt# 100, nband= 50, wtk=  0.00926, kpt=  0.5000  0.1667  0.5000 (reduced coord)
  -1.94285   -1.94285   -1.94284   -1.94284   -0.80172   -0.80172   -0.80053   -0.80053
  -0.79328   -0.79328   -0.79172   -0.79172   -0.78966   -0.78965   -0.78936   -0.78935
  -0.34575   -0.34575   -0.34471   -0.34470   -0.31861   -0.31861   -0.31702   -0.31702
   0.11754    0.11754    0.11999    0.11999    0.13362    0.13362    0.13860    0.13861
   0.16562    0.16562    0.17252    0.17252    0.19768    0.19768    0.20270    0.20271
   0.21846    0.21846    0.21970    0.21970    0.24338    0.24338    0.25177    0.25178
   0.47052    0.47301
 kpt# 101, nband= 50, wtk=  0.00926, kpt= -0.3333  0.1667  0.5000 (reduced coord)
  -1.94293   -1.94293   -1.94277   -1.94277   -0.80180   -0.80123   -0.80058   -0.79904
  -0.79484   -0.79408   -0.79188   -0.79068   -0.79050   -0.79007   -0.78901   -0.78883
  -0.35248   -0.35156   -0.33768   -0.33688   -0.31913   -0.31861   -0.31758   -0.31749
   0.11407    0.11676    0.12009    0.12014    0.12922    0.12993    0.13297    0.13849
   0.15753    0.16122    0.16577    0.18260    0.19536    0.19600    0.20256    0.20833
   0.21231    0.22610    0.23487    0.23534    0.24136    0.24669    0.24682    0.25560
   0.46678    0.47823
 kpt# 102, nband= 50, wtk=  0.00926, kpt= -0.1667  0.1667  0.5000 (reduced coord)
  -1.94298   -1.94298   -1.94271   -1.94271   -0.80078   -0.80075   -0.79886   -0.79762
  -0.79671   -0.79666   -0.79163   -0.79161   -0.79077   -0.78930   -0.78899   -0.78883
  -0.35673   -0.35621   -0.33000   -0.32967   -0.31980   -0.31952   -0.31946   -0.31849
   0.11021    0.11107    0.11913    0.12001    0.12012    0.12244    0.12526    0.13214
   0.15445    0.16843    0.17460    0.17461    0.18560    0.18663    0.20816    0.20883
   0.23036    0.23053    0.23105    0.24098    0.25536    0.25643    0.25699    0.26009
   0.46646    0.48227
 kpt# 103, nband= 50, wtk=  0.00926, kpt=  0.0000  0.3333  0.5000 (reduced coord)
  -1.94294   -1.94294   -1.94276   -1.94276   -0.79972   -0.79972   -0.79855   -0.79855
  -0.79674   -0.79673   -0.79175   -0.79175   -0.79070   -0.79070   -0.78893   -0.78893
  -0.35165   -0.35165   -0.33299   -0.33298   -0.32110   -0.32110   -0.31971   -0.31970
   0.11112    0.11112    0.11851    0.11851    0.13011    0.13012    0.13071    0.13071
   0.16731    0.16731    0.17555    0.17555    0.18928    0.18928    0.19832    0.19832
   0.21691    0.21691    0.24022    0.24023    0.24980    0.24981    0.25797    0.25797
   0.47156    0.47221
 kpt# 104, nband= 50, wtk=  0.00926, kpt=  0.1667  0.3333  0.5000 (reduced coord)
  -1.94293   -1.94293   -1.94277   -1.94277   -0.80181   -0.80119   -0.80057   -0.79901
  -0.79492   -0.79405   -0.79193   -0.79069   -0.79047   -0.79010   -0.78898   -0.78880
  -0.35249   -0.35163   -0.33753   -0.33719   -0.31904   -0.31826   -0.31775   -0.31749
   0.11352    0.11719    0.12039    0.12041    0.12888    0.12985    0.13305    0.13937
   0.15719    0.16031    0.16568    0.17935    0.19661    0.19890    0.20302    0.20692
   0.21182    0.22582    0.23517    0.23585    0.24239    0.24590    0.24691    0.25601
   0.46379    0.47522
 kpt# 105, nband= 50, wtk=  0.00926, kpt=  0.3333  0.3333  0.5000 (reduced coord)
  -1.94289   -1.94289   -1.94280   -1.94280   -0.80316   -0.80314   -0.80270   -0.80125
  -0.79179   -0.79172   -0.79122   -0.79013   -0.79007   -0.78957   -0.78871   -0.78862
  -0.35254   -0.35148   -0.34440   -0.34422   -0.31638   -0.31461   -0.31443   -0.31439
   0.12251    0.12316    0.12396    0.12399    0.13177    0.13506    0.13771    0.13840
   0.15592    0.15602    0.16201    0.18798    0.19578    0.19622    0.21536    0.21595
   0.21883    0.22225    0.22432    0.22779    0.23146    0.23504    0.23658    0.24783
   0.46144    0.47074
 kpt# 106, nband= 50, wtk=  0.00926, kpt=  0.5000  0.3333  0.5000 (reduced coord)
  -1.94285   -1.94285   -1.94284   -1.94284   -0.80370   -0.80369   -0.80293   -0.80293
  -0.79111   -0.79111   -0.78998   -0.78998   -0.78926   -0.78926   -0.78896   -0.78895
  -0.34997   -0.34997   -0.34922   -0.34922   -0.31429   -0.31429   -0.31300   -0.31300
   0.12553    0.12553    0.12865    0.12865    0.13254    0.13254    0.13607    0.13607
   0.16402    0.16402    0.17245    0.17245    0.20417    0.20417    0.20439    0.20440
   0.21953    0.21953    0.22353    0.22353    0.22811    0.22811    0.24380    0.24380
   0.46539    0.46546
 kpt# 107, nband= 50, wtk=  0.00926, kpt= -0.3333  0.3333  0.5000 (reduced coord)
  -1.94289   -1.94289   -1.94280   -1.94280   -0.80316   -0.80314   -0.80270   -0.80125
  -0.79179   -0.79172   -0.79122   -0.79013   -0.79007   -0.78957   -0.78871   -0.78862
  -0.35254   -0.35148   -0.34440   -0.34422   -0.31638   -0.31461   -0.31443   -0.31439
   0.12251    0.12316    0.12396    0.12399    0.13177    0.13506    0.13771    0.13840
   0.15592    0.15602    0.16201    0.18798    0.19578    0.19622    0.21536    0.21595
   0.21883    0.22225    0.22432    0.22779    0.23146    0.23504    0.23658    0.24783
   0.46144    0.47083
 kpt# 108, nband= 50, wtk=  0.00926, kpt= -0.1667  0.3333  0.5000 (reduced coord)
  -1.94293   -1.94293   -1.94277   -1.94277   -0.80181   -0.80119   -0.80057   -0.79901
  -0.79492   -0.79405   -0.79193   -0.79069   -0.79047   -0.79010   -0.78898   -0.78880
  -0.35249   -0.35163   -0.33753   -0.33719   -0.31904   -0.31826   -0.31775   -0.31749
   0.11352    0.11719    0.12039    0.12041    0.12888    0.12985    0.13305    0.13937
   0.15719    0.16031    0.16568    0.17935    0.19661    0.19890    0.20302    0.20692
   0.21182    0.22582    0.23517    0.23585    0.24239    0.24590    0.24691    0.25601
   0.46379    0.47516
 kpt# 109, nband= 50, wtk=  0.00463, kpt=  0.0000  0.5000  0.5000 (reduced coord)
  -1.94285   -1.94285   -1.94285   -1.94284   -0.79943   -0.79943   -0.79943   -0.79943
  -0.79427   -0.79427   -0.79426   -0.79426   -0.78953   -0.78953   -0.78953   -0.78953
  -0.34259   -0.34259   -0.34259   -0.34259   -0.32036   -0.32036   -0.32036   -0.32036
   0.11478    0.11478    0.11478    0.11478    0.13648    0.13648    0.13648    0.13648
   0.17530    0.17530    0.17530    0.17530    0.18784    0.18784    0.18784    0.18784
   0.22280    0.22280    0.22280    0.22280    0.25288    0.25288    0.25288    0.25288
   0.47219    0.47219
 kpt# 110, nband= 50, wtk=  0.00926, kpt=  0.1667  0.5000  0.5000 (reduced coord)
  -1.94285   -1.94285   -1.94284   -1.94284   -0.80172   -0.80172   -0.80049   -0.80049
  -0.79335   -0.79335   -0.79173   -0.79173   -0.78965   -0.78965   -0.78933   -0.78933
  -0.34571   -0.34571   -0.34490   -0.34490   -0.31839   -0.31839   -0.31706   -0.31706
   0.11748    0.11748    0.12020    0.12020    0.13368    0.13368    0.13874    0.13874
   0.16502    0.16502    0.17208    0.17209    0.19630    0.19630    0.20348    0.20348
   0.21787    0.21787    0.22145    0.22145    0.24349    0.24350    0.25204    0.25205
   0.46645    0.46648
 kpt# 111, nband= 50, wtk=  0.00926, kpt=  0.3333  0.5000  0.5000 (reduced coord)
  -1.94285   -1.94285   -1.94284   -1.94284   -0.80370   -0.80370   -0.80292   -0.80292
  -0.79115   -0.79115   -0.78993   -0.78993   -0.78930   -0.78930   -0.78893   -0.78893
  -0.34990   -0.34990   -0.34933   -0.34933   -0.31416   -0.31416   -0.31308   -0.31308
   0.12528    0.12528    0.12859    0.12859    0.13282    0.13282    0.13631    0.13631
   0.16375    0.16375    0.17240    0.17240    0.20281    0.20281    0.20503    0.20504
   0.21906    0.21907    0.22434    0.22434    0.22878    0.22879    0.24373    0.24373
   0.46213    0.46213
 kpt# 112, nband= 50, wtk=  0.00463, kpt=  0.5000  0.5000  0.5000 (reduced coord)
  -1.94285   -1.94285   -1.94284   -1.94284   -0.80416   -0.80416   -0.80416   -0.80416
  -0.79019   -0.79018   -0.79018   -0.79018   -0.78855   -0.78855   -0.78854   -0.78854
  -0.35145   -0.35145   -0.35145   -0.35144   -0.31192   -0.31192   -0.31191   -0.31191
   0.12883    0.12883    0.12883    0.12883    0.13615    0.13615    0.13616    0.13616
   0.17051    0.17051    0.17052    0.17052    0.19960    0.19960    0.19960    0.19960
   0.22053    0.22054    0.22054    0.22054    0.23568    0.23568    0.23568    0.23568
   0.46427    0.46428
