 Fermi (or HOMO) energy (hartree) =   0.28605   Average Vxc (hartree)=  -0.44597
 Eigenvalues (hartree) for nkpt= 112  k points:
 kpt#   1, nband= 50, wtk=  0.00463, kpt=  0.0000  0.0000  0.0000 (reduced coord)
  -1.94349   -1.94262   -1.94231   -1.94168   -0.80726   -0.80645   -0.80608   -0.79560
  -0.79372   -0.79358   -0.79328   -0.79290   -0.79199   -0.78829   -0.78786   -0.78742
  -0.39804   -0.34452   -0.34418   -0.33727   -0.31539   -0.31168   -0.31016   -0.30436
   0.06479    0.06524    0.07557    0.09634    0.10395    0.10610    0.15854    0.16025
   0.16324    0.16466    0.17407    0.18558    0.19137    0.20285    0.21667    0.21855
   0.22910    0.23078    0.23337    0.23608    0.25217    0.26459    0.28457    0.28605
   0.45538    0.45999
 kpt#   2, nband= 50, wtk=  0.00926, kpt=  0.1667  0.0000  0.0000 (reduced coord)
  -1.94347   -1.94261   -1.94233   -1.94168   -0.80646   -0.80555   -0.80522   -0.79563
  -0.79446   -0.79435   -0.79301   -0.79276   -0.79197   -0.78916   -0.78856   -0.78779
  -0.39360   -0.34342   -0.34320   -0.33607   -0.31764   -0.31657   -0.31053   -0.30542
   0.06839    0.07406    0.07448    0.09828    0.10102    0.12206    0.14944    0.15088
   0.15523    0.16534    0.17200    0.18242    0.18661    0.20810    0.21348    0.21936
   0.23008    0.23357    0.23799    0.24126    0.24967    0.25429    0.28331    0.28434
   0.45830    0.46582
 kpt#   3, nband= 50, wtk=  0.00926, kpt=  0.3333  0.0000  0.0000 (reduced coord)
  -1.94342   -1.94258   -1.94239   -1.94169   -0.80435   -0.80368   -0.80233   -0.79723
  -0.79633   -0.79473   -0.79323   -0.79262   -0.79213   -0.79125   -0.78925   -0.78873
  -0.38204   -0.34265   -0.34020   -0.33333   -0.33036   -0.31950   -0.31220   -0.30781
   0.07620    0.07782    0.09787    0.10486    0.10555    0.12298    0.13517    0.13532
   0.15655    0.15952    0.16711    0.17530    0.19141    0.19791    0.20514    0.21909
   0.23005    0.23594    0.23766    0.24388    0.24599    0.25683    0.28036    0.28281
   0.45663    0.45895
 kpt#   4, nband= 50, wtk=  0.00463, kpt=  0.5000  0.0000  0.0000 (reduced coord)
  -1.94340   -1.94255   -1.94243   -1.94170   -0.80249   -0.80225   -0.79917   -0.79913
  -0.79761   -0.79662   -0.79463   -0.79252   -0.79189   -0.79071   -0.78984   -0.78949
  -0.37273   -0.34653   -0.33830   -0.33583   -0.33172   -0.32134   -0.31321   -0.30921
   0.08259    0.08357    0.10746    0.10851    0.10992    0.12334    0.12628    0.12697
   0.14990    0.16146    0.16958    0.17983    0.18007    0.18588    0.20556    0.22477
   0.22607    0.22802    0.24025    0.24487    0.24996    0.25879    0.27815    0.28348
   0.45432    0.45441
 kpt#   5, nband= 50, wtk=  0.00926, kpt=  0.0000  0.1667  0.0000 (reduced coord)
  -1.94346   -1.94261   -1.94233   -1.94169   -0.80621   -0.80563   -0.80545   -0.79654
  -0.79380   -0.79362   -0.79345   -0.79307   -0.79160   -0.78884   -0.78853   -0.78815
  -0.39350   -0.34440   -0.34318   -0.33718   -0.31940   -0.31327   -0.31024   -0.30524
   0.07027    0.07238    0.07460    0.09744    0.10827    0.11659    0.14833    0.15520
   0.15812    0.16605    0.16683    0.18649    0.18750    0.20254    0.21794    0.21843
   0.22637    0.23211    0.23358    0.23907    0.24439    0.26244    0.28295    0.28433
   0.45516    0.46171
 kpt#   6, nband= 50, wtk=  0.00926, kpt=  0.1667  0.1667  0.0000 (reduced coord)
  -1.94344   -1.94260   -1.94235   -1.94169   -0.80564   -0.80499   -0.80458   -0.79668
  -0.79470   -0.79428   -0.79296   -0.79278   -0.79153   -0.79036   -0.78893   -0.78784
  -0.38947   -0.34372   -0.34238   -0.33606   -0.32027   -0.31890   -0.31039   -0.30605
   0.07198    0.07880    0.07911    0.09922    0.10537    0.12756    0.14244    0.15131
   0.15648    0.15745    0.17158    0.18067    0.18444    0.20470    0.21408    0.21523
   0.22997    0.23413    0.23499    0.24409    0.24574    0.25003    0.28207    0.28264
   0.45485    0.46457
 kpt#   7, nband= 50, wtk=  0.00926, kpt=  0.3333  0.1667  0.0000 (reduced coord)
  -1.94341   -1.94257   -1.94240   -1.94171   -0.80413   -0.80314   -0.80226   -0.79823
  -0.79609   -0.79450   -0.79438   -0.79279   -0.79152   -0.79088   -0.78967   -0.78845
  -0.37900   -0.34212   -0.34159   -0.33361   -0.33055   -0.32204   -0.31190   -0.30797
   0.07765    0.08487    0.10023    0.10632    0.10821    0.12521    0.13175    0.13819
   0.15761    0.16048    0.16667    0.17636    0.18706    0.19693    0.20454    0.21288
   0.22823    0.23318    0.23573    0.24020    0.24836    0.25062    0.27856    0.28205
   0.45218    0.46119
 kpt#   8, nband= 50, wtk=  0.00926, kpt=  0.5000  0.1667  0.0000 (reduced coord)
  -1.94339   -1.94255   -1.94244   -1.94171   -0.80281   -0.80167   -0.79972   -0.79963
  -0.79759   -0.79731   -0.79383   -0.79288   -0.79140   -0.79012   -0.79005   -0.78937
  -0.37068   -0.34511   -0.34111   -0.33549   -0.33217   -0.32296   -0.31286   -0.30913
   0.08508    0.08809    0.10661    0.11111    0.11245    0.12279    0.12702    0.13300
   0.15291    0.16207    0.16980    0.17584    0.18260    0.18362    0.20581    0.21754
   0.22517    0.22640    0.23417    0.24196    0.25044    0.25297    0.27631    0.28255
   0.45224    0.45806
 kpt#   9, nband= 50, wtk=  0.00926, kpt= -0.3333  0.1667  0.0000 (reduced coord)
  -1.94341   -1.94257   -1.94240   -1.94171   -0.80405   -0.80309   -0.80230   -0.79835
  -0.79608   -0.79440   -0.79436   -0.79273   -0.79163   -0.79107   -0.78966   -0.78832
  -0.37894   -0.34221   -0.34166   -0.33342   -0.33053   -0.32204   -0.31193   -0.30805
   0.07738    0.08536    0.10029    0.10619    0.10877    0.12460    0.13171    0.13754
   0.15772    0.16025    0.16633    0.17645    0.18729    0.19728    0.20518    0.21294
   0.22874    0.23317    0.23563    0.24046    0.24828    0.24959    0.27864    0.28202
   0.45434    0.46205
 kpt#  10, nband= 50, wtk=  0.00926, kpt= -0.1667  0.1667  0.0000 (reduced coord)
  -1.94344   -1.94260   -1.94235   -1.94169   -0.80559   -0.80485   -0.80471   -0.79682
  -0.79459   -0.79420   -0.79301   -0.79276   -0.79149   -0.79062   -0.78894   -0.78771
  -0.38943   -0.34382   -0.34241   -0.33590   -0.32025   -0.31882   -0.31048   -0.30613
   0.07164    0.07908    0.07937    0.09910    0.10589    0.12687    0.14226    0.15095
   0.15630    0.15734    0.17190    0.18049    0.18463    0.20492    0.21457    0.21554
   0.22932    0.23486    0.23589    0.24440    0.24548    0.24851    0.28207    0.28269
   0.45620    0.46512
 kpt#  11, nband= 50, wtk=  0.00926, kpt=  0.0000  0.3333  0.0000 (reduced coord)
  -1.94340   -1.94259   -1.94239   -1.94171   -0.80387   -0.80358   -0.80316   -0.79878
  -0.79580   -0.79355   -0.79326   -0.79312   -0.79118   -0.79100   -0.78950   -0.78899
  -0.38095   -0.34894   -0.34077   -0.33727   -0.32496   -0.31752   -0.31019   -0.30734
   0.07372    0.08487    0.09834    0.10051    0.11502    0.13136    0.13624    0.14005
   0.14010    0.15959    0.17270    0.17839    0.19207    0.19243    0.20605    0.21032
   0.21777    0.22384    0.23866    0.24384    0.25291    0.26227    0.27986    0.28122
   0.45159    0.45964
 kpt#  12, nband= 50, wtk=  0.00926, kpt=  0.1667  0.3333  0.0000 (reduced coord)
  -1.94339   -1.94258   -1.94240   -1.94172   -0.80380   -0.80331   -0.80261   -0.79866
  -0.79643   -0.79500   -0.79289   -0.79252   -0.79161   -0.79082   -0.78980   -0.78854
  -0.37805   -0.34879   -0.34002   -0.33631   -0.32571   -0.32193   -0.31016   -0.30772
   0.07609    0.09250    0.09902    0.10190    0.11362    0.12882    0.13704    0.14197
   0.14315    0.16153    0.17302    0.18008    0.18532    0.18988    0.19829    0.21416
   0.21678    0.22858    0.23697    0.24276    0.25210    0.25309    0.27935    0.28032
   0.44886    0.45773
 kpt#  13, nband= 50, wtk=  0.00926, kpt=  0.3333  0.3333  0.0000 (reduced coord)
  -1.94337   -1.94255   -1.94243   -1.94174   -0.80337   -0.80261   -0.80093   -0.79968
  -0.79743   -0.79570   -0.79461   -0.79216   -0.79096   -0.79056   -0.78990   -0.78841
  -0.37058   -0.34839   -0.33915   -0.33453   -0.33075   -0.32681   -0.31116   -0.30874
   0.08380    0.10077    0.10175    0.11179    0.11666    0.12378    0.13262    0.14230
   0.14770    0.16119    0.17417    0.17809    0.18633    0.18797    0.19624    0.20522
   0.21812    0.22489    0.23486    0.23766    0.24400    0.24970    0.27641    0.27978
   0.44540    0.45543
 kpt#  14, nband= 50, wtk=  0.00926, kpt=  0.5000  0.3333  0.0000 (reduced coord)
  -1.94335   -1.94254   -1.94245   -1.94174   -0.80310   -0.80112   -0.80067   -0.80026
  -0.79859   -0.79613   -0.79466   -0.79280   -0.79094   -0.78987   -0.78942   -0.78891
  -0.36499   -0.34814   -0.34133   -0.33461   -0.33333   -0.32711   -0.31191   -0.30940
   0.09107    0.09933    0.10438    0.11567    0.11898    0.12412    0.13224    0.14351
   0.15259    0.16029    0.16492    0.17481    0.18158    0.19159    0.20293    0.20838
   0.21227    0.22339    0.22982    0.23140    0.24356    0.24923    0.27457    0.27951
   0.44785    0.45096
 kpt#  15, nband= 50, wtk=  0.00926, kpt= -0.3333  0.3333  0.0000 (reduced coord)
  -1.94337   -1.94256   -1.94243   -1.94174   -0.80324   -0.80260   -0.80092   -0.79988
  -0.79735   -0.79567   -0.79464   -0.79211   -0.79093   -0.79070   -0.79004   -0.78825
  -0.37048   -0.34848   -0.33926   -0.33436   -0.33072   -0.32682   -0.31119   -0.30881
   0.08393    0.10100    0.10163    0.11180    0.11744    0.12371    0.13177    0.14156
   0.14720    0.16066    0.17447    0.17787    0.18709    0.18821    0.19721    0.20623
   0.21795    0.22444    0.23493    0.23730    0.24355    0.24952    0.27650    0.27976
   0.44722    0.45558
 kpt#  16, nband= 50, wtk=  0.00926, kpt= -0.1667  0.3333  0.0000 (reduced coord)
  -1.94339   -1.94258   -1.94240   -1.94172   -0.80375   -0.80322   -0.80262   -0.79892
  -0.79632   -0.79479   -0.79290   -0.79252   -0.79195   -0.79068   -0.78994   -0.78837
  -0.37798   -0.34887   -0.34008   -0.33619   -0.32567   -0.32188   -0.31023   -0.30779
   0.07617    0.09245    0.09900    0.10215    0.11426    0.12849    0.13608    0.14146
   0.14295    0.16181    0.17253    0.17990    0.18526    0.19136    0.19897    0.21406
   0.21727    0.22797    0.23738    0.24228    0.25189    0.25283    0.27941    0.28033
   0.45022    0.45757
 kpt#  17, nband= 50, wtk=  0.00463, kpt=  0.0000  0.5000  0.0000 (reduced coord)
  -1.94337   -1.94257   -1.94242   -1.94172   -0.80156   -0.80146   -0.80123   -0.80117
  -0.79692   -0.79626   -0.79311   -0.79304   -0.79091   -0.79058   -0.79024   -0.78977
  -0.36412   -0.36362   -0.33869   -0.33813   -0.32286   -0.32261   -0.30964   -0.30901
   0.08260    0.08433    0.11272    0.11359    0.12448    0.12600    0.13095    0.13371
   0.13928    0.13941    0.17955    0.18016    0.18156    0.18295    0.20842    0.20893
   0.21270    0.21577    0.24171    0.24401    0.26096    0.26137    0.27854    0.27983
   0.44992    0.45174
 kpt#  18, nband= 50, wtk=  0.00926, kpt=  0.1667  0.5000  0.0000 (reduced coord)
  -1.94336   -1.94256   -1.94243   -1.94173   -0.80235   -0.80208   -0.80024   -0.79995
  -0.79802   -0.79741   -0.79235   -0.79225   -0.79147   -0.79101   -0.78982   -0.78935
  -0.36275   -0.36220   -0.33794   -0.33732   -0.32538   -0.32502   -0.30976   -0.30902
   0.08606    0.08779    0.11283    0.11345    0.12288    0.12494    0.13044    0.13209
   0.14834    0.14905    0.17508    0.17734    0.18233    0.18337    0.20102    0.20272
   0.21822    0.22076    0.23971    0.24149    0.25541    0.25571    0.27815    0.27919
   0.44794    0.44889
 kpt#  19, nband= 50, wtk=  0.00926, kpt=  0.3333  0.5000  0.0000 (reduced coord)
  -1.94335   -1.94255   -1.94245   -1.94175   -0.80281   -0.80234   -0.80000   -0.79948
  -0.79842   -0.79798   -0.79328   -0.79283   -0.79076   -0.79048   -0.78926   -0.78884
  -0.35941   -0.35874   -0.33687   -0.33595   -0.33027   -0.32952   -0.31045   -0.30957
   0.09350    0.09495    0.11133    0.11239    0.12607    0.12656    0.13394    0.13444
   0.15645    0.15713    0.16944    0.17170    0.18257    0.18437    0.20442    0.20695
   0.21064    0.21233    0.23574    0.23687    0.24562    0.24661    0.27647    0.27747
   0.44454    0.44644
 kpt#  20, nband= 50, wtk=  0.00463, kpt=  0.5000  0.5000  0.0000 (reduced coord)
  -1.94334   -1.94254   -1.94246   -1.94176   -0.80283   -0.80222   -0.80083   -0.80034
  -0.79722   -0.79682   -0.79449   -0.79398   -0.79014   -0.78984   -0.78916   -0.78870
  -0.35723   -0.35650   -0.33747   -0.33594   -0.33239   -0.33091   -0.31100   -0.31008
   0.09874    0.09954    0.10745    0.10887    0.13289    0.13410    0.13591    0.13673
   0.15008    0.15269    0.16890    0.16939    0.19010    0.19143    0.20095    0.20211
   0.21438    0.21608    0.22401    0.22528    0.24420    0.24537    0.27520    0.27659
   0.44724    0.45018
 kpt#  21, nband= 50, wtk=  0.00926, kpt=  0.0000  0.0000  0.1667 (reduced coord)
  -1.94346   -1.94263   -1.94231   -1.94169   -0.80647   -0.80563   -0.80511   -0.79592
  -0.79497   -0.79364   -0.79329   -0.79257   -0.79204   -0.78939   -0.78811   -0.78776
  -0.39355   -0.34434   -0.34269   -0.33646   -0.31595   -0.31548   -0.31307   -0.30544
   0.06912    0.06968    0.08527    0.09491    0.10860    0.11221    0.14868    0.15227
   0.16023    0.16784    0.17401    0.18652    0.18981    0.20025    0.21234    0.21410
   0.22315    0.23337    0.23651    0.24148    0.25329    0.26393    0.27252    0.27956
   0.45700    0.46050
 kpt#  22, nband= 50, wtk=  0.00926, kpt=  0.1667  0.0000  0.1667 (reduced coord)
  -1.94344   -1.94262   -1.94233   -1.94169   -0.80583   -0.80496   -0.80430   -0.79603
  -0.79574   -0.79362   -0.79336   -0.79262   -0.79201   -0.79044   -0.78834   -0.78800
  -0.38953   -0.34476   -0.34088   -0.33541   -0.31981   -0.31707   -0.31416   -0.30609
   0.07182    0.07657    0.08512    0.09703    0.10710    0.12445    0.14385    0.14976
   0.15546    0.16124    0.17238    0.18083    0.18832    0.20261    0.21392    0.21668
   0.22348    0.23267    0.23391    0.24593    0.25222    0.25450    0.27357    0.27823
   0.45660    0.46641
 kpt#  23, nband= 50, wtk=  0.00926, kpt=  0.3333  0.0000  0.1667 (reduced coord)
  -1.94341   -1.94259   -1.94239   -1.94170   -0.80426   -0.80312   -0.80213   -0.79781
  -0.79665   -0.79476   -0.79368   -0.79260   -0.79175   -0.79126   -0.78928   -0.78871
  -0.37911   -0.34443   -0.33877   -0.33429   -0.33031   -0.31895   -0.31503   -0.30808
   0.07893    0.08214    0.10254    0.10531    0.10896    0.12410    0.13521    0.14096
   0.15334    0.15605    0.16766    0.17752    0.19077    0.19446    0.20311    0.22122
   0.22511    0.22867    0.23819    0.24236    0.24673    0.25780    0.27068    0.27820
   0.45211    0.45528
 kpt#  24, nband= 50, wtk=  0.00926, kpt=  0.5000  0.0000  0.1667 (reduced coord)
  -1.94339   -1.94256   -1.94243   -1.94171   -0.80286   -0.80203   -0.79996   -0.79824
  -0.79814   -0.79752   -0.79352   -0.79240   -0.79139   -0.79086   -0.79016   -0.78934
  -0.37091   -0.34589   -0.33961   -0.33801   -0.33056   -0.31959   -0.31563   -0.30939
   0.08416    0.08626    0.10749    0.11127    0.11301    0.12730    0.13118    0.13168
   0.14723    0.16059    0.16592    0.17777    0.18247    0.18302    0.20744    0.22414
   0.22584    0.22827    0.23310    0.24349    0.24659    0.25965    0.26800    0.27882
   0.44813    0.45116
 kpt#  25, nband= 50, wtk=  0.00926, kpt= -0.3333  0.0000  0.1667 (reduced coord)
  -1.94341   -1.94259   -1.94239   -1.94170   -0.80430   -0.80307   -0.80216   -0.79779
  -0.79661   -0.79475   -0.79369   -0.79260   -0.79198   -0.79103   -0.78922   -0.78882
  -0.37911   -0.34443   -0.33878   -0.33428   -0.33031   -0.31894   -0.31504   -0.30809
   0.07898    0.08205    0.10253    0.10530    0.10895    0.12421    0.13523    0.14089
   0.15328    0.15611    0.16767    0.17751    0.19080    0.19441    0.20315    0.22127
   0.22506    0.22863    0.23819    0.24254    0.24662    0.25778    0.27066    0.27822
   0.45185    0.45538
 kpt#  26, nband= 50, wtk=  0.00926, kpt= -0.1667  0.0000  0.1667 (reduced coord)
  -1.94344   -1.94262   -1.94233   -1.94169   -0.80589   -0.80487   -0.80436   -0.79597
  -0.79574   -0.79368   -0.79338   -0.79255   -0.79209   -0.79037   -0.78826   -0.78813
  -0.38953   -0.34477   -0.34087   -0.33542   -0.31978   -0.31708   -0.31414   -0.30610
   0.07183    0.07655    0.08512    0.09698    0.10707    0.12450    0.14389    0.14976
   0.15548    0.16123    0.17236    0.18090    0.18831    0.20255    0.21396    0.21667
   0.22338    0.23271    0.23396    0.24601    0.25192    0.25470    0.27358    0.27824
   0.45642    0.46605
 kpt#  27, nband= 50, wtk=  0.00926, kpt=  0.0000  0.1667  0.1667 (reduced coord)
  -1.94344   -1.94262   -1.94233   -1.94170   -0.80549   -0.80495   -0.80466   -0.79714
  -0.79475   -0.79375   -0.79300   -0.79285   -0.79165   -0.79068   -0.78847   -0.78785
  -0.38937   -0.34394   -0.34286   -0.33648   -0.31968   -0.31533   -0.31420   -0.30585
   0.07380    0.07837    0.08174    0.09946    0.11041    0.11968    0.14664    0.14845
   0.15942    0.16003    0.16931    0.18400    0.18928    0.19962    0.21675    0.21768
   0.22063    0.22992    0.23233    0.24261    0.24444    0.26169    0.27290    0.27806
   0.45610    0.46279
 kpt#  28, nband= 50, wtk=  0.00926, kpt=  0.1667  0.1667  0.1667 (reduced coord)
  -1.94342   -1.94261   -1.94235   -1.94170   -0.80537   -0.80438   -0.80387   -0.79696
  -0.79563   -0.79403   -0.79337   -0.79240   -0.79168   -0.79136   -0.78844   -0.78804
  -0.38580   -0.34498   -0.34122   -0.33592   -0.32030   -0.31989   -0.31412   -0.30608
   0.07693    0.08187    0.08613    0.10097    0.10902    0.12748    0.14284    0.14724
   0.15516    0.15911    0.16815    0.17483    0.19156    0.20373    0.21303    0.21527
   0.22426    0.22946    0.23470    0.24087    0.24645    0.25219    0.27303    0.27751
   0.45359    0.46441
 kpt#  29, nband= 50, wtk=  0.00926, kpt=  0.3333  0.1667  0.1667 (reduced coord)
  -1.94339   -1.94258   -1.94240   -1.94172   -0.80449   -0.80292   -0.80240   -0.79781
  -0.79631   -0.79615   -0.79356   -0.79214   -0.79144   -0.79109   -0.78906   -0.78869
  -0.37655   -0.34500   -0.34092   -0.33690   -0.32793   -0.32027   -0.31431   -0.30758
   0.08215    0.08694    0.10369    0.10890    0.11005    0.12561    0.13603    0.14101
   0.15330    0.15689    0.16317    0.17748    0.18899    0.19722    0.20528    0.21633
   0.22365    0.22783    0.23656    0.23880    0.24342    0.25165    0.26987    0.27769
   0.44706    0.45612
 kpt#  30, nband= 50, wtk=  0.00926, kpt=  0.5000  0.1667  0.1667 (reduced coord)
  -1.94338   -1.94255   -1.94244   -1.94172   -0.80328   -0.80296   -0.80023   -0.79919
  -0.79758   -0.79723   -0.79303   -0.79211   -0.79103   -0.79038   -0.79002   -0.78931
  -0.36933   -0.34609   -0.34152   -0.34100   -0.32891   -0.31980   -0.31455   -0.30881
   0.08786    0.08930    0.10977    0.11081    0.11371    0.12825    0.13339    0.13650
   0.14878    0.15659    0.16867    0.17012    0.18476    0.18773    0.20802    0.22083
   0.22246    0.22852    0.23075    0.23808    0.24308    0.25454    0.26784    0.27774
   0.44542    0.44891
 kpt#  31, nband= 50, wtk=  0.00926, kpt= -0.3333  0.1667  0.1667 (reduced coord)
  -1.94339   -1.94258   -1.94240   -1.94172   -0.80428   -0.80313   -0.80248   -0.79746
  -0.79662   -0.79600   -0.79371   -0.79210   -0.79168   -0.79090   -0.78915   -0.78858
  -0.37649   -0.34516   -0.34074   -0.33696   -0.32782   -0.32026   -0.31431   -0.30772
   0.08183    0.08730    0.10387    0.10880    0.11063    0.12511    0.13588    0.14030
   0.15305    0.15726    0.16273    0.17789    0.18923    0.19742    0.20562    0.21644
   0.22423    0.22724    0.23612    0.23931    0.24366    0.25105    0.26970    0.27783
   0.44871    0.45521
 kpt#  32, nband= 50, wtk=  0.00926, kpt= -0.1667  0.1667  0.1667 (reduced coord)
  -1.94342   -1.94261   -1.94235   -1.94170   -0.80522   -0.80435   -0.80405   -0.79695
  -0.79541   -0.79399   -0.79363   -0.79236   -0.79202   -0.79107   -0.78854   -0.78793
  -0.38576   -0.34517   -0.34107   -0.33584   -0.32031   -0.31980   -0.31417   -0.30620
   0.07668    0.08198    0.08636    0.10126    0.10906    0.12708    0.14214    0.14725
   0.15501    0.15902    0.16862    0.17501    0.19161    0.20350    0.21313    0.21600
   0.22359    0.22993    0.23503    0.24146    0.24551    0.25202    0.27290    0.27764
   0.45460    0.46445
 kpt#  33, nband= 50, wtk=  0.00926, kpt=  0.0000  0.3333  0.1667 (reduced coord)
  -1.94339   -1.94259   -1.94239   -1.94172   -0.80351   -0.80317   -0.80269   -0.79937
  -0.79573   -0.79428   -0.79387   -0.79275   -0.79157   -0.79088   -0.78938   -0.78878
  -0.37776   -0.34771   -0.34212   -0.33744   -0.32453   -0.31775   -0.31387   -0.30792
   0.08148    0.08880    0.10225    0.10303    0.11561    0.12599    0.13826    0.13850
   0.14623    0.16400    0.16520    0.17994    0.19035    0.19170    0.20671    0.21033
   0.22005    0.22283    0.22906    0.23636    0.25191    0.26161    0.27251    0.27507
   0.45295    0.46186
 kpt#  34, nband= 50, wtk=  0.00926, kpt=  0.1667  0.3333  0.1667 (reduced coord)
  -1.94338   -1.94258   -1.94240   -1.94173   -0.80418   -0.80321   -0.80235   -0.79864
  -0.79617   -0.79594   -0.79319   -0.79210   -0.79164   -0.79072   -0.78914   -0.78878
  -0.37542   -0.34863   -0.34178   -0.33762   -0.32434   -0.32143   -0.31286   -0.30750
   0.08312    0.09447    0.10219    0.10624    0.11439    0.12746    0.13810    0.14153
   0.14577    0.16143    0.16468    0.17989    0.18514    0.19661    0.20235    0.21280
   0.21902    0.22511    0.22939    0.23420    0.24879    0.25541    0.27162    0.27484
   0.44903    0.45943
 kpt#  35, nband= 50, wtk=  0.00926, kpt=  0.3333  0.3333  0.1667 (reduced coord)
  -1.94336   -1.94255   -1.94243   -1.94174   -0.80437   -0.80316   -0.80256   -0.79933
  -0.79717   -0.79502   -0.79355   -0.79173   -0.79092   -0.79027   -0.78951   -0.78859
  -0.36933   -0.34937   -0.34330   -0.34028   -0.32568   -0.32246   -0.31218   -0.30792
   0.08877    0.10033    0.10736    0.11207    0.11729    0.12575    0.13853    0.14250
   0.14600    0.15691    0.16351    0.18375    0.18678    0.19499    0.20196    0.20518
   0.21711    0.22189    0.22967    0.23327    0.24297    0.24885    0.26887    0.27493
   0.44220    0.45608
 kpt#  36, nband= 50, wtk=  0.00926, kpt=  0.5000  0.3333  0.1667 (reduced coord)
  -1.94335   -1.94254   -1.94245   -1.94175   -0.80405   -0.80329   -0.80222   -0.80121
  -0.79640   -0.79500   -0.79314   -0.79213   -0.79061   -0.78974   -0.78944   -0.78902
  -0.36470   -0.34922   -0.34586   -0.34319   -0.32616   -0.32108   -0.31216   -0.30860
   0.09404    0.10101    0.10799    0.11543    0.11932    0.12544    0.13894    0.14515
   0.14700    0.15789    0.16170    0.17498    0.18859    0.19552    0.20265    0.21059
   0.21137    0.22185    0.22554    0.22837    0.24262    0.24815    0.26790    0.27472
   0.44123    0.44748
 kpt#  37, nband= 50, wtk=  0.00926, kpt= -0.3333  0.3333  0.1667 (reduced coord)
  -1.94336   -1.94256   -1.94243   -1.94174   -0.80410   -0.80326   -0.80282   -0.79919
  -0.79713   -0.79484   -0.79386   -0.79173   -0.79092   -0.79007   -0.78985   -0.78841
  -0.36924   -0.34953   -0.34317   -0.34029   -0.32562   -0.32247   -0.31214   -0.30805
   0.08883    0.10046    0.10709    0.11237    0.11780    0.12573    0.13773    0.14191
   0.14582    0.15649    0.16343    0.18409    0.18743    0.19526    0.20235    0.20601
   0.21716    0.22151    0.22967    0.23256    0.24297    0.24868    0.26876    0.27506
   0.44348    0.45477
 kpt#  38, nband= 50, wtk=  0.00926, kpt= -0.1667  0.3333  0.1667 (reduced coord)
  -1.94338   -1.94258   -1.94240   -1.94173   -0.80395   -0.80327   -0.80259   -0.79858
  -0.79604   -0.79582   -0.79341   -0.79215   -0.79183   -0.79049   -0.78937   -0.78856
  -0.37535   -0.34880   -0.34166   -0.33757   -0.32432   -0.32139   -0.31288   -0.30761
   0.08317    0.09447    0.10223    0.10635    0.11490    0.12717    0.13711    0.14133
   0.14541    0.16159    0.16498    0.18002    0.18525    0.19718    0.20261    0.21258
   0.21947    0.22553    0.22893    0.23377    0.24852    0.25549    0.27147    0.27500
   0.45007    0.45945
 kpt#  39, nband= 50, wtk=  0.00926, kpt=  0.0000  0.5000  0.1667 (reduced coord)
  -1.94336   -1.94256   -1.94243   -1.94173   -0.80172   -0.80157   -0.80108   -0.80091
  -0.79722   -0.79667   -0.79308   -0.79293   -0.79074   -0.79047   -0.79013   -0.78983
  -0.36208   -0.36159   -0.33976   -0.33926   -0.32258   -0.32229   -0.31142   -0.31086
   0.08990    0.09173    0.11196    0.11323    0.12062    0.12192    0.13529    0.13800
   0.14472    0.14524    0.17478    0.17749    0.18147    0.18287    0.20797    0.20899
   0.21538    0.21801    0.23141    0.23331    0.25920    0.25967    0.27235    0.27347
   0.45155    0.45411
 kpt#  40, nband= 50, wtk=  0.00926, kpt=  0.1667  0.5000  0.1667 (reduced coord)
  -1.94336   -1.94256   -1.94244   -1.94174   -0.80309   -0.80287   -0.80032   -0.79989
  -0.79774   -0.79717   -0.79214   -0.79200   -0.79101   -0.79065   -0.79006   -0.78937
  -0.36145   -0.36088   -0.34019   -0.33947   -0.32396   -0.32376   -0.31052   -0.31004
   0.09260    0.09411    0.11095    0.11213    0.12352    0.12502    0.13455    0.13626
   0.15014    0.15149    0.16787    0.16988    0.18715    0.18748    0.20445    0.20580
   0.21803    0.21991    0.22972    0.23103    0.25491    0.25534    0.27161    0.27249
   0.44910    0.45040
 kpt#  41, nband= 50, wtk=  0.00926, kpt=  0.3333  0.5000  0.1667 (reduced coord)
  -1.94334   -1.94254   -1.94245   -1.94175   -0.80388   -0.80371   -0.80174   -0.80139
  -0.79617   -0.79595   -0.79224   -0.79180   -0.79070   -0.79045   -0.78938   -0.78884
  -0.35948   -0.35888   -0.34278   -0.34201   -0.32437   -0.32411   -0.31000   -0.30944
   0.09845    0.09961    0.11120    0.11222    0.12513    0.12646    0.13736    0.13895
   0.15386    0.15531    0.16705    0.16914    0.19105    0.19265    0.20123    0.20328
   0.21267    0.21386    0.22817    0.22872    0.24706    0.24791    0.27048    0.27117
   0.44449    0.44563
 kpt#  42, nband= 50, wtk=  0.00926, kpt=  0.5000  0.5000  0.1667 (reduced coord)
  -1.94334   -1.94253   -1.94246   -1.94176   -0.80397   -0.80350   -0.80288   -0.80256
  -0.79491   -0.79467   -0.79316   -0.79275   -0.79014   -0.78982   -0.78917   -0.78870
  -0.35789   -0.35730   -0.34502   -0.34453   -0.32367   -0.32333   -0.31023   -0.30951
   0.10244    0.10311    0.10999    0.11123    0.12848    0.12945    0.13554    0.13623
   0.15703    0.15915    0.16760    0.16881    0.19434    0.19601    0.20111    0.20326
   0.21027    0.21165    0.22111    0.22142    0.24490    0.24626    0.26995    0.27107
   0.44343    0.44603
 kpt#  43, nband= 50, wtk=  0.00926, kpt= -0.3333  0.5000  0.1667 (reduced coord)
  -1.94334   -1.94254   -1.94245   -1.94175   -0.80402   -0.80362   -0.80169   -0.80138
  -0.79626   -0.79584   -0.79217   -0.79191   -0.79076   -0.79038   -0.78930   -0.78893
  -0.35946   -0.35891   -0.34262   -0.34219   -0.32442   -0.32402   -0.31010   -0.30935
   0.09829    0.09976    0.11121    0.11218    0.12548    0.12612    0.13769    0.13853
   0.15433    0.15490    0.16764    0.16859    0.19085    0.19286    0.20106    0.20343
   0.21292    0.21367    0.22792    0.22890    0.24695    0.24803    0.27042    0.27125
   0.44380    0.44621
 kpt#  44, nband= 50, wtk=  0.00926, kpt= -0.1667  0.5000  0.1667 (reduced coord)
  -1.94336   -1.94256   -1.94244   -1.94174   -0.80316   -0.80287   -0.80028   -0.79986
  -0.79764   -0.79724   -0.79219   -0.79201   -0.79111   -0.79054   -0.78989   -0.78953
  -0.36140   -0.36093   -0.34005   -0.33963   -0.32403   -0.32364   -0.31063   -0.30995
   0.09238    0.09434    0.11108    0.11196    0.12349    0.12508    0.13434    0.13644
   0.15029    0.15126    0.16832    0.16953    0.18700    0.18759    0.20435    0.20605
   0.21789    0.21997    0.22980    0.23093    0.25496    0.25527    0.27164    0.27249
   0.44855    0.45092
 kpt#  45, nband= 50, wtk=  0.00926, kpt=  0.0000 -0.3333  0.1667 (reduced coord)
  -1.94339   -1.94259   -1.94239   -1.94172   -0.80370   -0.80338   -0.80233   -0.79930
  -0.79562   -0.79433   -0.79369   -0.79273   -0.79146   -0.79121   -0.78919   -0.78904
  -0.37768   -0.34761   -0.34198   -0.33714   -0.32464   -0.31785   -0.31402   -0.30831
   0.08175    0.08914    0.10250    0.10370    0.11523    0.12662    0.13855    0.13885
   0.14456    0.16237    0.16441    0.18091    0.19080    0.19178    0.20745    0.21168
   0.21747    0.22307    0.22886    0.23754    0.25182    0.26144    0.27186    0.27530
   0.45112    0.46524
 kpt#  46, nband= 50, wtk=  0.00926, kpt=  0.1667 -0.3333  0.1667 (reduced coord)
  -1.94338   -1.94258   -1.94240   -1.94173   -0.80410   -0.80334   -0.80236   -0.79850
  -0.79629   -0.79558   -0.79315   -0.79204   -0.79196   -0.79075   -0.78944   -0.78854
  -0.37529   -0.34853   -0.34161   -0.33727   -0.32455   -0.32143   -0.31321   -0.30781
   0.08327    0.09501    0.10284    0.10648    0.11487    0.12661    0.13821    0.14194
   0.14409    0.16076    0.16429    0.18056    0.18547    0.19759    0.20224    0.21118
   0.21959    0.22536    0.22954    0.23428    0.24843    0.25571    0.27087    0.27515
   0.44861    0.46070
 kpt#  47, nband= 50, wtk=  0.00926, kpt=  0.3333 -0.3333  0.1667 (reduced coord)
  -1.94336   -1.94256   -1.94243   -1.94174   -0.80431   -0.80331   -0.80253   -0.79910
  -0.79723   -0.79479   -0.79375   -0.79158   -0.79094   -0.79042   -0.78988   -0.78836
  -0.36926   -0.34915   -0.34293   -0.34005   -0.32580   -0.32281   -0.31279   -0.30782
   0.08885    0.10143    0.10700    0.11222    0.11825    0.12536    0.13739    0.14174
   0.14628    0.15698    0.16368    0.18387    0.18786    0.19479    0.20177    0.20413
   0.21701    0.22289    0.22971    0.23271    0.24239    0.24906    0.26841    0.27482
   0.44340    0.45525
 kpt#  48, nband= 50, wtk=  0.00926, kpt=  0.5000 -0.3333  0.1667 (reduced coord)
  -1.94335   -1.94254   -1.94245   -1.94175   -0.80433   -0.80327   -0.80194   -0.80113
  -0.79648   -0.79491   -0.79313   -0.79199   -0.79070   -0.78993   -0.78949   -0.78896
  -0.36481   -0.34887   -0.34573   -0.34259   -0.32640   -0.32163   -0.31292   -0.30811
   0.09410    0.10198    0.10803    0.11469    0.11955    0.12536    0.13838    0.14573
   0.14732    0.15844    0.16163    0.17581    0.18898    0.19309    0.20361    0.20943
   0.21109    0.22211    0.22561    0.22882    0.24281    0.24755    0.26750    0.27432
   0.44213    0.44812
 kpt#  49, nband= 50, wtk=  0.00926, kpt= -0.3333 -0.3333  0.1667 (reduced coord)
  -1.94336   -1.94255   -1.94243   -1.94174   -0.80461   -0.80317   -0.80232   -0.79919
  -0.79725   -0.79495   -0.79342   -0.79167   -0.79101   -0.79024   -0.78984   -0.78852
  -0.36935   -0.34899   -0.34304   -0.34011   -0.32583   -0.32276   -0.31284   -0.30770
   0.08875    0.10126    0.10720    0.11197    0.11775    0.12543    0.13816    0.14225
   0.14655    0.15747    0.16372    0.18359    0.18715    0.19449    0.20124    0.20362
   0.21701    0.22318    0.22968    0.23326    0.24249    0.24924    0.26853    0.27470
   0.44192    0.45629
 kpt#  50, nband= 50, wtk=  0.00926, kpt= -0.1667 -0.3333  0.1667 (reduced coord)
  -1.94338   -1.94258   -1.94240   -1.94173   -0.80440   -0.80323   -0.80216   -0.79851
  -0.79618   -0.79587   -0.79294   -0.79211   -0.79173   -0.79083   -0.78936   -0.78872
  -0.37536   -0.34836   -0.34172   -0.33736   -0.32454   -0.32142   -0.31321   -0.30770
   0.08318    0.09500    0.10284    0.10635    0.11433    0.12698    0.13915    0.14193
   0.14465    0.16057    0.16400    0.18040    0.18538    0.19705    0.20212    0.21130
   0.21929    0.22489    0.23007    0.23452    0.24873    0.25561    0.27103    0.27502
   0.44748    0.46072
 kpt#  51, nband= 50, wtk=  0.00926, kpt=  0.0000 -0.1667  0.1667 (reduced coord)
  -1.94344   -1.94262   -1.94233   -1.94170   -0.80581   -0.80471   -0.80459   -0.79711
  -0.79450   -0.79376   -0.79310   -0.79290   -0.79186   -0.79037   -0.78840   -0.78816
  -0.38932   -0.34364   -0.34269   -0.33645   -0.31995   -0.31525   -0.31417   -0.30634
   0.07416    0.07849    0.08156    0.10095    0.11022    0.11921    0.14717    0.14865
   0.15774    0.15848    0.16971    0.18364    0.19036    0.20101    0.21466    0.21887
   0.22075    0.22778    0.23413    0.24204    0.24542    0.26174    0.27240    0.27795
   0.45546    0.46234
 kpt#  52, nband= 50, wtk=  0.00926, kpt=  0.1667 -0.1667  0.1667 (reduced coord)
  -1.94342   -1.94261   -1.94235   -1.94170   -0.80541   -0.80432   -0.80390   -0.79695
  -0.79531   -0.79405   -0.79340   -0.79263   -0.79177   -0.79120   -0.78863   -0.78797
  -0.38572   -0.34468   -0.34110   -0.33571   -0.32089   -0.31963   -0.31410   -0.30659
   0.07669    0.08224    0.08655    0.10231    0.10880    0.12690    0.14274    0.14674
   0.15446    0.15819    0.16872    0.17541    0.19152    0.20434    0.21215    0.21519
   0.22424    0.22881    0.23574    0.24143    0.24618    0.25231    0.27256    0.27739
   0.45386    0.46428
 kpt#  53, nband= 50, wtk=  0.00926, kpt=  0.3333 -0.1667  0.1667 (reduced coord)
  -1.94339   -1.94258   -1.94240   -1.94172   -0.80437   -0.80327   -0.80221   -0.79745
  -0.79656   -0.79598   -0.79363   -0.79202   -0.79166   -0.79112   -0.78928   -0.78853
  -0.37647   -0.34465   -0.34064   -0.33659   -0.32828   -0.32054   -0.31462   -0.30776
   0.08163    0.08803    0.10386    0.10922    0.11071    0.12474    0.13591    0.14029
   0.15377    0.15702    0.16281    0.17749    0.18962    0.19763    0.20446    0.21538
   0.22377    0.22861    0.23534    0.23912    0.24428    0.25139    0.26946    0.27742
   0.44860    0.45627
 kpt#  54, nband= 50, wtk=  0.00926, kpt=  0.5000 -0.1667  0.1667 (reduced coord)
  -1.94338   -1.94255   -1.94244   -1.94172   -0.80346   -0.80299   -0.80001   -0.79898
  -0.79770   -0.79720   -0.79296   -0.79209   -0.79130   -0.79023   -0.78984   -0.78960
  -0.36936   -0.34585   -0.34120   -0.34042   -0.32935   -0.32027   -0.31512   -0.30856
   0.08797    0.08974    0.10956    0.11118    0.11333    0.12856    0.13362    0.13623
   0.14870    0.15774    0.16798    0.17024    0.18586    0.18655    0.20835    0.21968
   0.22160    0.22868    0.23045    0.23839    0.24369    0.25444    0.26747    0.27731
   0.44629    0.44956
 kpt#  55, nband= 50, wtk=  0.00926, kpt= -0.3333 -0.1667  0.1667 (reduced coord)
  -1.94339   -1.94258   -1.94240   -1.94172   -0.80464   -0.80306   -0.80213   -0.79774
  -0.79633   -0.79598   -0.79352   -0.79207   -0.79176   -0.79090   -0.78927   -0.78868
  -0.37653   -0.34448   -0.34082   -0.33656   -0.32835   -0.32053   -0.31465   -0.30764
   0.08192    0.08763    0.10367    0.10932    0.11008    0.12548    0.13600    0.14088
   0.15413    0.15668    0.16316    0.17711    0.18945    0.19734    0.20400    0.21566
   0.22315    0.22898    0.23599    0.23849    0.24398    0.25201    0.26962    0.27730
   0.44687    0.45697
 kpt#  56, nband= 50, wtk=  0.00926, kpt= -0.1667 -0.1667  0.1667 (reduced coord)
  -1.94342   -1.94261   -1.94235   -1.94170   -0.80561   -0.80417   -0.80387   -0.79692
  -0.79545   -0.79409   -0.79321   -0.79258   -0.79186   -0.79109   -0.78860   -0.78810
  -0.38576   -0.34450   -0.34122   -0.33582   -0.32086   -0.31971   -0.31405   -0.30649
   0.07694    0.08213    0.08629    0.10196    0.10873    0.12741    0.14347    0.14678
   0.15451    0.15826    0.16828    0.17530    0.19152    0.20440    0.21210    0.21477
   0.22449    0.22847    0.23560    0.24076    0.24696    0.25252    0.27272    0.27727
   0.45262    0.46446
 kpt#  57, nband= 50, wtk=  0.00926, kpt=  0.0000  0.0000  0.3333 (reduced coord)
  -1.94341   -1.94266   -1.94231   -1.94171   -0.80429   -0.80345   -0.80250   -0.79797
  -0.79666   -0.79441   -0.79393   -0.79294   -0.79127   -0.79084   -0.78887   -0.78865
  -0.38117   -0.34933   -0.33820   -0.33471   -0.32246   -0.31749   -0.31618   -0.31015
   0.08116    0.08213    0.09677    0.11141    0.11626    0.12456    0.12805    0.14074
   0.14188    0.16704    0.18140    0.18776    0.19100    0.19302    0.19527    0.21112
   0.21492    0.23233    0.23935    0.24872    0.25045    0.25728    0.26315    0.26725
   0.45989    0.46219
 kpt#  58, nband= 50, wtk=  0.00926, kpt=  0.1667  0.0000  0.3333 (reduced coord)
  -1.94340   -1.94265   -1.94233   -1.94171   -0.80403   -0.80336   -0.80194   -0.79812
  -0.79727   -0.79475   -0.79355   -0.79280   -0.79163   -0.79077   -0.78922   -0.78853
  -0.37830   -0.34955   -0.33794   -0.33428   -0.32376   -0.31978   -0.31675   -0.30968
   0.08116    0.08834    0.09794    0.10799    0.11754    0.12560    0.13400    0.14062
   0.14715    0.16463    0.17144    0.18335    0.18949    0.19625    0.20074    0.20635
   0.21916    0.22689    0.23466    0.24968    0.25287    0.25554    0.25985    0.26679
   0.45310    0.45741
 kpt#  59, nband= 50, wtk=  0.00926, kpt=  0.3333  0.0000  0.3333 (reduced coord)
  -1.94338   -1.94260   -1.94239   -1.94172   -0.80360   -0.80275   -0.80060   -0.79918
  -0.79790   -0.79578   -0.79329   -0.79237   -0.79149   -0.79058   -0.79015   -0.78862
  -0.37104   -0.34989   -0.33778   -0.33536   -0.32911   -0.32071   -0.31670   -0.31009
   0.08518    0.09417    0.10172    0.11383    0.11915    0.12384    0.13766    0.14252
   0.15152    0.16086    0.16947    0.17524    0.18542    0.19501    0.19951    0.20872
   0.21584    0.22441    0.23254    0.24575    0.24739    0.25267    0.25970    0.26747
   0.44316    0.44737
 kpt#  60, nband= 50, wtk=  0.00926, kpt=  0.5000  0.0000  0.3333 (reduced coord)
  -1.94337   -1.94256   -1.94243   -1.94173   -0.80337   -0.80210   -0.80029   -0.79912
  -0.79859   -0.79655   -0.79323   -0.79194   -0.79128   -0.79103   -0.78992   -0.78907
  -0.36580   -0.35004   -0.34021   -0.33745   -0.32946   -0.32107   -0.31627   -0.31072
   0.08941    0.09392    0.10519    0.11718    0.11835    0.12470    0.13683    0.14686
   0.15307    0.16170    0.17001    0.17130    0.17795    0.18288    0.21044    0.21117
   0.21644    0.22191    0.23308    0.24004    0.24523    0.24832    0.26098    0.26826
   0.43828    0.44363
 kpt#  61, nband= 50, wtk=  0.00926, kpt= -0.3333  0.0000  0.3333 (reduced coord)
  -1.94338   -1.94260   -1.94239   -1.94172   -0.80363   -0.80277   -0.80057   -0.79918
  -0.79785   -0.79578   -0.79335   -0.79236   -0.79152   -0.79053   -0.79006   -0.78871
  -0.37105   -0.34989   -0.33781   -0.33535   -0.32907   -0.32073   -0.31669   -0.31010
   0.08517    0.09411    0.10174    0.11383    0.11909    0.12397    0.13758    0.14256
   0.15157    0.16071    0.16964    0.17519    0.18531    0.19506    0.19953    0.20883
   0.21575    0.22447    0.23253    0.24587    0.24720    0.25268    0.25966    0.26751
   0.44300    0.44742
 kpt#  62, nband= 50, wtk=  0.00926, kpt= -0.1667  0.0000  0.3333 (reduced coord)
  -1.94340   -1.94265   -1.94233   -1.94171   -0.80411   -0.80330   -0.80195   -0.79804
  -0.79731   -0.79474   -0.79351   -0.79283   -0.79169   -0.79070   -0.78915   -0.78862
  -0.37830   -0.34954   -0.33799   -0.33424   -0.32374   -0.31980   -0.31674   -0.30969
   0.08117    0.08831    0.09796    0.10794    0.11745    0.12571    0.13392    0.14078
   0.14708    0.16474    0.17140    0.18334    0.18949    0.19618    0.20079    0.20635
   0.21906    0.22699    0.23470    0.24968    0.25280    0.25542    0.25998    0.26680
   0.45290    0.45745
 kpt#  63, nband= 50, wtk=  0.00926, kpt=  0.0000  0.1667  0.3333 (reduced coord)
  -1.94339   -1.94264   -1.94234   -1.94172   -0.80381   -0.80286   -0.80246   -0.79901
  -0.79633   -0.79487   -0.79324   -0.79309   -0.79178   -0.79099   -0.78923   -0.78828
  -0.37793   -0.34870   -0.33915   -0.33611   -0.32139   -0.32009   -0.31649   -0.31042
   0.08573    0.08853    0.09891    0.11211    0.11649    0.12659    0.12893    0.14104
   0.14386    0.16185    0.18043    0.18244    0.18635    0.19157    0.20180    0.21541
   0.21728    0.22421    0.23289    0.24427    0.24901    0.25523    0.26040    0.26655
   0.45843    0.46393
 kpt#  64, nband= 50, wtk=  0.00926, kpt=  0.1667  0.1667  0.3333 (reduced coord)
  -1.94338   -1.94263   -1.94235   -1.94172   -0.80431   -0.80325   -0.80200   -0.79832
  -0.79686   -0.79551   -0.79323   -0.79252   -0.79160   -0.79098   -0.78895   -0.78850
  -0.37561   -0.34954   -0.33990   -0.33646   -0.32248   -0.31988   -0.31744   -0.30919
   0.08608    0.09319    0.10073    0.10952    0.11836    0.12655    0.13380    0.14377
   0.14597    0.15800    0.17079    0.17780    0.19263    0.19713    0.20432    0.20909
   0.21812    0.22326    0.23352    0.24135    0.24644    0.25231    0.25938    0.26701
   0.45021    0.46078
 kpt#  65, nband= 50, wtk=  0.00926, kpt=  0.3333  0.1667  0.3333 (reduced coord)
  -1.94337   -1.94259   -1.94240   -1.94173   -0.80456   -0.80360   -0.80188   -0.79924
  -0.79702   -0.79524   -0.79265   -0.79211   -0.79106   -0.79072   -0.78937   -0.78873
  -0.36967   -0.35077   -0.34204   -0.33985   -0.32465   -0.31891   -0.31605   -0.30894
   0.08942    0.09743    0.10601    0.11362    0.11894    0.12607    0.14040    0.14184
   0.15082    0.15400    0.16542    0.17893    0.18731    0.19685    0.20170    0.21068
   0.21988    0.22280    0.22870    0.23750    0.24273    0.25220    0.25429    0.26742
   0.43960    0.44855
 kpt#  66, nband= 50, wtk=  0.00926, kpt=  0.5000  0.1667  0.3333 (reduced coord)
  -1.94336   -1.94255   -1.94244   -1.94174   -0.80433   -0.80384   -0.80147   -0.80089
  -0.79648   -0.79524   -0.79207   -0.79167   -0.79066   -0.79059   -0.79000   -0.78902
  -0.36531   -0.35124   -0.34463   -0.34242   -0.32480   -0.31786   -0.31533   -0.30950
   0.09454    0.09558    0.10882    0.11707    0.11797    0.12643    0.13986    0.14622
   0.15073    0.15754    0.16235    0.17495    0.18606    0.18714    0.20837    0.21345
   0.22039    0.22096    0.23023    0.23500    0.23669    0.24930    0.25631    0.26727
   0.43592    0.44185
 kpt#  67, nband= 50, wtk=  0.00926, kpt= -0.3333  0.1667  0.3333 (reduced coord)
  -1.94337   -1.94259   -1.94240   -1.94173   -0.80431   -0.80372   -0.80213   -0.79904
  -0.79683   -0.79550   -0.79276   -0.79203   -0.79126   -0.79053   -0.78920   -0.78886
  -0.36964   -0.35075   -0.34211   -0.33979   -0.32456   -0.31870   -0.31621   -0.30913
   0.08936    0.09728    0.10629    0.11399    0.11881    0.12629    0.14013    0.14097
   0.15113    0.15358    0.16502    0.18000    0.18747    0.19676    0.20174    0.21126
   0.21958    0.22245    0.22831    0.23834    0.24260    0.25203    0.25402    0.26761
   0.44057    0.44769
 kpt#  68, nband= 50, wtk=  0.00926, kpt= -0.1667  0.1667  0.3333 (reduced coord)
  -1.94338   -1.94263   -1.94235   -1.94172   -0.80409   -0.80329   -0.80228   -0.79804
  -0.79680   -0.79578   -0.79310   -0.79263   -0.79184   -0.79073   -0.78893   -0.78853
  -0.37558   -0.34955   -0.34004   -0.33623   -0.32240   -0.31974   -0.31758   -0.30935
   0.08599    0.09317    0.10081    0.10996    0.11820    0.12662    0.13312    0.14393
   0.14563    0.15815    0.17073    0.17836    0.19231    0.19696    0.20448    0.20885
   0.21893    0.22292    0.23342    0.24199    0.24604    0.25227    0.25931    0.26702
   0.45110    0.45973
 kpt#  69, nband= 50, wtk=  0.00926, kpt=  0.0000  0.3333  0.3333 (reduced coord)
  -1.94336   -1.94259   -1.94240   -1.94174   -0.80276   -0.80221   -0.80114   -0.80058
  -0.79683   -0.79528   -0.79456   -0.79263   -0.79139   -0.79056   -0.78988   -0.78852
  -0.36889   -0.34657   -0.34467   -0.33932   -0.32285   -0.31874   -0.31838   -0.31206
   0.09585    0.10502    0.10642    0.11480    0.11711    0.12680    0.13271    0.13629
   0.15012    0.15737    0.17145    0.17399    0.18579    0.19585    0.20059    0.20773
   0.21107    0.22258    0.22434    0.23020    0.24787    0.25454    0.25948    0.26387
   0.45621    0.46948
 kpt#  70, nband= 50, wtk=  0.00926, kpt=  0.1667  0.3333  0.3333 (reduced coord)
  -1.94335   -1.94258   -1.94241   -1.94175   -0.80424   -0.80320   -0.80231   -0.79967
  -0.79647   -0.79532   -0.79336   -0.79179   -0.79124   -0.79047   -0.78950   -0.78863
  -0.36804   -0.34900   -0.34584   -0.34114   -0.32093   -0.32025   -0.31634   -0.30989
   0.09608    0.10563    0.10924    0.11518    0.11841    0.12691    0.13576    0.13905
   0.14930    0.15487    0.16324    0.17981    0.18636    0.19992    0.20183    0.21010
   0.21212    0.22051    0.22335    0.22751    0.24386    0.25125    0.25829    0.26461
   0.44907    0.46423
 kpt#  71, nband= 50, wtk=  0.00926, kpt=  0.3333  0.3333  0.3333 (reduced coord)
  -1.94335   -1.94255   -1.94243   -1.94175   -0.80542   -0.80459   -0.80370   -0.80184
  -0.79456   -0.79362   -0.79207   -0.79134   -0.79081   -0.79004   -0.78911   -0.78885
  -0.36547   -0.35196   -0.34935   -0.34620   -0.32003   -0.31659   -0.31368   -0.30816
   0.09830    0.10665    0.11524    0.11730    0.11831    0.12663    0.13487    0.14276
   0.14772    0.15989    0.16284    0.18039    0.18720    0.19935    0.20468    0.20629
   0.21376    0.21805    0.22194    0.22826    0.23828    0.24931    0.25304    0.26395
   0.43816    0.45134
 kpt#  72, nband= 50, wtk=  0.00926, kpt=  0.5000  0.3333  0.3333 (reduced coord)
  -1.94334   -1.94254   -1.94245   -1.94175   -0.80553   -0.80525   -0.80397   -0.80342
  -0.79360   -0.79301   -0.79146   -0.79123   -0.79025   -0.78974   -0.78941   -0.78895
  -0.36325   -0.35297   -0.35115   -0.34990   -0.31890   -0.31437   -0.31286   -0.30806
   0.10133    0.10664    0.11622    0.11749    0.11838    0.12718    0.13514    0.13950
   0.15517    0.15889    0.16669    0.17700    0.19175    0.19445    0.20337    0.20763
   0.21557    0.21603    0.21953    0.22730    0.23570    0.25049    0.25085    0.26359
   0.43489    0.44200
 kpt#  73, nband= 50, wtk=  0.00926, kpt= -0.3333  0.3333  0.3333 (reduced coord)
  -1.94335   -1.94256   -1.94243   -1.94175   -0.80511   -0.80471   -0.80399   -0.80172
  -0.79439   -0.79358   -0.79240   -0.79142   -0.79078   -0.78991   -0.78921   -0.78873
  -0.36542   -0.35211   -0.34911   -0.34628   -0.31998   -0.31648   -0.31373   -0.30834
   0.09831    0.10658    0.11545    0.11748    0.11821    0.12688    0.13419    0.14285
   0.14751    0.15942    0.16288    0.18049    0.18787    0.19893    0.20530    0.20636
   0.21380    0.21792    0.22215    0.22832    0.23794    0.24941    0.25271    0.26412
   0.43892    0.45059
 kpt#  74, nband= 50, wtk=  0.00926, kpt= -0.1667  0.3333  0.3333 (reduced coord)
  -1.94335   -1.94258   -1.94241   -1.94175   -0.80391   -0.80323   -0.80275   -0.79939
  -0.79668   -0.79496   -0.79360   -0.79177   -0.79154   -0.79026   -0.78948   -0.78861
  -0.36800   -0.34923   -0.34559   -0.34113   -0.32074   -0.32031   -0.31643   -0.31003
   0.09609    0.10561    0.10937    0.11551    0.11810    0.12702    0.13511    0.13901
   0.14912    0.15499    0.16346    0.18012    0.18636    0.19957    0.20124    0.20993
   0.21328    0.22088    0.22325    0.22752    0.24335    0.25153    0.25835    0.26446
   0.44975    0.46323
 kpt#  75, nband= 50, wtk=  0.00926, kpt=  0.0000  0.5000  0.3333 (reduced coord)
  -1.94334   -1.94254   -1.94245   -1.94175   -0.80191   -0.80176   -0.80098   -0.80077
  -0.79702   -0.79668   -0.79377   -0.79364   -0.79060   -0.79016   -0.78975   -0.78946
  -0.35657   -0.35611   -0.34328   -0.34289   -0.32155   -0.32119   -0.31547   -0.31503
   0.10698    0.10897    0.11555    0.11637    0.11681    0.11770    0.14293    0.14622
   0.14765    0.14826    0.16681    0.16866    0.18590    0.18682    0.20276    0.20427
   0.21048    0.21268    0.22429    0.22576    0.25406    0.25484    0.25820    0.25914
   0.45745    0.46052
 kpt#  76, nband= 50, wtk=  0.00926, kpt=  0.1667  0.5000  0.3333 (reduced coord)
  -1.94334   -1.94254   -1.94245   -1.94176   -0.80375   -0.80346   -0.80184   -0.80138
  -0.79585   -0.79555   -0.79235   -0.79231   -0.79036   -0.79023   -0.78993   -0.78925
  -0.35765   -0.35713   -0.34553   -0.34482   -0.32068   -0.32056   -0.31289   -0.31271
   0.10697    0.10832    0.11316    0.11455    0.12295    0.12385    0.14211    0.14349
   0.14823    0.14988    0.16604    0.16760    0.19057    0.19089    0.20415    0.20521
   0.21015    0.21185    0.22297    0.22344    0.24997    0.25054    0.25902    0.25979
   0.45305    0.45484
 kpt#  77, nband= 50, wtk=  0.00926, kpt=  0.3333  0.5000  0.3333 (reduced coord)
  -1.94334   -1.94253   -1.94246   -1.94176   -0.80531   -0.80513   -0.80399   -0.80369
  -0.79349   -0.79332   -0.79106   -0.79083   -0.79039   -0.79017   -0.78959   -0.78887
  -0.35879   -0.35838   -0.35039   -0.34955   -0.31749   -0.31730   -0.31001   -0.30987
   0.10899    0.10970    0.11394    0.11500    0.12431    0.12569    0.13671    0.13783
   0.15597    0.15782    0.17073    0.17229    0.19130    0.19264    0.20146    0.20308
   0.21023    0.21126    0.22155    0.22210    0.24600    0.24661    0.25704    0.25772
   0.44496    0.44627
 kpt#  78, nband= 50, wtk=  0.00926, kpt=  0.5000  0.5000  0.3333 (reduced coord)
  -1.94333   -1.94253   -1.94246   -1.94176   -0.80570   -0.80543   -0.80513   -0.80493
  -0.79231   -0.79214   -0.79122   -0.79097   -0.79013   -0.78969   -0.78923   -0.78872
  -0.35877   -0.35836   -0.35301   -0.35253   -0.31552   -0.31519   -0.30932   -0.30895
   0.11085    0.11129    0.11508    0.11592    0.12433    0.12591    0.13203    0.13309
   0.16597    0.16827    0.16908    0.17115    0.19506    0.19574    0.19684    0.19878
   0.20924    0.21029    0.21946    0.22072    0.24441    0.24566    0.25689    0.25751
   0.44170    0.44393
 kpt#  79, nband= 50, wtk=  0.00926, kpt= -0.3333  0.5000  0.3333 (reduced coord)
  -1.94334   -1.94253   -1.94246   -1.94176   -0.80541   -0.80509   -0.80392   -0.80369
  -0.79352   -0.79323   -0.79110   -0.79081   -0.79068   -0.78991   -0.78940   -0.78906
  -0.35888   -0.35830   -0.35006   -0.34988   -0.31749   -0.31726   -0.31016   -0.30974
   0.10882    0.10986    0.11389    0.11501    0.12423    0.12581    0.13656    0.13797
   0.15544    0.15835    0.17108    0.17201    0.19097    0.19298    0.20127    0.20313
   0.21030    0.21134    0.22106    0.22251    0.24593    0.24662    0.25731    0.25752
   0.44466    0.44654
 kpt#  80, nband= 50, wtk=  0.00926, kpt= -0.1667  0.5000  0.3333 (reduced coord)
  -1.94334   -1.94254   -1.94245   -1.94176   -0.80380   -0.80349   -0.80173   -0.80142
  -0.79581   -0.79552   -0.79251   -0.79223   -0.79064   -0.78989   -0.78968   -0.78955
  -0.35761   -0.35717   -0.34536   -0.34499   -0.32078   -0.32041   -0.31303   -0.31260
   0.10680    0.10845    0.11339    0.11433    0.12278    0.12407    0.14200    0.14340
   0.14792    0.15033    0.16638    0.16732    0.19021    0.19126    0.20386    0.20553
   0.21019    0.21189    0.22234    0.22399    0.24970    0.25074    0.25917    0.25970
   0.45267    0.45526
 kpt#  81, nband= 50, wtk=  0.00926, kpt=  0.0000 -0.3333  0.3333 (reduced coord)
  -1.94336   -1.94259   -1.94240   -1.94174   -0.80303   -0.80232   -0.80083   -0.80044
  -0.79672   -0.79520   -0.79461   -0.79273   -0.79121   -0.79093   -0.78948   -0.78883
  -0.36878   -0.34649   -0.34461   -0.33886   -0.32300   -0.31892   -0.31843   -0.31249
   0.09674    0.10524    0.10671    0.11527    0.11645    0.12662    0.13318    0.13779
   0.14789    0.15567    0.17189    0.17406    0.18666    0.19536    0.20128    0.20645
   0.21153    0.22302    0.22360    0.23041    0.24806    0.25491    0.25908    0.26390
   0.45448    0.46916
 kpt#  82, nband= 50, wtk=  0.00926, kpt=  0.1667 -0.3333  0.3333 (reduced coord)
  -1.94335   -1.94258   -1.94241   -1.94175   -0.80413   -0.80317   -0.80263   -0.79930
  -0.79672   -0.79486   -0.79353   -0.79187   -0.79130   -0.79068   -0.78917   -0.78886
  -0.36794   -0.34884   -0.34563   -0.34092   -0.32092   -0.32023   -0.31680   -0.31026
   0.09634    0.10635    0.10988    0.11585    0.11773    0.12589    0.13586    0.14082
   0.14798    0.15399    0.16294    0.18099    0.18573    0.19972    0.20103    0.20868
   0.21303    0.22079    0.22312    0.22834    0.24349    0.25154    0.25856    0.26444
   0.44837    0.46368
 kpt#  83, nband= 50, wtk=  0.00926, kpt=  0.3333 -0.3333  0.3333 (reduced coord)
  -1.94335   -1.94256   -1.94243   -1.94175   -0.80532   -0.80464   -0.80383   -0.80169
  -0.79450   -0.79342   -0.79219   -0.79133   -0.79081   -0.79028   -0.78932   -0.78862
  -0.36550   -0.35161   -0.34891   -0.34631   -0.32000   -0.31676   -0.31419   -0.30827
   0.09812    0.10769    0.11539    0.11762    0.11863    0.12598    0.13445    0.14228
   0.14952    0.15895    0.16252    0.18101    0.18760    0.19738    0.20437    0.20702
   0.21283    0.21871    0.22189    0.22860    0.23769    0.24951    0.25276    0.26406
   0.43868    0.45155
 kpt#  84, nband= 50, wtk=  0.00926, kpt=  0.5000 -0.3333  0.3333 (reduced coord)
  -1.94334   -1.94254   -1.94245   -1.94175   -0.80575   -0.80522   -0.80375   -0.80341
  -0.79365   -0.79283   -0.79136   -0.79108   -0.79036   -0.79009   -0.78940   -0.78893
  -0.36344   -0.35243   -0.35083   -0.34995   -0.31896   -0.31485   -0.31329   -0.30780
   0.10121    0.10727    0.11625    0.11822    0.11870    0.12655    0.13471    0.13870
   0.15647    0.16089    0.16594    0.17629    0.19250    0.19335    0.20339    0.20677
   0.21451    0.21642    0.21959    0.22710    0.23626    0.25016    0.25057    0.26330
   0.43569    0.44268
 kpt#  85, nband= 50, wtk=  0.00926, kpt= -0.3333 -0.3333  0.3333 (reduced coord)
  -1.94335   -1.94255   -1.94243   -1.94175   -0.80563   -0.80454   -0.80359   -0.80176
  -0.79455   -0.79352   -0.79188   -0.79134   -0.79080   -0.79025   -0.78931   -0.78879
  -0.36556   -0.35143   -0.34910   -0.34632   -0.32002   -0.31681   -0.31420   -0.30810
   0.09807    0.10767    0.11524    0.11776    0.11841    0.12576    0.13517    0.14212
   0.14965    0.15949    0.16258    0.18100    0.18682    0.19790    0.20345    0.20733
   0.21278    0.21873    0.22171    0.22840    0.23809    0.24939    0.25315    0.26390
   0.43784    0.45217
 kpt#  86, nband= 50, wtk=  0.00926, kpt= -0.1667 -0.3333  0.3333 (reduced coord)
  -1.94335   -1.94258   -1.94241   -1.94175   -0.80447   -0.80313   -0.80222   -0.79953
  -0.79645   -0.79520   -0.79330   -0.79189   -0.79105   -0.79080   -0.78919   -0.78897
  -0.36799   -0.34861   -0.34588   -0.34096   -0.32107   -0.32014   -0.31677   -0.31012
   0.09629    0.10627    0.10985    0.11553    0.11802    0.12584    0.13648    0.14074
   0.14810    0.15401    0.16272    0.18073    0.18572    0.20010    0.20174    0.20861
   0.21214    0.22028    0.22317    0.22839    0.24395    0.25122    0.25861    0.26457
   0.44757    0.46456
 kpt#  87, nband= 50, wtk=  0.00926, kpt=  0.0000 -0.1667  0.3333 (reduced coord)
  -1.94339   -1.94264   -1.94234   -1.94172   -0.80416   -0.80252   -0.80247   -0.79885
  -0.79632   -0.79482   -0.79331   -0.79325   -0.79148   -0.79113   -0.78907   -0.78859
  -0.37786   -0.34857   -0.33894   -0.33563   -0.32170   -0.32061   -0.31624   -0.31081
   0.08633    0.08864    0.09930    0.11272    0.11588    0.12605    0.12959    0.14160
   0.14257    0.16164    0.18082    0.18319    0.18558    0.19139    0.20043    0.21432
   0.21831    0.22677    0.23104    0.24313    0.25010    0.25571    0.26047    0.26620
   0.45805    0.46328
 kpt#  88, nband= 50, wtk=  0.00926, kpt=  0.1667 -0.1667  0.3333 (reduced coord)
  -1.94338   -1.94263   -1.94235   -1.94172   -0.80434   -0.80307   -0.80226   -0.79793
  -0.79664   -0.79589   -0.79317   -0.79269   -0.79158   -0.79086   -0.78897   -0.78862
  -0.37553   -0.34928   -0.33975   -0.33608   -0.32259   -0.32011   -0.31765   -0.30960
   0.08613    0.09361    0.10119    0.11042    0.11798    0.12567    0.13429    0.14295
   0.14614    0.15872    0.16978    0.17794    0.19267    0.19773    0.20347    0.20839
   0.21833    0.22293    0.23266    0.24226    0.24683    0.25300    0.25937    0.26655
   0.45069    0.45985
 kpt#  89, nband= 50, wtk=  0.00926, kpt=  0.3333 -0.1667  0.3333 (reduced coord)
  -1.94337   -1.94259   -1.94240   -1.94173   -0.80443   -0.80371   -0.80204   -0.79900
  -0.79663   -0.79564   -0.79262   -0.79210   -0.79110   -0.79072   -0.78951   -0.78869
  -0.36966   -0.35035   -0.34174   -0.33978   -0.32475   -0.31894   -0.31666   -0.30911
   0.08923    0.09786    0.10671    0.11400    0.11922    0.12559    0.13932    0.14197
   0.15146    0.15484    0.16421    0.17907    0.18758    0.19627    0.20247    0.21144
   0.21834    0.22169    0.22802    0.23868    0.24296    0.25213    0.25418    0.26734
   0.44073    0.44840
 kpt#  90, nband= 50, wtk=  0.00926, kpt=  0.5000 -0.1667  0.3333 (reduced coord)
  -1.94336   -1.94255   -1.94244   -1.94174   -0.80433   -0.80400   -0.80139   -0.80078
  -0.79617   -0.79545   -0.79203   -0.79155   -0.79092   -0.79071   -0.78972   -0.78922
  -0.36542   -0.35079   -0.34449   -0.34206   -0.32504   -0.31834   -0.31576   -0.30929
   0.09485    0.09557    0.10900    0.11698    0.11838    0.12613    0.14037    0.14568
   0.15144    0.15929    0.16119    0.17422    0.18452    0.18833    0.20985    0.21332
   0.21863    0.22076    0.22912    0.23508    0.23762    0.24860    0.25642    0.26713
   0.43675    0.44236
 kpt#  91, nband= 50, wtk=  0.00926, kpt= -0.3333 -0.1667  0.3333 (reduced coord)
  -1.94337   -1.94259   -1.94240   -1.94173   -0.80471   -0.80360   -0.80180   -0.79916
  -0.79678   -0.79533   -0.79270   -0.79208   -0.79106   -0.79066   -0.78954   -0.78878
  -0.36971   -0.35036   -0.34159   -0.33993   -0.32478   -0.31917   -0.31650   -0.30894
   0.08928    0.09790    0.10645    0.11365    0.11931    0.12551    0.13963    0.14268
   0.15123    0.15525    0.16462    0.17801    0.18742    0.19636    0.20227    0.21093
   0.21894    0.22184    0.22845    0.23788    0.24298    0.25233    0.25440    0.26719
   0.43962    0.44921
 kpt#  92, nband= 50, wtk=  0.00926, kpt= -0.1667 -0.1667  0.3333 (reduced coord)
  -1.94338   -1.94263   -1.94235   -1.94172   -0.80459   -0.80303   -0.80200   -0.79819
  -0.79672   -0.79551   -0.79333   -0.79260   -0.79142   -0.79101   -0.78891   -0.78874
  -0.37557   -0.34928   -0.33961   -0.33629   -0.32262   -0.32021   -0.31755   -0.30944
   0.08622    0.09358    0.10114    0.10993    0.11800    0.12583    0.13494    0.14295
   0.14627    0.15863    0.16993    0.17737    0.19292    0.19787    0.20334    0.20871
   0.21744    0.22337    0.23275    0.24159    0.24717    0.25296    0.25954    0.26654
   0.44955    0.46093
 kpt#  93, nband= 50, wtk=  0.00463, kpt=  0.0000  0.0000  0.5000 (reduced coord)
  -1.94338   -1.94268   -1.94231   -1.94172   -0.80143   -0.80128   -0.80086   -0.80068
  -0.79738   -0.79696   -0.79397   -0.79380   -0.79035   -0.78999   -0.78991   -0.78959
  -0.36451   -0.36396   -0.33481   -0.33418   -0.32154   -0.32150   -0.31538   -0.31511
   0.09277    0.09321    0.10427    0.10457    0.12650    0.12759    0.12851    0.13021
   0.14948    0.15019    0.17570    0.17673    0.19048    0.19169    0.20800    0.20963
   0.21467    0.21609    0.24274    0.24342    0.25370    0.25431    0.26290    0.26363
   0.46089    0.46349
 kpt#  94, nband= 50, wtk=  0.00926, kpt=  0.1667  0.0000  0.5000 (reduced coord)
  -1.94337   -1.94266   -1.94233   -1.94172   -0.80214   -0.80199   -0.80008   -0.79997
  -0.79790   -0.79763   -0.79314   -0.79309   -0.79073   -0.79049   -0.78967   -0.78947
  -0.36324   -0.36269   -0.33531   -0.33473   -0.32321   -0.32316   -0.31451   -0.31432
   0.09234    0.09275    0.10580    0.10605    0.12643    0.12719    0.13370    0.13463
   0.15373    0.15393    0.17284    0.17390    0.18575    0.18662    0.20749    0.20873
   0.21796    0.21840    0.23841    0.23856    0.25416    0.25484    0.26111    0.26156
   0.45165    0.45293
 kpt#  95, nband= 50, wtk=  0.00926, kpt=  0.3333  0.0000  0.5000 (reduced coord)
  -1.94336   -1.94261   -1.94239   -1.94173   -0.80288   -0.80270   -0.79982   -0.79959
  -0.79791   -0.79772   -0.79248   -0.79200   -0.79144   -0.79133   -0.78940   -0.78918
  -0.36032   -0.35977   -0.33681   -0.33639   -0.32571   -0.32562   -0.31353   -0.31338
   0.09424    0.09472    0.10754    0.10776    0.12360    0.12451    0.14429    0.14504
   0.16055    0.16111    0.16813    0.16967    0.18280    0.18340    0.20242    0.20322
   0.21950    0.21989    0.23214    0.23271    0.24977    0.25044    0.26082    0.26112
   0.44101    0.44190
 kpt#  96, nband= 50, wtk=  0.00463, kpt=  0.5000  0.0000  0.5000 (reduced coord)
  -1.94336   -1.94256   -1.94243   -1.94174   -0.80315   -0.80296   -0.80018   -0.79988
  -0.79728   -0.79688   -0.79328   -0.79264   -0.79092   -0.79084   -0.78940   -0.78915
  -0.35860   -0.35804   -0.33795   -0.33762   -0.32672   -0.32655   -0.31321   -0.31308
   0.09695    0.09766    0.10732    0.10782    0.12077    0.12182    0.14905    0.14999
   0.16409    0.16492    0.16636    0.16714    0.18878    0.19030    0.19373    0.19410
   0.21592    0.21659    0.23278    0.23394    0.24544    0.24567    0.26119    0.26149
   0.43668    0.43751
 kpt#  97, nband= 50, wtk=  0.00926, kpt=  0.0000  0.1667  0.5000 (reduced coord)
  -1.94337   -1.94266   -1.94234   -1.94173   -0.80177   -0.80130   -0.80080   -0.80045
  -0.79761   -0.79729   -0.79344   -0.79337   -0.79094   -0.79055   -0.78959   -0.78918
  -0.36254   -0.36198   -0.33668   -0.33599   -0.32128   -0.32122   -0.31610   -0.31578
   0.09742    0.09807    0.10740    0.10772    0.12534    0.12626    0.13204    0.13273
   0.14867    0.14937    0.17260    0.17337    0.19408    0.19481    0.20013    0.20144
   0.21978    0.22003    0.23799    0.23880    0.24998    0.25092    0.26036    0.26069
   0.46079    0.46300
 kpt#  98, nband= 50, wtk=  0.00926, kpt=  0.1667  0.1667  0.5000 (reduced coord)
  -1.94336   -1.94264   -1.94236   -1.94173   -0.80326   -0.80274   -0.80012   -0.79988
  -0.79752   -0.79698   -0.79308   -0.79261   -0.79099   -0.79020   -0.78967   -0.78924
  -0.36201   -0.36132   -0.33843   -0.33719   -0.32335   -0.32078   -0.31541   -0.31312
   0.09662    0.09710    0.10835    0.10992    0.12479    0.12907    0.13473    0.13603
   0.15115    0.15367    0.16553    0.17269    0.18879    0.19128    0.20639    0.20849
   0.21616    0.21969    0.23468    0.23984    0.24200    0.25061    0.25753    0.26310
   0.44830    0.45839
 kpt#  99, nband= 50, wtk=  0.00926, kpt=  0.3333  0.1667  0.5000 (reduced coord)
  -1.94336   -1.94259   -1.94240   -1.94174   -0.80430   -0.80397   -0.80130   -0.80098
  -0.79616   -0.79541   -0.79237   -0.79153   -0.79114   -0.79046   -0.78950   -0.78912
  -0.36048   -0.35967   -0.34194   -0.34114   -0.32230   -0.32147   -0.31287   -0.31176
   0.09721    0.10036    0.10738    0.11325    0.12373    0.12616    0.13815    0.14654
   0.15575    0.15924    0.16487    0.17398    0.18594    0.18802    0.20204    0.20954
   0.21754    0.22045    0.22729    0.23370    0.24001    0.24758    0.25814    0.25943
   0.43733    0.44465
 kpt# 100, nband= 50, wtk=  0.00926, kpt=  0.5000  0.1667  0.5000 (reduced coord)
  -1.94335   -1.94255   -1.94244   -1.94174   -0.80456   -0.80430   -0.80201   -0.80174
  -0.79520   -0.79469   -0.79226   -0.79164   -0.79071   -0.79059   -0.78941   -0.78910
  -0.35928   -0.35864   -0.34399   -0.34355   -0.32133   -0.32116   -0.31201   -0.31171
   0.10122    0.10173    0.10947    0.10990    0.12221    0.12325    0.14237    0.14338
   0.16431    0.16558    0.16765    0.16897    0.18837    0.18884    0.20178    0.20247
   0.21699    0.21802    0.22789    0.22899    0.24103    0.24229    0.25886    0.25908
   0.43537    0.43630
 kpt# 101, nband= 50, wtk=  0.00926, kpt= -0.3333  0.1667  0.5000 (reduced coord)
  -1.94336   -1.94259   -1.94240   -1.94174   -0.80419   -0.80391   -0.80159   -0.80081
  -0.79616   -0.79558   -0.79188   -0.79181   -0.79130   -0.79049   -0.78941   -0.78912
  -0.36097   -0.35907   -0.34238   -0.34078   -0.32206   -0.32144   -0.31288   -0.31206
   0.09686    0.10073    0.10747    0.11345    0.12439    0.12544    0.13736    0.14653
   0.15609    0.15924    0.16413    0.17483    0.18584    0.18813    0.20260    0.20884
   0.21818    0.22071    0.22688    0.23302    0.24062    0.24713    0.25818    0.25971
   0.43826    0.44373
 kpt# 102, nband= 50, wtk=  0.00926, kpt= -0.1667  0.1667  0.5000 (reduced coord)
  -1.94336   -1.94264   -1.94235   -1.94173   -0.80307   -0.80274   -0.80028   -0.79980
  -0.79768   -0.79701   -0.79293   -0.79259   -0.79111   -0.79023   -0.78964   -0.78920
  -0.36251   -0.36072   -0.33899   -0.33667   -0.32322   -0.32061   -0.31544   -0.31345
   0.09655    0.09705    0.10849    0.11021    0.12466    0.12839    0.13499    0.13636
   0.15138    0.15302    0.16534    0.17298    0.18950    0.19042    0.20595    0.20861
   0.21707    0.22003    0.23423    0.23964    0.24235    0.25012    0.25794    0.26300
   0.44939    0.45686
 kpt# 103, nband= 50, wtk=  0.00926, kpt=  0.0000  0.3333  0.5000 (reduced coord)
  -1.94334   -1.94259   -1.94240   -1.94175   -0.80205   -0.80168   -0.80079   -0.80053
  -0.79726   -0.79703   -0.79360   -0.79352   -0.79102   -0.79065   -0.78938   -0.78900
  -0.35710   -0.35650   -0.34203   -0.34132   -0.32049   -0.32033   -0.31764   -0.31728
   0.10626    0.10673    0.11640    0.11711    0.12465    0.12531    0.13747    0.13792
   0.14848    0.14927    0.16908    0.17024    0.18099    0.18376    0.20205    0.20334
   0.22019    0.22139    0.22698    0.22843    0.24370    0.24423    0.25743    0.25802
   0.46202    0.46323
 kpt# 104, nband= 50, wtk=  0.00926, kpt=  0.1667  0.3333  0.5000 (reduced coord)
  -1.94334   -1.94258   -1.94241   -1.94175   -0.80403   -0.80330   -0.80185   -0.80121
  -0.79569   -0.79533   -0.79306   -0.79213   -0.79082   -0.79041   -0.78943   -0.78901
  -0.35835   -0.35719   -0.34456   -0.34417   -0.31982   -0.31898   -0.31589   -0.31345
   0.10346    0.10943    0.11604    0.11706    0.12442    0.12872    0.13747    0.13938
   0.14964    0.15267    0.16393    0.16588    0.18781    0.19327    0.20332    0.20586
   0.21620    0.21990    0.22346    0.22468    0.24128    0.24529    0.25261    0.26149
   0.44892    0.46538
 kpt# 105, nband= 50, wtk=  0.00926, kpt=  0.3333  0.3333  0.5000 (reduced coord)
  -1.94334   -1.94256   -1.94244   -1.94176   -0.80572   -0.80521   -0.80379   -0.80332
  -0.79322   -0.79290   -0.79181   -0.79103   -0.79058   -0.78998   -0.78936   -0.78890
  -0.35968   -0.35861   -0.34960   -0.34913   -0.31652   -0.31624   -0.31174   -0.31043
   0.10621    0.10692    0.11752    0.12127    0.12256    0.12917    0.13170    0.13467
   0.15936    0.16159    0.16560    0.17072    0.19057    0.19330    0.20483    0.20667
   0.21239    0.21753    0.22167    0.22369    0.23679    0.24302    0.25343    0.25657
   0.43708    0.44878
 kpt# 106, nband= 50, wtk=  0.00926, kpt=  0.5000  0.3333  0.5000 (reduced coord)
  -1.94334   -1.94254   -1.94245   -1.94176   -0.80618   -0.80586   -0.80467   -0.80436
  -0.79227   -0.79192   -0.79115   -0.79080   -0.79033   -0.79000   -0.78926   -0.78878
  -0.35981   -0.35910   -0.35218   -0.35159   -0.31460   -0.31444   -0.31015   -0.30984
   0.10845    0.10867    0.11819    0.11881    0.12475    0.12595    0.13033    0.13155
   0.16491    0.16569    0.17197    0.17266    0.19185    0.19245    0.20012    0.20108
   0.21681    0.21722    0.22375    0.22440    0.23561    0.23664    0.25469    0.25482
   0.43615    0.43674
 kpt# 107, nband= 50, wtk=  0.00926, kpt= -0.3333  0.3333  0.5000 (reduced coord)
  -1.94334   -1.94256   -1.94243   -1.94176   -0.80549   -0.80523   -0.80414   -0.80316
  -0.79328   -0.79291   -0.79145   -0.79123   -0.79083   -0.79007   -0.78927   -0.78879
  -0.36016   -0.35797   -0.34978   -0.34904   -0.31651   -0.31595   -0.31176   -0.31079
   0.10631    0.10679    0.11774    0.12143    0.12287    0.12836    0.13157    0.13468
   0.15882    0.16203    0.16592    0.17068    0.19056    0.19308    0.20466    0.20636
   0.21269    0.21808    0.22210    0.22396    0.23579    0.24319    0.25383    0.25630
   0.43760    0.44813
 kpt# 108, nband= 50, wtk=  0.00926, kpt= -0.1667  0.3333  0.5000 (reduced coord)
  -1.94334   -1.94258   -1.94241   -1.94175   -0.80375   -0.80336   -0.80216   -0.80108
  -0.79578   -0.79534   -0.79292   -0.79212   -0.79100   -0.79049   -0.78934   -0.78893
  -0.35885   -0.35657   -0.34484   -0.34393   -0.31962   -0.31888   -0.31594   -0.31376
   0.10352    0.10924    0.11612    0.11727    0.12423    0.12866    0.13741    0.13966
   0.14983    0.15191    0.16419    0.16599    0.18772    0.19275    0.20320    0.20585
   0.21683    0.21980    0.22391    0.22542    0.24020    0.24536    0.25309    0.26118
   0.44949    0.46368
 kpt# 109, nband= 50, wtk=  0.00463, kpt=  0.0000  0.5000  0.5000 (reduced coord)
  -1.94333   -1.94253   -1.94246   -1.94177   -0.80187   -0.80175   -0.80119   -0.80108
  -0.79571   -0.79551   -0.79524   -0.79517   -0.79031   -0.78994   -0.78961   -0.78927
  -0.34981   -0.34941   -0.34909   -0.34867   -0.31944   -0.31923   -0.31891   -0.31872
   0.11299    0.11335    0.11428    0.11465    0.13541    0.13557    0.13651    0.13677
   0.15449    0.15505    0.15691    0.15747    0.18832    0.18899    0.19003    0.19068
   0.22020    0.22039    0.22231    0.22241    0.24931    0.25010    0.25045    0.25124
   0.46699    0.46879
 kpt# 110, nband= 50, wtk=  0.00926, kpt=  0.1667  0.5000  0.5000 (reduced coord)
  -1.94333   -1.94253   -1.94246   -1.94177   -0.80371   -0.80328   -0.80292   -0.80245
  -0.79425   -0.79400   -0.79346   -0.79325   -0.79027   -0.78988   -0.78958   -0.78921
  -0.35259   -0.35191   -0.35139   -0.35069   -0.31728   -0.31709   -0.31617   -0.31570
   0.11095    0.11139    0.11820    0.11838    0.13238    0.13297    0.13512    0.13550
   0.15655    0.15720    0.15951    0.15987    0.19288    0.19347    0.19453    0.19467
   0.21662    0.21687    0.21868    0.21900    0.24657    0.24750    0.25293    0.25368
   0.45761    0.45836
 kpt# 111, nband= 50, wtk=  0.00926, kpt=  0.3333  0.5000  0.5000 (reduced coord)
  -1.94333   -1.94253   -1.94246   -1.94177   -0.80572   -0.80541   -0.80510   -0.80479
  -0.79189   -0.79177   -0.79150   -0.79123   -0.79012   -0.78963   -0.78945   -0.78900
  -0.35651   -0.35584   -0.35549   -0.35482   -0.31299   -0.31275   -0.31208   -0.31162
   0.11325    0.11346    0.11803    0.11822    0.12845    0.12892    0.13134    0.13210
   0.16265    0.16392    0.16775    0.16858    0.19398    0.19438    0.19577    0.19627
   0.21489    0.21542    0.21759    0.21826    0.24523    0.24598    0.25006    0.25074
   0.44708    0.44774
 kpt# 112, nband= 50, wtk=  0.00463, kpt=  0.5000  0.5000  0.5000 (reduced coord)
  -1.94333   -1.94253   -1.94246   -1.94177   -0.80639   -0.80628   -0.80593   -0.80582
  -0.79113   -0.79097   -0.79081   -0.79066   -0.78986   -0.78942   -0.78925   -0.78881
  -0.35798   -0.35756   -0.35728   -0.35687   -0.31085   -0.31067   -0.31043   -0.31020
   0.11623    0.11637    0.11676    0.11684    0.12668    0.12721    0.12890    0.12936
   0.16795    0.16873    0.17136    0.17206    0.19204    0.19280    0.19403    0.19482
   0.21652    0.21686    0.21804    0.21829    0.24569    0.24632    0.24670    0.24725
   0.44541    0.44625
