 Fermi (or HOMO) energy (hartree) =   0.28469   Average Vxc (hartree)=  -0.44606
 Eigenvalues (hartree) for nkpt= 112  k points:
 kpt#   1, nband= 50, wtk=  0.00463, kpt=  0.0000  0.0000  0.0000 (reduced coord)
  -1.94231   -1.94141   -1.94096   -1.94021   -0.80648   -0.80589   -0.80533   -0.79457
  -0.79355   -0.79309   -0.79244   -0.79214   -0.79061   -0.78749   -0.78697   -0.78667
  -0.39989   -0.34746   -0.34556   -0.34195   -0.31106   -0.30764   -0.30686   -0.29995
   0.06495    0.06630    0.07564    0.09417    0.09889    0.10653    0.16027    0.16502
   0.16806    0.16848    0.17331    0.18376    0.19267    0.20516    0.21596    0.21821
   0.22983    0.23217    0.23305    0.23482    0.24883    0.26324    0.28238    0.28469
   0.45642    0.46169
 kpt#   2, nband= 50, wtk=  0.00926, kpt=  0.1667  0.0000  0.0000 (reduced coord)
  -1.94230   -1.94141   -1.94097   -1.94022   -0.80569   -0.80516   -0.80442   -0.79448
  -0.79383   -0.79365   -0.79257   -0.79217   -0.79070   -0.78823   -0.78774   -0.78709
  -0.39568   -0.34673   -0.34523   -0.34137   -0.31401   -0.31128   -0.30594   -0.30045
   0.06752    0.07224    0.07446    0.09535    0.09847    0.11721    0.14851    0.15799
   0.16341    0.16755    0.17126    0.18548    0.18940    0.20419    0.21771    0.21991
   0.23182    0.23299    0.23768    0.24400    0.24543    0.25195    0.28135    0.28390
   0.46222    0.47007
 kpt#   3, nband= 50, wtk=  0.00926, kpt=  0.3333  0.0000  0.0000 (reduced coord)
  -1.94226   -1.94140   -1.94100   -1.94024   -0.80372   -0.80348   -0.80173   -0.79599
  -0.79509   -0.79396   -0.79262   -0.79214   -0.79108   -0.79038   -0.78847   -0.78805
  -0.38512   -0.34512   -0.34469   -0.34083   -0.32616   -0.31116   -0.30619   -0.30193
   0.07087    0.07451    0.09258    0.10164    0.10315    0.11563    0.13480    0.14170
   0.15542    0.16742    0.17008    0.18759    0.19064    0.20714    0.21357    0.21500
   0.22468    0.23792    0.24143    0.24295    0.24557    0.25182    0.28142    0.28229
   0.45878    0.46323
 kpt#   4, nband= 50, wtk=  0.00463, kpt=  0.5000  0.0000  0.0000 (reduced coord)
  -1.94224   -1.94140   -1.94101   -1.94025   -0.80250   -0.80199   -0.79908   -0.79764
  -0.79613   -0.79501   -0.79381   -0.79212   -0.79087   -0.79015   -0.78929   -0.78862
  -0.37756   -0.34646   -0.34264   -0.34167   -0.33299   -0.31064   -0.30644   -0.30304
   0.07402    0.07848    0.09796    0.10569    0.10710    0.11531    0.12854    0.13400
   0.14791    0.16571    0.17755    0.17917    0.19620    0.20022    0.21702    0.21805
   0.21960    0.23140    0.24204    0.24309    0.24982    0.25276    0.28131    0.28277
   0.45407    0.46163
 kpt#   5, nband= 50, wtk=  0.00926, kpt=  0.0000  0.1667  0.0000 (reduced coord)
  -1.94230   -1.94140   -1.94098   -1.94022   -0.80554   -0.80506   -0.80455   -0.79502
  -0.79352   -0.79301   -0.79285   -0.79214   -0.79091   -0.78819   -0.78766   -0.78729
  -0.39544   -0.34803   -0.34462   -0.34152   -0.31434   -0.30920   -0.30696   -0.30094
   0.07146    0.07280    0.07401    0.09534    0.10869    0.10985    0.14934    0.15795
   0.16221    0.16924    0.17019    0.18275    0.19027    0.20693    0.21509    0.21663
   0.22509    0.23304    0.23336    0.24160    0.24377    0.26300    0.28042    0.28174
   0.45679    0.46389
 kpt#   6, nband= 50, wtk=  0.00926, kpt=  0.1667  0.1667  0.0000 (reduced coord)
  -1.94228   -1.94139   -1.94099   -1.94023   -0.80497   -0.80451   -0.80375   -0.79499
  -0.79428   -0.79364   -0.79239   -0.79200   -0.79089   -0.78956   -0.78802   -0.78712
  -0.39169   -0.34782   -0.34431   -0.34108   -0.31509   -0.31429   -0.30593   -0.30115
   0.07081    0.07707    0.07918    0.09625    0.10458    0.11992    0.14284    0.15627
   0.15924    0.16415    0.17085    0.18474    0.18611    0.20443    0.21483    0.21768
   0.22701    0.23326    0.23466    0.24378    0.24852    0.25116    0.28006    0.28103
   0.45795    0.46628
 kpt#   7, nband= 50, wtk=  0.00926, kpt=  0.3333  0.1667  0.0000 (reduced coord)
  -1.94225   -1.94139   -1.94101   -1.94024   -0.80354   -0.80293   -0.80173   -0.79688
  -0.79483   -0.79374   -0.79354   -0.79200   -0.79091   -0.79031   -0.78865   -0.78782
  -0.38228   -0.34677   -0.34416   -0.34097   -0.32632   -0.31358   -0.30583   -0.30196
   0.07271    0.08110    0.09445    0.10344    0.10771    0.11843    0.13241    0.14424
   0.15514    0.16096    0.17281    0.18483    0.19111    0.20327    0.20963    0.21379
   0.22410    0.23388    0.23799    0.23995    0.24791    0.24963    0.27928    0.28110
   0.45651    0.46078
 kpt#   8, nband= 50, wtk=  0.00926, kpt=  0.5000  0.1667  0.0000 (reduced coord)
  -1.94224   -1.94139   -1.94102   -1.94025   -0.80241   -0.80183   -0.79982   -0.79824
  -0.79601   -0.79563   -0.79309   -0.79211   -0.79066   -0.78956   -0.78916   -0.78872
  -0.37565   -0.34577   -0.34507   -0.34150   -0.33272   -0.31283   -0.30596   -0.30263
   0.07653    0.08319    0.09745    0.11015    0.11079    0.11905    0.12570    0.13931
   0.14930    0.16192    0.17634    0.18045    0.18755    0.19921    0.21674    0.21719
   0.22156    0.22949    0.23645    0.23773    0.24882    0.25032    0.27880    0.28209
   0.45705    0.45765
 kpt#   9, nband= 50, wtk=  0.00926, kpt= -0.3333  0.1667  0.0000 (reduced coord)
  -1.94225   -1.94139   -1.94101   -1.94024   -0.80348   -0.80290   -0.80172   -0.79696
  -0.79470   -0.79381   -0.79359   -0.79202   -0.79102   -0.79036   -0.78872   -0.78761
  -0.38218   -0.34668   -0.34419   -0.34102   -0.32640   -0.31362   -0.30585   -0.30195
   0.07233    0.08157    0.09463    0.10324    0.10798    0.11835    0.13262    0.14329
   0.15545    0.16086    0.17257    0.18450    0.19126    0.20371    0.20903    0.21441
   0.22577    0.23354    0.23777    0.23943    0.24759    0.24952    0.27932    0.28109
   0.45911    0.46108
 kpt#  10, nband= 50, wtk=  0.00926, kpt= -0.1667  0.1667  0.0000 (reduced coord)
  -1.94228   -1.94139   -1.94099   -1.94023   -0.80493   -0.80443   -0.80380   -0.79508
  -0.79428   -0.79347   -0.79244   -0.79217   -0.79062   -0.78993   -0.78808   -0.78690
  -0.39162   -0.34774   -0.34433   -0.34112   -0.31513   -0.31432   -0.30597   -0.30115
   0.07031    0.07757    0.07933    0.09610    0.10512    0.11955    0.14289    0.15550
   0.15922    0.16379    0.17143    0.18469    0.18623    0.20368    0.21558    0.21817
   0.22725    0.23355    0.23504    0.24345    0.24822    0.25059    0.28010    0.28109
   0.45942    0.46643
 kpt#  11, nband= 50, wtk=  0.00926, kpt=  0.0000  0.3333  0.0000 (reduced coord)
  -1.94226   -1.94136   -1.94105   -1.94023   -0.80330   -0.80269   -0.80243   -0.79678
  -0.79485   -0.79335   -0.79256   -0.79213   -0.79103   -0.79057   -0.78865   -0.78839
  -0.38328   -0.35332   -0.34249   -0.34073   -0.31903   -0.31327   -0.30688   -0.30337
   0.07448    0.08489    0.09734    0.09869    0.11711    0.12430    0.13267    0.14096
   0.14302    0.16297    0.17447    0.17673    0.18735    0.19911    0.20133    0.21736
   0.22258    0.23021    0.23524    0.24022    0.25601    0.26485    0.27638    0.27748
   0.45546    0.46797
 kpt#  12, nband= 50, wtk=  0.00926, kpt=  0.1667  0.3333  0.0000 (reduced coord)
  -1.94225   -1.94136   -1.94105   -1.94024   -0.80320   -0.80274   -0.80187   -0.79674
  -0.79569   -0.79416   -0.79199   -0.79163   -0.79137   -0.79077   -0.78884   -0.78787
  -0.38070   -0.35341   -0.34235   -0.34060   -0.31918   -0.31764   -0.30578   -0.30301
   0.07520    0.09148    0.09711    0.09905    0.11684    0.12604    0.13050    0.14207
   0.14493    0.16403    0.17460    0.17873    0.18574    0.19540    0.19732    0.21832
   0.22196    0.23186    0.23371    0.23962    0.25578    0.25630    0.27645    0.27812
   0.45255    0.46144
 kpt#  13, nband= 50, wtk=  0.00926, kpt=  0.3333  0.3333  0.0000 (reduced coord)
  -1.94223   -1.94137   -1.94104   -1.94026   -0.80304   -0.80215   -0.80071   -0.79822
  -0.79616   -0.79477   -0.79349   -0.79164   -0.79025   -0.78993   -0.78909   -0.78774
  -0.37439   -0.35341   -0.34220   -0.34074   -0.32610   -0.31894   -0.30492   -0.30249
   0.07933    0.09621    0.09695    0.10926    0.11944    0.12494    0.12790    0.14252
   0.14853    0.15758    0.17387    0.17802    0.18674    0.19935    0.20021    0.21302
   0.21802    0.22676    0.23520    0.23727    0.24690    0.25035    0.27556    0.27915
   0.44930    0.45623
 kpt#  14, nband= 50, wtk=  0.00926, kpt=  0.5000  0.3333  0.0000 (reduced coord)
  -1.94222   -1.94137   -1.94104   -1.94027   -0.80293   -0.80136   -0.80013   -0.79897
  -0.79732   -0.79454   -0.79389   -0.79219   -0.78964   -0.78927   -0.78875   -0.78837
  -0.37024   -0.35334   -0.34233   -0.34099   -0.33094   -0.31859   -0.30470   -0.30233
   0.08358    0.09481    0.09674    0.11823    0.12217    0.12348    0.12569    0.14389
   0.15199    0.15382    0.16739    0.17903    0.18046    0.20509    0.20874    0.21033
   0.21757    0.22931    0.22972    0.23167    0.24406    0.24652    0.27510    0.27927
   0.45189    0.45622
 kpt#  15, nband= 50, wtk=  0.00926, kpt= -0.3333  0.3333  0.0000 (reduced coord)
  -1.94223   -1.94137   -1.94104   -1.94026   -0.80295   -0.80214   -0.80066   -0.79832
  -0.79603   -0.79495   -0.79359   -0.79147   -0.79042   -0.78972   -0.78943   -0.78752
  -0.37424   -0.35341   -0.34223   -0.34076   -0.32624   -0.31891   -0.30493   -0.30249
   0.07924    0.09608    0.09727    0.10952    0.12009    0.12505    0.12741    0.14166
   0.14823    0.15697    0.17368    0.17822    0.18739    0.19970    0.20069    0.21410
   0.21753    0.22644    0.23505    0.23726    0.24648    0.25023    0.27563    0.27913
   0.45134    0.45614
 kpt#  16, nband= 50, wtk=  0.00926, kpt= -0.1667  0.3333  0.0000 (reduced coord)
  -1.94225   -1.94136   -1.94105   -1.94024   -0.80315   -0.80264   -0.80190   -0.79676
  -0.79593   -0.79365   -0.79246   -0.79167   -0.79145   -0.79061   -0.78901   -0.78764
  -0.38058   -0.35340   -0.34237   -0.34064   -0.31913   -0.31774   -0.30579   -0.30301
   0.07514    0.09147    0.09720    0.09927    0.11765    0.12543    0.13041    0.14132
   0.14481    0.16382    0.17444    0.17827    0.18650    0.19554    0.19797    0.21874
   0.22247    0.23094    0.23390    0.23954    0.25558    0.25603    0.27662    0.27810
   0.45406    0.46123
 kpt#  17, nband= 50, wtk=  0.00463, kpt=  0.0000  0.5000  0.0000 (reduced coord)
  -1.94224   -1.94133   -1.94109   -1.94024   -0.80136   -0.80111   -0.79988   -0.79924
  -0.79561   -0.79487   -0.79300   -0.79266   -0.79033   -0.78999   -0.78975   -0.78938
  -0.36726   -0.36686   -0.34109   -0.34060   -0.31795   -0.31772   -0.30583   -0.30568
   0.08301    0.08446    0.11156    0.11296    0.12565    0.12716    0.12805    0.13109
   0.13790    0.13814    0.17470    0.17746    0.18048    0.18307    0.21729    0.21833
   0.21890    0.22283    0.23630    0.23974    0.26410    0.26440    0.27465    0.27562
   0.45534    0.45806
 kpt#  18, nband= 50, wtk=  0.00926, kpt=  0.1667  0.5000  0.0000 (reduced coord)
  -1.94224   -1.94133   -1.94108   -1.94025   -0.80185   -0.80148   -0.79949   -0.79882
  -0.79664   -0.79603   -0.79190   -0.79151   -0.79098   -0.79054   -0.78918   -0.78884
  -0.36622   -0.36576   -0.34111   -0.34053   -0.32004   -0.31988   -0.30505   -0.30471
   0.08493    0.08640    0.11245    0.11333    0.12169    0.12393    0.12985    0.13129
   0.14585    0.14655    0.17276    0.17507    0.18117    0.18349    0.20985    0.21133
   0.22492    0.22744    0.23478    0.23698    0.25853    0.25898    0.27565    0.27626
   0.45200    0.45388
 kpt#  19, nband= 50, wtk=  0.00926, kpt=  0.3333  0.5000  0.0000 (reduced coord)
  -1.94222   -1.94135   -1.94106   -1.94026   -0.80260   -0.80202   -0.79924   -0.79849
  -0.79726   -0.79674   -0.79241   -0.79190   -0.79009   -0.78975   -0.78856   -0.78828
  -0.36393   -0.36332   -0.34125   -0.34041   -0.32403   -0.32362   -0.30396   -0.30335
   0.08903    0.09043    0.11002    0.11194    0.12446    0.12493    0.13475    0.13596
   0.15201    0.15299    0.16675    0.16836    0.18565    0.18816    0.21127    0.21254
   0.21709    0.21972    0.23535    0.23670    0.24700    0.24775    0.27577    0.27627
   0.44786    0.44992
 kpt#  20, nband= 50, wtk=  0.00463, kpt=  0.5000  0.5000  0.0000 (reduced coord)
  -1.94221   -1.94136   -1.94105   -1.94027   -0.80291   -0.80223   -0.79959   -0.79891
  -0.79665   -0.79617   -0.79336   -0.79275   -0.78918   -0.78874   -0.78869   -0.78825
  -0.36264   -0.36192   -0.34144   -0.34039   -0.32602   -0.32540   -0.30356   -0.30283
   0.09169    0.09291    0.10641    0.10870    0.13060    0.13179    0.13831    0.13960
   0.14750    0.14947    0.16374    0.16431    0.19282    0.19501    0.20706    0.20888
   0.22063    0.22197    0.23264    0.23362    0.23868    0.24110    0.27521    0.27614
   0.44793    0.45098
 kpt#  21, nband= 50, wtk=  0.00926, kpt=  0.0000  0.0000  0.1667 (reduced coord)
  -1.94229   -1.94142   -1.94096   -1.94023   -0.80572   -0.80509   -0.80443   -0.79489
  -0.79430   -0.79335   -0.79270   -0.79170   -0.79059   -0.78862   -0.78729   -0.78702
  -0.39557   -0.34673   -0.34615   -0.34148   -0.31113   -0.31095   -0.30881   -0.30066
   0.06889    0.07040    0.08483    0.09340    0.10570    0.10912    0.15273    0.15987
   0.16082    0.16590    0.17570    0.18567    0.18919    0.20471    0.20985    0.21918
   0.22617    0.22865    0.23678    0.24245    0.24815    0.26269    0.27236    0.27932
   0.45962    0.46504
 kpt#  22, nband= 50, wtk=  0.00926, kpt=  0.1667  0.0000  0.1667 (reduced coord)
  -1.94228   -1.94142   -1.94097   -1.94023   -0.80508   -0.80448   -0.80367   -0.79520
  -0.79415   -0.79389   -0.79265   -0.79174   -0.79072   -0.78965   -0.78773   -0.78716
  -0.39173   -0.34699   -0.34524   -0.34100   -0.31554   -0.31127   -0.30881   -0.30118
   0.07037    0.07856    0.08050    0.09527    0.10416    0.11916    0.15016    0.15417
   0.15570    0.16308    0.17408    0.17982    0.19522    0.20167    0.21337    0.22045
   0.22333    0.23114    0.23915    0.24405    0.24778    0.25211    0.27361    0.27961
   0.46249    0.47035
 kpt#  23, nband= 50, wtk=  0.00926, kpt=  0.3333  0.0000  0.1667 (reduced coord)
  -1.94225   -1.94140   -1.94100   -1.94025   -0.80376   -0.80260   -0.80170   -0.79646
  -0.79535   -0.79406   -0.79301   -0.79171   -0.79123   -0.79037   -0.78875   -0.78790
  -0.38216   -0.34709   -0.34365   -0.34076   -0.32632   -0.31092   -0.30870   -0.30256
   0.07543    0.07744    0.09634    0.10346    0.10576    0.11853    0.14113    0.14199
   0.15107    0.16196    0.17093    0.18118    0.19597    0.20309    0.20952    0.21774
   0.22493    0.22860    0.23693    0.24231    0.24730    0.25410    0.27220    0.28046
   0.45853    0.46500
 kpt#  24, nband= 50, wtk=  0.00926, kpt=  0.5000  0.0000  0.1667 (reduced coord)
  -1.94223   -1.94139   -1.94101   -1.94025   -0.80282   -0.80145   -0.79963   -0.79714
  -0.79691   -0.79583   -0.79253   -0.79179   -0.79100   -0.78998   -0.78966   -0.78856
  -0.37544   -0.34753   -0.34239   -0.34193   -0.33246   -0.31013   -0.30897   -0.30349
   0.07824    0.07932    0.10178    0.10600    0.11048    0.12023    0.13517    0.13606
   0.14572    0.16391    0.17373    0.17440    0.19286    0.19723    0.21936    0.22010
   0.22331    0.22739    0.23421    0.23798    0.25052    0.25463    0.27117    0.28093
   0.45528    0.45946
 kpt#  25, nband= 50, wtk=  0.00926, kpt= -0.3333  0.0000  0.1667 (reduced coord)
  -1.94225   -1.94140   -1.94100   -1.94025   -0.80379   -0.80247   -0.80182   -0.79644
  -0.79535   -0.79395   -0.79306   -0.79167   -0.79150   -0.79012   -0.78868   -0.78804
  -0.38216   -0.34708   -0.34366   -0.34075   -0.32632   -0.31093   -0.30870   -0.30256
   0.07552    0.07731    0.09635    0.10344    0.10576    0.11862    0.14106    0.14202
   0.15109    0.16199    0.17095    0.18107    0.19591    0.20316    0.20947    0.21807
   0.22450    0.22867    0.23694    0.24243    0.24725    0.25412    0.27219    0.28046
   0.45852    0.46451
 kpt#  26, nband= 50, wtk=  0.00926, kpt= -0.1667  0.0000  0.1667 (reduced coord)
  -1.94228   -1.94142   -1.94097   -1.94023   -0.80518   -0.80421   -0.80385   -0.79511
  -0.79425   -0.79388   -0.79266   -0.79168   -0.79084   -0.78954   -0.78760   -0.78732
  -0.39173   -0.34696   -0.34528   -0.34100   -0.31554   -0.31127   -0.30880   -0.30118
   0.07037    0.07860    0.08047    0.09522    0.10413    0.11922    0.15023    0.15420
   0.15570    0.16306    0.17404    0.17986    0.19513    0.20158    0.21352    0.22057
   0.22306    0.23129    0.23902    0.24409    0.24775    0.25217    0.27363    0.27960
   0.46246    0.47009
 kpt#  27, nband= 50, wtk=  0.00926, kpt=  0.0000  0.1667  0.1667 (reduced coord)
  -1.94228   -1.94141   -1.94098   -1.94023   -0.80474   -0.80451   -0.80382   -0.79574
  -0.79420   -0.79295   -0.79287   -0.79196   -0.79058   -0.78997   -0.78768   -0.78706
  -0.39150   -0.34698   -0.34627   -0.34141   -0.31436   -0.31051   -0.30972   -0.30130
   0.07481    0.07723    0.08160    0.09744    0.11082    0.11243    0.14939    0.15227
   0.15805    0.16235    0.17448    0.18341    0.18773    0.20639    0.20952    0.21906
   0.22374    0.23071    0.23292    0.24061    0.24478    0.26256    0.27215    0.27699
   0.45861    0.46681
 kpt#  28, nband= 50, wtk=  0.00926, kpt=  0.1667  0.1667  0.1667 (reduced coord)
  -1.94227   -1.94140   -1.94099   -1.94024   -0.80467   -0.80391   -0.80315   -0.79547
  -0.79476   -0.79382   -0.79239   -0.79174   -0.79117   -0.79036   -0.78765   -0.78728
  -0.38814   -0.34769   -0.34564   -0.34118   -0.31631   -0.31341   -0.30844   -0.30143
   0.07625    0.08080    0.08377    0.09857    0.10776    0.12082    0.14681    0.14891
   0.15615    0.16145    0.16904    0.18043    0.19366    0.20588    0.21046    0.21685
   0.22661    0.22754    0.23524    0.23996    0.24551    0.25424    0.27270    0.27795
   0.45756    0.46963
 kpt#  29, nband= 50, wtk=  0.00926, kpt=  0.3333  0.1667  0.1667 (reduced coord)
  -1.94224   -1.94139   -1.94101   -1.94025   -0.80388   -0.80246   -0.80200   -0.79665
  -0.79550   -0.79459   -0.79287   -0.79141   -0.79126   -0.79007   -0.78826   -0.78800
  -0.37979   -0.34787   -0.34562   -0.34155   -0.32547   -0.31233   -0.30772   -0.30223
   0.07846    0.08199    0.09828    0.10544    0.10974    0.12059    0.13744    0.14494
   0.15148    0.15759    0.16767    0.18299    0.19682    0.20296    0.20830    0.21468
   0.22298    0.22918    0.23262    0.24112    0.24289    0.25207    0.27146    0.27903
   0.45340    0.46373
 kpt#  30, nband= 50, wtk=  0.00926, kpt=  0.5000  0.1667  0.1667 (reduced coord)
  -1.94223   -1.94139   -1.94102   -1.94026   -0.80286   -0.80235   -0.80055   -0.79787
  -0.79637   -0.79562   -0.79220   -0.79143   -0.79045   -0.78964   -0.78938   -0.78852
  -0.37397   -0.34806   -0.34600   -0.34258   -0.33043   -0.31124   -0.30757   -0.30292
   0.08084    0.08372    0.10156    0.10881    0.11309    0.12500    0.13141    0.14052
   0.14757    0.15981    0.16802    0.17651    0.19477    0.19736    0.21540    0.21839
   0.22365    0.22707    0.23268    0.23551    0.24221    0.25349    0.27097    0.27918
   0.45331    0.45706
 kpt#  31, nband= 50, wtk=  0.00926, kpt= -0.3333  0.1667  0.1667 (reduced coord)
  -1.94224   -1.94139   -1.94101   -1.94025   -0.80357   -0.80265   -0.80216   -0.79622
  -0.79536   -0.79493   -0.79313   -0.79165   -0.79122   -0.78982   -0.78836   -0.78787
  -0.37968   -0.34791   -0.34549   -0.34165   -0.32553   -0.31240   -0.30772   -0.30223
   0.07789    0.08258    0.09842    0.10539    0.10997    0.12049    0.13741    0.14455
   0.15146    0.15787    0.16688    0.18319    0.19681    0.20338    0.20791    0.21483
   0.22461    0.22828    0.23257    0.24111    0.24273    0.25195    0.27122    0.27924
   0.45528    0.46390
 kpt#  32, nband= 50, wtk=  0.00926, kpt= -0.1667  0.1667  0.1667 (reduced coord)
  -1.94227   -1.94140   -1.94099   -1.94024   -0.80444   -0.80391   -0.80337   -0.79520
  -0.79466   -0.79397   -0.79262   -0.79195   -0.79128   -0.79008   -0.78778   -0.78712
  -0.38807   -0.34771   -0.34553   -0.34125   -0.31634   -0.31349   -0.30844   -0.30143
   0.07586    0.08099    0.08409    0.09864    0.10781    0.12075    0.14629    0.14947
   0.15550    0.16142    0.16923    0.18037    0.19374    0.20528    0.21111    0.21673
   0.22712    0.22783    0.23527    0.24018    0.24482    0.25431    0.27239    0.27821
   0.45868    0.47015
 kpt#  33, nband= 50, wtk=  0.00926, kpt=  0.0000  0.3333  0.1667 (reduced coord)
  -1.94225   -1.94137   -1.94104   -1.94024   -0.80290   -0.80234   -0.80214   -0.79771
  -0.79472   -0.79335   -0.79300   -0.79254   -0.79095   -0.79049   -0.78880   -0.78795
  -0.38031   -0.35243   -0.34463   -0.34161   -0.31842   -0.31306   -0.30913   -0.30359
   0.08202    0.08792    0.10016    0.10096    0.11720    0.12278    0.13248    0.14027
   0.14691    0.16616    0.16804    0.17591    0.18963    0.19765    0.20448    0.21259
   0.22319    0.22777    0.22972    0.23540    0.25435    0.26428    0.27075    0.27385
   0.45601    0.46721
 kpt#  34, nband= 50, wtk=  0.00926, kpt=  0.1667  0.3333  0.1667 (reduced coord)
  -1.94224   -1.94137   -1.94104   -1.94025   -0.80351   -0.80265   -0.80168   -0.79733
  -0.79555   -0.79431   -0.79245   -0.79160   -0.79113   -0.79037   -0.78838   -0.78798
  -0.37821   -0.35297   -0.34513   -0.34188   -0.31874   -0.31590   -0.30746   -0.30300
   0.08213    0.09260    0.09895    0.10343    0.11710    0.12539    0.13287    0.14220
   0.14574    0.16256    0.16619    0.18018    0.19017    0.19742    0.20118    0.21578
   0.22174    0.22593    0.23031    0.23452    0.25140    0.25853    0.27067    0.27458
   0.45280    0.46293
 kpt#  35, nband= 50, wtk=  0.00926, kpt=  0.3333  0.3333  0.1667 (reduced coord)
  -1.94222   -1.94137   -1.94104   -1.94026   -0.80375   -0.80281   -0.80186   -0.79864
  -0.79591   -0.79356   -0.79287   -0.79114   -0.79040   -0.78969   -0.78856   -0.78786
  -0.37301   -0.35373   -0.34672   -0.34318   -0.32321   -0.31558   -0.30567   -0.30245
   0.08473    0.09541    0.10225    0.10947    0.12031    0.12537    0.13336    0.14029
   0.15000    0.15375    0.16698    0.18648    0.19058    0.19611    0.20457    0.21179
   0.21570    0.22316    0.22957    0.23541    0.24565    0.25080    0.26967    0.27570
   0.44764    0.45823
 kpt#  36, nband= 50, wtk=  0.00926, kpt=  0.5000  0.3333  0.1667 (reduced coord)
  -1.94222   -1.94137   -1.94104   -1.94027   -0.80358   -0.80262   -0.80217   -0.80001
  -0.79558   -0.79360   -0.79226   -0.79161   -0.78954   -0.78920   -0.78871   -0.78826
  -0.36952   -0.35396   -0.34813   -0.34434   -0.32569   -0.31464   -0.30503   -0.30238
   0.08783    0.09556    0.10099    0.11779    0.11922    0.12483    0.13496    0.14004
   0.14709    0.15828    0.16531    0.17948    0.19027    0.20217    0.20725    0.20943
   0.21575    0.22358    0.22721    0.23118    0.24323    0.24789    0.26975    0.27602
   0.44803    0.45467
 kpt#  37, nband= 50, wtk=  0.00926, kpt= -0.3333  0.3333  0.1667 (reduced coord)
  -1.94222   -1.94137   -1.94104   -1.94026   -0.80337   -0.80292   -0.80222   -0.79845
  -0.79573   -0.79372   -0.79315   -0.79107   -0.79046   -0.78937   -0.78896   -0.78763
  -0.37285   -0.35379   -0.34665   -0.34326   -0.32327   -0.31563   -0.30565   -0.30246
   0.08461    0.09558    0.10217    0.10977    0.12083    0.12524    0.13292    0.14021
   0.14973    0.15325    0.16649    0.18696    0.19071    0.19682    0.20422    0.21252
   0.21596    0.22280    0.22976    0.23504    0.24539    0.25077    0.26943    0.27591
   0.44934    0.45835
 kpt#  38, nband= 50, wtk=  0.00926, kpt= -0.1667  0.3333  0.1667 (reduced coord)
  -1.94224   -1.94137   -1.94104   -1.94025   -0.80303   -0.80286   -0.80203   -0.79701
  -0.79550   -0.79438   -0.79283   -0.79170   -0.79121   -0.79002   -0.78862   -0.78775
  -0.37809   -0.35303   -0.34505   -0.34194   -0.31872   -0.31603   -0.30745   -0.30301
   0.08206    0.09276    0.09881    0.10372    0.11747    0.12528    0.13235    0.14243
   0.14512    0.16228    0.16615    0.18036    0.19039    0.19726    0.20195    0.21543
   0.22212    0.22631    0.23056    0.23378    0.25115    0.25869    0.27032    0.27487
   0.45410    0.46280
 kpt#  39, nband= 50, wtk=  0.00926, kpt=  0.0000  0.5000  0.1667 (reduced coord)
  -1.94223   -1.94134   -1.94108   -1.94025   -0.80126   -0.80098   -0.80018   -0.79968
  -0.79578   -0.79521   -0.79256   -0.79245   -0.79048   -0.78993   -0.78959   -0.78917
  -0.36552   -0.36514   -0.34284   -0.34243   -0.31731   -0.31705   -0.30682   -0.30664
   0.08948    0.09111    0.10981    0.11139    0.12126    0.12288    0.13333    0.13629
   0.14242    0.14294    0.17644    0.17746    0.17877    0.17948    0.21724    0.21812
   0.21896    0.22110    0.22923    0.23172    0.26213    0.26262    0.27083    0.27187
   0.45584    0.45864
 kpt#  40, nband= 50, wtk=  0.00926, kpt=  0.1667  0.5000  0.1667 (reduced coord)
  -1.94223   -1.94134   -1.94107   -1.94025   -0.80245   -0.80205   -0.79989   -0.79937
  -0.79610   -0.79555   -0.79166   -0.79134   -0.79048   -0.79025   -0.78937   -0.78872
  -0.36498   -0.36456   -0.34362   -0.34309   -0.31837   -0.31828   -0.30563   -0.30538
   0.09077    0.09215    0.10918    0.11072    0.12365    0.12514    0.13351    0.13568
   0.14655    0.14746    0.16847    0.17056    0.18602    0.18725    0.21087    0.21205
   0.22263    0.22395    0.22872    0.23033    0.25781    0.25818    0.27077    0.27178
   0.45303    0.45452
 kpt#  41, nband= 50, wtk=  0.00926, kpt=  0.3333  0.5000  0.1667 (reduced coord)
  -1.94222   -1.94135   -1.94106   -1.94027   -0.80343   -0.80315   -0.80106   -0.80061
  -0.79503   -0.79469   -0.79161   -0.79111   -0.78988   -0.78967   -0.78869   -0.78819
  -0.36365   -0.36308   -0.34567   -0.34495   -0.31977   -0.31946   -0.30400   -0.30352
   0.09381    0.09492    0.10960    0.11138    0.12326    0.12503    0.13892    0.14023
   0.14904    0.15032    0.16763    0.16918    0.19277    0.19494    0.20559    0.20700
   0.21735    0.21817    0.22976    0.23018    0.24893    0.24990    0.27092    0.27182
   0.44818    0.45043
 kpt#  42, nband= 50, wtk=  0.00926, kpt=  0.5000  0.5000  0.1667 (reduced coord)
  -1.94221   -1.94136   -1.94105   -1.94027   -0.80382   -0.80326   -0.80187   -0.80145
  -0.79408   -0.79380   -0.79232   -0.79185   -0.78910   -0.78869   -0.78863   -0.78821
  -0.36279   -0.36214   -0.34698   -0.34623   -0.32015   -0.31971   -0.30340   -0.30281
   0.09604    0.09706    0.10820    0.11028    0.12679    0.12814    0.13577    0.13653
   0.15328    0.15447    0.16867    0.16954    0.19612    0.19846    0.20347    0.20563
   0.21664    0.21777    0.22512    0.22645    0.24417    0.24582    0.27135    0.27243
   0.44751    0.45105
 kpt#  43, nband= 50, wtk=  0.00926, kpt= -0.3333  0.5000  0.1667 (reduced coord)
  -1.94222   -1.94135   -1.94106   -1.94027   -0.80361   -0.80294   -0.80110   -0.80060
  -0.79514   -0.79458   -0.79155   -0.79118   -0.79001   -0.78949   -0.78852   -0.78841
  -0.36364   -0.36308   -0.34564   -0.34501   -0.31974   -0.31947   -0.30400   -0.30351
   0.09366    0.09508    0.10979    0.11115    0.12357    0.12469    0.13917    0.14000
   0.14938    0.14997    0.16816    0.16867    0.19250    0.19531    0.20486    0.20761
   0.21751    0.21814    0.22932    0.23054    0.24891    0.24990    0.27099    0.27178
   0.44821    0.45028
 kpt#  44, nband= 50, wtk=  0.00926, kpt= -0.1667  0.5000  0.1667 (reduced coord)
  -1.94223   -1.94134   -1.94107   -1.94025   -0.80254   -0.80195   -0.80000   -0.79927
  -0.79604   -0.79560   -0.79170   -0.79141   -0.79056   -0.78998   -0.78917   -0.78901
  -0.36498   -0.36455   -0.34360   -0.34313   -0.31843   -0.31821   -0.30562   -0.30538
   0.09062    0.09231    0.10936    0.11053    0.12345    0.12531    0.13363    0.13554
   0.14662    0.14737    0.16884    0.17025    0.18602    0.18717    0.21109    0.21197
   0.22248    0.22420    0.22848    0.23042    0.25766    0.25830    0.27096    0.27162
   0.45264    0.45491
 kpt#  45, nband= 50, wtk=  0.00926, kpt=  0.0000 -0.3333  0.1667 (reduced coord)
  -1.94225   -1.94137   -1.94104   -1.94024   -0.80329   -0.80224   -0.80193   -0.79760
  -0.79455   -0.79338   -0.79295   -0.79242   -0.79106   -0.79045   -0.78868   -0.78833
  -0.38028   -0.35237   -0.34434   -0.34143   -0.31848   -0.31310   -0.30925   -0.30405
   0.08218    0.08854    0.10053    0.10150    0.11679    0.12347    0.13229    0.14007
   0.14617    0.16520    0.16666    0.17699    0.18978    0.19825    0.20332    0.21401
   0.22252    0.22670    0.23031    0.23611    0.25456    0.26398    0.27020    0.27424
   0.45567    0.47059
 kpt#  46, nband= 50, wtk=  0.00926, kpt=  0.1667 -0.3333  0.1667 (reduced coord)
  -1.94224   -1.94137   -1.94104   -1.94025   -0.80342   -0.80270   -0.80184   -0.79704
  -0.79525   -0.79450   -0.79249   -0.79162   -0.79115   -0.79043   -0.78871   -0.78781
  -0.37805   -0.35291   -0.34483   -0.34179   -0.31883   -0.31600   -0.30765   -0.30337
   0.08223    0.09320    0.09922    0.10417    0.11764    0.12480    0.13263    0.14153
   0.14568    0.16152    0.16559    0.18089    0.19072    0.19749    0.20110    0.21509
   0.22202    0.22539    0.23116    0.23435    0.25167    0.25837    0.26958    0.27531
   0.45408    0.46333
 kpt#  47, nband= 50, wtk=  0.00926, kpt=  0.3333 -0.3333  0.1667 (reduced coord)
  -1.94222   -1.94137   -1.94104   -1.94026   -0.80363   -0.80289   -0.80204   -0.79848
  -0.79549   -0.79383   -0.79297   -0.79085   -0.79045   -0.78965   -0.78917   -0.78763
  -0.37280   -0.35362   -0.34648   -0.34312   -0.32330   -0.31579   -0.30607   -0.30248
   0.08456    0.09630    0.10254    0.10977    0.12133    0.12452    0.13279    0.13943
   0.15097    0.15319    0.16639    0.18744    0.19060    0.19719    0.20381    0.21116
   0.21574    0.22345    0.22914    0.23509    0.24493    0.25135    0.26868    0.27611
   0.45015    0.45825
 kpt#  48, nband= 50, wtk=  0.00926, kpt=  0.5000 -0.3333  0.1667 (reduced coord)
  -1.94222   -1.94137   -1.94104   -1.94027   -0.80380   -0.80259   -0.80208   -0.79993
  -0.79537   -0.79363   -0.79232   -0.79143   -0.78949   -0.78908   -0.78889   -0.78854
  -0.36947   -0.35377   -0.34803   -0.34413   -0.32570   -0.31497   -0.30553   -0.30217
   0.08755    0.09653    0.10138    0.11777    0.11833    0.12521    0.13422    0.14043
   0.14726    0.15874    0.16550    0.18081    0.18995    0.20176    0.20741    0.20825
   0.21578    0.22381    0.22686    0.23047    0.24374    0.24742    0.26904    0.27600
   0.44957    0.45454
 kpt#  49, nband= 50, wtk=  0.00926, kpt= -0.3333 -0.3333  0.1667 (reduced coord)
  -1.94222   -1.94137   -1.94104   -1.94026   -0.80401   -0.80255   -0.80198   -0.79859
  -0.79573   -0.79364   -0.79263   -0.79111   -0.79018   -0.78982   -0.78896   -0.78787
  -0.37296   -0.35356   -0.34654   -0.34307   -0.32323   -0.31575   -0.30608   -0.30247
   0.08467    0.09610    0.10261    0.10951    0.12064    0.12482    0.13329    0.13957
   0.15119    0.15354    0.16691    0.18700    0.19053    0.19641    0.20427    0.21010
   0.21592    0.22377    0.22884    0.23534    0.24526    0.25140    0.26892    0.27590
   0.44838    0.45807
 kpt#  50, nband= 50, wtk=  0.00926, kpt= -0.1667 -0.3333  0.1667 (reduced coord)
  -1.94224   -1.94137   -1.94104   -1.94025   -0.80377   -0.80243   -0.80176   -0.79722
  -0.79522   -0.79458   -0.79220   -0.79143   -0.79101   -0.79067   -0.78859   -0.78807
  -0.37817   -0.35285   -0.34490   -0.34176   -0.31886   -0.31586   -0.30766   -0.30336
   0.08228    0.09304    0.09941    0.10387    0.11731    0.12484    0.13307    0.14155
   0.14613    0.16175    0.16562    0.18079    0.19041    0.19791    0.20022    0.21505
   0.22217    0.22531    0.23052    0.23498    0.25193    0.25822    0.26993    0.27504
   0.45270    0.46352
 kpt#  51, nband= 50, wtk=  0.00926, kpt=  0.0000 -0.1667  0.1667 (reduced coord)
  -1.94228   -1.94141   -1.94098   -1.94023   -0.80519   -0.80409   -0.80381   -0.79575
  -0.79387   -0.79302   -0.79279   -0.79215   -0.79083   -0.78946   -0.78768   -0.78746
  -0.39148   -0.34690   -0.34592   -0.34133   -0.31452   -0.31061   -0.30968   -0.30174
   0.07510    0.07739    0.08166    0.09881    0.11057    0.11202    0.14930    0.15203
   0.15785    0.16114    0.17394    0.18463    0.18755    0.20712    0.20968    0.21776
   0.22284    0.23098    0.23425    0.23975    0.24554    0.26256    0.27182    0.27702
   0.45878    0.46657
 kpt#  52, nband= 50, wtk=  0.00926, kpt=  0.1667 -0.1667  0.1667 (reduced coord)
  -1.94227   -1.94140   -1.94099   -1.94024   -0.80472   -0.80386   -0.80316   -0.79531
  -0.79453   -0.79377   -0.79268   -0.79192   -0.79092   -0.79040   -0.78797   -0.78716
  -0.38804   -0.34737   -0.34548   -0.34113   -0.31653   -0.31349   -0.30848   -0.30185
   0.07608    0.08101    0.08437    0.09968    0.10755    0.12048    0.14614    0.14968
   0.15498    0.16096    0.16923    0.18057    0.19352    0.20590    0.21176    0.21471
   0.22643    0.22861    0.23535    0.23999    0.24578    0.25414    0.27191    0.27832
   0.45939    0.46889
 kpt#  53, nband= 50, wtk=  0.00926, kpt=  0.3333 -0.1667  0.1667 (reduced coord)
  -1.94224   -1.94139   -1.94101   -1.94025   -0.80369   -0.80289   -0.80182   -0.79632
  -0.79537   -0.79468   -0.79302   -0.79135   -0.79118   -0.79028   -0.78858   -0.78780
  -0.37963   -0.34763   -0.34542   -0.34147   -0.32568   -0.31251   -0.30796   -0.30241
   0.07781    0.08315    0.09832    0.10575    0.11036    0.12000    0.13779    0.14391
   0.15159    0.15805    0.16713    0.18342    0.19688    0.20353    0.20830    0.21271
   0.22442    0.22963    0.23199    0.24098    0.24193    0.25254    0.27073    0.27924
   0.45600    0.46354
 kpt#  54, nband= 50, wtk=  0.00926, kpt=  0.5000 -0.1667  0.1667 (reduced coord)
  -1.94223   -1.94139   -1.94102   -1.94026   -0.80300   -0.80242   -0.80038   -0.79791
  -0.79615   -0.79556   -0.79210   -0.79138   -0.79038   -0.78990   -0.78922   -0.78885
  -0.37390   -0.34800   -0.34581   -0.34222   -0.33066   -0.31147   -0.30791   -0.30290
   0.08071    0.08429    0.10170    0.10894    0.11245    0.12559    0.13181    0.13986
   0.14738    0.16071    0.16770    0.17749    0.19511    0.19655    0.21588    0.21721
   0.22384    0.22662    0.23156    0.23609    0.24228    0.25344    0.27042    0.27908
   0.45452    0.45715
 kpt#  55, nband= 50, wtk=  0.00926, kpt= -0.3333 -0.1667  0.1667 (reduced coord)
  -1.94224   -1.94139   -1.94101   -1.94025   -0.80402   -0.80252   -0.80187   -0.79660
  -0.79550   -0.79440   -0.79279   -0.79142   -0.79086   -0.79045   -0.78851   -0.78802
  -0.37974   -0.34759   -0.34556   -0.34137   -0.32562   -0.31245   -0.30795   -0.30242
   0.07837    0.08249    0.09819    0.10587    0.11001    0.12030    0.13768    0.14435
   0.15163    0.15781    0.16787    0.18316    0.19684    0.20300    0.20865    0.21306
   0.22256    0.23058    0.23196    0.24086    0.24215    0.25274    0.27094    0.27904
   0.45414    0.46307
 kpt#  56, nband= 50, wtk=  0.00926, kpt= -0.1667 -0.1667  0.1667 (reduced coord)
  -1.94227   -1.94140   -1.94099   -1.94024   -0.80497   -0.80352   -0.80330   -0.79536
  -0.79472   -0.79375   -0.79247   -0.79173   -0.79084   -0.79048   -0.78788   -0.78738
  -0.38812   -0.34735   -0.34558   -0.34107   -0.31651   -0.31341   -0.30846   -0.30185
   0.07648    0.08082    0.08404    0.09958    0.10744    0.12063    0.14655    0.14931
   0.15568    0.16092    0.16903    0.18064    0.19343    0.20613    0.21173    0.21448
   0.22568    0.22889    0.23514    0.23961    0.24647    0.25415    0.27223    0.27806
   0.45817    0.46860
 kpt#  57, nband= 50, wtk=  0.00926, kpt=  0.0000  0.0000  0.3333 (reduced coord)
  -1.94225   -1.94145   -1.94095   -1.94025   -0.80367   -0.80292   -0.80216   -0.79691
  -0.79581   -0.79350   -0.79313   -0.79184   -0.79056   -0.79007   -0.78815   -0.78785
  -0.38372   -0.35340   -0.34317   -0.34057   -0.31603   -0.31225   -0.31041   -0.30410
   0.07898    0.08335    0.09386    0.10931    0.11612    0.11985    0.12995    0.14320
   0.14465    0.17305    0.17895    0.18067    0.18681    0.19495    0.20276    0.21767
   0.22044    0.23457    0.23513    0.24286    0.25022    0.25878    0.26232    0.26903
   0.46819    0.47124
 kpt#  58, nband= 50, wtk=  0.00926, kpt=  0.1667  0.0000  0.3333 (reduced coord)
  -1.94224   -1.94143   -1.94097   -1.94025   -0.80345   -0.80278   -0.80165   -0.79681
  -0.79623   -0.79385   -0.79293   -0.79195   -0.79064   -0.79014   -0.78860   -0.78775
  -0.38089   -0.35322   -0.34307   -0.34040   -0.31792   -0.31392   -0.31021   -0.30417
   0.07859    0.09024    0.09432    0.10298    0.11613    0.12506    0.13446    0.14375
   0.14758    0.16656    0.16996    0.18252    0.18956    0.19406    0.20680    0.21323
   0.22249    0.23229    0.23442    0.24247    0.24767    0.25480    0.26396    0.26970
   0.46608    0.47083
 kpt#  59, nband= 50, wtk=  0.00926, kpt=  0.3333  0.0000  0.3333 (reduced coord)
  -1.94222   -1.94140   -1.94100   -1.94026   -0.80322   -0.80204   -0.80031   -0.79774
  -0.79634   -0.79488   -0.79320   -0.79122   -0.79044   -0.79021   -0.78965   -0.78798
  -0.37405   -0.35299   -0.34238   -0.34068   -0.32494   -0.31490   -0.30937   -0.30469
   0.08066    0.09024    0.10040    0.11201    0.11502    0.12369    0.13601    0.14634
   0.14993    0.16158    0.16738    0.17949    0.18531    0.19644    0.20438    0.21318
   0.22228    0.22369    0.23741    0.24060    0.24416    0.25350    0.26183    0.27220
   0.45862    0.46359
 kpt#  60, nband= 50, wtk=  0.00926, kpt=  0.5000  0.0000  0.3333 (reduced coord)
  -1.94222   -1.94139   -1.94102   -1.94027   -0.80309   -0.80153   -0.79917   -0.79796
  -0.79755   -0.79533   -0.79285   -0.79109   -0.79055   -0.79041   -0.78932   -0.78861
  -0.36956   -0.35296   -0.34182   -0.34153   -0.32913   -0.31515   -0.30888   -0.30506
   0.08303    0.08834    0.10317    0.11541    0.11800    0.12831    0.13044    0.14470
   0.15293    0.16359    0.16679    0.17294    0.18405    0.19252    0.20279    0.21383
   0.22240    0.22803    0.23489    0.23582    0.24820    0.25361    0.25768    0.27334
   0.45465    0.45855
 kpt#  61, nband= 50, wtk=  0.00926, kpt= -0.3333  0.0000  0.3333 (reduced coord)
  -1.94222   -1.94140   -1.94100   -1.94026   -0.80321   -0.80208   -0.80030   -0.79776
  -0.79626   -0.79487   -0.79326   -0.79124   -0.79069   -0.78980   -0.78965   -0.78810
  -0.37406   -0.35299   -0.34239   -0.34067   -0.32494   -0.31490   -0.30936   -0.30469
   0.08066    0.09022    0.10037    0.11192    0.11513    0.12378    0.13600    0.14640
   0.14984    0.16169    0.16730    0.17936    0.18527    0.19657    0.20435    0.21331
   0.22203    0.22383    0.23734    0.24055    0.24423    0.25353    0.26183    0.27221
   0.45850    0.46338
 kpt#  62, nband= 50, wtk=  0.00926, kpt= -0.1667  0.0000  0.3333 (reduced coord)
  -1.94224   -1.94143   -1.94097   -1.94025   -0.80355   -0.80259   -0.80176   -0.79668
  -0.79638   -0.79376   -0.79296   -0.79198   -0.79078   -0.78997   -0.78851   -0.78787
  -0.38090   -0.35321   -0.34307   -0.34040   -0.31793   -0.31392   -0.31021   -0.30417
   0.07859    0.09026    0.09430    0.10294    0.11605    0.12513    0.13450    0.14403
   0.14734    0.16665    0.16994    0.18244    0.18952    0.19407    0.20683    0.21321
   0.22252    0.23227    0.23433    0.24253    0.24763    0.25483    0.26403    0.26967
   0.46605    0.47072
 kpt#  63, nband= 50, wtk=  0.00926, kpt=  0.0000  0.1667  0.3333 (reduced coord)
  -1.94224   -1.94143   -1.94098   -1.94025   -0.80312   -0.80254   -0.80195   -0.79787
  -0.79546   -0.79337   -0.79283   -0.79257   -0.79097   -0.78998   -0.78855   -0.78756
  -0.38061   -0.35274   -0.34450   -0.34184   -0.31479   -0.31445   -0.31056   -0.30455
   0.08607    0.08666    0.09669    0.10925    0.11652    0.12006    0.12955    0.14352
   0.14783    0.16331    0.17492    0.18563    0.18710    0.18997    0.20610    0.21883
   0.22228    0.22589    0.23234    0.24102    0.24791    0.25732    0.26231    0.26772
   0.46481    0.47171
 kpt#  64, nband= 50, wtk=  0.00926, kpt=  0.1667  0.1667  0.3333 (reduced coord)
  -1.94223   -1.94142   -1.94099   -1.94026   -0.80367   -0.80275   -0.80153   -0.79743
  -0.79574   -0.79405   -0.79275   -0.79202   -0.79095   -0.78992   -0.78829   -0.78777
  -0.37836   -0.35307   -0.34519   -0.34191   -0.31728   -0.31371   -0.31046   -0.30408
   0.08415    0.09320    0.09793    0.10461    0.11734    0.12367    0.13400    0.14456
   0.14806    0.16063    0.16653    0.18322    0.18904    0.19883    0.20864    0.21393
   0.22165    0.22641    0.23128    0.23919    0.24293    0.25414    0.26346    0.26901
   0.45993    0.47197
 kpt#  65, nband= 50, wtk=  0.00926, kpt=  0.3333  0.1667  0.3333 (reduced coord)
  -1.94222   -1.94139   -1.94101   -1.94027   -0.80393   -0.80283   -0.80153   -0.79846
  -0.79577   -0.79352   -0.79268   -0.79114   -0.79073   -0.78964   -0.78880   -0.78808
  -0.37281   -0.35358   -0.34633   -0.34344   -0.32214   -0.31247   -0.30931   -0.30399
   0.08553    0.09322    0.10342    0.11108    0.11845    0.12326    0.13804    0.14196
   0.14806    0.16225    0.16335    0.18099    0.18941    0.20089    0.20298    0.21570
   0.21942    0.22643    0.22891    0.23691    0.23893    0.25364    0.25915    0.27126
   0.45227    0.46239
 kpt#  66, nband= 50, wtk=  0.00926, kpt=  0.5000  0.1667  0.3333 (reduced coord)
  -1.94221   -1.94138   -1.94103   -1.94027   -0.80374   -0.80280   -0.80153   -0.79977
  -0.79517   -0.79408   -0.79150   -0.79073   -0.79019   -0.78997   -0.78924   -0.78849
  -0.36906   -0.35392   -0.34647   -0.34563   -0.32440   -0.31172   -0.30859   -0.30429
   0.08786    0.09142    0.10573    0.11420    0.11737    0.12958    0.13514    0.14372
   0.14576    0.16435    0.16548    0.17427    0.18826    0.19610    0.20860    0.21070
   0.22185    0.22557    0.22993    0.23465    0.23990    0.25327    0.25645    0.27186
   0.45060    0.45453
 kpt#  67, nband= 50, wtk=  0.00926, kpt= -0.3333  0.1667  0.3333 (reduced coord)
  -1.94222   -1.94139   -1.94101   -1.94027   -0.80361   -0.80283   -0.80197   -0.79821
  -0.79558   -0.79375   -0.79290   -0.79131   -0.79068   -0.78944   -0.78856   -0.78826
  -0.37270   -0.35355   -0.34616   -0.34366   -0.32223   -0.31236   -0.30946   -0.30397
   0.08547    0.09337    0.10322    0.11109    0.11851    0.12384    0.13785    0.14136
   0.14853    0.16148    0.16303    0.18150    0.18979    0.20060    0.20314    0.21582
   0.21962    0.22632    0.22848    0.23766    0.23878    0.25364    0.25867    0.27154
   0.45381    0.46138
 kpt#  68, nband= 50, wtk=  0.00926, kpt= -0.1667  0.1667  0.3333 (reduced coord)
  -1.94223   -1.94142   -1.94099   -1.94026   -0.80333   -0.80279   -0.80192   -0.79709
  -0.79569   -0.79443   -0.79262   -0.79216   -0.79110   -0.78968   -0.78831   -0.78776
  -0.37828   -0.35302   -0.34507   -0.34205   -0.31743   -0.31358   -0.31059   -0.30406
   0.08416    0.09343    0.09761    0.10497    0.11664    0.12449    0.13378    0.14425
   0.14806    0.16091    0.16613    0.18339    0.18870    0.19864    0.20856    0.21437
   0.22264    0.22578    0.23134    0.23954    0.24250    0.25460    0.26289    0.26915
   0.46098    0.47277
 kpt#  69, nband= 50, wtk=  0.00926, kpt=  0.0000  0.3333  0.3333 (reduced coord)
  -1.94222   -1.94138   -1.94103   -1.94026   -0.80225   -0.80138   -0.80109   -0.79938
  -0.79525   -0.79435   -0.79376   -0.79206   -0.79062   -0.78975   -0.78950   -0.78779
  -0.37210   -0.35070   -0.35002   -0.34444   -0.31660   -0.31252   -0.31215   -0.30632
   0.09584    0.10241    0.10398    0.11114    0.11760    0.12315    0.13066    0.13279
   0.15258    0.16011    0.16739    0.17438    0.18555    0.19686    0.20411    0.20918
   0.20987    0.22883    0.22984    0.23509    0.24981    0.25573    0.26205    0.26455
   0.45993    0.46889
 kpt#  70, nband= 50, wtk=  0.00926, kpt=  0.1667  0.3333  0.3333 (reduced coord)
  -1.94222   -1.94138   -1.94103   -1.94027   -0.80360   -0.80256   -0.80164   -0.79917
  -0.79491   -0.79417   -0.79257   -0.79152   -0.79045   -0.78970   -0.78891   -0.78786
  -0.37124   -0.35220   -0.35106   -0.34557   -0.31647   -0.31320   -0.30992   -0.30503
   0.09546    0.10110    0.10697    0.11188    0.11814    0.12425    0.13208    0.13701
   0.15010    0.15878    0.16312    0.17955    0.18808    0.19737    0.20501    0.20866
   0.21554    0.22403    0.22833    0.23082    0.24583    0.25390    0.26206    0.26577
   0.45495    0.46643
 kpt#  71, nband= 50, wtk=  0.00926, kpt=  0.3333  0.3333  0.3333 (reduced coord)
  -1.94221   -1.94137   -1.94104   -1.94027   -0.80469   -0.80391   -0.80309   -0.80118
  -0.79351   -0.79222   -0.79161   -0.79070   -0.79033   -0.78918   -0.78840   -0.78802
  -0.36881   -0.35441   -0.35347   -0.34885   -0.31718   -0.31065   -0.30752   -0.30353
   0.09573    0.10116    0.11201    0.11296    0.11930    0.12518    0.13100    0.14114
   0.14572    0.16398    0.16747    0.18096    0.18918    0.19790    0.20456    0.20820
   0.21414    0.21987    0.22537    0.23075    0.24034    0.25255    0.25708    0.26705
   0.44746    0.46094
 kpt#  72, nband= 50, wtk=  0.00926, kpt=  0.5000  0.3333  0.3333 (reduced coord)
  -1.94221   -1.94137   -1.94104   -1.94028   -0.80475   -0.80440   -0.80374   -0.80253
  -0.79275   -0.79202   -0.79070   -0.79047   -0.78950   -0.78912   -0.78866   -0.78808
  -0.36693   -0.35537   -0.35484   -0.35110   -0.31734   -0.30900   -0.30659   -0.30315
   0.09796    0.10018    0.11237    0.11501    0.11828    0.12600    0.13088    0.13971
   0.14878    0.16835    0.17101    0.17535    0.19309    0.19662    0.20308    0.20828
   0.21321    0.21706    0.22664    0.22854    0.23861    0.25270    0.25400    0.26772
   0.44668    0.45170
 kpt#  73, nband= 50, wtk=  0.00926, kpt= -0.3333  0.3333  0.3333 (reduced coord)
  -1.94221   -1.94137   -1.94104   -1.94027   -0.80418   -0.80392   -0.80370   -0.80103
  -0.79307   -0.79248   -0.79200   -0.79083   -0.79023   -0.78892   -0.78863   -0.78785
  -0.36862   -0.35475   -0.35307   -0.34902   -0.31723   -0.31071   -0.30751   -0.30352
   0.09566    0.10149    0.11161    0.11296    0.11935    0.12572    0.13072    0.14087
   0.14615    0.16306    0.16720    0.18108    0.18997    0.19730    0.20461    0.20805
   0.21489    0.21997    0.22579    0.23068    0.23989    0.25285    0.25648    0.26732
   0.44882    0.46059
 kpt#  74, nband= 50, wtk=  0.00926, kpt= -0.1667  0.3333  0.3333 (reduced coord)
  -1.94222   -1.94138   -1.94103   -1.94027   -0.80304   -0.80271   -0.80223   -0.79886
  -0.79496   -0.79405   -0.79282   -0.79154   -0.79069   -0.78938   -0.78896   -0.78782
  -0.37109   -0.35251   -0.35067   -0.34569   -0.31650   -0.31336   -0.30986   -0.30501
   0.09553    0.10139    0.10672    0.11192    0.11769    0.12491    0.13150    0.13754
   0.14960    0.15843    0.16324    0.17975    0.18813    0.19683    0.20489    0.20909
   0.21571    0.22440    0.22837    0.23109    0.24542    0.25433    0.26168    0.26573
   0.45602    0.46672
 kpt#  75, nband= 50, wtk=  0.00926, kpt=  0.0000  0.5000  0.3333 (reduced coord)
  -1.94221   -1.94136   -1.94106   -1.94027   -0.80132   -0.80106   -0.80046   -0.80017
  -0.79563   -0.79523   -0.79297   -0.79275   -0.79029   -0.78971   -0.78910   -0.78872
  -0.36075   -0.36044   -0.34763   -0.34737   -0.31545   -0.31514   -0.30939   -0.30913
   0.10493    0.10669    0.11270    0.11409    0.11593    0.11736    0.14136    0.14218
   0.14379    0.14471    0.16892    0.17038    0.18573    0.18659    0.20047    0.20211
   0.21951    0.22145    0.23159    0.23301    0.25644    0.25732    0.25883    0.25981
   0.45976    0.46208
 kpt#  76, nband= 50, wtk=  0.00926, kpt=  0.1667  0.5000  0.3333 (reduced coord)
  -1.94221   -1.94136   -1.94105   -1.94027   -0.80314   -0.80260   -0.80141   -0.80070
  -0.79459   -0.79421   -0.79174   -0.79144   -0.78995   -0.78972   -0.78919   -0.78848
  -0.36141   -0.36100   -0.34938   -0.34894   -0.31481   -0.31459   -0.30754   -0.30738
   0.10387    0.10507    0.11121    0.11269    0.12160    0.12277    0.13838    0.13932
   0.14742    0.14915    0.16753    0.16899    0.18976    0.19017    0.20296    0.20399
   0.21656    0.21751    0.22980    0.23070    0.25276    0.25346    0.26049    0.26181
   0.45664    0.45795
 kpt#  77, nband= 50, wtk=  0.00926, kpt=  0.3333  0.5000  0.3333 (reduced coord)
  -1.94221   -1.94136   -1.94105   -1.94028   -0.80476   -0.80439   -0.80334   -0.80287
  -0.79254   -0.79224   -0.79076   -0.79029   -0.78940   -0.78925   -0.78885   -0.78804
  -0.36235   -0.36175   -0.35298   -0.35235   -0.31313   -0.31266   -0.30486   -0.30459
   0.10444    0.10511    0.11194    0.11374    0.12254    0.12420    0.13444    0.13489
   0.15531    0.15735    0.17205    0.17343    0.19261    0.19296    0.20179    0.20378
   0.21208    0.21336    0.22602    0.22691    0.24925    0.24982    0.25972    0.26103
   0.45078    0.45297
 kpt#  78, nband= 50, wtk=  0.00926, kpt=  0.5000  0.5000  0.3333 (reduced coord)
  -1.94220   -1.94136   -1.94105   -1.94028   -0.80527   -0.80488   -0.80431   -0.80396
  -0.79154   -0.79134   -0.79079   -0.79050   -0.78894   -0.78858   -0.78840   -0.78800
  -0.36254   -0.36193   -0.35488   -0.35419   -0.31212   -0.31155   -0.30384   -0.30338
   0.10595    0.10686    0.11195    0.11382    0.12312    0.12486    0.13045    0.13075
   0.16130    0.16291    0.17592    0.17766    0.19288    0.19405    0.19748    0.20023
   0.21430    0.21627    0.22099    0.22269    0.24674    0.24778    0.26040    0.26130
   0.44880    0.45311
 kpt#  79, nband= 50, wtk=  0.00926, kpt= -0.3333  0.5000  0.3333 (reduced coord)
  -1.94221   -1.94136   -1.94105   -1.94028   -0.80486   -0.80427   -0.80336   -0.80287
  -0.79265   -0.79209   -0.79075   -0.79038   -0.78969   -0.78883   -0.78857   -0.78841
  -0.36229   -0.36179   -0.35298   -0.35237   -0.31302   -0.31277   -0.30492   -0.30453
   0.10425    0.10532    0.11251    0.11308    0.12249    0.12425    0.13421    0.13520
   0.15524    0.15736    0.17222    0.17333    0.19193    0.19359    0.20171    0.20382
   0.21209    0.21355    0.22543    0.22739    0.24906    0.24989    0.26008    0.26079
   0.45089    0.45275
 kpt#  80, nband= 50, wtk=  0.00926, kpt= -0.1667  0.5000  0.3333 (reduced coord)
  -1.94221   -1.94136   -1.94105   -1.94027   -0.80319   -0.80258   -0.80133   -0.80076
  -0.79463   -0.79412   -0.79178   -0.79146   -0.79020   -0.78931   -0.78900   -0.78881
  -0.36138   -0.36102   -0.34936   -0.34899   -0.31483   -0.31457   -0.30754   -0.30738
   0.10382    0.10514    0.11164    0.11218    0.12182    0.12262    0.13829    0.13929
   0.14739    0.14924    0.16785    0.16872    0.18966    0.19020    0.20271    0.20430
   0.21627    0.21788    0.22946    0.23095    0.25217    0.25401    0.26078    0.26156
   0.45641    0.45818
 kpt#  81, nband= 50, wtk=  0.00926, kpt=  0.0000 -0.3333  0.3333 (reduced coord)
  -1.94222   -1.94138   -1.94103   -1.94026   -0.80264   -0.80147   -0.80074   -0.79920
  -0.79519   -0.79427   -0.79364   -0.79228   -0.79040   -0.79005   -0.78911   -0.78821
  -0.37210   -0.35049   -0.34995   -0.34414   -0.31671   -0.31254   -0.31223   -0.30681
   0.09660    0.10266    0.10454    0.11191    0.11675    0.12356    0.13027    0.13327
   0.15096    0.15898    0.16990    0.17235    0.18560    0.19766    0.20324    0.20879
   0.20966    0.22819    0.23059    0.23567    0.25037    0.25530    0.26145    0.26513
   0.45905    0.47032
 kpt#  82, nband= 50, wtk=  0.00926, kpt=  0.1667 -0.3333  0.3333 (reduced coord)
  -1.94222   -1.94138   -1.94103   -1.94027   -0.80342   -0.80256   -0.80207   -0.79876
  -0.79500   -0.79387   -0.79264   -0.79162   -0.79054   -0.78981   -0.78866   -0.78811
  -0.37108   -0.35223   -0.35065   -0.34551   -0.31651   -0.31329   -0.31012   -0.30542
   0.09592    0.10173    0.10717    0.11274    0.11766    0.12381    0.13196    0.13830
   0.14835    0.15806    0.16328    0.18032    0.18721    0.19695    0.20542    0.20844
   0.21483    0.22273    0.22871    0.23273    0.24610    0.25351    0.26147    0.26631
   0.45565    0.46770
 kpt#  83, nband= 50, wtk=  0.00926, kpt=  0.3333 -0.3333  0.3333 (reduced coord)
  -1.94221   -1.94137   -1.94104   -1.94027   -0.80449   -0.80388   -0.80349   -0.80098
  -0.79286   -0.79271   -0.79162   -0.79060   -0.79027   -0.78940   -0.78870   -0.78787
  -0.36858   -0.35447   -0.35293   -0.34908   -0.31704   -0.31087   -0.30790   -0.30367
   0.09538    0.10249    0.11198    0.11319    0.11969    0.12474    0.13067    0.14056
   0.14677    0.16344    0.16727    0.18141    0.18977    0.19698    0.20503    0.20855
   0.21215    0.22001    0.22508    0.23152    0.24009    0.25244    0.25613    0.26778
   0.44936    0.46062
 kpt#  84, nband= 50, wtk=  0.00926, kpt=  0.5000 -0.3333  0.3333 (reduced coord)
  -1.94221   -1.94137   -1.94104   -1.94028   -0.80495   -0.80438   -0.80368   -0.80242
  -0.79259   -0.79197   -0.79073   -0.79030   -0.78933   -0.78900   -0.78877   -0.78862
  -0.36689   -0.35507   -0.35458   -0.35132   -0.31709   -0.30939   -0.30701   -0.30306
   0.09735    0.10116    0.11298    0.11543    0.11876    0.12522    0.12974    0.13915
   0.14986    0.17009    0.17101    0.17587    0.19278    0.19690    0.20254    0.20609
   0.21423    0.21586    0.22613    0.22880    0.23911    0.25241    0.25329    0.26788
   0.44801    0.45193
 kpt#  85, nband= 50, wtk=  0.00926, kpt= -0.3333 -0.3333  0.3333 (reduced coord)
  -1.94221   -1.94137   -1.94104   -1.94027   -0.80490   -0.80369   -0.80323   -0.80106
  -0.79334   -0.79237   -0.79138   -0.79049   -0.79015   -0.78944   -0.78863   -0.78818
  -0.36877   -0.35417   -0.35330   -0.34893   -0.31698   -0.31082   -0.30791   -0.30367
   0.09548    0.10206    0.11223    0.11347    0.11965    0.12407    0.13102    0.14093
   0.14623    0.16422    0.16767    0.18134    0.18891    0.19767    0.20460    0.20911
   0.21153    0.21982    0.22469    0.23137    0.24051    0.25215    0.25684    0.26752
   0.44795    0.46076
 kpt#  86, nband= 50, wtk=  0.00926, kpt= -0.1667 -0.3333  0.3333 (reduced coord)
  -1.94222   -1.94138   -1.94103   -1.94027   -0.80383   -0.80239   -0.80174   -0.79899
  -0.79492   -0.79400   -0.79239   -0.79160   -0.79035   -0.78984   -0.78871   -0.78830
  -0.37122   -0.35194   -0.35100   -0.34542   -0.31647   -0.31313   -0.31018   -0.30543
   0.09588    0.10137    0.10747    0.11269    0.11818    0.12308    0.13256    0.13760
   0.14891    0.15850    0.16311    0.18017    0.18711    0.19756    0.20543    0.20820
   0.21451    0.22251    0.22865    0.23236    0.24646    0.25309    0.26202    0.26624
   0.45455    0.46776
 kpt#  87, nband= 50, wtk=  0.00926, kpt=  0.0000 -0.1667  0.3333 (reduced coord)
  -1.94224   -1.94143   -1.94098   -1.94025   -0.80362   -0.80209   -0.80195   -0.79769
  -0.79543   -0.79354   -0.79288   -0.79242   -0.79070   -0.79009   -0.78844   -0.78793
  -0.38062   -0.35252   -0.34443   -0.34146   -0.31513   -0.31475   -0.31032   -0.30494
   0.08626    0.08717    0.09722    0.10998    0.11613    0.11987    0.12938    0.14380
   0.14668    0.16316    0.17675    0.18452    0.18678    0.18860    0.20600    0.21881
   0.22198    0.22737    0.23224    0.24000    0.24862    0.25734    0.26233    0.26774
   0.46507    0.47194
 kpt#  88, nband= 50, wtk=  0.00926, kpt=  0.1667 -0.1667  0.3333 (reduced coord)
  -1.94223   -1.94142   -1.94099   -1.94026   -0.80368   -0.80259   -0.80181   -0.79692
  -0.79572   -0.79446   -0.79257   -0.79201   -0.79097   -0.78988   -0.78848   -0.78780
  -0.37827   -0.35280   -0.34498   -0.34177   -0.31760   -0.31387   -0.31048   -0.30442
   0.08440    0.09362    0.09824    0.10536    0.11680    0.12350    0.13444    0.14435
   0.14732    0.16114    0.16634    0.18302    0.18794    0.19897    0.20761    0.21512
   0.22230    0.22489    0.23148    0.23932    0.24351    0.25480    0.26264    0.26920
   0.46138    0.47167
 kpt#  89, nband= 50, wtk=  0.00926, kpt=  0.3333 -0.1667  0.3333 (reduced coord)
  -1.94222   -1.94139   -1.94101   -1.94027   -0.80380   -0.80279   -0.80187   -0.79823
  -0.79538   -0.79386   -0.79260   -0.79118   -0.79056   -0.78977   -0.78906   -0.78802
  -0.37265   -0.35335   -0.34601   -0.34355   -0.32220   -0.31273   -0.30955   -0.30416
   0.08557    0.09362    0.10349    0.11142    0.11877    0.12337    0.13796    0.14137
   0.14817    0.16160    0.16414    0.18097    0.18952    0.19986    0.20386    0.21641
   0.21866    0.22446    0.22935    0.23712    0.23917    0.25358    0.25873    0.27162
   0.45426    0.46206
 kpt#  90, nband= 50, wtk=  0.00926, kpt=  0.5000 -0.1667  0.3333 (reduced coord)
  -1.94221   -1.94138   -1.94103   -1.94027   -0.80385   -0.80283   -0.80150   -0.79971
  -0.79503   -0.79388   -0.79150   -0.79056   -0.79026   -0.78998   -0.78940   -0.78870
  -0.36900   -0.35372   -0.34622   -0.34568   -0.32433   -0.31211   -0.30883   -0.30430
   0.08835    0.09113    0.10573    0.11440    0.11781    0.12920    0.13571    0.14321
   0.14543    0.16541    0.16639    0.17447    0.18711    0.19645    0.20661    0.21235
   0.22170    0.22546    0.22849    0.23473    0.23988    0.25285    0.25651    0.27192
   0.45169    0.45495
 kpt#  91, nband= 50, wtk=  0.00926, kpt= -0.3333 -0.1667  0.3333 (reduced coord)
  -1.94222   -1.94139   -1.94101   -1.94027   -0.80407   -0.80276   -0.80158   -0.79839
  -0.79549   -0.79374   -0.79244   -0.79100   -0.79046   -0.78996   -0.78906   -0.78815
  -0.37277   -0.35338   -0.34618   -0.34333   -0.32210   -0.31284   -0.30940   -0.30418
   0.08565    0.09338    0.10361    0.11149    0.11869    0.12298    0.13805    0.14200
   0.14773    0.16247    0.16442    0.18026    0.18919    0.20026    0.20355    0.21680
   0.21809    0.22463    0.22969    0.23644    0.23914    0.25369    0.25916    0.27136
   0.45272    0.46264
 kpt#  92, nband= 50, wtk=  0.00926, kpt= -0.1667 -0.1667  0.3333 (reduced coord)
  -1.94223   -1.94142   -1.94099   -1.94026   -0.80398   -0.80245   -0.80163   -0.79719
  -0.79576   -0.79407   -0.79273   -0.79187   -0.79078   -0.79004   -0.78839   -0.78800
  -0.37836   -0.35285   -0.34507   -0.34165   -0.31745   -0.31401   -0.31035   -0.30444
   0.08440    0.09340    0.09854    0.10496    0.11744    0.12280    0.13470    0.14486
   0.14710    0.16100    0.16672    0.18259    0.18842    0.19909    0.20777    0.21459
   0.22145    0.22546    0.23145    0.23892    0.24385    0.25436    0.26336    0.26901
   0.46022    0.47186
 kpt#  93, nband= 50, wtk=  0.00463, kpt=  0.0000  0.0000  0.5000 (reduced coord)
  -1.94222   -1.94146   -1.94095   -1.94026   -0.80159   -0.80122   -0.80001   -0.79986
  -0.79571   -0.79552   -0.79326   -0.79293   -0.78977   -0.78954   -0.78896   -0.78863
  -0.36778   -0.36763   -0.34092   -0.34069   -0.31566   -0.31550   -0.30835   -0.30817
   0.08982    0.09003    0.10427    0.10431    0.12773    0.12795    0.13056    0.13110
   0.14519    0.14536    0.17704    0.17915    0.19027    0.19077    0.21331    0.21494
   0.21935    0.22118    0.23726    0.23835    0.25472    0.25527    0.26365    0.26445
   0.47453    0.47639
 kpt#  94, nband= 50, wtk=  0.00926, kpt=  0.1667  0.0000  0.5000 (reduced coord)
  -1.94222   -1.94144   -1.94097   -1.94026   -0.80207   -0.80164   -0.79938   -0.79913
  -0.79642   -0.79625   -0.79250   -0.79225   -0.78996   -0.78984   -0.78897   -0.78873
  -0.36635   -0.36624   -0.34103   -0.34080   -0.31738   -0.31717   -0.30800   -0.30783
   0.08876    0.08888    0.10741    0.10768    0.12681    0.12789    0.13186    0.13252
   0.14849    0.14908    0.17564    0.17737    0.18642    0.18685    0.21141    0.21289
   0.22506    0.22601    0.23514    0.23574    0.25076    0.25124    0.26395    0.26472
   0.46849    0.46943
 kpt#  95, nband= 50, wtk=  0.00926, kpt=  0.3333  0.0000  0.5000 (reduced coord)
  -1.94221   -1.94141   -1.94101   -1.94027   -0.80265   -0.80215   -0.79853   -0.79804
  -0.79711   -0.79698   -0.79183   -0.79174   -0.79044   -0.79027   -0.78891   -0.78877
  -0.36314   -0.36312   -0.34130   -0.34106   -0.32094   -0.32064   -0.30743   -0.30728
   0.08877    0.08879    0.11009    0.11079    0.12515    0.12694    0.13768    0.13817
   0.15423    0.15511    0.17203    0.17350    0.18619    0.18672    0.20308    0.20411
   0.22581    0.22640    0.23681    0.23753    0.24459    0.24475    0.26484    0.26540
   0.45879    0.46006
 kpt#  96, nband= 50, wtk=  0.00463, kpt=  0.5000  0.0000  0.5000 (reduced coord)
  -1.94221   -1.94138   -1.94103   -1.94028   -0.80287   -0.80232   -0.79867   -0.79821
  -0.79665   -0.79622   -0.79258   -0.79236   -0.78993   -0.78955   -0.78930   -0.78890
  -0.36136   -0.36132   -0.34149   -0.34123   -0.32287   -0.32252   -0.30718   -0.30704
   0.08971    0.08979    0.10949    0.11033    0.12455    0.12657    0.14063    0.14136
   0.15948    0.16033    0.17100    0.17266    0.18575    0.18724    0.19622    0.19668
   0.22220    0.22296    0.23794    0.23809    0.24580    0.24683    0.26379    0.26403
   0.45390    0.45537
 kpt#  97, nband= 50, wtk=  0.00926, kpt=  0.0000  0.1667  0.5000 (reduced coord)
  -1.94222   -1.94144   -1.94097   -1.94027   -0.80160   -0.80098   -0.80030   -0.79989
  -0.79598   -0.79575   -0.79282   -0.79249   -0.79006   -0.78977   -0.78896   -0.78851
  -0.36599   -0.36581   -0.34257   -0.34235   -0.31548   -0.31528   -0.30896   -0.30863
   0.09508    0.09541    0.10623    0.10682    0.12307    0.12385    0.13591    0.13667
   0.14362    0.14371    0.17281    0.17405    0.19643    0.19687    0.20233    0.20544
   0.22559    0.22604    0.23477    0.23623    0.25022    0.25083    0.26274    0.26335
   0.47110    0.47220
 kpt#  98, nband= 50, wtk=  0.00926, kpt=  0.1667  0.1667  0.5000 (reduced coord)
  -1.94222   -1.94143   -1.94099   -1.94027   -0.80276   -0.80225   -0.79992   -0.79913
  -0.79608   -0.79551   -0.79224   -0.79202   -0.79015   -0.78937   -0.78903   -0.78867
  -0.36541   -0.36479   -0.34421   -0.34217   -0.31777   -0.31446   -0.30910   -0.30710
   0.09358    0.09393    0.10825    0.11009    0.12224    0.12845    0.13483    0.13603
   0.14646    0.14713    0.17020    0.17213    0.19268    0.19605    0.20617    0.21270
   0.22135    0.22632    0.23103    0.23635    0.24280    0.25044    0.26128    0.26561
   0.46177    0.47244
 kpt#  99, nband= 50, wtk=  0.00926, kpt=  0.3333  0.1667  0.5000 (reduced coord)
  -1.94221   -1.94140   -1.94102   -1.94027   -0.80362   -0.80328   -0.80077   -0.80017
  -0.79479   -0.79441   -0.79151   -0.79108   -0.79019   -0.78974   -0.78888   -0.78874
  -0.36358   -0.36255   -0.34650   -0.34399   -0.31876   -0.31575   -0.30770   -0.30604
   0.09274    0.09479    0.10998    0.11149    0.12481    0.12925    0.13300    0.13950
   0.15087    0.15468    0.17205    0.17437    0.18762    0.19449    0.20111    0.21152
   0.22178    0.22578    0.23018    0.23514    0.23589    0.24648    0.26333    0.26364
   0.45299    0.46011
 kpt# 100, nband= 50, wtk=  0.00926, kpt=  0.5000  0.1667  0.5000 (reduced coord)
  -1.94221   -1.94138   -1.94103   -1.94028   -0.80386   -0.80339   -0.80143   -0.80103
  -0.79392   -0.79354   -0.79147   -0.79124   -0.78988   -0.78949   -0.78918   -0.78878
  -0.36179   -0.36171   -0.34683   -0.34651   -0.31784   -0.31741   -0.30646   -0.30628
   0.09483    0.09490    0.10944    0.11050    0.12604    0.12756    0.13514    0.13625
   0.16104    0.16122    0.17328    0.17451    0.18634    0.18672    0.20176    0.20380
   0.22184    0.22316    0.23280    0.23352    0.24063    0.24171    0.26298    0.26338
   0.45094    0.45236
 kpt# 101, nband= 50, wtk=  0.00926, kpt= -0.3333  0.1667  0.5000 (reduced coord)
  -1.94221   -1.94140   -1.94102   -1.94027   -0.80360   -0.80301   -0.80119   -0.79997
  -0.79493   -0.79437   -0.79140   -0.79107   -0.79046   -0.78974   -0.78893   -0.78850
  -0.36349   -0.36243   -0.34637   -0.34424   -0.31906   -0.31543   -0.30793   -0.30593
   0.09284    0.09474    0.10981    0.11193    0.12544    0.12778    0.13301    0.14029
   0.15082    0.15439    0.17072    0.17488    0.18789    0.19508    0.20177    0.21064
   0.22250    0.22568    0.22969    0.23512    0.23605    0.24641    0.26290    0.26420
   0.45440    0.45910
 kpt# 102, nband= 50, wtk=  0.00926, kpt= -0.1667  0.1667  0.5000 (reduced coord)
  -1.94222   -1.94143   -1.94099   -1.94027   -0.80263   -0.80210   -0.80019   -0.79901
  -0.79613   -0.79575   -0.79218   -0.79176   -0.79038   -0.78963   -0.78899   -0.78841
  -0.36543   -0.36458   -0.34411   -0.34237   -0.31801   -0.31419   -0.30937   -0.30698
   0.09370    0.09392    0.10849    0.11004    0.12193    0.12832    0.13507    0.13592
   0.14627    0.14743    0.17045    0.17111    0.19221    0.19671    0.20576    0.21335
   0.22192    0.22686    0.23125    0.23602    0.24183    0.25079    0.26187    0.26497
   0.46295    0.47213
 kpt# 103, nband= 50, wtk=  0.00926, kpt=  0.0000  0.3333  0.5000 (reduced coord)
  -1.94221   -1.94139   -1.94102   -1.94028   -0.80162   -0.80098   -0.80052   -0.80002
  -0.79582   -0.79557   -0.79285   -0.79258   -0.79022   -0.78991   -0.78885   -0.78842
  -0.36103   -0.36083   -0.34732   -0.34718   -0.31449   -0.31425   -0.31052   -0.31011
   0.10520    0.10529    0.11431    0.11525    0.12024    0.12163    0.13713    0.13809
   0.14260    0.14284    0.17377    0.17463    0.17964    0.18236    0.20667    0.20677
   0.22485    0.22526    0.23166    0.23295    0.24620    0.24715    0.25878    0.25982
   0.46721    0.46791
 kpt# 104, nband= 50, wtk=  0.00926, kpt=  0.1667  0.3333  0.5000 (reduced coord)
  -1.94221   -1.94139   -1.94102   -1.94028   -0.80341   -0.80266   -0.80136   -0.80050
  -0.79468   -0.79391   -0.79215   -0.79166   -0.79005   -0.78942   -0.78888   -0.78847
  -0.36183   -0.36111   -0.34955   -0.34829   -0.31472   -0.31218   -0.30979   -0.30795
   0.10233    0.10729    0.11211    0.11436    0.12273    0.12548    0.13572    0.13713
   0.14554    0.14723    0.16930    0.16997    0.18928    0.19126    0.20466    0.21242
   0.21941    0.22111    0.22679    0.22777    0.24483    0.24859    0.25684    0.26319
   0.45715    0.47178
 kpt# 105, nband= 50, wtk=  0.00926, kpt=  0.3333  0.3333  0.5000 (reduced coord)
  -1.94221   -1.94138   -1.94103   -1.94028   -0.80495   -0.80446   -0.80324   -0.80260
  -0.79225   -0.79190   -0.79098   -0.79064   -0.78962   -0.78898   -0.78871   -0.78839
  -0.36256   -0.36150   -0.35328   -0.35178   -0.31259   -0.31046   -0.30713   -0.30560
   0.10434    0.10477    0.11194    0.11570    0.12278    0.12724    0.13042    0.13294
   0.15597    0.15753    0.17189    0.17606    0.18891    0.19090    0.20700    0.20998
   0.21475    0.21967    0.22422    0.22546    0.23852    0.24638    0.25842    0.26067
   0.44853    0.46092
 kpt# 106, nband= 50, wtk=  0.00926, kpt=  0.5000  0.3333  0.5000 (reduced coord)
  -1.94220   -1.94137   -1.94104   -1.94028   -0.80534   -0.80498   -0.80412   -0.80379
  -0.79144   -0.79128   -0.79017   -0.79008   -0.78940   -0.78899   -0.78868   -0.78825
  -0.36204   -0.36188   -0.35471   -0.35442   -0.31069   -0.31025   -0.30546   -0.30519
   0.10631    0.10653    0.11169    0.11309    0.12447    0.12537    0.12918    0.13007
   0.16353    0.16455    0.17859    0.17939    0.18343    0.18432    0.20359    0.20551
   0.22002    0.22154    0.22588    0.22691    0.23739    0.23848    0.25904    0.25962
   0.44867    0.44991
 kpt# 107, nband= 50, wtk=  0.00926, kpt= -0.3333  0.3333  0.5000 (reduced coord)
  -1.94220   -1.94138   -1.94103   -1.94028   -0.80473   -0.80434   -0.80367   -0.80249
  -0.79226   -0.79195   -0.79079   -0.79052   -0.79007   -0.78931   -0.78863   -0.78800
  -0.36239   -0.36132   -0.35331   -0.35202   -0.31284   -0.31011   -0.30745   -0.30549
   0.10444    0.10493    0.11165    0.11601    0.12269    0.12733    0.13078    0.13195
   0.15634    0.15818    0.17090    0.17560    0.18928    0.19097    0.20720    0.20966
   0.21415    0.22021    0.22486    0.22622    0.23750    0.24656    0.25900    0.26013
   0.44974    0.46006
 kpt# 108, nband= 50, wtk=  0.00926, kpt= -0.1667  0.3333  0.5000 (reduced coord)
  -1.94221   -1.94139   -1.94102   -1.94028   -0.80311   -0.80266   -0.80169   -0.80039
  -0.79471   -0.79407   -0.79197   -0.79159   -0.79023   -0.78971   -0.78878   -0.78824
  -0.36180   -0.36084   -0.34964   -0.34840   -0.31497   -0.31185   -0.31012   -0.30781
   0.10242    0.10755    0.11220    0.11399    0.12253    0.12597    0.13569    0.13621
   0.14610    0.14747    0.16880    0.16968    0.18945    0.19115    0.20433    0.21211
   0.22002    0.22103    0.22777    0.22856    0.24366    0.24878    0.25735    0.26257
   0.45810    0.47223
 kpt# 109, nband= 50, wtk=  0.00463, kpt=  0.0000  0.5000  0.5000 (reduced coord)
  -1.94220   -1.94137   -1.94105   -1.94028   -0.80148   -0.80121   -0.80056   -0.80028
  -0.79462   -0.79430   -0.79426   -0.79403   -0.78979   -0.78935   -0.78902   -0.78858
  -0.35447   -0.35433   -0.35382   -0.35372   -0.31284   -0.31254   -0.31235   -0.31207
   0.11137    0.11169    0.11281    0.11307    0.12995    0.13085    0.13211    0.13294
   0.15286    0.15320    0.15448    0.15485    0.19159    0.19250    0.19263    0.19357
   0.22846    0.22865    0.22999    0.23013    0.25064    0.25093    0.25227    0.25258
   0.46917    0.47048
 kpt# 110, nband= 50, wtk=  0.00926, kpt=  0.1667  0.5000  0.5000 (reduced coord)
  -1.94220   -1.94137   -1.94104   -1.94028   -0.80321   -0.80256   -0.80230   -0.80161
  -0.79332   -0.79307   -0.79245   -0.79224   -0.78972   -0.78923   -0.78896   -0.78847
  -0.35615   -0.35585   -0.35552   -0.35523   -0.31105   -0.31086   -0.31057   -0.31044
   0.10876    0.10954    0.11528    0.11606    0.12859    0.12956    0.13159    0.13209
   0.15484    0.15535    0.15855    0.15892    0.19451    0.19504    0.19648    0.19724
   0.22063    0.22130    0.22614    0.22667    0.25044    0.25131    0.25491    0.25577
   0.46162    0.46187
 kpt# 111, nband= 50, wtk=  0.00926, kpt=  0.3333  0.5000  0.5000 (reduced coord)
  -1.94220   -1.94137   -1.94104   -1.94028   -0.80518   -0.80468   -0.80442   -0.80390
  -0.79128   -0.79101   -0.79081   -0.79040   -0.78934   -0.78878   -0.78863   -0.78808
  -0.35919   -0.35869   -0.35847   -0.35802   -0.30804   -0.30769   -0.30758   -0.30724
   0.10989    0.11083    0.11485    0.11549    0.12646    0.12691    0.12859    0.12932
   0.16190    0.16255    0.16750    0.16823    0.19444    0.19524    0.19769    0.19891
   0.21582    0.21648    0.22241    0.22316    0.24961    0.25053    0.25334    0.25424
   0.45491    0.45549
 kpt# 112, nband= 50, wtk=  0.00463, kpt=  0.5000  0.5000  0.5000 (reduced coord)
  -1.94220   -1.94137   -1.94104   -1.94028   -0.80585   -0.80560   -0.80519   -0.80492
  -0.79067   -0.79056   -0.79016   -0.78999   -0.78886   -0.78843   -0.78824   -0.78776
  -0.36059   -0.36006   -0.35978   -0.35931   -0.30669   -0.30633   -0.30613   -0.30575
   0.11224    0.11292    0.11386    0.11449    0.12489    0.12545    0.12662    0.12720
   0.16755    0.16798    0.17044    0.17083    0.19310    0.19468    0.19517    0.19670
   0.21859    0.21905    0.22088    0.22131    0.24908    0.25008    0.25013    0.25104
   0.45376    0.45452
