 Fermi (or HOMO) energy (hartree) =   0.28437   Average Vxc (hartree)=  -0.44587
 Eigenvalues (hartree) for nkpt= 112  k points:
 kpt#   1, nband= 50, wtk=  0.00463, kpt=  0.0000  0.0000  0.0000 (reduced coord)
  -1.94176   -1.94100   -1.94066   -1.94014   -0.80627   -0.80554   -0.80503   -0.79413
  -0.79336   -0.79273   -0.79217   -0.79162   -0.79036   -0.78736   -0.78655   -0.78636
  -0.39948   -0.34737   -0.34394   -0.34063   -0.31111   -0.30887   -0.30806   -0.29941
   0.06316    0.06477    0.07534    0.09361    0.09865    0.10511    0.16039    0.16424
   0.16729    0.16991    0.17270    0.18693    0.18826    0.20784    0.21828    0.22014
   0.22940    0.23401    0.23501    0.23654    0.24981    0.26302    0.28299    0.28437
   0.45633    0.46112
 kpt#   2, nband= 50, wtk=  0.00926, kpt=  0.1667  0.0000  0.0000 (reduced coord)
  -1.94174   -1.94099   -1.94068   -1.94015   -0.80544   -0.80479   -0.80412   -0.79403
  -0.79365   -0.79329   -0.79223   -0.79173   -0.79047   -0.78786   -0.78759   -0.78677
  -0.39517   -0.34642   -0.34365   -0.33996   -0.31518   -0.31161   -0.30731   -0.30013
   0.06650    0.07174    0.07341    0.09478    0.09889    0.11717    0.14785    0.15938
   0.16080    0.16806    0.17035    0.18312    0.19186    0.20696    0.21854    0.21931
   0.23350    0.23515    0.23924    0.24354    0.24705    0.25145    0.28215    0.28353
   0.46121    0.46906
 kpt#   3, nband= 50, wtk=  0.00926, kpt=  0.3333  0.0000  0.0000 (reduced coord)
  -1.94169   -1.94098   -1.94073   -1.94016   -0.80334   -0.80306   -0.80138   -0.79563
  -0.79495   -0.79357   -0.79225   -0.79174   -0.79078   -0.79015   -0.78827   -0.78782
  -0.38425   -0.34393   -0.34374   -0.33924   -0.32759   -0.31205   -0.30755   -0.30213
   0.07139    0.07523    0.09315    0.10129    0.10414    0.11650    0.13347    0.14160
   0.15413    0.16774    0.16895    0.18812    0.18880    0.20595    0.21317    0.21535
   0.22737    0.23929    0.24023    0.24412    0.24655    0.25165    0.28162    0.28254
   0.46068    0.46300
 kpt#   4, nband= 50, wtk=  0.00463, kpt=  0.5000  0.0000  0.0000 (reduced coord)
  -1.94166   -1.94097   -1.94075   -1.94017   -0.80206   -0.80141   -0.79861   -0.79746
  -0.79604   -0.79479   -0.79342   -0.79170   -0.79059   -0.78976   -0.78910   -0.78849
  -0.37616   -0.34589   -0.34153   -0.34005   -0.33427   -0.31173   -0.30777   -0.30356
   0.07552    0.08087    0.09875    0.10669    0.10699    0.11735    0.12662    0.13267
   0.14676    0.16503    0.17619    0.17950    0.19410    0.19963    0.21576    0.21908
   0.22342    0.22582    0.24397    0.24465    0.25104    0.25234    0.28113    0.28332
   0.45653    0.46104
 kpt#   5, nband= 50, wtk=  0.00926, kpt=  0.0000  0.1667  0.0000 (reduced coord)
  -1.94173   -1.94099   -1.94069   -1.94015   -0.80531   -0.80469   -0.80425   -0.79464
  -0.79328   -0.79256   -0.79241   -0.79189   -0.79064   -0.78789   -0.78749   -0.78693
  -0.39495   -0.34760   -0.34300   -0.34018   -0.31486   -0.31049   -0.30810   -0.30055
   0.07010    0.07209    0.07267    0.09484    0.10766    0.11023    0.14895    0.15741
   0.16157    0.16703    0.17196    0.18570    0.18652    0.20893    0.21549    0.22042
   0.22710    0.23496    0.23531    0.24064    0.24487    0.26289    0.28080    0.28199
   0.45742    0.46235
 kpt#   6, nband= 50, wtk=  0.00926, kpt=  0.1667  0.1667  0.0000 (reduced coord)
  -1.94171   -1.94098   -1.94071   -1.94015   -0.80470   -0.80412   -0.80344   -0.79462
  -0.79391   -0.79338   -0.79208   -0.79164   -0.79054   -0.78931   -0.78790   -0.78671
  -0.39111   -0.34726   -0.34274   -0.33964   -0.31635   -0.31503   -0.30719   -0.30096
   0.07068    0.07610    0.07827    0.09580    0.10499    0.12026    0.14210    0.15674
   0.15957    0.16131    0.17147    0.18148    0.18832    0.20642    0.21520    0.21868
   0.22854    0.23535    0.23669    0.24506    0.24774    0.25042    0.28020    0.28156
   0.45818    0.46529
 kpt#   7, nband= 50, wtk=  0.00926, kpt=  0.3333  0.1667  0.0000 (reduced coord)
  -1.94167   -1.94097   -1.94074   -1.94017   -0.80314   -0.80253   -0.80137   -0.79658
  -0.79465   -0.79334   -0.79324   -0.79167   -0.79054   -0.79007   -0.78852   -0.78744
  -0.38140   -0.34592   -0.34280   -0.33939   -0.32782   -0.31466   -0.30708   -0.30219
   0.07357    0.08208    0.09480    0.10339    0.10890    0.11884    0.13139    0.14378
   0.15383    0.16238    0.17186    0.18574    0.18820    0.20150    0.21078    0.21295
   0.22592    0.23559    0.23792    0.24071    0.24826    0.24918    0.27903    0.28194
   0.45706    0.46163
 kpt#   8, nband= 50, wtk=  0.00926, kpt=  0.5000  0.1667  0.0000 (reduced coord)
  -1.94165   -1.94096   -1.94076   -1.94018   -0.80188   -0.80141   -0.79938   -0.79805
  -0.79577   -0.79552   -0.79270   -0.79177   -0.79034   -0.78914   -0.78898   -0.78853
  -0.37433   -0.34473   -0.34434   -0.33994   -0.33409   -0.31400   -0.30717   -0.30312
   0.07836    0.08559    0.09788    0.11026    0.11189    0.12183    0.12383    0.13757
   0.14803    0.16294    0.17670    0.17784    0.18756    0.19682    0.21508    0.21999
   0.22177    0.22491    0.23832    0.23926    0.24903    0.25104    0.27855    0.28280
   0.45833    0.45858
 kpt#   9, nband= 50, wtk=  0.00926, kpt= -0.3333  0.1667  0.0000 (reduced coord)
  -1.94167   -1.94097   -1.94074   -1.94017   -0.80310   -0.80250   -0.80136   -0.79662
  -0.79455   -0.79341   -0.79328   -0.79166   -0.79064   -0.79009   -0.78858   -0.78731
  -0.38130   -0.34585   -0.34283   -0.33942   -0.32788   -0.31471   -0.30709   -0.30218
   0.07330    0.08241    0.09496    0.10321    0.10914    0.11884    0.13155    0.14300
   0.15410    0.16228    0.17146    0.18542    0.18839    0.20185    0.21071    0.21325
   0.22734    0.23542    0.23768    0.24025    0.24796    0.24905    0.27906    0.28195
   0.45939    0.46191
 kpt#  10, nband= 50, wtk=  0.00926, kpt= -0.1667  0.1667  0.0000 (reduced coord)
  -1.94171   -1.94098   -1.94071   -1.94015   -0.80467   -0.80406   -0.80349   -0.79464
  -0.79391   -0.79325   -0.79214   -0.79178   -0.79033   -0.78957   -0.78795   -0.78658
  -0.39105   -0.34719   -0.34275   -0.33967   -0.31638   -0.31506   -0.30722   -0.30095
   0.07026    0.07649    0.07840    0.09566    0.10547    0.11994    0.14215    0.15625
   0.15954    0.16092    0.17186    0.18141    0.18840    0.20582    0.21580    0.21922
   0.22885    0.23551    0.23715    0.24463    0.24739    0.25002    0.28025    0.28160
   0.45947    0.46548
 kpt#  11, nband= 50, wtk=  0.00926, kpt=  0.0000  0.3333  0.0000 (reduced coord)
  -1.94168   -1.94095   -1.94077   -1.94016   -0.80297   -0.80229   -0.80209   -0.79647
  -0.79448   -0.79301   -0.79220   -0.79185   -0.79071   -0.79035   -0.78851   -0.78804
  -0.38255   -0.35218   -0.34087   -0.33931   -0.32049   -0.31471   -0.30781   -0.30340
   0.07425    0.08416    0.09730    0.09798    0.11589    0.12518    0.13099    0.14022
   0.14261    0.16028    0.17599    0.17822    0.18920    0.19804    0.20078    0.22024
   0.22466    0.22981    0.23734    0.24231    0.25534    0.26486    0.27681    0.27833
   0.45763    0.46861
 kpt#  12, nband= 50, wtk=  0.00926, kpt=  0.1667  0.3333  0.0000 (reduced coord)
  -1.94167   -1.94094   -1.94078   -1.94017   -0.80287   -0.80227   -0.80155   -0.79644
  -0.79541   -0.79381   -0.79179   -0.79126   -0.79104   -0.79047   -0.78872   -0.78747
  -0.37993   -0.35234   -0.34077   -0.33912   -0.32066   -0.31910   -0.30675   -0.30315
   0.07554    0.09138    0.09702    0.09892    0.11687    0.12579    0.12938    0.14134
   0.14483    0.16203    0.17579    0.17960    0.18746    0.19287    0.19809    0.21962
   0.22311    0.23227    0.23614    0.24092    0.25495    0.25567    0.27674    0.27905
   0.45449    0.46158
 kpt#  13, nband= 50, wtk=  0.00926, kpt=  0.3333  0.3333  0.0000 (reduced coord)
  -1.94164   -1.94094   -1.94079   -1.94019   -0.80264   -0.80171   -0.80037   -0.79800
  -0.79585   -0.79449   -0.79332   -0.79129   -0.78988   -0.78959   -0.78892   -0.78732
  -0.37346   -0.35244   -0.34077   -0.33924   -0.32774   -0.32037   -0.30588   -0.30289
   0.08081    0.09669    0.09831    0.10972    0.12066    0.12470    0.12739    0.14242
   0.14939    0.15667    0.17471    0.17730    0.18691    0.19707    0.19945    0.21126
   0.21816    0.22774    0.23625    0.23771    0.24701    0.24955    0.27588    0.28014
   0.45092    0.45642
 kpt#  14, nband= 50, wtk=  0.00926, kpt=  0.5000  0.3333  0.0000 (reduced coord)
  -1.94163   -1.94094   -1.94079   -1.94020   -0.80247   -0.80091   -0.79985   -0.79876
  -0.79701   -0.79439   -0.79358   -0.79190   -0.78931   -0.78897   -0.78834   -0.78805
  -0.36910   -0.35239   -0.34112   -0.33956   -0.33262   -0.31995   -0.30565   -0.30286
   0.08586    0.09679    0.09718    0.11715    0.12249    0.12476    0.12952    0.14371
   0.15238    0.15346    0.16747    0.17794    0.17900    0.20200    0.20740    0.20937
   0.21583    0.22673    0.23009    0.23421    0.24428    0.24747    0.27542    0.28032
   0.45326    0.45592
 kpt#  15, nband= 50, wtk=  0.00926, kpt= -0.3333  0.3333  0.0000 (reduced coord)
  -1.94164   -1.94094   -1.94079   -1.94019   -0.80257   -0.80172   -0.80031   -0.79807
  -0.79573   -0.79465   -0.79340   -0.79111   -0.79004   -0.78943   -0.78917   -0.78719
  -0.37333   -0.35243   -0.34080   -0.33926   -0.32786   -0.32036   -0.30589   -0.30288
   0.08077    0.09654    0.09854    0.10994    0.12116    0.12482    0.12713    0.14163
   0.14914    0.15610    0.17448    0.17742    0.18750    0.19701    0.20019    0.21235
   0.21754    0.22778    0.23610    0.23772    0.24656    0.24937    0.27592    0.28015
   0.45275    0.45636
 kpt#  16, nband= 50, wtk=  0.00926, kpt= -0.1667  0.3333  0.0000 (reduced coord)
  -1.94167   -1.94094   -1.94078   -1.94017   -0.80284   -0.80221   -0.80157   -0.79642
  -0.79562   -0.79336   -0.79220   -0.79133   -0.79107   -0.79031   -0.78886   -0.78732
  -0.37983   -0.35232   -0.34079   -0.33915   -0.32063   -0.31919   -0.30677   -0.30315
   0.07550    0.09138    0.09705    0.09906    0.11741    0.12551    0.12930    0.14076
   0.14470    0.16185    0.17553    0.17911    0.18822    0.19293    0.19870    0.22013
   0.22357    0.23132    0.23626    0.24097    0.25478    0.25536    0.27688    0.27906
   0.45583    0.46140
 kpt#  17, nband= 50, wtk=  0.00463, kpt=  0.0000  0.5000  0.0000 (reduced coord)
  -1.94166   -1.94088   -1.94086   -1.94017   -0.80096   -0.80054   -0.79947   -0.79906
  -0.79534   -0.79467   -0.79257   -0.79245   -0.78994   -0.78967   -0.78954   -0.78925
  -0.36618   -0.36578   -0.33951   -0.33911   -0.31957   -0.31938   -0.30635   -0.30623
   0.08339    0.08494    0.11127    0.11248    0.12502    0.12547    0.12736    0.12855
   0.13746    0.13784    0.17573    0.17812    0.18223    0.18479    0.21517    0.21619
   0.22123    0.22499    0.23864    0.24188    0.26382    0.26403    0.27535    0.27652
   0.45764    0.45988
 kpt#  18, nband= 50, wtk=  0.00926, kpt=  0.1667  0.5000  0.0000 (reduced coord)
  -1.94165   -1.94089   -1.94085   -1.94018   -0.80146   -0.80093   -0.79909   -0.79861
  -0.79641   -0.79581   -0.79153   -0.79126   -0.79062   -0.79032   -0.78884   -0.78861
  -0.36518   -0.36472   -0.33954   -0.33902   -0.32168   -0.32155   -0.30557   -0.30534
   0.08577    0.08737    0.11258    0.11335    0.12031    0.12281    0.12947    0.13099
   0.14485    0.14541    0.17397    0.17599    0.18189    0.18430    0.20990    0.21126
   0.22423    0.22679    0.23752    0.23967    0.25762    0.25791    0.27634    0.27710
   0.45400    0.45549
 kpt#  19, nband= 50, wtk=  0.00926, kpt=  0.3333  0.5000  0.0000 (reduced coord)
  -1.94163   -1.94091   -1.94082   -1.94020   -0.80222   -0.80152   -0.79903   -0.79825
  -0.79690   -0.79651   -0.79209   -0.79180   -0.78968   -0.78942   -0.78818   -0.78797
  -0.36296   -0.36232   -0.33979   -0.33891   -0.32574   -0.32523   -0.30455   -0.30405
   0.09051    0.09201    0.11031    0.11233    0.12490    0.12549    0.13544    0.13662
   0.15232    0.15308    0.16661    0.16802    0.18466    0.18727    0.21114    0.21248
   0.21502    0.21726    0.23722    0.23852    0.24576    0.24679    0.27671    0.27721
   0.44916    0.45104
 kpt#  20, nband= 50, wtk=  0.00463, kpt=  0.5000  0.5000  0.0000 (reduced coord)
  -1.94162   -1.94092   -1.94081   -1.94021   -0.80253   -0.80174   -0.79946   -0.79867
  -0.79621   -0.79588   -0.79306   -0.79271   -0.78882   -0.78836   -0.78830   -0.78787
  -0.36169   -0.36092   -0.34012   -0.33895   -0.32770   -0.32694   -0.30419   -0.30356
   0.09330    0.09459    0.10693    0.10927    0.13317    0.13407    0.13946    0.14059
   0.14867    0.15039    0.16266    0.16320    0.19082    0.19292    0.20392    0.20535
   0.21934    0.22088    0.23175    0.23352    0.24042    0.24251    0.27631    0.27720
   0.44891    0.45172
 kpt#  21, nband= 50, wtk=  0.00926, kpt=  0.0000  0.0000  0.1667 (reduced coord)
  -1.94173   -1.94101   -1.94066   -1.94015   -0.80550   -0.80474   -0.80412   -0.79457
  -0.79397   -0.79307   -0.79240   -0.79120   -0.79029   -0.78851   -0.78687   -0.78669
  -0.39515   -0.34586   -0.34519   -0.34011   -0.31195   -0.31138   -0.30996   -0.30061
   0.06749    0.06912    0.08465    0.09409    0.10534    0.10775    0.15328    0.15992
   0.16190    0.16506    0.17372    0.18539    0.18789    0.20811    0.21306    0.21871
   0.22670    0.22817    0.23922    0.24441    0.24904    0.26275    0.27232    0.27878
   0.45973    0.46373
 kpt#  22, nband= 50, wtk=  0.00926, kpt=  0.1667  0.0000  0.1667 (reduced coord)
  -1.94171   -1.94101   -1.94068   -1.94016   -0.80479   -0.80413   -0.80336   -0.79494
  -0.79383   -0.79350   -0.79226   -0.79139   -0.79045   -0.78940   -0.78737   -0.78691
  -0.39121   -0.34591   -0.34434   -0.33954   -0.31658   -0.31188   -0.31001   -0.30124
   0.06986    0.07770    0.08001    0.09603    0.10385    0.11963    0.14968    0.15452
   0.15590    0.16296    0.17248    0.17663    0.19724    0.20373    0.21570    0.22038
   0.22262    0.23183    0.24056    0.24562    0.24868    0.25191    0.27361    0.27891
   0.46193    0.46914
 kpt#  23, nband= 50, wtk=  0.00926, kpt=  0.3333  0.0000  0.1667 (reduced coord)
  -1.94167   -1.94098   -1.94073   -1.94018   -0.80333   -0.80220   -0.80133   -0.79628
  -0.79497   -0.79373   -0.79269   -0.79137   -0.79085   -0.79018   -0.78845   -0.78774
  -0.38128   -0.34585   -0.34263   -0.33921   -0.32770   -0.31198   -0.30996   -0.30295
   0.07671    0.07820    0.09689    0.10397    0.10584    0.11946    0.13990    0.14188
   0.15072    0.16097    0.17128    0.18024    0.19529    0.20107    0.20935    0.21978
   0.22630    0.23003    0.23762    0.24035    0.24872    0.25338    0.27214    0.28012
   0.45995    0.46649
 kpt#  24, nband= 50, wtk=  0.00926, kpt=  0.5000  0.0000  0.1667 (reduced coord)
  -1.94165   -1.94097   -1.94076   -1.94018   -0.80235   -0.80091   -0.79911   -0.79694
  -0.79676   -0.79561   -0.79224   -0.79141   -0.79051   -0.78976   -0.78948   -0.78843
  -0.37407   -0.34650   -0.34124   -0.34084   -0.33360   -0.31129   -0.31033   -0.30410
   0.08025    0.08169    0.10244    0.10701    0.11037    0.12200    0.13420    0.13490
   0.14410    0.16277    0.17320    0.17462    0.19192    0.19754    0.21688    0.22337
   0.22497    0.22540    0.23211    0.23878    0.25125    0.25399    0.27107    0.28083
   0.45750    0.46103
 kpt#  25, nband= 50, wtk=  0.00926, kpt= -0.3333  0.0000  0.1667 (reduced coord)
  -1.94167   -1.94098   -1.94073   -1.94018   -0.80340   -0.80206   -0.80141   -0.79624
  -0.79498   -0.79368   -0.79273   -0.79132   -0.79108   -0.78998   -0.78839   -0.78784
  -0.38129   -0.34584   -0.34264   -0.33920   -0.32770   -0.31199   -0.30996   -0.30295
   0.07681    0.07806    0.09692    0.10397    0.10584    0.11955    0.13981    0.14192
   0.15072    0.16101    0.17128    0.18017    0.19524    0.20109    0.20934    0.22011
   0.22584    0.23018    0.23751    0.24052    0.24868    0.25341    0.27214    0.28013
   0.45986    0.46521
 kpt#  26, nband= 50, wtk=  0.00926, kpt= -0.1667  0.0000  0.1667 (reduced coord)
  -1.94171   -1.94101   -1.94068   -1.94016   -0.80490   -0.80387   -0.80351   -0.79483
  -0.79393   -0.79352   -0.79226   -0.79133   -0.79054   -0.78934   -0.78729   -0.78701
  -0.39122   -0.34589   -0.34436   -0.33954   -0.31658   -0.31188   -0.31001   -0.30124
   0.06986    0.07773    0.08000    0.09599    0.10383    0.11968    0.14977    0.15446
   0.15598    0.16292    0.17243    0.17669    0.19717    0.20360    0.21591    0.22047
   0.22235    0.23195    0.24047    0.24562    0.24868    0.25196    0.27364    0.27890
   0.46189    0.46903
 kpt#  27, nband= 50, wtk=  0.00926, kpt=  0.0000  0.1667  0.1667 (reduced coord)
  -1.94171   -1.94100   -1.94069   -1.94016   -0.80442   -0.80421   -0.80351   -0.79545
  -0.79388   -0.79255   -0.79245   -0.79166   -0.79032   -0.78975   -0.78729   -0.78683
  -0.39100   -0.34636   -0.34475   -0.34002   -0.31511   -0.31148   -0.31084   -0.30135
   0.07372    0.07613    0.08106    0.09782    0.10969    0.11319    0.14948    0.15214
   0.15734    0.16360    0.17152    0.18407    0.18579    0.20944    0.21261    0.21891
   0.22458    0.23161    0.23479    0.24174    0.24492    0.26277    0.27226    0.27656
   0.45933    0.46521
 kpt#  28, nband= 50, wtk=  0.00926, kpt=  0.1667  0.1667  0.1667 (reduced coord)
  -1.94169   -1.94099   -1.94071   -1.94017   -0.80427   -0.80363   -0.80283   -0.79524
  -0.79437   -0.79343   -0.79210   -0.79145   -0.79085   -0.79009   -0.78742   -0.78693
  -0.38756   -0.34688   -0.34425   -0.33974   -0.31742   -0.31433   -0.30956   -0.30157
   0.07628    0.08041    0.08282    0.09895    0.10783    0.12158    0.14604    0.14968
   0.15626    0.16143    0.16691    0.17724    0.19509    0.20813    0.21242    0.21689
   0.22719    0.22837    0.23705    0.24088    0.24503    0.25425    0.27258    0.27763
   0.45809    0.46874
 kpt#  29, nband= 50, wtk=  0.00926, kpt=  0.3333  0.1667  0.1667 (reduced coord)
  -1.94166   -1.94097   -1.94074   -1.94018   -0.80341   -0.80208   -0.80166   -0.79641
  -0.79514   -0.79436   -0.79259   -0.79106   -0.79089   -0.78981   -0.78806   -0.78768
  -0.37890   -0.34689   -0.34440   -0.34020   -0.32673   -0.31344   -0.30891   -0.30260
   0.07962    0.08326    0.09866    0.10571    0.11046    0.12144    0.13685    0.14469
   0.15062    0.15756    0.16700    0.18189    0.19574    0.20208    0.20897    0.21544
   0.22445    0.22963    0.23373    0.24114    0.24245    0.25142    0.27099    0.27903
   0.45449    0.46427
 kpt#  30, nband= 50, wtk=  0.00926, kpt=  0.5000  0.1667  0.1667 (reduced coord)
  -1.94164   -1.94096   -1.94077   -1.94019   -0.80238   -0.80189   -0.80010   -0.79766
  -0.79613   -0.79548   -0.79183   -0.79102   -0.79012   -0.78930   -0.78915   -0.78839
  -0.37268   -0.34710   -0.34499   -0.34170   -0.33138   -0.31236   -0.30881   -0.30345
   0.08296    0.08614    0.10194    0.11009    0.11314    0.12734    0.13052    0.13934
   0.14604    0.15936    0.16816    0.17513    0.19488    0.19618    0.21479    0.22081
   0.22339    0.22531    0.23354    0.23403    0.24295    0.25304    0.27042    0.27933
   0.45493    0.45802
 kpt#  31, nband= 50, wtk=  0.00926, kpt= -0.3333  0.1667  0.1667 (reduced coord)
  -1.94166   -1.94097   -1.94074   -1.94018   -0.80320   -0.80221   -0.80180   -0.79596
  -0.79510   -0.79463   -0.79282   -0.79127   -0.79083   -0.78960   -0.78818   -0.78758
  -0.37881   -0.34693   -0.34428   -0.34029   -0.32677   -0.31351   -0.30891   -0.30260
   0.07921    0.08368    0.09880    0.10562    0.11066    0.12141    0.13684    0.14426
   0.15076    0.15783    0.16610    0.18206    0.19581    0.20240    0.20889    0.21551
   0.22606    0.22860    0.23365    0.24078    0.24267    0.25126    0.27078    0.27923
   0.45630    0.46438
 kpt#  32, nband= 50, wtk=  0.00926, kpt= -0.1667  0.1667  0.1667 (reduced coord)
  -1.94169   -1.94099   -1.94071   -1.94017   -0.80413   -0.80359   -0.80302   -0.79493
  -0.79435   -0.79353   -0.79230   -0.79163   -0.79092   -0.78985   -0.78754   -0.78681
  -0.38750   -0.34689   -0.34416   -0.33980   -0.31745   -0.31439   -0.30957   -0.30157
   0.07597    0.08054    0.08310    0.09899    0.10789    0.12152    0.14588    0.14980
   0.15581    0.16133    0.16707    0.17724    0.19508    0.20761    0.21318    0.21681
   0.22728    0.22887    0.23694    0.24125    0.24441    0.25426    0.27230    0.27789
   0.45908    0.46927
 kpt#  33, nband= 50, wtk=  0.00926, kpt=  0.0000  0.3333  0.1667 (reduced coord)
  -1.94167   -1.94095   -1.94077   -1.94017   -0.80244   -0.80203   -0.80181   -0.79741
  -0.79437   -0.79304   -0.79274   -0.79212   -0.79067   -0.79026   -0.78844   -0.78780
  -0.37958   -0.35124   -0.34312   -0.34018   -0.31993   -0.31438   -0.30998   -0.30388
   0.08173    0.08736    0.09987    0.10122    0.11616    0.12318    0.13303    0.13977
   0.14522    0.16546    0.16699    0.17808    0.19107    0.19607    0.20373    0.21598
   0.22459    0.22950    0.23006    0.23650    0.25368    0.26436    0.27096    0.27406
   0.45775    0.46758
 kpt#  34, nband= 50, wtk=  0.00926, kpt=  0.1667  0.3333  0.1667 (reduced coord)
  -1.94166   -1.94095   -1.94077   -1.94018   -0.80302   -0.80235   -0.80137   -0.79700
  -0.79522   -0.79409   -0.79219   -0.79122   -0.79082   -0.79006   -0.78819   -0.78764
  -0.37745   -0.35189   -0.34373   -0.34049   -0.32016   -0.31718   -0.30836   -0.30334
   0.08247    0.09273    0.09928    0.10328    0.11696    0.12552    0.13325    0.14205
   0.14417    0.16220    0.16555    0.18059    0.19010    0.19710    0.20205    0.21766
   0.22265    0.22803    0.23134    0.23402    0.25065    0.25806    0.27059    0.27484
   0.45459    0.46300
 kpt#  35, nband= 50, wtk=  0.00926, kpt=  0.3333  0.3333  0.1667 (reduced coord)
  -1.94164   -1.94094   -1.94079   -1.94020   -0.80327   -0.80246   -0.80156   -0.79835
  -0.79564   -0.79331   -0.79268   -0.79074   -0.79005   -0.78933   -0.78844   -0.78745
  -0.37211   -0.35281   -0.34559   -0.34214   -0.32433   -0.31674   -0.30660   -0.30289
   0.08628    0.09680    0.10276    0.11016    0.12084    0.12634    0.13340    0.14109
   0.14914    0.15312    0.16522    0.18671    0.19105    0.19546    0.20393    0.21137
   0.21640    0.22408    0.23050    0.23426    0.24576    0.24949    0.26932    0.27615
   0.44924    0.45820
 kpt#  36, nband= 50, wtk=  0.00926, kpt=  0.5000  0.3333  0.1667 (reduced coord)
  -1.94162   -1.94094   -1.94079   -1.94020   -0.80313   -0.80225   -0.80179   -0.79978
  -0.79532   -0.79346   -0.79194   -0.79124   -0.78919   -0.78892   -0.78830   -0.78801
  -0.36844   -0.35309   -0.34728   -0.34365   -0.32653   -0.31570   -0.30597   -0.30287
   0.09021    0.09753    0.10142    0.11870    0.11968    0.12574    0.13756    0.14092
   0.14707    0.15644    0.16343    0.17847    0.19040    0.20119    0.20726    0.20853
   0.21472    0.22360    0.22679    0.23078    0.24359    0.24720    0.26936    0.27652
   0.44946    0.45507
 kpt#  37, nband= 50, wtk=  0.00926, kpt= -0.3333  0.3333  0.1667 (reduced coord)
  -1.94164   -1.94094   -1.94079   -1.94020   -0.80299   -0.80254   -0.80185   -0.79815
  -0.79548   -0.79344   -0.79293   -0.79066   -0.79007   -0.78909   -0.78875   -0.78731
  -0.37196   -0.35286   -0.34553   -0.34222   -0.32437   -0.31680   -0.30659   -0.30289
   0.08623    0.09690    0.10268    0.11042    0.12117    0.12636    0.13303    0.14095
   0.14897    0.15271    0.16471    0.18719    0.19108    0.19598    0.20378    0.21231
   0.21639    0.22374    0.23076    0.23386    0.24555    0.24939    0.26913    0.27635
   0.45080    0.45833
 kpt#  38, nband= 50, wtk=  0.00926, kpt= -0.1667  0.3333  0.1667 (reduced coord)
  -1.94166   -1.94095   -1.94077   -1.94018   -0.80264   -0.80253   -0.80165   -0.79668
  -0.79518   -0.79416   -0.79248   -0.79136   -0.79084   -0.78978   -0.78840   -0.78748
  -0.37734   -0.35194   -0.34365   -0.34056   -0.32015   -0.31729   -0.30835   -0.30335
   0.08245    0.09283    0.09918    0.10349    0.11718    0.12553    0.13288    0.14223
   0.14359    0.16210    0.16533    0.18074    0.19047    0.19681    0.20272    0.21743
   0.22307    0.22825    0.23134    0.23355    0.25049    0.25811    0.27031    0.27511
   0.45577    0.46289
 kpt#  39, nband= 50, wtk=  0.00926, kpt=  0.0000  0.5000  0.1667 (reduced coord)
  -1.94165   -1.94089   -1.94084   -1.94018   -0.80084   -0.80041   -0.79978   -0.79943
  -0.79556   -0.79499   -0.79225   -0.79212   -0.79006   -0.78963   -0.78937   -0.78907
  -0.36444   -0.36406   -0.34134   -0.34101   -0.31886   -0.31863   -0.30741   -0.30725
   0.08973    0.09146    0.10961    0.11113    0.12127    0.12271    0.13176    0.13464
   0.14196    0.14246    0.17782    0.17826    0.17969    0.18043    0.21520    0.21641
   0.22164    0.22392    0.23044    0.23263    0.26193    0.26234    0.27113    0.27226
   0.45768    0.46016
 kpt#  40, nband= 50, wtk=  0.00926, kpt=  0.1667  0.5000  0.1667 (reduced coord)
  -1.94164   -1.94090   -1.94084   -1.94019   -0.80196   -0.80170   -0.79955   -0.79899
  -0.79589   -0.79534   -0.79127   -0.79105   -0.79011   -0.78998   -0.78907   -0.78855
  -0.36397   -0.36353   -0.34227   -0.34180   -0.31983   -0.31967   -0.30621   -0.30603
   0.09153    0.09306    0.10948    0.11096    0.12353    0.12472    0.13225    0.13438
   0.14629    0.14724    0.16922    0.17100    0.18645    0.18774    0.21113    0.21241
   0.22430    0.22524    0.22881    0.23033    0.25709    0.25745    0.27100    0.27210
   0.45474    0.45588
 kpt#  41, nband= 50, wtk=  0.00926, kpt=  0.3333  0.5000  0.1667 (reduced coord)
  -1.94162   -1.94091   -1.94082   -1.94020   -0.80302   -0.80273   -0.80080   -0.80028
  -0.79478   -0.79443   -0.79127   -0.79096   -0.78948   -0.78933   -0.78830   -0.78793
  -0.36274   -0.36215   -0.34469   -0.34403   -0.32090   -0.32054   -0.30460   -0.30419
   0.09527    0.09652    0.11031    0.11211    0.12403    0.12557    0.13923    0.14044
   0.14948    0.15040    0.16669    0.16811    0.19218    0.19449    0.20592    0.20752
   0.21698    0.21796    0.22950    0.23018    0.24799    0.24900    0.27128    0.27223
   0.44942    0.45133
 kpt#  42, nband= 50, wtk=  0.00926, kpt=  0.5000  0.5000  0.1667 (reduced coord)
  -1.94162   -1.94092   -1.94081   -1.94021   -0.80345   -0.80279   -0.80165   -0.80114
  -0.79377   -0.79353   -0.79201   -0.79175   -0.78874   -0.78831   -0.78826   -0.78786
  -0.36191   -0.36123   -0.34623   -0.34553   -0.32110   -0.32064   -0.30401   -0.30349
   0.09768    0.09881    0.10898    0.11111    0.12874    0.12993    0.13684    0.13748
   0.15418    0.15531    0.16693    0.16775    0.19505    0.19726    0.20238    0.20440
   0.21565    0.21669    0.22486    0.22628    0.24409    0.24573    0.27172    0.27277
   0.44844    0.45167
 kpt#  43, nband= 50, wtk=  0.00926, kpt= -0.3333  0.5000  0.1667 (reduced coord)
  -1.94162   -1.94091   -1.94082   -1.94020   -0.80324   -0.80250   -0.80079   -0.80030
  -0.79480   -0.79441   -0.79129   -0.79096   -0.78959   -0.78921   -0.78816   -0.78809
  -0.36273   -0.36215   -0.34466   -0.34408   -0.32086   -0.32057   -0.30459   -0.30420
   0.09513    0.09668    0.11044    0.11197    0.12427    0.12528    0.13942    0.14026
   0.14961    0.15027    0.16717    0.16766    0.19203    0.19468    0.20528    0.20807
   0.21714    0.21791    0.22931    0.23031    0.24794    0.24904    0.27138    0.27214
   0.44933    0.45133
 kpt#  44, nband= 50, wtk=  0.00926, kpt= -0.1667  0.5000  0.1667 (reduced coord)
  -1.94164   -1.94090   -1.94084   -1.94019   -0.80218   -0.80148   -0.79956   -0.79897
  -0.79578   -0.79543   -0.79136   -0.79106   -0.79022   -0.78976   -0.78886   -0.78881
  -0.36397   -0.36352   -0.34225   -0.34184   -0.31980   -0.31970   -0.30620   -0.30603
   0.09140    0.09322    0.10958    0.11088    0.12331    0.12487    0.13237    0.13426
   0.14631    0.14718    0.16961    0.17067    0.18658    0.18754    0.21131    0.21234
   0.22383    0.22584    0.22860    0.23036    0.25693    0.25759    0.27120    0.27192
   0.45425    0.45637
 kpt#  45, nband= 50, wtk=  0.00926, kpt=  0.0000 -0.3333  0.1667 (reduced coord)
  -1.94167   -1.94095   -1.94077   -1.94017   -0.80295   -0.80194   -0.80147   -0.79726
  -0.79420   -0.79302   -0.79267   -0.79213   -0.79072   -0.79030   -0.78834   -0.78813
  -0.37955   -0.35119   -0.34284   -0.34000   -0.31993   -0.31447   -0.31007   -0.30436
   0.08184    0.08794    0.10017    0.10183    0.11580    0.12418    0.13262    0.13957
   0.14432    0.16425    0.16644    0.17869    0.19113    0.19632    0.20293    0.21723
   0.22401    0.22917    0.23015    0.23716    0.25392    0.26407    0.27033    0.27442
   0.45763    0.47213
 kpt#  46, nband= 50, wtk=  0.00926, kpt=  0.1667 -0.3333  0.1667 (reduced coord)
  -1.94166   -1.94095   -1.94077   -1.94018   -0.80312   -0.80229   -0.80147   -0.79663
  -0.79501   -0.79418   -0.79225   -0.79122   -0.79088   -0.79009   -0.78854   -0.78751
  -0.37730   -0.35182   -0.34344   -0.34040   -0.32017   -0.31735   -0.30850   -0.30375
   0.08257    0.09328    0.09961    0.10393    0.11718    0.12565    0.13265    0.14133
   0.14416    0.16135    0.16493    0.18117    0.19067    0.19686    0.20185    0.21697
   0.22352    0.22755    0.23226    0.23363    0.25093    0.25782    0.26947    0.27558
   0.45576    0.46356
 kpt#  47, nband= 50, wtk=  0.00926, kpt=  0.3333 -0.3333  0.1667 (reduced coord)
  -1.94164   -1.94094   -1.94079   -1.94020   -0.80330   -0.80246   -0.80168   -0.79814
  -0.79523   -0.79354   -0.79275   -0.79054   -0.79005   -0.78928   -0.78899   -0.78731
  -0.37193   -0.35269   -0.34540   -0.34205   -0.32438   -0.31698   -0.30692   -0.30298
   0.08616    0.09760    0.10316    0.11034    0.12151    0.12580    0.13277    0.14030
   0.15034    0.15243    0.16468    0.18736    0.19123    0.19614    0.20331    0.21082
   0.21675    0.22426    0.23030    0.23386    0.24493    0.25005    0.26829    0.27661
   0.45150    0.45842
 kpt#  48, nband= 50, wtk=  0.00926, kpt=  0.5000 -0.3333  0.1667 (reduced coord)
  -1.94162   -1.94094   -1.94079   -1.94020   -0.80339   -0.80228   -0.80162   -0.79965
  -0.79507   -0.79341   -0.79206   -0.79119   -0.78912   -0.78882   -0.78848   -0.78822
  -0.36841   -0.35290   -0.34727   -0.34333   -0.32654   -0.31605   -0.30638   -0.30275
   0.08987    0.09860    0.10189    0.11731    0.11995    0.12618    0.13683    0.14143
   0.14703    0.15715    0.16360    0.17963    0.19002    0.20002    0.20734    0.20843
   0.21436    0.22399    0.22661    0.23029    0.24420    0.24640    0.26860    0.27657
   0.45087    0.45491
 kpt#  49, nband= 50, wtk=  0.00926, kpt= -0.3333 -0.3333  0.1667 (reduced coord)
  -1.94164   -1.94094   -1.94079   -1.94020   -0.80363   -0.80214   -0.80162   -0.79824
  -0.79543   -0.79339   -0.79246   -0.79082   -0.78984   -0.78944   -0.78877   -0.78746
  -0.37207   -0.35264   -0.34545   -0.34199   -0.32433   -0.31693   -0.30693   -0.30297
   0.08621    0.09748    0.10323    0.11014    0.12104    0.12590    0.13316    0.14048
   0.15041    0.15281    0.16518    0.18693    0.19120    0.19557    0.20354    0.20976
   0.21702    0.22457    0.22995    0.23416    0.24522    0.25015    0.26849    0.27641
   0.44986    0.45825
 kpt#  50, nband= 50, wtk=  0.00926, kpt= -0.1667 -0.3333  0.1667 (reduced coord)
  -1.94166   -1.94095   -1.94077   -1.94018   -0.80343   -0.80202   -0.80139   -0.79682
  -0.79497   -0.79426   -0.79201   -0.79107   -0.79081   -0.79030   -0.78842   -0.78768
  -0.37741   -0.35178   -0.34351   -0.34036   -0.32018   -0.31722   -0.30851   -0.30374
   0.08259    0.09317    0.09976    0.10373    0.11701    0.12556    0.13293    0.14146
   0.14449    0.16146    0.16510    0.18104    0.19024    0.19733    0.20119    0.21674
   0.22371    0.22753    0.23169    0.23420    0.25111    0.25777    0.26977    0.27532
   0.45449    0.46375
 kpt#  51, nband= 50, wtk=  0.00926, kpt=  0.0000 -0.1667  0.1667 (reduced coord)
  -1.94171   -1.94100   -1.94069   -1.94016   -0.80494   -0.80373   -0.80349   -0.79538
  -0.79354   -0.79278   -0.79240   -0.79177   -0.79050   -0.78933   -0.78730   -0.78717
  -0.39098   -0.34628   -0.34441   -0.33994   -0.31524   -0.31157   -0.31082   -0.30179
   0.07398    0.07626    0.08118    0.09910    0.10954    0.11273    0.14937    0.15203
   0.15722    0.16259    0.17088    0.18372    0.18675    0.20985    0.21298    0.21790
   0.22393    0.23172    0.23594    0.24109    0.24568    0.26273    0.27180    0.27662
   0.45949    0.46505
 kpt#  52, nband= 50, wtk=  0.00926, kpt=  0.1667 -0.1667  0.1667 (reduced coord)
  -1.94169   -1.94099   -1.94071   -1.94017   -0.80445   -0.80347   -0.80283   -0.79490
  -0.79426   -0.79345   -0.79230   -0.79162   -0.79065   -0.79008   -0.78776   -0.78684
  -0.38747   -0.34660   -0.34408   -0.33966   -0.31760   -0.31444   -0.30958   -0.30199
   0.07618    0.08061    0.08334    0.09993    0.10767    0.12129    0.14562    0.15024
   0.15525    0.16095    0.16700    0.17723    0.19482    0.20816    0.21363    0.21530
   0.22721    0.22894    0.23706    0.24107    0.24541    0.25407    0.27172    0.27803
   0.45967    0.46823
 kpt#  53, nband= 50, wtk=  0.00926, kpt=  0.3333 -0.1667  0.1667 (reduced coord)
  -1.94166   -1.94097   -1.94074   -1.94018   -0.80336   -0.80245   -0.80143   -0.79596
  -0.79513   -0.79436   -0.79272   -0.79105   -0.79082   -0.78997   -0.78840   -0.78752
  -0.37877   -0.34666   -0.34421   -0.34008   -0.32693   -0.31364   -0.30909   -0.30282
   0.07915    0.08424    0.09871    0.10597    0.11098    0.12091    0.13715    0.14378
   0.15090    0.15812    0.16626    0.18204    0.19602    0.20229    0.20920    0.21374
   0.22560    0.23010    0.23308    0.24068    0.24222    0.25166    0.27020    0.27926
   0.45692    0.46417
 kpt#  54, nband= 50, wtk=  0.00926, kpt=  0.5000 -0.1667  0.1667 (reduced coord)
  -1.94164   -1.94096   -1.94077   -1.94019   -0.80256   -0.80202   -0.79986   -0.79765
  -0.79590   -0.79538   -0.79181   -0.79104   -0.79008   -0.78948   -0.78901   -0.78869
  -0.37262   -0.34708   -0.34479   -0.34125   -0.33163   -0.31261   -0.30908   -0.30349
   0.08280    0.08675    0.10214    0.11025    0.11242    0.12791    0.13096    0.13875
   0.14580    0.16031    0.16786    0.17591    0.19487    0.19552    0.21576    0.21903
   0.22327    0.22484    0.23291    0.23499    0.24311    0.25278    0.26982    0.27927
   0.45608    0.45818
 kpt#  55, nband= 50, wtk=  0.00926, kpt= -0.3333 -0.1667  0.1667 (reduced coord)
  -1.94166   -1.94097   -1.94074   -1.94018   -0.80365   -0.80213   -0.80145   -0.79625
  -0.79520   -0.79416   -0.79254   -0.79112   -0.79056   -0.79014   -0.78832   -0.78766
  -0.37886   -0.34663   -0.34432   -0.33999   -0.32688   -0.31358   -0.30908   -0.30283
   0.07956    0.08373    0.09861    0.10614    0.11069    0.12114    0.13699    0.14423
   0.15079    0.15789    0.16710    0.18184    0.19596    0.20184    0.20899    0.21438
   0.22385    0.23117    0.23302    0.24094    0.24200    0.25191    0.27040    0.27907
   0.45511    0.46383
 kpt#  56, nband= 50, wtk=  0.00926, kpt= -0.1667 -0.1667  0.1667 (reduced coord)
  -1.94169   -1.94099   -1.94071   -1.94017   -0.80467   -0.80316   -0.80295   -0.79496
  -0.79442   -0.79343   -0.79213   -0.79148   -0.79049   -0.79028   -0.78767   -0.78698
  -0.38754   -0.34661   -0.34415   -0.33962   -0.31757   -0.31437   -0.30957   -0.30199
   0.07650    0.08048    0.08306    0.09987    0.10756    0.12143    0.14578    0.15017
   0.15574    0.16099    0.16681    0.17725    0.19481    0.20828    0.21364    0.21499
   0.22659    0.22921    0.23701    0.24058    0.24603    0.25412    0.27202    0.27778
   0.45860    0.46771
 kpt#  57, nband= 50, wtk=  0.00926, kpt=  0.0000  0.0000  0.3333 (reduced coord)
  -1.94167   -1.94105   -1.94066   -1.94018   -0.80342   -0.80258   -0.80180   -0.79666
  -0.79553   -0.79320   -0.79278   -0.79175   -0.79008   -0.78975   -0.78771   -0.78752
  -0.38325   -0.35229   -0.34231   -0.33907   -0.31683   -0.31309   -0.31123   -0.30474
   0.07883    0.08262    0.09556    0.10970    0.11505    0.12108    0.13034    0.14311
   0.14564    0.16784    0.17880    0.18289    0.18767    0.19343    0.20220    0.21620
   0.22165    0.23552    0.23653    0.24385    0.25199    0.25708    0.26289    0.26939
   0.46825    0.46946
 kpt#  58, nband= 50, wtk=  0.00926, kpt=  0.1667  0.0000  0.3333 (reduced coord)
  -1.94166   -1.94103   -1.94068   -1.94019   -0.80310   -0.80242   -0.80131   -0.79664
  -0.79590   -0.79351   -0.79262   -0.79175   -0.79028   -0.78980   -0.78822   -0.78747
  -0.38033   -0.35207   -0.34211   -0.33885   -0.31878   -0.31507   -0.31108   -0.30482
   0.07934    0.08984    0.09590    0.10278    0.11608    0.12657    0.13455    0.14505
   0.14715    0.16573    0.16688    0.18355    0.18885    0.19403    0.20570    0.21387
   0.22198    0.23272    0.23512    0.24316    0.24920    0.25408    0.26362    0.26972
   0.46601    0.47077
 kpt#  59, nband= 50, wtk=  0.00926, kpt=  0.3333  0.0000  0.3333 (reduced coord)
  -1.94164   -1.94099   -1.94073   -1.94020   -0.80273   -0.80162   -0.79992   -0.79756
  -0.79606   -0.79445   -0.79296   -0.79091   -0.79014   -0.79000   -0.78932   -0.78779
  -0.37314   -0.35179   -0.34123   -0.33918   -0.32619   -0.31624   -0.31045   -0.30544
   0.08279    0.09197    0.10139    0.11191    0.11491    0.12462    0.13714    0.14708
   0.14899    0.16048    0.16633    0.17964    0.18496    0.19674    0.20473    0.21144
   0.22158    0.22414    0.23729    0.24051    0.24491    0.25219    0.26113    0.27153
   0.45975    0.46444
 kpt#  60, nband= 50, wtk=  0.00926, kpt=  0.5000  0.0000  0.3333 (reduced coord)
  -1.94163   -1.94096   -1.94077   -1.94020   -0.80256   -0.80101   -0.79878   -0.79757
  -0.79736   -0.79507   -0.79252   -0.79097   -0.79025   -0.78999   -0.78914   -0.78844
  -0.36828   -0.35174   -0.34060   -0.34036   -0.33040   -0.31659   -0.31007   -0.30588
   0.08558    0.09092    0.10432    0.11540    0.11836    0.12941    0.13112    0.14507
   0.15165    0.16190    0.16738    0.17162    0.18422    0.19380    0.20271    0.21425
   0.22399    0.22492    0.23288    0.23525    0.24744    0.25376    0.25648    0.27228
   0.45573    0.46039
 kpt#  61, nband= 50, wtk=  0.00926, kpt= -0.3333  0.0000  0.3333 (reduced coord)
  -1.94164   -1.94099   -1.94073   -1.94020   -0.80277   -0.80160   -0.79990   -0.79754
  -0.79602   -0.79446   -0.79301   -0.79092   -0.79036   -0.78966   -0.78934   -0.78786
  -0.37315   -0.35179   -0.34123   -0.33918   -0.32619   -0.31624   -0.31045   -0.30543
   0.08278    0.09194    0.10137    0.11185    0.11501    0.12469    0.13714    0.14716
   0.14888    0.16054    0.16628    0.17953    0.18490    0.19683    0.20476    0.21154
   0.22137    0.22426    0.23725    0.24046    0.24497    0.25221    0.26113    0.27153
   0.45958    0.46413
 kpt#  62, nband= 50, wtk=  0.00926, kpt= -0.1667  0.0000  0.3333 (reduced coord)
  -1.94166   -1.94103   -1.94068   -1.94019   -0.80324   -0.80220   -0.80140   -0.79649
  -0.79607   -0.79343   -0.79265   -0.79177   -0.79035   -0.78970   -0.78817   -0.78754
  -0.38033   -0.35207   -0.34211   -0.33886   -0.31877   -0.31508   -0.31107   -0.30482
   0.07934    0.08986    0.09588    0.10275    0.11603    0.12662    0.13458    0.14545
   0.14677    0.16584    0.16684    0.18345    0.18886    0.19399    0.20571    0.21384
   0.22203    0.23269    0.23508    0.24322    0.24917    0.25412    0.26367    0.26969
   0.46595    0.47068
 kpt#  63, nband= 50, wtk=  0.00926, kpt=  0.0000  0.1667  0.3333 (reduced coord)
  -1.94166   -1.94103   -1.94069   -1.94019   -0.80273   -0.80227   -0.80159   -0.79761
  -0.79518   -0.79313   -0.79251   -0.79230   -0.79054   -0.78969   -0.78815   -0.78729
  -0.38007   -0.35160   -0.34342   -0.34038   -0.31561   -0.31552   -0.31147   -0.30521
   0.08605    0.08624    0.09743    0.11017    0.11556    0.12119    0.12992    0.14364
   0.14871    0.16117    0.17684    0.18326    0.18701    0.18817    0.20628    0.21997
   0.22171    0.22731    0.23335    0.24280    0.24830    0.25557    0.26294    0.26767
   0.46570    0.46978
 kpt#  64, nband= 50, wtk=  0.00926, kpt=  0.1667  0.1667  0.3333 (reduced coord)
  -1.94165   -1.94101   -1.94071   -1.94019   -0.80321   -0.80245   -0.80122   -0.79713
  -0.79543   -0.79385   -0.79243   -0.79171   -0.79063   -0.78959   -0.78793   -0.78751
  -0.37774   -0.35198   -0.34409   -0.34046   -0.31835   -0.31473   -0.31139   -0.30472
   0.08511    0.09301    0.09844    0.10534    0.11706    0.12526    0.13466    0.14464
   0.14849    0.15914    0.16508    0.18199    0.18921    0.19907    0.20794    0.21497
   0.22221    0.22673    0.23172    0.24035    0.24329    0.25308    0.26303    0.26866
   0.46059    0.47205
 kpt#  65, nband= 50, wtk=  0.00926, kpt=  0.3333  0.1667  0.3333 (reduced coord)
  -1.94163   -1.94098   -1.94075   -1.94020   -0.80342   -0.80244   -0.80121   -0.79811
  -0.79549   -0.79326   -0.79244   -0.79081   -0.79040   -0.78937   -0.78842   -0.78791
  -0.37193   -0.35252   -0.34535   -0.34230   -0.32313   -0.31362   -0.31031   -0.30466
   0.08767    0.09466    0.10455    0.11131    0.11827    0.12488    0.13911    0.14225
   0.14810    0.16029    0.16105    0.18118    0.19015    0.20142    0.20330    0.21468
   0.21926    0.22636    0.22962    0.23684    0.23874    0.25225    0.25776    0.27068
   0.45340    0.46344
 kpt#  66, nband= 50, wtk=  0.00926, kpt=  0.5000  0.1667  0.3333 (reduced coord)
  -1.94162   -1.94095   -1.94078   -1.94021   -0.80326   -0.80236   -0.80113   -0.79949
  -0.79482   -0.79392   -0.79109   -0.79044   -0.78982   -0.78966   -0.78905   -0.78836
  -0.36788   -0.35284   -0.34554   -0.34503   -0.32516   -0.31286   -0.30966   -0.30499
   0.09026    0.09405    0.10687    0.11425    0.11815    0.13093    0.13561    0.14402
   0.14563    0.16237    0.16415    0.17375    0.18871    0.19756    0.20855    0.21088
   0.22226    0.22553    0.22791    0.23429    0.23861    0.25237    0.25490    0.27106
   0.45189    0.45599
 kpt#  67, nband= 50, wtk=  0.00926, kpt= -0.3333  0.1667  0.3333 (reduced coord)
  -1.94163   -1.94098   -1.94075   -1.94020   -0.80322   -0.80239   -0.80160   -0.79787
  -0.79533   -0.79345   -0.79261   -0.79097   -0.79035   -0.78918   -0.78835   -0.78799
  -0.37182   -0.35250   -0.34517   -0.34251   -0.32319   -0.31352   -0.31043   -0.30466
   0.08765    0.09480    0.10435    0.11140    0.11825    0.12529    0.13907    0.14175
   0.14845    0.15982    0.16052    0.18159    0.19059    0.20130    0.20327    0.21508
   0.21942    0.22589    0.22925    0.23748    0.23874    0.25219    0.25736    0.27096
   0.45493    0.46243
 kpt#  68, nband= 50, wtk=  0.00926, kpt= -0.1667  0.1667  0.3333 (reduced coord)
  -1.94165   -1.94101   -1.94070   -1.94019   -0.80297   -0.80247   -0.80153   -0.79679
  -0.79541   -0.79417   -0.79232   -0.79183   -0.79078   -0.78939   -0.78800   -0.78746
  -0.37766   -0.35195   -0.34397   -0.34060   -0.31846   -0.31463   -0.31149   -0.30471
   0.08512    0.09323    0.09812    0.10574    0.11646    0.12586    0.13448    0.14430
   0.14846    0.15945    0.16475    0.18238    0.18866    0.19891    0.20794    0.21546
   0.22294    0.22612    0.23175    0.24058    0.24308    0.25337    0.26257    0.26881
   0.46158    0.47248
 kpt#  69, nband= 50, wtk=  0.00926, kpt=  0.0000  0.3333  0.3333 (reduced coord)
  -1.94163   -1.94097   -1.94076   -1.94020   -0.80178   -0.80104   -0.80071   -0.79908
  -0.79510   -0.79406   -0.79335   -0.79171   -0.79032   -0.78952   -0.78916   -0.78759
  -0.37134   -0.34947   -0.34873   -0.34305   -0.31803   -0.31359   -0.31301   -0.30704
   0.09574    0.10200    0.10449    0.11186    0.11705    0.12405    0.13051    0.13378
   0.15258    0.15913    0.16913    0.17307    0.18731    0.19846    0.20045    0.20903
   0.21017    0.23000    0.23065    0.23636    0.24935    0.25464    0.26214    0.26418
   0.46116    0.46850
 kpt#  70, nband= 50, wtk=  0.00926, kpt=  0.1667  0.3333  0.3333 (reduced coord)
  -1.94163   -1.94096   -1.94076   -1.94020   -0.80311   -0.80224   -0.80133   -0.79877
  -0.79475   -0.79382   -0.79228   -0.79116   -0.79020   -0.78939   -0.78858   -0.78764
  -0.37047   -0.35128   -0.34979   -0.34433   -0.31770   -0.31428   -0.31069   -0.30570
   0.09652    0.10112    0.10753    0.11231    0.11813    0.12500    0.13350    0.13702
   0.14974    0.15761    0.16187    0.18046    0.18850    0.19797    0.20573    0.20872
   0.21512    0.22408    0.22941    0.23156    0.24517    0.25285    0.26142    0.26494
   0.45614    0.46629
 kpt#  71, nband= 50, wtk=  0.00926, kpt=  0.3333  0.3333  0.3333 (reduced coord)
  -1.94162   -1.94095   -1.94078   -1.94021   -0.80420   -0.80358   -0.80279   -0.80082
  -0.79325   -0.79192   -0.79139   -0.79034   -0.79000   -0.78884   -0.78818   -0.78772
  -0.36798   -0.35372   -0.35249   -0.34809   -0.31798   -0.31159   -0.30828   -0.30411
   0.09783    0.10235    0.11264    0.11377    0.12036    0.12630    0.13191    0.14074
   0.14650    0.16163    0.16500    0.18237    0.18919    0.19998    0.20585    0.20855
   0.21342    0.21899    0.22600    0.22999    0.23958    0.25107    0.25527    0.26644
   0.44859    0.46110
 kpt#  72, nband= 50, wtk=  0.00926, kpt=  0.5000  0.3333  0.3333 (reduced coord)
  -1.94161   -1.94094   -1.94079   -1.94021   -0.80431   -0.80406   -0.80336   -0.80224
  -0.79250   -0.79179   -0.79037   -0.79013   -0.78909   -0.78883   -0.78832   -0.78793
  -0.36600   -0.35458   -0.35414   -0.35069   -0.31792   -0.30984   -0.30740   -0.30370
   0.10053    0.10208    0.11269    0.11617    0.11966    0.12688    0.13193    0.13887
   0.15123    0.16617    0.16842    0.17549    0.19426    0.19790    0.20385    0.20792
   0.21302    0.21670    0.22539    0.22721    0.23843    0.25112    0.25245    0.26711
   0.44773    0.45249
 kpt#  73, nband= 50, wtk=  0.00926, kpt= -0.3333  0.3333  0.3333 (reduced coord)
  -1.94162   -1.94095   -1.94078   -1.94021   -0.80382   -0.80359   -0.80327   -0.80068
  -0.79285   -0.79214   -0.79173   -0.79047   -0.78985   -0.78865   -0.78840   -0.78758
  -0.36780   -0.35400   -0.35214   -0.34827   -0.31801   -0.31164   -0.30828   -0.30412
   0.09781    0.10266    0.11238    0.11369    0.12032    0.12671    0.13170    0.14050
   0.14695    0.16081    0.16475    0.18254    0.18988    0.19936    0.20592    0.20856
   0.21417    0.21894    0.22623    0.23003    0.23920    0.25125    0.25475    0.26673
   0.44994    0.46095
 kpt#  74, nband= 50, wtk=  0.00926, kpt= -0.1667  0.3333  0.3333 (reduced coord)
  -1.94163   -1.94096   -1.94076   -1.94020   -0.80264   -0.80243   -0.80179   -0.79846
  -0.79477   -0.79374   -0.79247   -0.79122   -0.79037   -0.78913   -0.78866   -0.78760
  -0.37034   -0.35154   -0.34944   -0.34445   -0.31771   -0.31443   -0.31064   -0.30570
   0.09658    0.10138    0.10733    0.11241    0.11766    0.12550    0.13303    0.13742
   0.14926    0.15734    0.16204    0.18075    0.18858    0.19736    0.20573    0.20899
   0.21525    0.22442    0.22941    0.23182    0.24493    0.25307    0.26102    0.26503
   0.45718    0.46641
 kpt#  75, nband= 50, wtk=  0.00926, kpt=  0.0000  0.5000  0.3333 (reduced coord)
  -1.94162   -1.94091   -1.94082   -1.94020   -0.80088   -0.80056   -0.80010   -0.79982
  -0.79538   -0.79500   -0.79265   -0.79242   -0.78994   -0.78940   -0.78891   -0.78858
  -0.35967   -0.35935   -0.34631   -0.34609   -0.31679   -0.31650   -0.31018   -0.30992
   0.10494    0.10667    0.11281    0.11412    0.11612    0.11739    0.14190    0.14232
   0.14353    0.14537    0.17046    0.17197    0.18481    0.18565    0.20194    0.20320
   0.21798    0.21972    0.23274    0.23399    0.25639    0.25716    0.25822    0.25925
   0.46047    0.46270
 kpt#  76, nband= 50, wtk=  0.00926, kpt=  0.1667  0.5000  0.3333 (reduced coord)
  -1.94162   -1.94092   -1.94081   -1.94021   -0.80267   -0.80230   -0.80101   -0.80033
  -0.79433   -0.79396   -0.79132   -0.79115   -0.78959   -0.78938   -0.78899   -0.78836
  -0.36043   -0.36002   -0.34828   -0.34790   -0.31597   -0.31568   -0.30827   -0.30811
   0.10476    0.10602    0.11156    0.11309    0.12149    0.12248    0.13849    0.13948
   0.14771    0.14947    0.16784    0.16918    0.19003    0.19061    0.20405    0.20472
   0.21621    0.21728    0.22987    0.23061    0.25236    0.25306    0.25942    0.26081
   0.45742    0.45866
 kpt#  77, nband= 50, wtk=  0.00926, kpt=  0.3333  0.5000  0.3333 (reduced coord)
  -1.94161   -1.94092   -1.94081   -1.94021   -0.80431   -0.80407   -0.80302   -0.80251
  -0.79231   -0.79196   -0.79036   -0.79006   -0.78903   -0.78894   -0.78848   -0.78786
  -0.36155   -0.36097   -0.35226   -0.35169   -0.31394   -0.31343   -0.30550   -0.30520
   0.10613    0.10690    0.11288    0.11472    0.12311    0.12456    0.13475    0.13519
   0.15547    0.15741    0.17144    0.17267    0.19365    0.19408    0.20194    0.20369
   0.21260    0.21375    0.22503    0.22580    0.24809    0.24874    0.25877    0.26009
   0.45154    0.45337
 kpt#  78, nband= 50, wtk=  0.00926, kpt=  0.5000  0.5000  0.3333 (reduced coord)
  -1.94161   -1.94092   -1.94081   -1.94022   -0.80491   -0.80444   -0.80403   -0.80363
  -0.79127   -0.79103   -0.79048   -0.79031   -0.78854   -0.78825   -0.78802   -0.78776
  -0.36181   -0.36122   -0.35432   -0.35372   -0.31278   -0.31219   -0.30442   -0.30398
   0.10777    0.10875    0.11331    0.11517    0.12411    0.12562    0.13093    0.13128
   0.16227    0.16374    0.17486    0.17635    0.19358    0.19479    0.19744    0.20032
   0.21335    0.21516    0.22016    0.22159    0.24588    0.24692    0.25957    0.26047
   0.44938    0.45321
 kpt#  79, nband= 50, wtk=  0.00926, kpt= -0.3333  0.5000  0.3333 (reduced coord)
  -1.94161   -1.94092   -1.94081   -1.94021   -0.80451   -0.80387   -0.80297   -0.80257
  -0.79228   -0.79193   -0.79047   -0.79004   -0.78927   -0.78862   -0.78825   -0.78815
  -0.36150   -0.36100   -0.35225   -0.35172   -0.31384   -0.31352   -0.30554   -0.30516
   0.10593    0.10714    0.11345    0.11410    0.12307    0.12457    0.13456    0.13543
   0.15536    0.15748    0.17159    0.17258    0.19312    0.19455    0.20183    0.20377
   0.21259    0.21389    0.22460    0.22618    0.24791    0.24882    0.25913    0.25983
   0.45147    0.45335
 kpt#  80, nband= 50, wtk=  0.00926, kpt= -0.1667  0.5000  0.3333 (reduced coord)
  -1.94162   -1.94092   -1.94081   -1.94021   -0.80282   -0.80218   -0.80088   -0.80042
  -0.79428   -0.79396   -0.79148   -0.79105   -0.78983   -0.78902   -0.78881   -0.78864
  -0.36040   -0.36004   -0.34827   -0.34793   -0.31591   -0.31574   -0.30830   -0.30808
   0.10468    0.10613    0.11200    0.11262    0.12164    0.12237    0.13856    0.13927
   0.14761    0.14965    0.16818    0.16889    0.19011    0.19047    0.20375    0.20508
   0.21599    0.21752    0.22956    0.23090    0.25182    0.25354    0.25986    0.26042
   0.45712    0.45897
 kpt#  81, nband= 50, wtk=  0.00926, kpt=  0.0000 -0.3333  0.3333 (reduced coord)
  -1.94163   -1.94097   -1.94076   -1.94020   -0.80228   -0.80114   -0.80026   -0.79885
  -0.79495   -0.79399   -0.79331   -0.79198   -0.79010   -0.78979   -0.78882   -0.78797
  -0.37133   -0.34927   -0.34870   -0.34271   -0.31801   -0.31361   -0.31320   -0.30753
   0.09645    0.10221    0.10496    0.11262    0.11629    0.12465    0.13014    0.13442
   0.15114    0.15766    0.17113    0.17154    0.18726    0.19882    0.19965    0.20907
   0.20999    0.22943    0.23123    0.23698    0.24993    0.25424    0.26155    0.26469
   0.46038    0.47048
 kpt#  82, nband= 50, wtk=  0.00926, kpt=  0.1667 -0.3333  0.3333 (reduced coord)
  -1.94163   -1.94096   -1.94076   -1.94020   -0.80312   -0.80216   -0.80168   -0.79833
  -0.79472   -0.79364   -0.79232   -0.79130   -0.79028   -0.78944   -0.78846   -0.78784
  -0.37032   -0.35127   -0.34945   -0.34425   -0.31760   -0.31446   -0.31087   -0.30613
   0.09698    0.10166    0.10778    0.11311    0.11761    0.12473    0.13340    0.13831
   0.14795    0.15672    0.16203    0.18148    0.18768    0.19731    0.20595    0.20858
   0.21475    0.22290    0.22973    0.23325    0.24555    0.25224    0.26089    0.26554
   0.45675    0.46795
 kpt#  83, nband= 50, wtk=  0.00926, kpt=  0.3333 -0.3333  0.3333 (reduced coord)
  -1.94162   -1.94095   -1.94078   -1.94021   -0.80417   -0.80349   -0.80310   -0.80060
  -0.79259   -0.79238   -0.79138   -0.79020   -0.79001   -0.78902   -0.78850   -0.78760
  -0.36778   -0.35373   -0.35201   -0.34831   -0.31778   -0.31184   -0.30860   -0.30430
   0.09749    0.10369    0.11304    0.11362    0.12065    0.12579    0.13173    0.13990
   0.14768    0.16116    0.16479    0.18299    0.18973    0.19887    0.20653    0.20905
   0.21153    0.21891    0.22552    0.23063    0.23946    0.25096    0.25439    0.26719
   0.45039    0.46093
 kpt#  84, nband= 50, wtk=  0.00926, kpt=  0.5000 -0.3333  0.3333 (reduced coord)
  -1.94161   -1.94094   -1.94079   -1.94021   -0.80457   -0.80407   -0.80321   -0.80211
  -0.79226   -0.79172   -0.79045   -0.79005   -0.78896   -0.78862   -0.78853   -0.78837
  -0.36598   -0.35431   -0.35389   -0.35086   -0.31766   -0.31025   -0.30775   -0.30366
   0.09983    0.10316    0.11346    0.11648    0.11989    0.12614    0.13108    0.13827
   0.15211    0.16778    0.16847    0.17627    0.19349    0.19835    0.20307    0.20607
   0.21401    0.21581    0.22485    0.22723    0.23901    0.25090    0.25168    0.26729
   0.44892    0.45280
 kpt#  85, nband= 50, wtk=  0.00926, kpt= -0.3333 -0.3333  0.3333 (reduced coord)
  -1.94162   -1.94095   -1.94078   -1.94021   -0.80453   -0.80329   -0.80288   -0.80069
  -0.79299   -0.79210   -0.79117   -0.79022   -0.78991   -0.78905   -0.78842   -0.78779
  -0.36795   -0.35350   -0.35231   -0.34815   -0.31774   -0.31181   -0.30860   -0.30429
   0.09754    0.10329    0.11328    0.11383    0.12074    0.12524    0.13199    0.14017
   0.14719    0.16191    0.16511    0.18286    0.18898    0.19950    0.20607    0.20950
   0.21091    0.21890    0.22530    0.23042    0.23984    0.25077    0.25499    0.26691
   0.44899    0.46105
 kpt#  86, nband= 50, wtk=  0.00926, kpt= -0.1667 -0.3333  0.3333 (reduced coord)
  -1.94163   -1.94096   -1.94076   -1.94020   -0.80347   -0.80197   -0.80140   -0.79856
  -0.79463   -0.79378   -0.79215   -0.79126   -0.79011   -0.78954   -0.78841   -0.78800
  -0.37045   -0.35105   -0.34973   -0.34416   -0.31759   -0.31431   -0.31092   -0.30612
   0.09693    0.10135    0.10803    0.11302    0.11815    0.12416    0.13386    0.13777
   0.14848    0.15706    0.16183    0.18120    0.18757    0.19797    0.20591    0.20837
   0.21456    0.22268    0.22968    0.23296    0.24574    0.25206    0.26139    0.26537
   0.45567    0.46814
 kpt#  87, nband= 50, wtk=  0.00926, kpt=  0.0000 -0.1667  0.3333 (reduced coord)
  -1.94166   -1.94103   -1.94069   -1.94019   -0.80334   -0.80172   -0.80159   -0.79737
  -0.79519   -0.79319   -0.79261   -0.79220   -0.79034   -0.78977   -0.78804   -0.78764
  -0.38007   -0.35139   -0.34337   -0.33996   -0.31595   -0.31575   -0.31130   -0.30560
   0.08628    0.08662    0.09795    0.11092    0.11522    0.12113    0.12970    0.14398
   0.14760    0.16107    0.17865    0.18221    0.18532    0.18793    0.20599    0.22008
   0.22152    0.22871    0.23318    0.24185    0.24909    0.25565    0.26286    0.26765
   0.46590    0.46995
 kpt#  88, nband= 50, wtk=  0.00926, kpt=  0.1667 -0.1667  0.3333 (reduced coord)
  -1.94165   -1.94101   -1.94070   -1.94019   -0.80340   -0.80218   -0.80144   -0.79654
  -0.79547   -0.79419   -0.79226   -0.79171   -0.79072   -0.78951   -0.78820   -0.78749
  -0.37766   -0.35173   -0.34390   -0.34028   -0.31861   -0.31492   -0.31140   -0.30508
   0.08535    0.09347    0.09866    0.10608    0.11659    0.12496    0.13518    0.14460
   0.14763    0.15975    0.16463    0.18169    0.18841    0.19931    0.20698    0.21585
   0.22260    0.22554    0.23195    0.24027    0.24403    0.25360    0.26238    0.26883
   0.46194    0.47144
 kpt#  89, nband= 50, wtk=  0.00926, kpt=  0.3333 -0.1667  0.3333 (reduced coord)
  -1.94163   -1.94098   -1.94075   -1.94020   -0.80343   -0.80237   -0.80147   -0.79784
  -0.79515   -0.79347   -0.79237   -0.79086   -0.79034   -0.78941   -0.78881   -0.78779
  -0.37179   -0.35230   -0.34503   -0.34239   -0.32314   -0.31386   -0.31053   -0.30487
   0.08778    0.09504    0.10454    0.11179    0.11842    0.12490    0.13885    0.14186
   0.14821    0.16022    0.16141    0.18110    0.19021    0.20079    0.20403    0.21516
   0.21892    0.22385    0.22991    0.23709    0.23930    0.25222    0.25731    0.27103
   0.45538    0.46307
 kpt#  90, nband= 50, wtk=  0.00926, kpt=  0.5000 -0.1667  0.3333 (reduced coord)
  -1.94162   -1.94095   -1.94078   -1.94021   -0.80339   -0.80248   -0.80098   -0.79942
  -0.79467   -0.79369   -0.79113   -0.79033   -0.78995   -0.78967   -0.78919   -0.78851
  -0.36783   -0.35266   -0.34532   -0.34502   -0.32508   -0.31319   -0.30992   -0.30504
   0.09077    0.09373    0.10683    0.11458    0.11852    0.13055    0.13607    0.14355
   0.14518    0.16418    0.16446    0.17406    0.18730    0.19780    0.20707    0.21242
   0.22169    0.22485    0.22706    0.23442    0.23895    0.25191    0.25488    0.27111
   0.45295    0.45646
 kpt#  91, nband= 50, wtk=  0.00926, kpt= -0.3333 -0.1667  0.3333 (reduced coord)
  -1.94163   -1.94098   -1.94075   -1.94020   -0.80368   -0.80233   -0.80120   -0.79799
  -0.79524   -0.79340   -0.79226   -0.79071   -0.79027   -0.78959   -0.78876   -0.78788
  -0.37189   -0.35233   -0.34520   -0.34217   -0.32307   -0.31396   -0.31041   -0.30487
   0.08782    0.09481    0.10469    0.11177    0.11846    0.12467    0.13880    0.14236
   0.14787    0.16112    0.16156    0.18051    0.18979    0.20098    0.20394    0.21491
   0.21867    0.22438    0.23027    0.23646    0.23923    0.25237    0.25768    0.27076
   0.45381    0.46376
 kpt#  92, nband= 50, wtk=  0.00926, kpt= -0.1667 -0.1667  0.3333 (reduced coord)
  -1.94165   -1.94101   -1.94071   -1.94019   -0.80365   -0.80204   -0.80129   -0.79679
  -0.79552   -0.79385   -0.79243   -0.79163   -0.79052   -0.78967   -0.78809   -0.78763
  -0.37774   -0.35178   -0.34398   -0.34017   -0.31849   -0.31503   -0.31130   -0.30509
   0.08535    0.09325    0.09895    0.10565    0.11718    0.12446    0.13539    0.14503
   0.14750    0.15958    0.16495    0.18118    0.18896    0.19942    0.20702    0.21521
   0.22218    0.22597    0.23197    0.23996    0.24423    0.25336    0.26293    0.26863
   0.46082    0.47154
 kpt#  93, nband= 50, wtk=  0.00463, kpt=  0.0000  0.0000  0.5000 (reduced coord)
  -1.94164   -1.94107   -1.94066   -1.94019   -0.80122   -0.80088   -0.79970   -0.79956
  -0.79552   -0.79533   -0.79297   -0.79277   -0.78927   -0.78909   -0.78855   -0.78834
  -0.36710   -0.36699   -0.33950   -0.33929   -0.31636   -0.31626   -0.30934   -0.30923
   0.09134    0.09152    0.10419    0.10422    0.12704    0.12710    0.13230    0.13289
   0.14619    0.14637    0.17415    0.17623    0.18871    0.18926    0.21335    0.21480
   0.21939    0.22113    0.23769    0.23870    0.25537    0.25584    0.26461    0.26518
   0.47383    0.47467
 kpt#  94, nband= 50, wtk=  0.00926, kpt=  0.1667  0.0000  0.5000 (reduced coord)
  -1.94163   -1.94105   -1.94068   -1.94020   -0.80162   -0.80123   -0.79908   -0.79886
  -0.79620   -0.79605   -0.79222   -0.79204   -0.78955   -0.78943   -0.78861   -0.78845
  -0.36558   -0.36550   -0.33961   -0.33940   -0.31823   -0.31809   -0.30899   -0.30888
   0.09070    0.09079    0.10748    0.10773    0.12676    0.12750    0.13232    0.13285
   0.15044    0.15102    0.17359    0.17535    0.18479    0.18522    0.21144    0.21263
   0.22467    0.22555    0.23459    0.23516    0.25142    0.25185    0.26470    0.26524
   0.46862    0.46948
 kpt#  95, nband= 50, wtk=  0.00926, kpt=  0.3333  0.0000  0.5000 (reduced coord)
  -1.94162   -1.94100   -1.94074   -1.94021   -0.80212   -0.80166   -0.79831   -0.79786
  -0.79669   -0.79659   -0.79159   -0.79149   -0.79014   -0.79000   -0.78861   -0.78854
  -0.36211   -0.36211   -0.33993   -0.33969   -0.32213   -0.32192   -0.30844   -0.30836
   0.09113    0.09115    0.11107    0.11167    0.12539    0.12687    0.13738    0.13782
   0.15675    0.15760    0.17056    0.17202    0.18482    0.18528    0.20350    0.20435
   0.22415    0.22465    0.23551    0.23639    0.24520    0.24558    0.26418    0.26457
   0.45990    0.46111
 kpt#  96, nband= 50, wtk=  0.00463, kpt=  0.5000  0.0000  0.5000 (reduced coord)
  -1.94161   -1.94096   -1.94077   -1.94022   -0.80230   -0.80181   -0.79848   -0.79807
  -0.79602   -0.79569   -0.79245   -0.79231   -0.78956   -0.78923   -0.78907   -0.78878
  -0.36015   -0.36009   -0.34018   -0.33991   -0.32426   -0.32402   -0.30821   -0.30813
   0.09207    0.09212    0.11138    0.11212    0.12455    0.12629    0.14056    0.14118
   0.16199    0.16277    0.16955    0.17107    0.18534    0.18664    0.19533    0.19574
   0.22203    0.22261    0.23598    0.23619    0.24625    0.24683    0.26214    0.26219
   0.45531    0.45674
 kpt#  97, nband= 50, wtk=  0.00926, kpt=  0.0000  0.1667  0.5000 (reduced coord)
  -1.94163   -1.94105   -1.94069   -1.94020   -0.80122   -0.80060   -0.79998   -0.79955
  -0.79581   -0.79557   -0.79253   -0.79227   -0.78961   -0.78934   -0.78864   -0.78823
  -0.36526   -0.36510   -0.34114   -0.34090   -0.31630   -0.31613   -0.30996   -0.30970
   0.09640    0.09674    0.10652    0.10699    0.12278    0.12345    0.13637    0.13713
   0.14497    0.14508    0.17154    0.17271    0.19422    0.19483    0.20199    0.20479
   0.22665    0.22715    0.23517    0.23633    0.25000    0.25062    0.26340    0.26386
   0.47066    0.47150
 kpt#  98, nband= 50, wtk=  0.00926, kpt=  0.1667  0.1667  0.5000 (reduced coord)
  -1.94163   -1.94103   -1.94070   -1.94020   -0.80237   -0.80182   -0.79964   -0.79871
  -0.79589   -0.79534   -0.79195   -0.79177   -0.78981   -0.78904   -0.78872   -0.78831
  -0.36459   -0.36406   -0.34297   -0.34069   -0.31900   -0.31506   -0.31017   -0.30803
   0.09520    0.09582    0.10881    0.11028    0.12256    0.12708    0.13494    0.13706
   0.14797    0.14891    0.16896    0.16976    0.19202    0.19373    0.20619    0.21334
   0.22227    0.22637    0.22953    0.23754    0.24239    0.24931    0.26214    0.26532
   0.46199    0.47232
 kpt#  99, nband= 50, wtk=  0.00926, kpt=  0.3333  0.1667  0.5000 (reduced coord)
  -1.94162   -1.94098   -1.94075   -1.94021   -0.80317   -0.80283   -0.80051   -0.79975
  -0.79451   -0.79409   -0.79130   -0.79077   -0.78998   -0.78940   -0.78862   -0.78842
  -0.36260   -0.36167   -0.34557   -0.34281   -0.32000   -0.31641   -0.30869   -0.30694
   0.09484    0.09714    0.11117    0.11252    0.12519    0.12883    0.13301    0.14029
   0.15132    0.15677    0.16925    0.17341    0.18842    0.19283    0.20229    0.21160
   0.22123    0.22500    0.22998    0.23382    0.23581    0.24544    0.26159    0.26348
   0.45391    0.46155
 kpt# 100, nband= 50, wtk=  0.00926, kpt=  0.5000  0.1667  0.5000 (reduced coord)
  -1.94161   -1.94095   -1.94078   -1.94022   -0.80337   -0.80296   -0.80106   -0.80072
  -0.79351   -0.79319   -0.79121   -0.79106   -0.78952   -0.78921   -0.78893   -0.78865
  -0.36072   -0.36063   -0.34604   -0.34573   -0.31871   -0.31835   -0.30737   -0.30724
   0.09709    0.09715    0.11129    0.11234    0.12601    0.12725    0.13564    0.13668
   0.16268    0.16302    0.17115    0.17239    0.18655    0.18672    0.20251    0.20408
   0.22092    0.22196    0.23115    0.23181    0.24064    0.24162    0.26140    0.26170
   0.45237    0.45382
 kpt# 101, nband= 50, wtk=  0.00926, kpt= -0.3333  0.1667  0.5000 (reduced coord)
  -1.94162   -1.94098   -1.94075   -1.94021   -0.80320   -0.80257   -0.80087   -0.79957
  -0.79464   -0.79402   -0.79118   -0.79079   -0.79021   -0.78943   -0.78862   -0.78829
  -0.36251   -0.36157   -0.34545   -0.34306   -0.32020   -0.31616   -0.30885   -0.30690
   0.09494    0.09714    0.11102    0.11285    0.12572    0.12768    0.13297    0.14085
   0.15142    0.15636    0.16802    0.17400    0.18870    0.19346    0.20278    0.21087
   0.22198    0.22498    0.22959    0.23338    0.23583    0.24557    0.26131    0.26390
   0.45537    0.46050
 kpt# 102, nband= 50, wtk=  0.00926, kpt= -0.1667  0.1667  0.5000 (reduced coord)
  -1.94163   -1.94103   -1.94070   -1.94020   -0.80229   -0.80169   -0.79984   -0.79860
  -0.79593   -0.79549   -0.79188   -0.79158   -0.79003   -0.78921   -0.78866   -0.78814
  -0.36460   -0.36389   -0.34287   -0.34087   -0.31914   -0.31486   -0.31037   -0.30798
   0.09537    0.09579    0.10902    0.11018    0.12226    0.12693    0.13534    0.13686
   0.14813    0.14871    0.16823    0.16998    0.19159    0.19443    0.20584    0.21374
   0.22273    0.22690    0.22972    0.23705    0.24168    0.24971    0.26254    0.26485
   0.46316    0.47227
 kpt# 103, nband= 50, wtk=  0.00926, kpt=  0.0000  0.3333  0.5000 (reduced coord)
  -1.94162   -1.94098   -1.94075   -1.94021   -0.80120   -0.80057   -0.80013   -0.79966
  -0.79561   -0.79537   -0.79247   -0.79225   -0.78989   -0.78963   -0.78859   -0.78819
  -0.36011   -0.35994   -0.34597   -0.34579   -0.31545   -0.31529   -0.31152   -0.31123
   0.10580    0.10590    0.11477    0.11560    0.12020    0.12136    0.13638    0.13734
   0.14516    0.14531    0.17356    0.17440    0.18049    0.18310    0.20471    0.20486
   0.22386    0.22433    0.23323    0.23439    0.24540    0.24641    0.25875    0.25976
   0.46694    0.46759
 kpt# 104, nband= 50, wtk=  0.00926, kpt=  0.1667  0.3333  0.5000 (reduced coord)
  -1.94161   -1.94097   -1.94076   -1.94021   -0.80302   -0.80223   -0.80108   -0.80005
  -0.79446   -0.79364   -0.79185   -0.79133   -0.78974   -0.78917   -0.78860   -0.78819
  -0.36091   -0.36035   -0.34849   -0.34701   -0.31593   -0.31281   -0.31071   -0.30890
   0.10373    0.10827    0.11252    0.11520    0.12312    0.12485    0.13632    0.13698
   0.14656    0.14850    0.16822    0.16941    0.19030    0.19257    0.20395    0.21047
   0.21868    0.22125    0.22779    0.22916    0.24433    0.24595    0.25736    0.26180
   0.45752    0.47141
 kpt# 105, nband= 50, wtk=  0.00926, kpt=  0.3333  0.3333  0.5000 (reduced coord)
  -1.94161   -1.94095   -1.94078   -1.94022   -0.80456   -0.80405   -0.80298   -0.80217
  -0.79194   -0.79157   -0.79070   -0.79034   -0.78941   -0.78868   -0.78850   -0.78802
  -0.36172   -0.36082   -0.35260   -0.35095   -0.31356   -0.31093   -0.30788   -0.30638
   0.10609    0.10674    0.11377    0.11624    0.12356    0.12800    0.13058    0.13231
   0.15697    0.15877    0.16957    0.17508    0.18991    0.19231    0.20710    0.21088
   0.21432    0.21856    0.22442    0.22551    0.23755    0.24350    0.25827    0.25852
   0.44925    0.46144
 kpt# 106, nband= 50, wtk=  0.00926, kpt=  0.5000  0.3333  0.5000 (reduced coord)
  -1.94161   -1.94094   -1.94079   -1.94022   -0.80493   -0.80462   -0.80374   -0.80346
  -0.79113   -0.79095   -0.78990   -0.78978   -0.78901   -0.78871   -0.78838   -0.78810
  -0.36125   -0.36110   -0.35418   -0.35390   -0.31127   -0.31090   -0.30614   -0.30591
   0.10856    0.10888    0.11302    0.11433    0.12533    0.12648    0.12908    0.12968
   0.16524    0.16614    0.17630    0.17735    0.18482    0.18532    0.20443    0.20591
   0.21890    0.22025    0.22526    0.22607    0.23601    0.23727    0.25778    0.25828
   0.44945    0.45069
 kpt# 107, nband= 50, wtk=  0.00926, kpt= -0.3333  0.3333  0.5000 (reduced coord)
  -1.94161   -1.94095   -1.94078   -1.94022   -0.80439   -0.80394   -0.80333   -0.80207
  -0.79194   -0.79158   -0.79050   -0.79030   -0.78977   -0.78900   -0.78833   -0.78779
  -0.36155   -0.36067   -0.35262   -0.35117   -0.31372   -0.31065   -0.30812   -0.30634
   0.10621    0.10698    0.11347    0.11637    0.12351    0.12807    0.13078    0.13162
   0.15736    0.15923    0.16867    0.17483    0.19031    0.19221    0.20738    0.21054
   0.21402    0.21886    0.22511    0.22593    0.23666    0.24371    0.25793    0.25885
   0.45050    0.46066
 kpt# 108, nband= 50, wtk=  0.00926, kpt= -0.1667  0.3333  0.5000 (reduced coord)
  -1.94161   -1.94097   -1.94076   -1.94021   -0.80280   -0.80225   -0.80133   -0.79994
  -0.79447   -0.79374   -0.79168   -0.79131   -0.78993   -0.78936   -0.78851   -0.78802
  -0.36087   -0.36013   -0.34856   -0.34711   -0.31608   -0.31256   -0.31096   -0.30884
   0.10387    0.10854    0.11256    0.11477    0.12298    0.12520    0.13585    0.13680
   0.14699    0.14863    0.16766    0.16945    0.19044    0.19240    0.20360    0.21042
   0.21904    0.22139    0.22883    0.22942    0.24332    0.24619    0.25773    0.26127
   0.45845    0.47176
 kpt# 109, nband= 50, wtk=  0.00463, kpt=  0.0000  0.5000  0.5000 (reduced coord)
  -1.94161   -1.94093   -1.94080   -1.94022   -0.80104   -0.80072   -0.80023   -0.79993
  -0.79425   -0.79405   -0.79393   -0.79379   -0.78945   -0.78903   -0.78886   -0.78844
  -0.35329   -0.35315   -0.35270   -0.35257   -0.31386   -0.31357   -0.31345   -0.31317
   0.11164    0.11194    0.11290    0.11313    0.12968    0.13047    0.13160    0.13231
   0.15544    0.15579    0.15723    0.15762    0.19048    0.19133    0.19137    0.19223
   0.22820    0.22836    0.22963    0.22973    0.25035    0.25073    0.25187    0.25225
   0.46866    0.46933
 kpt# 110, nband= 50, wtk=  0.00926, kpt=  0.1667  0.5000  0.5000 (reduced coord)
  -1.94161   -1.94093   -1.94080   -1.94022   -0.80282   -0.80226   -0.80183   -0.80124
  -0.79304   -0.79280   -0.79210   -0.79190   -0.78936   -0.78891   -0.78877   -0.78833
  -0.35516   -0.35485   -0.35456   -0.35430   -0.31207   -0.31170   -0.31154   -0.31122
   0.10998    0.11070    0.11542    0.11613    0.12838    0.12927    0.13155    0.13198
   0.15626    0.15679    0.16040    0.16074    0.19364    0.19416    0.19624    0.19688
   0.22102    0.22154    0.22585    0.22618    0.25067    0.25140    0.25292    0.25371
   0.46171    0.46197
 kpt# 111, nband= 50, wtk=  0.00926, kpt=  0.3333  0.5000  0.5000 (reduced coord)
  -1.94161   -1.94093   -1.94080   -1.94022   -0.80481   -0.80435   -0.80401   -0.80356
  -0.79098   -0.79067   -0.79051   -0.79011   -0.78893   -0.78850   -0.78833   -0.78792
  -0.35846   -0.35799   -0.35780   -0.35739   -0.30878   -0.30844   -0.30815   -0.30785
   0.11190    0.11282    0.11592    0.11656    0.12675    0.12712    0.12845    0.12902
   0.16260    0.16333    0.16892    0.16958    0.19397    0.19468    0.19755    0.19848
   0.21639    0.21683    0.22168    0.22227    0.24945    0.25018    0.25093    0.25172
   0.45524    0.45581
 kpt# 112, nband= 50, wtk=  0.00463, kpt=  0.5000  0.5000  0.5000 (reduced coord)
  -1.94161   -1.94093   -1.94080   -1.94022   -0.80549   -0.80520   -0.80486   -0.80458
  -0.79038   -0.79019   -0.78989   -0.78976   -0.78844   -0.78814   -0.78789   -0.78758
  -0.35996   -0.35948   -0.35925   -0.35881   -0.30724   -0.30695   -0.30666   -0.30634
   0.11418    0.11486    0.11574    0.11642    0.12516    0.12555    0.12670    0.12708
   0.16923    0.16964    0.17177    0.17213    0.19237    0.19356    0.19454    0.19570
   0.21807    0.21829    0.22009    0.22034    0.24810    0.24893    0.24905    0.24984
   0.45452    0.45478
