 Fermi (or HOMO) energy (hartree) =   0.27549   Average Vxc (hartree)=  -0.44457
 Eigenvalues (hartree) for nkpt= 112  k points:
 kpt#   1, nband= 50, wtk=  0.00463, kpt=  0.0000  0.0000  0.0000 (reduced coord)
  -1.93778   -1.93701   -1.93693   -1.93690   -0.80702   -0.80492   -0.80438   -0.79517
  -0.79271   -0.79183   -0.79052   -0.79000   -0.78872   -0.78626   -0.78490   -0.78462
  -0.39708   -0.35006   -0.34337   -0.34045   -0.31289   -0.31161   -0.31107   -0.30432
   0.05985    0.06482    0.07563    0.09183    0.09651    0.09909    0.14858    0.16093
   0.16669    0.17259    0.17907    0.17911    0.18032    0.19328    0.20408    0.21478
   0.22058    0.23362    0.24060    0.24524    0.25547    0.25812    0.27436    0.27549
   0.45736    0.46185
 kpt#   2, nband= 50, wtk=  0.00926, kpt=  0.1667  0.0000  0.0000 (reduced coord)
  -1.93774   -1.93706   -1.93694   -1.93690   -0.80620   -0.80391   -0.80376   -0.79565
  -0.79279   -0.79163   -0.79092   -0.79029   -0.78873   -0.78701   -0.78546   -0.78520
  -0.39271   -0.34786   -0.34280   -0.33880   -0.31917   -0.31343   -0.31128   -0.30595
   0.06383    0.07281    0.07362    0.09346    0.09847    0.11216    0.14051    0.15769
   0.16104    0.16146    0.16992    0.17645    0.18222    0.19866    0.21052    0.21626
   0.22756    0.23102    0.23877    0.24247    0.25059    0.26005    0.26892    0.27213
   0.46011    0.46589
 kpt#   3, nband= 50, wtk=  0.00926, kpt=  0.3333  0.0000  0.0000 (reduced coord)
  -1.93763   -1.93716   -1.93695   -1.93689   -0.80403   -0.80225   -0.80127   -0.79720
  -0.79363   -0.79181   -0.79122   -0.79094   -0.78891   -0.78841   -0.78687   -0.78598
  -0.38128   -0.34256   -0.34218   -0.33489   -0.33163   -0.31935   -0.31240   -0.30993
   0.07352    0.07625    0.09545    0.09993    0.10383    0.11817    0.12750    0.14176
   0.15214    0.15876    0.16058    0.17419    0.18704    0.19227    0.21463    0.21540
   0.22224    0.22381    0.23867    0.24656    0.25344    0.25746    0.26406    0.26579
   0.46418    0.47199
 kpt#   4, nband= 50, wtk=  0.00463, kpt=  0.5000  0.0000  0.0000 (reduced coord)
  -1.93756   -1.93723   -1.93695   -1.93689   -0.80212   -0.80123   -0.79919   -0.79887
  -0.79420   -0.79301   -0.79222   -0.79102   -0.78854   -0.78801   -0.78800   -0.78658
  -0.37196   -0.34709   -0.33758   -0.33663   -0.33268   -0.32371   -0.31310   -0.31256
   0.08231    0.08233    0.10114    0.10242    0.10946    0.12015    0.12017    0.13319
   0.14694    0.15192    0.16851    0.17744    0.17851    0.19227    0.20012    0.21718
   0.22038    0.22636    0.23820    0.25029    0.25336    0.25419    0.26440    0.26470
   0.46500    0.47325
 kpt#   5, nband= 50, wtk=  0.00926, kpt=  0.0000  0.1667  0.0000 (reduced coord)
  -1.93772   -1.93701   -1.93698   -1.93691   -0.80584   -0.80400   -0.80389   -0.79610
  -0.79252   -0.79155   -0.79154   -0.79025   -0.78852   -0.78722   -0.78518   -0.78494
  -0.39225   -0.34858   -0.34261   -0.34012   -0.31647   -0.31376   -0.31284   -0.30531
   0.06966    0.07035    0.07110    0.09371    0.10160    0.11125    0.14252    0.14634
   0.15939    0.16990    0.17214    0.17722    0.18174    0.19748    0.21046    0.21749
   0.22995    0.23164    0.23525    0.23939    0.24797    0.25538    0.27169    0.27268
   0.45554    0.46651
 kpt#   6, nband= 50, wtk=  0.00926, kpt=  0.1667  0.1667  0.0000 (reduced coord)
  -1.93769   -1.93705   -1.93699   -1.93691   -0.80522   -0.80355   -0.80293   -0.79661
  -0.79264   -0.79183   -0.79122   -0.79064   -0.78849   -0.78817   -0.78548   -0.78516
  -0.38830   -0.34708   -0.34198   -0.33842   -0.32042   -0.31838   -0.31166   -0.30676
   0.06939    0.07598    0.07858    0.09515    0.10267    0.11902    0.13600    0.15022
   0.15511    0.15814    0.17270    0.17519    0.17830    0.19764    0.21380    0.21503
   0.22843    0.23392    0.23678    0.23947    0.24642    0.25159    0.26758    0.26994
   0.45833    0.46797
 kpt#   7, nband= 50, wtk=  0.00926, kpt=  0.3333  0.1667  0.0000 (reduced coord)
  -1.93759   -1.93714   -1.93699   -1.93691   -0.80361   -0.80206   -0.80081   -0.79810
  -0.79371   -0.79219   -0.79190   -0.79093   -0.78875   -0.78830   -0.78625   -0.78608
  -0.37802   -0.34313   -0.34163   -0.33471   -0.33196   -0.32277   -0.31249   -0.31031
   0.07593    0.08388    0.09560    0.10415    0.10768    0.11985    0.12680    0.14130
   0.15306    0.15499    0.16380    0.17118    0.18506    0.19184    0.20759    0.21055
   0.22193    0.22727    0.23665    0.24692    0.24736    0.24992    0.26379    0.26539
   0.46232    0.46804
 kpt#   8, nband= 50, wtk=  0.00926, kpt=  0.5000  0.1667  0.0000 (reduced coord)
  -1.93752   -1.93721   -1.93699   -1.93691   -0.80221   -0.80098   -0.79947   -0.79917
  -0.79475   -0.79389   -0.79191   -0.79077   -0.78803   -0.78772   -0.78735   -0.78681
  -0.36976   -0.34578   -0.34001   -0.33624   -0.33319   -0.32517   -0.31316   -0.31271
   0.08488    0.08867    0.09970    0.10434    0.11455    0.11883    0.12639    0.13651
   0.14796    0.15003    0.17099    0.17182    0.17497    0.19228    0.20125    0.21275
   0.21832    0.21841    0.23880    0.24782    0.24849    0.24980    0.26399    0.26427
   0.46384    0.46718
 kpt#   9, nband= 50, wtk=  0.00926, kpt= -0.3333  0.1667  0.0000 (reduced coord)
  -1.93759   -1.93714   -1.93699   -1.93691   -0.80361   -0.80206   -0.80081   -0.79810
  -0.79371   -0.79219   -0.79189   -0.79093   -0.78874   -0.78830   -0.78625   -0.78608
  -0.37802   -0.34313   -0.34163   -0.33471   -0.33196   -0.32277   -0.31249   -0.31031
   0.07593    0.08388    0.09560    0.10415    0.10768    0.11985    0.12680    0.14130
   0.15306    0.15499    0.16381    0.17117    0.18507    0.19184    0.20759    0.21054
   0.22193    0.22728    0.23665    0.24692    0.24735    0.24992    0.26378    0.26539
   0.46231    0.46804
 kpt#  10, nband= 50, wtk=  0.00926, kpt= -0.1667  0.1667  0.0000 (reduced coord)
  -1.93769   -1.93705   -1.93699   -1.93691   -0.80522   -0.80355   -0.80293   -0.79661
  -0.79264   -0.79183   -0.79121   -0.79065   -0.78849   -0.78816   -0.78548   -0.78516
  -0.38830   -0.34709   -0.34198   -0.33842   -0.32041   -0.31838   -0.31166   -0.30676
   0.06939    0.07597    0.07857    0.09515    0.10267    0.11902    0.13601    0.15022
   0.15511    0.15815    0.17270    0.17518    0.17830    0.19764    0.21380    0.21503
   0.22843    0.23393    0.23678    0.23947    0.24641    0.25160    0.26758    0.26994
   0.45832    0.46798
 kpt#  11, nband= 50, wtk=  0.00926, kpt=  0.0000  0.3333  0.0000 (reduced coord)
  -1.93757   -1.93714   -1.93699   -1.93693   -0.80251   -0.80250   -0.80147   -0.79815
  -0.79428   -0.79292   -0.79204   -0.79128   -0.78794   -0.78772   -0.78593   -0.78581
  -0.37891   -0.34800   -0.34088   -0.33952   -0.32704   -0.31949   -0.31231   -0.30786
   0.07248    0.08556    0.09508    0.09614    0.11064    0.12604    0.12941    0.13007
   0.14055    0.15890    0.17175    0.17233    0.19143    0.19238    0.20828    0.21117
   0.21768    0.22033    0.24019    0.24414    0.24854    0.25531    0.26658    0.26758
   0.45972    0.47460
 kpt#  12, nband= 50, wtk=  0.00926, kpt=  0.1667  0.3333  0.0000 (reduced coord)
  -1.93754   -1.93713   -1.93702   -1.93694   -0.80250   -0.80249   -0.80065   -0.79859
  -0.79409   -0.79392   -0.79182   -0.79098   -0.78814   -0.78776   -0.78620   -0.78555
  -0.37614   -0.34793   -0.34013   -0.33778   -0.32804   -0.32402   -0.31196   -0.30888
   0.07504    0.09267    0.09694    0.09945    0.11065    0.12462    0.12894    0.13271
   0.14042    0.16105    0.17156    0.17458    0.18315    0.19165    0.19610    0.21636
   0.21778    0.22218    0.24017    0.24394    0.24430    0.24934    0.26531    0.26675
   0.45894    0.46570
 kpt#  13, nband= 50, wtk=  0.00926, kpt=  0.3333  0.3333  0.0000 (reduced coord)
  -1.93746   -1.93711   -1.93709   -1.93696   -0.80231   -0.80181   -0.79969   -0.79945
  -0.79541   -0.79314   -0.79261   -0.79089   -0.78786   -0.78745   -0.78671   -0.78567
  -0.36906   -0.34719   -0.33931   -0.33501   -0.33260   -0.32942   -0.31262   -0.31137
   0.08363    0.09814    0.10256    0.11123    0.11629    0.12296    0.12537    0.13867
   0.14005    0.15918    0.16695    0.17184    0.18392    0.18754    0.19044    0.20832
   0.21262    0.22805    0.23112    0.23470    0.24614    0.24619    0.26326    0.26382
   0.45654    0.45679
 kpt#  14, nband= 50, wtk=  0.00926, kpt=  0.5000  0.3333  0.0000 (reduced coord)
  -1.93741   -1.93715   -1.93710   -1.93697   -0.80207   -0.80072   -0.80040   -0.79984
  -0.79490   -0.79421   -0.79189   -0.79167   -0.78724   -0.78697   -0.78679   -0.78646
  -0.36368   -0.34652   -0.34225   -0.33505   -0.33477   -0.32888   -0.31327   -0.31300
   0.09213    0.09977    0.10194    0.11389    0.11526    0.12570    0.13467    0.14178
   0.14443    0.15098    0.15914    0.17137    0.17407    0.19387    0.19466    0.20382
   0.20649    0.22134    0.23121    0.23587    0.24304    0.24715    0.26156    0.26211
   0.45337    0.45594
 kpt#  15, nband= 50, wtk=  0.00926, kpt= -0.3333  0.3333  0.0000 (reduced coord)
  -1.93746   -1.93711   -1.93709   -1.93696   -0.80231   -0.80181   -0.79969   -0.79945
  -0.79540   -0.79314   -0.79261   -0.79089   -0.78785   -0.78745   -0.78671   -0.78568
  -0.36906   -0.34719   -0.33931   -0.33501   -0.33260   -0.32942   -0.31262   -0.31137
   0.08363    0.09814    0.10256    0.11123    0.11629    0.12296    0.12537    0.13866
   0.14006    0.15918    0.16695    0.17185    0.18392    0.18755    0.19044    0.20831
   0.21262    0.22804    0.23113    0.23471    0.24615    0.24619    0.26326    0.26382
   0.45655    0.45678
 kpt#  16, nband= 50, wtk=  0.00926, kpt= -0.1667  0.3333  0.0000 (reduced coord)
  -1.93754   -1.93713   -1.93702   -1.93694   -0.80249   -0.80249   -0.80065   -0.79859
  -0.79409   -0.79392   -0.79182   -0.79098   -0.78814   -0.78777   -0.78620   -0.78555
  -0.37614   -0.34793   -0.34013   -0.33778   -0.32804   -0.32402   -0.31196   -0.30888
   0.07504    0.09267    0.09694    0.09945    0.11065    0.12462    0.12894    0.13271
   0.14042    0.16106    0.17155    0.17458    0.18315    0.19165    0.19609    0.21636
   0.21777    0.22218    0.24017    0.24394    0.24430    0.24935    0.26531    0.26675
   0.45893    0.46571
 kpt#  17, nband= 50, wtk=  0.00463, kpt=  0.0000  0.5000  0.0000 (reduced coord)
  -1.93737   -1.93733   -1.93698   -1.93694   -0.80046   -0.80045   -0.79808   -0.79808
  -0.79762   -0.79759   -0.79152   -0.79149   -0.78696   -0.78693   -0.78693   -0.78690
  -0.36093   -0.36089   -0.33960   -0.33958   -0.32639   -0.32637   -0.31062   -0.31060
   0.08353    0.08356    0.11107    0.11111    0.11503    0.11506    0.12667    0.12670
   0.14111    0.14117    0.17491    0.17495    0.18352    0.18358    0.20445    0.20448
   0.21659    0.21667    0.24640    0.24640    0.25312    0.25316    0.26449    0.26450
   0.46825    0.46855
 kpt#  18, nband= 50, wtk=  0.00926, kpt=  0.1667  0.5000  0.0000 (reduced coord)
  -1.93735   -1.93731   -1.93700   -1.93696   -0.80090   -0.80089   -0.79854   -0.79852
  -0.79705   -0.79704   -0.79125   -0.79123   -0.78732   -0.78729   -0.78653   -0.78651
  -0.35984   -0.35980   -0.33849   -0.33847   -0.32857   -0.32855   -0.31104   -0.31102
   0.08713    0.08716    0.11328    0.11331    0.11743    0.11745    0.12355    0.12358
   0.14672    0.14674    0.17326    0.17329    0.18272    0.18279    0.19906    0.19910
   0.21789    0.21796    0.24444    0.24445    0.24732    0.24733    0.26498    0.26499
   0.46074    0.46079
 kpt#  19, nband= 50, wtk=  0.00926, kpt=  0.3333  0.5000  0.0000 (reduced coord)
  -1.93731   -1.93727   -1.93705   -1.93701   -0.80133   -0.80132   -0.79987   -0.79985
  -0.79535   -0.79534   -0.79161   -0.79160   -0.78719   -0.78718   -0.78625   -0.78624
  -0.35710   -0.35706   -0.33681   -0.33679   -0.33248   -0.33246   -0.31234   -0.31232
   0.09479    0.09482    0.11317    0.11319    0.12137    0.12139    0.13054    0.13057
   0.15158    0.15160    0.16820    0.16826    0.17523    0.17530    0.20222    0.20228
   0.21390    0.21392    0.23297    0.23298    0.24467    0.24470    0.26278    0.26281
   0.45237    0.45244
 kpt#  20, nband= 50, wtk=  0.00463, kpt=  0.5000  0.5000  0.0000 (reduced coord)
  -1.93727   -1.93723   -1.93708   -1.93704   -0.80121   -0.80120   -0.80077   -0.80075
  -0.79355   -0.79354   -0.79304   -0.79303   -0.78668   -0.78667   -0.78639   -0.78639
  -0.35523   -0.35519   -0.33788   -0.33786   -0.33278   -0.33275   -0.31325   -0.31324
   0.09927    0.09929    0.10974    0.10976    0.13159    0.13162    0.13344    0.13345
   0.15135    0.15141    0.15779    0.15783    0.17917    0.17925    0.19857    0.19863
   0.21904    0.21908    0.22310    0.22315    0.24397    0.24400    0.26018    0.26022
   0.44988    0.44996
 kpt#  21, nband= 50, wtk=  0.00926, kpt=  0.0000  0.0000  0.1667 (reduced coord)
  -1.93773   -1.93707   -1.93693   -1.93690   -0.80620   -0.80414   -0.80341   -0.79569
  -0.79350   -0.79189   -0.79148   -0.78911   -0.78870   -0.78703   -0.78548   -0.78488
  -0.39265   -0.34752   -0.34350   -0.33885   -0.31749   -0.31326   -0.31249   -0.30684
   0.06489    0.06874    0.08427    0.09770    0.10060    0.10232    0.14361    0.15594
   0.16133    0.16894    0.17155    0.17743    0.18298    0.19136    0.20360    0.21618
   0.22372    0.22793    0.23413    0.24959    0.25583    0.25718    0.26402    0.27187
   0.46020    0.46302
 kpt#  22, nband= 50, wtk=  0.00926, kpt=  0.1667  0.0000  0.1667 (reduced coord)
  -1.93769   -1.93710   -1.93693   -1.93690   -0.80547   -0.80332   -0.80289   -0.79598
  -0.79398   -0.79184   -0.79161   -0.78928   -0.78866   -0.78786   -0.78613   -0.78489
  -0.38869   -0.34655   -0.34219   -0.33741   -0.32213   -0.31559   -0.31324   -0.30769
   0.06812    0.07662    0.08086    0.09752    0.10165    0.11641    0.14160    0.14674
   0.15505    0.16147    0.17202    0.17572    0.18385    0.19479    0.20827    0.21281
   0.22428    0.23212    0.23582    0.23805    0.25167    0.25871    0.26303    0.27026
   0.45888    0.46795
 kpt#  23, nband= 50, wtk=  0.00926, kpt=  0.3333  0.0000  0.1667 (reduced coord)
  -1.93760   -1.93717   -1.93695   -1.93691   -0.80351   -0.80168   -0.80115   -0.79716
  -0.79521   -0.79289   -0.79116   -0.79033   -0.78880   -0.78815   -0.78711   -0.78554
  -0.37835   -0.34442   -0.33946   -0.33619   -0.33115   -0.32047   -0.31456   -0.31054
   0.07623    0.08084    0.10005    0.10205    0.10482    0.11902    0.13297    0.14162
   0.14719    0.15196    0.16845    0.17578    0.18364    0.19382    0.20591    0.21541
   0.22079    0.22396    0.23551    0.24175    0.24987    0.25768    0.25820    0.26682
   0.45866    0.46565
 kpt#  24, nband= 50, wtk=  0.00926, kpt=  0.5000  0.0000  0.1667 (reduced coord)
  -1.93753   -1.93724   -1.93696   -1.93691   -0.80159   -0.80118   -0.79944   -0.79849
  -0.79560   -0.79478   -0.79102   -0.79061   -0.78854   -0.78837   -0.78715   -0.78630
  -0.37003   -0.34612   -0.34105   -0.33755   -0.32971   -0.32321   -0.31610   -0.31218
   0.08210    0.08558    0.10501    0.10586    0.10816    0.12451    0.12972    0.13378
   0.13758    0.15009    0.17155    0.17413    0.18105    0.19369    0.19982    0.21565
   0.22072    0.22452    0.23219    0.24505    0.24941    0.25518    0.25647    0.26626
   0.45758    0.46423
 kpt#  25, nband= 50, wtk=  0.00926, kpt= -0.3333  0.0000  0.1667 (reduced coord)
  -1.93760   -1.93717   -1.93695   -1.93691   -0.80351   -0.80167   -0.80115   -0.79715
  -0.79521   -0.79289   -0.79116   -0.79033   -0.78880   -0.78815   -0.78711   -0.78554
  -0.37835   -0.34442   -0.33946   -0.33619   -0.33114   -0.32047   -0.31456   -0.31054
   0.07623    0.08083    0.10005    0.10205    0.10482    0.11903    0.13297    0.14162
   0.14718    0.15196    0.16844    0.17578    0.18363    0.19382    0.20592    0.21541
   0.22079    0.22396    0.23550    0.24175    0.24987    0.25769    0.25820    0.26682
   0.45865    0.46560
 kpt#  26, nband= 50, wtk=  0.00926, kpt= -0.1667  0.0000  0.1667 (reduced coord)
  -1.93769   -1.93710   -1.93694   -1.93690   -0.80547   -0.80332   -0.80289   -0.79598
  -0.79398   -0.79184   -0.79162   -0.78928   -0.78866   -0.78786   -0.78613   -0.78489
  -0.38869   -0.34654   -0.34219   -0.33741   -0.32212   -0.31559   -0.31324   -0.30770
   0.06812    0.07663    0.08086    0.09752    0.10165    0.11642    0.14159    0.14674
   0.15504    0.16147    0.17202    0.17572    0.18385    0.19478    0.20827    0.21282
   0.22428    0.23212    0.23582    0.23804    0.25167    0.25870    0.26303    0.27026
   0.45888    0.46983
 kpt#  27, nband= 50, wtk=  0.00926, kpt=  0.0000  0.1667  0.1667 (reduced coord)
  -1.93768   -1.93706   -1.93698   -1.93691   -0.80531   -0.80312   -0.80312   -0.79679
  -0.79302   -0.79232   -0.79139   -0.78971   -0.78859   -0.78792   -0.78539   -0.78523
  -0.38819   -0.34621   -0.34361   -0.33819   -0.31845   -0.31741   -0.31417   -0.30727
   0.07333    0.07406    0.07977    0.09983    0.10422    0.11350    0.13881    0.14595
   0.15924    0.16174    0.17027    0.17490    0.18021    0.19635    0.21184    0.21639
   0.22597    0.22726    0.23332    0.24304    0.24603    0.25397    0.26164    0.27011
   0.45827    0.46585
 kpt#  28, nband= 50, wtk=  0.00926, kpt=  0.1667  0.1667  0.1667 (reduced coord)
  -1.93764   -1.93709   -1.93698   -1.93692   -0.80489   -0.80280   -0.80241   -0.79688
  -0.79370   -0.79237   -0.79136   -0.78993   -0.78870   -0.78825   -0.78577   -0.78512
  -0.38471   -0.34659   -0.34151   -0.33739   -0.32230   -0.31977   -0.31453   -0.30743
   0.07446    0.08130    0.08186    0.10097    0.10453    0.12099    0.13763    0.14329
   0.15429    0.15921    0.16416    0.17313    0.18399    0.19850    0.20975    0.21535
   0.22527    0.23076    0.23451    0.23732    0.24529    0.24927    0.26170    0.26849
   0.45813    0.46730
 kpt#  29, nband= 50, wtk=  0.00926, kpt=  0.3333  0.1667  0.1667 (reduced coord)
  -1.93755   -1.93716   -1.93699   -1.93693   -0.80373   -0.80176   -0.80106   -0.79744
  -0.79496   -0.79387   -0.79088   -0.79016   -0.78863   -0.78808   -0.78651   -0.78568
  -0.37568   -0.34545   -0.34026   -0.33826   -0.32870   -0.32252   -0.31573   -0.30906
   0.07962    0.08635    0.09915    0.10557    0.10974    0.11985    0.13202    0.14237
   0.14682    0.15359    0.16078    0.17429    0.18542    0.19439    0.20754    0.21153
   0.21992    0.22539    0.23448    0.24021    0.24342    0.24843    0.25839    0.26608
   0.45727    0.46407
 kpt#  30, nband= 50, wtk=  0.00926, kpt=  0.5000  0.1667  0.1667 (reduced coord)
  -1.93749   -1.93722   -1.93699   -1.93693   -0.80263   -0.80175   -0.79923   -0.79858
  -0.79562   -0.79514   -0.79047   -0.79022   -0.78797   -0.78788   -0.78705   -0.78648
  -0.36849   -0.34659   -0.34213   -0.34034   -0.32852   -0.32300   -0.31694   -0.31035
   0.08734    0.08783    0.10360    0.10700    0.11184    0.12787    0.13115    0.13822
   0.13863    0.14820    0.16431    0.17391    0.18123    0.19543    0.20110    0.21680
   0.21728    0.21890    0.23401    0.24120    0.24237    0.24889    0.25807    0.26486
   0.45456    0.46301
 kpt#  31, nband= 50, wtk=  0.00926, kpt= -0.3333  0.1667  0.1667 (reduced coord)
  -1.93755   -1.93716   -1.93699   -1.93693   -0.80373   -0.80176   -0.80106   -0.79745
  -0.79496   -0.79387   -0.79087   -0.79016   -0.78862   -0.78809   -0.78651   -0.78569
  -0.37568   -0.34544   -0.34026   -0.33826   -0.32870   -0.32252   -0.31573   -0.30906
   0.07962    0.08634    0.09916    0.10557    0.10974    0.11986    0.13203    0.14237
   0.14682    0.15359    0.16077    0.17429    0.18542    0.19438    0.20754    0.21153
   0.21993    0.22539    0.23448    0.24020    0.24342    0.24843    0.25839    0.26608
   0.45726    0.46406
 kpt#  32, nband= 50, wtk=  0.00926, kpt= -0.1667  0.1667  0.1667 (reduced coord)
  -1.93764   -1.93709   -1.93698   -1.93692   -0.80489   -0.80280   -0.80241   -0.79689
  -0.79370   -0.79237   -0.79135   -0.78993   -0.78870   -0.78826   -0.78577   -0.78512
  -0.38471   -0.34659   -0.34152   -0.33739   -0.32229   -0.31977   -0.31454   -0.30743
   0.07447    0.08130    0.08186    0.10097    0.10452    0.12100    0.13764    0.14330
   0.15428    0.15921    0.16416    0.17313    0.18399    0.19849    0.20975    0.21535
   0.22527    0.23075    0.23450    0.23732    0.24529    0.24927    0.26170    0.26850
   0.45813    0.46728
 kpt#  33, nband= 50, wtk=  0.00926, kpt=  0.0000  0.3333  0.1667 (reduced coord)
  -1.93753   -1.93713   -1.93703   -1.93694   -0.80277   -0.80223   -0.80036   -0.79881
  -0.79510   -0.79252   -0.79205   -0.79084   -0.78819   -0.78781   -0.78616   -0.78587
  -0.37588   -0.34630   -0.34277   -0.33845   -0.32750   -0.31939   -0.31581   -0.30906
   0.07900    0.08852    0.09754    0.10209    0.11134    0.12079    0.12915    0.13664
   0.14446    0.16178    0.16311    0.17053    0.18923    0.19249    0.20936    0.21057
   0.21836    0.22148    0.23039    0.24043    0.24366    0.25455    0.25875    0.26551
   0.46240    0.46846
 kpt#  34, nband= 50, wtk=  0.00926, kpt=  0.1667  0.3333  0.1667 (reduced coord)
  -1.93750   -1.93712   -1.93705   -1.93695   -0.80325   -0.80199   -0.80097   -0.79803
  -0.79542   -0.79321   -0.79164   -0.79035   -0.78834   -0.78769   -0.78609   -0.78577
  -0.37376   -0.34800   -0.34130   -0.33866   -0.32740   -0.32324   -0.31474   -0.30857
   0.08081    0.09283    0.10039    0.10462    0.11178    0.12165    0.13124    0.13624
   0.14222    0.15787    0.16660    0.17255    0.18174    0.19454    0.20392    0.21413
   0.21853    0.22265    0.23109    0.23745    0.24216    0.24728    0.25972    0.26398
   0.45933    0.46510
 kpt#  35, nband= 50, wtk=  0.00926, kpt=  0.3333  0.3333  0.1667 (reduced coord)
  -1.93743   -1.93712   -1.93710   -1.93698   -0.80342   -0.80205   -0.80153   -0.79873
  -0.79513   -0.79325   -0.79120   -0.79001   -0.78798   -0.78731   -0.78650   -0.78575
  -0.36822   -0.34869   -0.34300   -0.34177   -0.32646   -0.32485   -0.31472   -0.30895
   0.08690    0.09999    0.10493    0.10880    0.11690    0.12165    0.13326    0.13706
   0.14248    0.15216    0.16135    0.17836    0.18557    0.18936    0.19974    0.20739
   0.21513    0.22639    0.22778    0.23238    0.23808    0.24355    0.25714    0.26296
   0.45284    0.45803
 kpt#  36, nband= 50, wtk=  0.00926, kpt=  0.5000  0.3333  0.1667 (reduced coord)
  -1.93738   -1.93716   -1.93710   -1.93699   -0.80322   -0.80243   -0.80091   -0.80036
  -0.79404   -0.79375   -0.79048   -0.79047   -0.78726   -0.78699   -0.78655   -0.78645
  -0.36390   -0.34778   -0.34707   -0.34441   -0.32607   -0.32295   -0.31522   -0.30974
   0.09370    0.10125    0.10359    0.11060    0.11944    0.12420    0.13482    0.13658
   0.14720    0.15080    0.15712    0.17692    0.18217    0.19736    0.19760    0.20366
   0.20837    0.22096    0.22940    0.22997    0.23831    0.24355    0.25696    0.26146
   0.44849    0.45750
 kpt#  37, nband= 50, wtk=  0.00926, kpt= -0.3333  0.3333  0.1667 (reduced coord)
  -1.93743   -1.93711   -1.93710   -1.93698   -0.80342   -0.80205   -0.80153   -0.79874
  -0.79512   -0.79325   -0.79120   -0.79002   -0.78798   -0.78731   -0.78650   -0.78575
  -0.36822   -0.34869   -0.34300   -0.34177   -0.32646   -0.32485   -0.31472   -0.30895
   0.08690    0.10000    0.10493    0.10880    0.11690    0.12165    0.13326    0.13706
   0.14248    0.15216    0.16135    0.17836    0.18557    0.18937    0.19973    0.20739
   0.21513    0.22639    0.22778    0.23238    0.23808    0.24354    0.25714    0.26296
   0.45285    0.45802
 kpt#  38, nband= 50, wtk=  0.00926, kpt= -0.1667  0.3333  0.1667 (reduced coord)
  -1.93750   -1.93712   -1.93705   -1.93695   -0.80325   -0.80199   -0.80097   -0.79804
  -0.79541   -0.79320   -0.79164   -0.79035   -0.78833   -0.78770   -0.78609   -0.78578
  -0.37376   -0.34800   -0.34130   -0.33866   -0.32740   -0.32323   -0.31474   -0.30857
   0.08081    0.09284    0.10040    0.10461    0.11178    0.12164    0.13124    0.13624
   0.14222    0.15787    0.16661    0.17255    0.18173    0.19454    0.20392    0.21413
   0.21854    0.22264    0.23109    0.23746    0.24215    0.24728    0.25972    0.26398
   0.45933    0.47348
 kpt#  39, nband= 50, wtk=  0.00926, kpt=  0.0000  0.5000  0.1667 (reduced coord)
  -1.93735   -1.93731   -1.93701   -1.93697   -0.80075   -0.80074   -0.79911   -0.79909
  -0.79644   -0.79642   -0.79113   -0.79111   -0.78732   -0.78730   -0.78685   -0.78683
  -0.35915   -0.35911   -0.34060   -0.34058   -0.32590   -0.32589   -0.31237   -0.31235
   0.08906    0.08909    0.10975    0.10978    0.11396    0.11400    0.13404    0.13407
   0.14288    0.14294    0.17092    0.17096    0.18427    0.18434    0.20435    0.20438
   0.21733    0.21740    0.23585    0.23586    0.25159    0.25163    0.26068    0.26070
   0.47039    0.47097
 kpt#  40, nband= 50, wtk=  0.00926, kpt=  0.1667  0.5000  0.1667 (reduced coord)
  -1.93733   -1.93729   -1.93702   -1.93698   -0.80170   -0.80169   -0.79948   -0.79946
  -0.79564   -0.79562   -0.79077   -0.79076   -0.78734   -0.78732   -0.78664   -0.78662
  -0.35899   -0.35895   -0.34073   -0.34071   -0.32687   -0.32685   -0.31164   -0.31162
   0.09141    0.09144    0.11008    0.11011    0.11765    0.11767    0.13159    0.13161
   0.14772    0.14774    0.16624    0.16627    0.18629    0.18634    0.20297    0.20301
   0.21767    0.21773    0.23385    0.23386    0.24796    0.24797    0.25971    0.25974
   0.46086    0.46091
 kpt#  41, nband= 50, wtk=  0.00926, kpt=  0.3333  0.5000  0.1667 (reduced coord)
  -1.93729   -1.93725   -1.93706   -1.93703   -0.80255   -0.80254   -0.80103   -0.80101
  -0.79373   -0.79372   -0.79076   -0.79075   -0.78711   -0.78710   -0.78631   -0.78629
  -0.35786   -0.35783   -0.34366   -0.34365   -0.32568   -0.32567   -0.31141   -0.31140
   0.09761    0.09763    0.11136    0.11136    0.12009    0.12010    0.13413    0.13416
   0.15088    0.15089    0.16429    0.16433    0.18680    0.18685    0.20205    0.20210
   0.21421    0.21425    0.22883    0.22886    0.24166    0.24169    0.25880    0.25883
   0.45135    0.45142
 kpt#  42, nband= 50, wtk=  0.00926, kpt=  0.5000  0.5000  0.1667 (reduced coord)
  -1.93726   -1.93722   -1.93709   -1.93705   -0.80241   -0.80240   -0.80221   -0.80219
  -0.79199   -0.79197   -0.79185   -0.79184   -0.78656   -0.78655   -0.78645   -0.78644
  -0.35659   -0.35655   -0.34637   -0.34636   -0.32396   -0.32395   -0.31190   -0.31189
   0.10186    0.10188    0.11064    0.11065    0.12494    0.12497    0.12845    0.12849
   0.15802    0.15804    0.16402    0.16404    0.18553    0.18558    0.19966    0.19972
   0.21507    0.21511    0.22151    0.22156    0.24143    0.24146    0.25786    0.25789
   0.44817    0.44826
 kpt#  43, nband= 50, wtk=  0.00926, kpt= -0.3333  0.5000  0.1667 (reduced coord)
  -1.93729   -1.93725   -1.93706   -1.93703   -0.80255   -0.80254   -0.80103   -0.80102
  -0.79373   -0.79372   -0.79077   -0.79075   -0.78711   -0.78709   -0.78631   -0.78629
  -0.35786   -0.35783   -0.34366   -0.34365   -0.32568   -0.32567   -0.31141   -0.31140
   0.09761    0.09763    0.11136    0.11137    0.12009    0.12010    0.13412    0.13415
   0.15086    0.15090    0.16431    0.16433    0.18681    0.18685    0.20205    0.20210
   0.21421    0.21424    0.22883    0.22885    0.24167    0.24169    0.25880    0.25882
   0.45135    0.45142
 kpt#  44, nband= 50, wtk=  0.00926, kpt= -0.1667  0.5000  0.1667 (reduced coord)
  -1.93733   -1.93729   -1.93702   -1.93698   -0.80170   -0.80169   -0.79948   -0.79946
  -0.79564   -0.79562   -0.79078   -0.79076   -0.78733   -0.78732   -0.78664   -0.78662
  -0.35899   -0.35895   -0.34073   -0.34071   -0.32687   -0.32685   -0.31164   -0.31162
   0.09141    0.09144    0.11009    0.11011    0.11764    0.11767    0.13158    0.13161
   0.14771    0.14774    0.16624    0.16627    0.18629    0.18634    0.20298    0.20301
   0.21767    0.21773    0.23386    0.23387    0.24795    0.24797    0.25972    0.25973
   0.46087    0.46091
 kpt#  45, nband= 50, wtk=  0.00926, kpt=  0.0000 -0.3333  0.1667 (reduced coord)
  -1.93753   -1.93713   -1.93703   -1.93694   -0.80278   -0.80223   -0.80035   -0.79880
  -0.79509   -0.79253   -0.79205   -0.79084   -0.78818   -0.78781   -0.78617   -0.78587
  -0.37588   -0.34630   -0.34276   -0.33846   -0.32751   -0.31938   -0.31583   -0.30905
   0.07899    0.08852    0.09755    0.10208    0.11134    0.12077    0.12915    0.13665
   0.14449    0.16174    0.16312    0.17054    0.18927    0.19250    0.20933    0.21052
   0.21835    0.22153    0.23039    0.24042    0.24365    0.25456    0.25874    0.26551
   0.46240    0.46852
 kpt#  46, nband= 50, wtk=  0.00926, kpt=  0.1667 -0.3333  0.1667 (reduced coord)
  -1.93750   -1.93712   -1.93705   -1.93695   -0.80325   -0.80200   -0.80097   -0.79802
  -0.79540   -0.79321   -0.79164   -0.79035   -0.78832   -0.78770   -0.78610   -0.78578
  -0.37376   -0.34800   -0.34129   -0.33867   -0.32741   -0.32323   -0.31476   -0.30856
   0.08080    0.09283    0.10040    0.10462    0.11177    0.12164    0.13125    0.13625
   0.14222    0.15788    0.16658    0.17257    0.18176    0.19454    0.20391    0.21413
   0.21855    0.22264    0.23109    0.23744    0.24215    0.24728    0.25972    0.26398
   0.45931    0.46513
 kpt#  47, nband= 50, wtk=  0.00926, kpt=  0.3333 -0.3333  0.1667 (reduced coord)
  -1.93743   -1.93712   -1.93710   -1.93698   -0.80343   -0.80206   -0.80153   -0.79872
  -0.79512   -0.79325   -0.79120   -0.79001   -0.78798   -0.78731   -0.78650   -0.78575
  -0.36822   -0.34869   -0.34299   -0.34178   -0.32646   -0.32485   -0.31473   -0.30894
   0.08689    0.09998    0.10493    0.10880    0.11688    0.12167    0.13329    0.13706
   0.14247    0.15218    0.16133    0.17838    0.18560    0.18936    0.19971    0.20739
   0.21513    0.22637    0.22776    0.23238    0.23809    0.24354    0.25715    0.26295
   0.45279    0.45807
 kpt#  48, nband= 50, wtk=  0.00926, kpt=  0.5000 -0.3333  0.1667 (reduced coord)
  -1.93738   -1.93716   -1.93710   -1.93699   -0.80324   -0.80244   -0.80090   -0.80035
  -0.79403   -0.79375   -0.79048   -0.79048   -0.78726   -0.78698   -0.78656   -0.78645
  -0.36389   -0.34779   -0.34707   -0.34442   -0.32607   -0.32295   -0.31523   -0.30973
   0.09369    0.10124    0.10358    0.11058    0.11944    0.12422    0.13481    0.13660
   0.14723    0.15083    0.15710    0.17694    0.18218    0.19740    0.19758    0.20364
   0.20834    0.22092    0.22939    0.22999    0.23833    0.24355    0.25696    0.26144
   0.44844    0.45741
 kpt#  49, nband= 50, wtk=  0.00926, kpt= -0.3333 -0.3333  0.1667 (reduced coord)
  -1.93743   -1.93711   -1.93710   -1.93698   -0.80343   -0.80206   -0.80152   -0.79872
  -0.79512   -0.79325   -0.79120   -0.79002   -0.78797   -0.78731   -0.78650   -0.78575
  -0.36822   -0.34869   -0.34300   -0.34178   -0.32646   -0.32485   -0.31473   -0.30894
   0.08689    0.09998    0.10493    0.10880    0.11688    0.12167    0.13330    0.13706
   0.14247    0.15219    0.16132    0.17838    0.18559    0.18936    0.19972    0.20740
   0.21513    0.22638    0.22776    0.23237    0.23809    0.24354    0.25715    0.26296
   0.45280    0.45807
 kpt#  50, nband= 50, wtk=  0.00926, kpt= -0.1667 -0.3333  0.1667 (reduced coord)
  -1.93750   -1.93712   -1.93705   -1.93695   -0.80326   -0.80199   -0.80096   -0.79803
  -0.79541   -0.79321   -0.79164   -0.79036   -0.78833   -0.78769   -0.78610   -0.78578
  -0.37376   -0.34799   -0.34129   -0.33867   -0.32741   -0.32323   -0.31476   -0.30856
   0.08080    0.09283    0.10040    0.10462    0.11177    0.12165    0.13124    0.13625
   0.14222    0.15788    0.16658    0.17257    0.18175    0.19454    0.20391    0.21413
   0.21855    0.22264    0.23110    0.23744    0.24215    0.24727    0.25972    0.26399
   0.45932    0.46512
 kpt#  51, nband= 50, wtk=  0.00926, kpt=  0.0000 -0.1667  0.1667 (reduced coord)
  -1.93768   -1.93706   -1.93698   -1.93691   -0.80532   -0.80312   -0.80312   -0.79678
  -0.79303   -0.79231   -0.79139   -0.78972   -0.78859   -0.78791   -0.78539   -0.78523
  -0.38820   -0.34621   -0.34361   -0.33820   -0.31846   -0.31742   -0.31416   -0.30726
   0.07333    0.07406    0.07976    0.09983    0.10422    0.11350    0.13880    0.14594
   0.15925    0.16172    0.17030    0.17492    0.18024    0.19632    0.21181    0.21640
   0.22593    0.22727    0.23333    0.24304    0.24604    0.25398    0.26164    0.27011
   0.45825    0.46584
 kpt#  52, nband= 50, wtk=  0.00926, kpt=  0.1667 -0.1667  0.1667 (reduced coord)
  -1.93764   -1.93709   -1.93698   -1.93692   -0.80490   -0.80280   -0.80241   -0.79688
  -0.79370   -0.79238   -0.79135   -0.78993   -0.78870   -0.78825   -0.78578   -0.78512
  -0.38471   -0.34659   -0.34151   -0.33739   -0.32229   -0.31977   -0.31454   -0.30742
   0.07445    0.08129    0.08186    0.10097    0.10453    0.12100    0.13763    0.14330
   0.15427    0.15922    0.16417    0.17314    0.18401    0.19848    0.20974    0.21535
   0.22526    0.23075    0.23450    0.23731    0.24529    0.24928    0.26170    0.26850
   0.45812    0.46726
 kpt#  53, nband= 50, wtk=  0.00926, kpt=  0.3333 -0.1667  0.1667 (reduced coord)
  -1.93755   -1.93716   -1.93699   -1.93693   -0.80374   -0.80177   -0.80105   -0.79743
  -0.79495   -0.79388   -0.79087   -0.79016   -0.78862   -0.78808   -0.78652   -0.78568
  -0.37568   -0.34545   -0.34026   -0.33827   -0.32869   -0.32252   -0.31574   -0.30905
   0.07960    0.08635    0.09915    0.10556    0.10974    0.11985    0.13204    0.14237
   0.14684    0.15358    0.16077    0.17431    0.18543    0.19438    0.20754    0.21153
   0.21991    0.22538    0.23449    0.24019    0.24341    0.24844    0.25839    0.26607
   0.45724    0.46405
 kpt#  54, nband= 50, wtk=  0.00926, kpt=  0.5000 -0.1667  0.1667 (reduced coord)
  -1.93749   -1.93722   -1.93699   -1.93693   -0.80265   -0.80176   -0.79921   -0.79857
  -0.79562   -0.79516   -0.79047   -0.79022   -0.78796   -0.78788   -0.78706   -0.78648
  -0.36849   -0.34659   -0.34213   -0.34034   -0.32852   -0.32299   -0.31695   -0.31034
   0.08734    0.08782    0.10358    0.10698    0.11184    0.12788    0.13117    0.13822
   0.13865    0.14822    0.16431    0.17391    0.18124    0.19541    0.20112    0.21681
   0.21727    0.21888    0.23401    0.24121    0.24235    0.24891    0.25806    0.26486
   0.45453    0.46313
 kpt#  55, nband= 50, wtk=  0.00926, kpt= -0.3333 -0.1667  0.1667 (reduced coord)
  -1.93755   -1.93716   -1.93699   -1.93693   -0.80374   -0.80176   -0.80105   -0.79743
  -0.79495   -0.79388   -0.79088   -0.79016   -0.78862   -0.78808   -0.78651   -0.78569
  -0.37568   -0.34544   -0.34026   -0.33827   -0.32869   -0.32252   -0.31574   -0.30905
   0.07961    0.08634    0.09916    0.10556    0.10974    0.11985    0.13205    0.14236
   0.14684    0.15358    0.16077    0.17430    0.18543    0.19438    0.20754    0.21154
   0.21992    0.22538    0.23448    0.24019    0.24341    0.24845    0.25839    0.26608
   0.45724    0.46408
 kpt#  56, nband= 50, wtk=  0.00926, kpt= -0.1667 -0.1667  0.1667 (reduced coord)
  -1.93764   -1.93709   -1.93698   -1.93692   -0.80490   -0.80280   -0.80241   -0.79688
  -0.79371   -0.79237   -0.79135   -0.78993   -0.78870   -0.78825   -0.78577   -0.78512
  -0.38471   -0.34659   -0.34151   -0.33739   -0.32229   -0.31978   -0.31454   -0.30742
   0.07445    0.08130    0.08186    0.10096    0.10453    0.12100    0.13762    0.14330
   0.15427    0.15921    0.16418    0.17314    0.18400    0.19848    0.20974    0.21535
   0.22527    0.23076    0.23450    0.23732    0.24528    0.24928    0.26170    0.26850
   0.45812    0.46726
 kpt#  57, nband= 50, wtk=  0.00926, kpt=  0.0000  0.0000  0.3333 (reduced coord)
  -1.93760   -1.93722   -1.93692   -1.93689   -0.80395   -0.80201   -0.80084   -0.79759
  -0.79560   -0.79325   -0.79161   -0.78911   -0.78840   -0.78792   -0.78653   -0.78560
  -0.38041   -0.34857   -0.34073   -0.33501   -0.32353   -0.31746   -0.31635   -0.31396
   0.07806    0.08110    0.09730    0.11158    0.11217    0.12231    0.12527    0.14243
   0.14830    0.15531    0.16768    0.16914    0.18657    0.19076    0.19815    0.20647
   0.21252    0.23155    0.23734    0.24740    0.25072    0.25574    0.25950    0.26135
   0.46725    0.46872
 kpt#  58, nband= 50, wtk=  0.00926, kpt=  0.1667  0.0000  0.3333 (reduced coord)
  -1.93757   -1.93722   -1.93693   -1.93691   -0.80340   -0.80167   -0.80058   -0.79755
  -0.79630   -0.79371   -0.79144   -0.78968   -0.78825   -0.78774   -0.78696   -0.78532
  -0.37756   -0.34862   -0.34007   -0.33440   -0.32558   -0.31978   -0.31741   -0.31289
   0.07954    0.08598    0.09806    0.10334    0.11372    0.12537    0.13349    0.14423
   0.14884    0.15137    0.15823    0.18115    0.18579    0.18788    0.19676    0.20801
   0.21179    0.22885    0.23282    0.23988    0.25277    0.25484    0.25854    0.26353
   0.45882    0.46400
 kpt#  59, nband= 50, wtk=  0.00926, kpt=  0.3333  0.0000  0.3333 (reduced coord)
  -1.93749   -1.93724   -1.93696   -1.93694   -0.80205   -0.80061   -0.80011   -0.79779
  -0.79731   -0.79529   -0.79149   -0.79036   -0.78798   -0.78758   -0.78706   -0.78537
  -0.37025   -0.34864   -0.33956   -0.33651   -0.32845   -0.32115   -0.31879   -0.31355
   0.08302    0.09132    0.10102    0.10884    0.11269    0.12039    0.13983    0.14349
   0.14726    0.15010    0.16667    0.17829    0.17938    0.19172    0.19817    0.20304
   0.21169    0.22194    0.23220    0.23712    0.24649    0.25094    0.25840    0.26373
   0.45183    0.45621
 kpt#  60, nband= 50, wtk=  0.00926, kpt=  0.5000  0.0000  0.3333 (reduced coord)
  -1.93744   -1.93726   -1.93697   -1.93695   -0.80075   -0.80039   -0.79964   -0.79785
  -0.79768   -0.79684   -0.79121   -0.79106   -0.78782   -0.78775   -0.78627   -0.78594
  -0.36467   -0.34873   -0.34317   -0.33793   -0.32657   -0.32132   -0.32062   -0.31415
   0.08512    0.09298    0.10284    0.11083    0.11320    0.12392    0.13578    0.14190
   0.14771    0.15304    0.16815    0.17291    0.18212    0.18608    0.19997    0.20311
   0.21203    0.22540    0.23232    0.23429    0.23992    0.25042    0.25656    0.26318
   0.44855    0.45357
 kpt#  61, nband= 50, wtk=  0.00926, kpt= -0.3333  0.0000  0.3333 (reduced coord)
  -1.93749   -1.93724   -1.93696   -1.93693   -0.80205   -0.80062   -0.80011   -0.79778
  -0.79731   -0.79529   -0.79149   -0.79036   -0.78798   -0.78758   -0.78706   -0.78538
  -0.37024   -0.34864   -0.33956   -0.33651   -0.32845   -0.32115   -0.31879   -0.31355
   0.08302    0.09132    0.10102    0.10884    0.11270    0.12039    0.13983    0.14349
   0.14726    0.15009    0.16667    0.17828    0.17937    0.19172    0.19815    0.20304
   0.21169    0.22195    0.23220    0.23712    0.24649    0.25095    0.25840    0.26374
   0.45182    0.45622
 kpt#  62, nband= 50, wtk=  0.00926, kpt= -0.1667  0.0000  0.3333 (reduced coord)
  -1.93757   -1.93722   -1.93693   -1.93691   -0.80340   -0.80167   -0.80058   -0.79755
  -0.79630   -0.79371   -0.79144   -0.78969   -0.78826   -0.78773   -0.78696   -0.78533
  -0.37756   -0.34862   -0.34007   -0.33441   -0.32557   -0.31979   -0.31742   -0.31289
   0.07954    0.08598    0.09806    0.10334    0.11372    0.12538    0.13349    0.14423
   0.14883    0.15138    0.15823    0.18115    0.18580    0.18787    0.19675    0.20801
   0.21180    0.22885    0.23282    0.23989    0.25276    0.25484    0.25855    0.26353
   0.45881    0.46402
 kpt#  63, nband= 50, wtk=  0.00926, kpt=  0.0000  0.1667  0.3333 (reduced coord)
  -1.93755   -1.93720   -1.93696   -1.93692   -0.80374   -0.80105   -0.80090   -0.79873
  -0.79449   -0.79422   -0.79113   -0.78972   -0.78826   -0.78820   -0.78617   -0.78602
  -0.37699   -0.34820   -0.34014   -0.33616   -0.32281   -0.32203   -0.31643   -0.31375
   0.08483    0.08574    0.09705    0.11160    0.11302    0.12470    0.12518    0.14152
   0.14677    0.15177    0.16490    0.17427    0.18743    0.19006    0.19497    0.21212
   0.21506    0.22836    0.23255    0.24309    0.24963    0.25000    0.25321    0.25929
   0.46360    0.46644
 kpt#  64, nband= 50, wtk=  0.00926, kpt=  0.1667  0.1667  0.3333 (reduced coord)
  -1.93752   -1.93720   -1.93697   -1.93693   -0.80374   -0.80143   -0.80093   -0.79775
  -0.79549   -0.79437   -0.79108   -0.78970   -0.78819   -0.78793   -0.78649   -0.78560
  -0.37479   -0.34924   -0.34007   -0.33657   -0.32437   -0.32192   -0.31842   -0.31124
   0.08472    0.09049    0.09803    0.10777    0.11310    0.12555    0.13223    0.14157
   0.14603    0.15206    0.15919    0.17791    0.18478    0.19334    0.20037    0.20838
   0.21455    0.22499    0.23286    0.23724    0.24601    0.24944    0.25304    0.26168
   0.45827    0.46401
 kpt#  65, nband= 50, wtk=  0.00926, kpt=  0.3333  0.1667  0.3333 (reduced coord)
  -1.93746   -1.93722   -1.93699   -1.93696   -0.80350   -0.80189   -0.80082   -0.79751
  -0.79639   -0.79480   -0.79075   -0.78950   -0.78785   -0.78752   -0.78683   -0.78551
  -0.36909   -0.35030   -0.34284   -0.33993   -0.32463   -0.32104   -0.31860   -0.31044
   0.08650    0.09463    0.10370    0.10959    0.11330    0.12199    0.13652    0.14118
   0.14650    0.15281    0.16234    0.17537    0.18463    0.19486    0.20330    0.20548
   0.21420    0.22085    0.22770    0.23534    0.24275    0.24557    0.25030    0.26293
   0.45109    0.45507
 kpt#  66, nband= 50, wtk=  0.00926, kpt=  0.5000  0.1667  0.3333 (reduced coord)
  -1.93741   -1.93724   -1.93700   -1.93697   -0.80306   -0.80240   -0.80020   -0.79900
  -0.79613   -0.79468   -0.79025   -0.78971   -0.78763   -0.78751   -0.78633   -0.78603
  -0.36470   -0.35061   -0.34670   -0.34199   -0.32297   -0.31981   -0.31938   -0.31081
   0.08954    0.09326    0.10668    0.11156    0.11235    0.12469    0.13747    0.13900
   0.14840    0.15446    0.15972    0.17464    0.18806    0.18984    0.20133    0.20830
   0.21523    0.22036    0.22729    0.23365    0.23669    0.24649    0.24981    0.26205
   0.44632    0.45184
 kpt#  67, nband= 50, wtk=  0.00926, kpt= -0.3333  0.1667  0.3333 (reduced coord)
  -1.93746   -1.93722   -1.93699   -1.93696   -0.80351   -0.80189   -0.80081   -0.79752
  -0.79639   -0.79480   -0.79074   -0.78949   -0.78785   -0.78751   -0.78684   -0.78551
  -0.36909   -0.35030   -0.34284   -0.33993   -0.32462   -0.32104   -0.31859   -0.31044
   0.08650    0.09463    0.10370    0.10959    0.11331    0.12200    0.13652    0.14118
   0.14649    0.15281    0.16234    0.17536    0.18463    0.19487    0.20330    0.20547
   0.21420    0.22086    0.22770    0.23534    0.24275    0.24557    0.25029    0.26293
   0.45109    0.45508
 kpt#  68, nband= 50, wtk=  0.00926, kpt= -0.1667  0.1667  0.3333 (reduced coord)
  -1.93752   -1.93720   -1.93697   -1.93693   -0.80375   -0.80142   -0.80093   -0.79776
  -0.79549   -0.79437   -0.79108   -0.78969   -0.78819   -0.78793   -0.78649   -0.78560
  -0.37479   -0.34924   -0.34007   -0.33657   -0.32437   -0.32192   -0.31842   -0.31124
   0.08472    0.09050    0.09803    0.10777    0.11310    0.12555    0.13222    0.14157
   0.14602    0.15206    0.15919    0.17792    0.18478    0.19333    0.20037    0.20839
   0.21455    0.22499    0.23287    0.23724    0.24601    0.24943    0.25304    0.26168
   0.45826    0.46408
 kpt#  69, nband= 50, wtk=  0.00926, kpt=  0.0000  0.3333  0.3333 (reduced coord)
  -1.93743   -1.93714   -1.93708   -1.93698   -0.80253   -0.80133   -0.80022   -0.79870
  -0.79641   -0.79272   -0.79167   -0.79047   -0.78801   -0.78783   -0.78698   -0.78614
  -0.36753   -0.34667   -0.34277   -0.33957   -0.32694   -0.32005   -0.31958   -0.31429
   0.09423    0.09881    0.10356    0.11313    0.11581    0.11903    0.12583    0.13880
   0.14472    0.15869    0.16088    0.17060    0.18882    0.19026    0.20109    0.20979
   0.21345    0.22059    0.22155    0.23194    0.24079    0.24602    0.25190    0.25619
   0.46585    0.46614
 kpt#  70, nband= 50, wtk=  0.00926, kpt=  0.1667  0.3333  0.3333 (reduced coord)
  -1.93741   -1.93715   -1.93708   -1.93699   -0.80345   -0.80188   -0.80164   -0.79861
  -0.79548   -0.79274   -0.79098   -0.78980   -0.78806   -0.78756   -0.78653   -0.78617
  -0.36707   -0.34953   -0.34423   -0.34179   -0.32414   -0.32183   -0.31748   -0.31115
   0.09356    0.09886    0.10815    0.11197    0.11483    0.12100    0.12928    0.13825
   0.14273    0.15287    0.16597    0.17506    0.18329    0.19671    0.20204    0.21047
   0.21430    0.21779    0.22362    0.23119    0.23749    0.24267    0.24914    0.25723
   0.45929    0.46376
 kpt#  71, nband= 50, wtk=  0.00926, kpt=  0.3333  0.3333  0.3333 (reduced coord)
  -1.93736   -1.93717   -1.93708   -1.93702   -0.80440   -0.80339   -0.80265   -0.80065
  -0.79339   -0.79210   -0.78983   -0.78905   -0.78766   -0.78717   -0.78645   -0.78587
  -0.36526   -0.35269   -0.34886   -0.34743   -0.31998   -0.31899   -0.31509   -0.30859
   0.09356    0.10358    0.10855    0.11221    0.11571    0.12260    0.12908    0.13188
   0.14919    0.15871    0.16662    0.17818    0.18568    0.19608    0.20005    0.20945
   0.21561    0.21751    0.22340    0.22895    0.23299    0.23993    0.24414    0.25758
   0.44899    0.45596
 kpt#  72, nband= 50, wtk=  0.00926, kpt=  0.5000  0.3333  0.3333 (reduced coord)
  -1.93732   -1.93719   -1.93709   -1.93703   -0.80458   -0.80408   -0.80270   -0.80213
  -0.79259   -0.79171   -0.78923   -0.78892   -0.78713   -0.78697   -0.78629   -0.78614
  -0.36336   -0.35363   -0.35184   -0.35079   -0.31778   -0.31621   -0.31494   -0.30816
   0.09726    0.09994    0.11128    0.11412    0.11433    0.12163    0.12897    0.12956
   0.15778    0.16013    0.16495    0.17941    0.19099    0.19630    0.19677    0.20620
   0.21630    0.21704    0.22000    0.22212    0.23441    0.24211    0.24357    0.25713
   0.44294    0.45192
 kpt#  73, nband= 50, wtk=  0.00926, kpt= -0.3333  0.3333  0.3333 (reduced coord)
  -1.93736   -1.93717   -1.93709   -1.93702   -0.80440   -0.80339   -0.80265   -0.80065
  -0.79339   -0.79209   -0.78983   -0.78904   -0.78766   -0.78718   -0.78645   -0.78587
  -0.36526   -0.35268   -0.34886   -0.34742   -0.31998   -0.31899   -0.31509   -0.30859
   0.09356    0.10358    0.10856    0.11220    0.11572    0.12260    0.12907    0.13187
   0.14919    0.15870    0.16662    0.17817    0.18568    0.19608    0.20004    0.20945
   0.21561    0.21751    0.22340    0.22895    0.23299    0.23992    0.24414    0.25758
   0.44899    0.45634
 kpt#  74, nband= 50, wtk=  0.00926, kpt= -0.1667  0.3333  0.3333 (reduced coord)
  -1.93741   -1.93715   -1.93708   -1.93699   -0.80345   -0.80187   -0.80165   -0.79862
  -0.79547   -0.79273   -0.79098   -0.78980   -0.78805   -0.78757   -0.78653   -0.78617
  -0.36707   -0.34952   -0.34423   -0.34178   -0.32415   -0.32184   -0.31747   -0.31115
   0.09357    0.09886    0.10816    0.11197    0.11484    0.12100    0.12928    0.13826
   0.14272    0.15288    0.16597    0.17506    0.18329    0.19670    0.20204    0.21048
   0.21431    0.21779    0.22363    0.23119    0.23749    0.24265    0.24913    0.25724
   0.45946    0.46397
 kpt#  75, nband= 50, wtk=  0.00926, kpt=  0.0000  0.5000  0.3333 (reduced coord)
  -1.93728   -1.93724   -1.93708   -1.93704   -0.80115   -0.80113   -0.80026   -0.80024
  -0.79464   -0.79462   -0.79106   -0.79104   -0.78770   -0.78768   -0.78685   -0.78684
  -0.35446   -0.35442   -0.34363   -0.34361   -0.32428   -0.32427   -0.31661   -0.31659
   0.10296    0.10300    0.11118    0.11121    0.11249    0.11251    0.13905    0.13906
   0.14885    0.14890    0.16635    0.16642    0.18434    0.18441    0.20925    0.20926
   0.21002    0.21004    0.22211    0.22217    0.24645    0.24650    0.24996    0.24997
   0.46816    0.47037
 kpt#  76, nband= 50, wtk=  0.00926, kpt=  0.1667  0.5000  0.3333 (reduced coord)
  -1.93727   -1.93723   -1.93709   -1.93705   -0.80255   -0.80254   -0.80106   -0.80104
  -0.79338   -0.79336   -0.79031   -0.79030   -0.78748   -0.78746   -0.78676   -0.78674
  -0.35629   -0.35626   -0.34593   -0.34591   -0.32273   -0.32271   -0.31385   -0.31383
   0.10153    0.10156    0.11109    0.11112    0.11727    0.11729    0.13509    0.13511
   0.15105    0.15108    0.16662    0.16669    0.18867    0.18872    0.20484    0.20487
   0.21415    0.21416    0.22276    0.22281    0.24171    0.24174    0.25035    0.25038
   0.46131    0.46134
 kpt#  77, nband= 50, wtk=  0.00926, kpt=  0.3333  0.5000  0.3333 (reduced coord)
  -1.93724   -1.93720   -1.93711   -1.93707   -0.80404   -0.80404   -0.80298   -0.80297
  -0.79127   -0.79125   -0.78959   -0.78958   -0.78699   -0.78697   -0.78641   -0.78639
  -0.35849   -0.35846   -0.35131   -0.35130   -0.31804   -0.31803   -0.31064   -0.31063
   0.10290    0.10292    0.11153    0.11155    0.11946    0.11948    0.12718    0.12722
   0.16045    0.16047    0.17157    0.17161    0.19044    0.19048    0.20083    0.20086
   0.21350    0.21354    0.22301    0.22306    0.23808    0.23809    0.24874    0.24876
   0.45053    0.45059
 kpt#  78, nband= 50, wtk=  0.00926, kpt=  0.5000  0.5000  0.3333 (reduced coord)
  -1.93723   -1.93718   -1.93713   -1.93709   -0.80424   -0.80423   -0.80421   -0.80419
  -0.79005   -0.79004   -0.78981   -0.78979   -0.78651   -0.78649   -0.78634   -0.78632
  -0.35875   -0.35872   -0.35444   -0.35442   -0.31525   -0.31523   -0.30988   -0.30987
   0.10627    0.10628    0.11025    0.11027    0.11910    0.11912    0.12322    0.12327
   0.16884    0.16885    0.17432    0.17434    0.19232    0.19233    0.19583    0.19586
   0.21231    0.21236    0.21950    0.21956    0.23816    0.23818    0.24962    0.24964
   0.44589    0.44597
 kpt#  79, nband= 50, wtk=  0.00926, kpt= -0.3333  0.5000  0.3333 (reduced coord)
  -1.93724   -1.93720   -1.93711   -1.93707   -0.80404   -0.80403   -0.80298   -0.80297
  -0.79126   -0.79126   -0.78960   -0.78958   -0.78698   -0.78697   -0.78642   -0.78639
  -0.35849   -0.35846   -0.35131   -0.35130   -0.31804   -0.31803   -0.31064   -0.31062
   0.10291    0.10293    0.11154    0.11155    0.11946    0.11948    0.12717    0.12721
   0.16044    0.16048    0.17157    0.17161    0.19045    0.19047    0.20083    0.20087
   0.21350    0.21354    0.22302    0.22306    0.23808    0.23809    0.24875    0.24876
   0.45054    0.45060
 kpt#  80, nband= 50, wtk=  0.00926, kpt= -0.1667  0.5000  0.3333 (reduced coord)
  -1.93727   -1.93723   -1.93709   -1.93705   -0.80255   -0.80254   -0.80105   -0.80104
  -0.79338   -0.79337   -0.79032   -0.79030   -0.78747   -0.78746   -0.78676   -0.78674
  -0.35628   -0.35626   -0.34593   -0.34591   -0.32273   -0.32272   -0.31385   -0.31383
   0.10153    0.10156    0.11110    0.11112    0.11726    0.11729    0.13509    0.13511
   0.15105    0.15108    0.16663    0.16668    0.18867    0.18872    0.20485    0.20488
   0.21415    0.21416    0.22276    0.22281    0.24170    0.24173    0.25037    0.25037
   0.46132    0.46146
 kpt#  81, nband= 50, wtk=  0.00926, kpt=  0.0000 -0.3333  0.3333 (reduced coord)
  -1.93743   -1.93714   -1.93708   -1.93698   -0.80255   -0.80134   -0.80021   -0.79869
  -0.79641   -0.79274   -0.79168   -0.79046   -0.78800   -0.78782   -0.78699   -0.78615
  -0.36753   -0.34665   -0.34277   -0.33959   -0.32695   -0.32007   -0.31957   -0.31428
   0.09423    0.09878    0.10358    0.11315    0.11580    0.11903    0.12581    0.13881
   0.14471    0.15873    0.16087    0.17063    0.18885    0.19024    0.20109    0.20977
   0.21340    0.22064    0.22153    0.23195    0.24075    0.24602    0.25193    0.25619
   0.46581    0.46615
 kpt#  82, nband= 50, wtk=  0.00926, kpt=  0.1667 -0.3333  0.3333 (reduced coord)
  -1.93741   -1.93715   -1.93708   -1.93699   -0.80346   -0.80187   -0.80166   -0.79860
  -0.79546   -0.79275   -0.79097   -0.78979   -0.78805   -0.78757   -0.78654   -0.78617
  -0.36708   -0.34952   -0.34423   -0.34179   -0.32415   -0.32182   -0.31749   -0.31113
   0.09356    0.09884    0.10816    0.11198    0.11483    0.12100    0.12928    0.13826
   0.14274    0.15287    0.16597    0.17509    0.18330    0.19671    0.20204    0.21047
   0.21429    0.21777    0.22363    0.23119    0.23748    0.24267    0.24914    0.25724
   0.45927    0.46382
 kpt#  83, nband= 50, wtk=  0.00926, kpt=  0.3333 -0.3333  0.3333 (reduced coord)
  -1.93736   -1.93717   -1.93708   -1.93702   -0.80441   -0.80339   -0.80265   -0.80064
  -0.79337   -0.79211   -0.78984   -0.78904   -0.78765   -0.78717   -0.78646   -0.78587
  -0.36526   -0.35268   -0.34886   -0.34743   -0.31997   -0.31900   -0.31510   -0.30857
   0.09355    0.10357    0.10855    0.11220    0.11571    0.12259    0.12909    0.13189
   0.14921    0.15871    0.16661    0.17819    0.18569    0.19609    0.20005    0.20946
   0.21560    0.21750    0.22338    0.22894    0.23300    0.23990    0.24415    0.25758
   0.44895    0.45617
 kpt#  84, nband= 50, wtk=  0.00926, kpt=  0.5000 -0.3333  0.3333 (reduced coord)
  -1.93732   -1.93719   -1.93709   -1.93703   -0.80459   -0.80408   -0.80270   -0.80212
  -0.79257   -0.79172   -0.78923   -0.78894   -0.78711   -0.78696   -0.78630   -0.78615
  -0.36336   -0.35363   -0.35185   -0.35079   -0.31777   -0.31622   -0.31495   -0.30815
   0.09725    0.09992    0.11128    0.11410    0.11431    0.12167    0.12899    0.12956
   0.15779    0.16015    0.16494    0.17944    0.19102    0.19629    0.19679    0.20617
   0.21633    0.21700    0.21996    0.22213    0.23444    0.24210    0.24356    0.25714
   0.44290    0.45195
 kpt#  85, nband= 50, wtk=  0.00926, kpt= -0.3333 -0.3333  0.3333 (reduced coord)
  -1.93736   -1.93717   -1.93709   -1.93702   -0.80441   -0.80339   -0.80264   -0.80064
  -0.79338   -0.79210   -0.78984   -0.78905   -0.78765   -0.78717   -0.78645   -0.78587
  -0.36526   -0.35268   -0.34886   -0.34743   -0.31997   -0.31900   -0.31510   -0.30857
   0.09355    0.10357    0.10856    0.11220    0.11571    0.12260    0.12909    0.13189
   0.14921    0.15872    0.16660    0.17819    0.18569    0.19609    0.20005    0.20945
   0.21560    0.21749    0.22338    0.22894    0.23301    0.23990    0.24414    0.25758
   0.44896    0.45615
 kpt#  86, nband= 50, wtk=  0.00926, kpt= -0.1667 -0.3333  0.3333 (reduced coord)
  -1.93741   -1.93715   -1.93708   -1.93699   -0.80346   -0.80187   -0.80165   -0.79860
  -0.79547   -0.79275   -0.79098   -0.78980   -0.78805   -0.78756   -0.78653   -0.78617
  -0.36707   -0.34951   -0.34423   -0.34179   -0.32415   -0.32182   -0.31749   -0.31114
   0.09356    0.09884    0.10816    0.11198    0.11482    0.12101    0.12928    0.13825
   0.14275    0.15287    0.16597    0.17508    0.18330    0.19671    0.20204    0.21048
   0.21429    0.21777    0.22363    0.23119    0.23748    0.24267    0.24913    0.25724
   0.45928    0.46381
 kpt#  87, nband= 50, wtk=  0.00926, kpt=  0.0000 -0.1667  0.3333 (reduced coord)
  -1.93755   -1.93720   -1.93696   -1.93692   -0.80375   -0.80105   -0.80089   -0.79871
  -0.79450   -0.79421   -0.79113   -0.78972   -0.78825   -0.78820   -0.78618   -0.78603
  -0.37700   -0.34819   -0.34015   -0.33617   -0.32281   -0.32203   -0.31642   -0.31375
   0.08483    0.08575    0.09702    0.11161    0.11303    0.12470    0.12517    0.14151
   0.14676    0.15182    0.16489    0.17428    0.18748    0.19003    0.19500    0.21210
   0.21503    0.22831    0.23256    0.24311    0.24964    0.25000    0.25323    0.25929
   0.46358    0.46643
 kpt#  88, nband= 50, wtk=  0.00926, kpt=  0.1667 -0.1667  0.3333 (reduced coord)
  -1.93752   -1.93720   -1.93697   -1.93693   -0.80375   -0.80142   -0.80094   -0.79773
  -0.79549   -0.79439   -0.79107   -0.78969   -0.78820   -0.78793   -0.78650   -0.78560
  -0.37480   -0.34924   -0.34008   -0.33657   -0.32438   -0.32192   -0.31842   -0.31123
   0.08470    0.09051    0.09801    0.10778    0.11311    0.12553    0.13223    0.14158
   0.14602    0.15206    0.15920    0.17791    0.18480    0.19336    0.20036    0.20837
   0.21454    0.22496    0.23287    0.23726    0.24601    0.24944    0.25304    0.26169
   0.45825    0.46402
 kpt#  89, nband= 50, wtk=  0.00926, kpt=  0.3333 -0.1667  0.3333 (reduced coord)
  -1.93746   -1.93722   -1.93699   -1.93696   -0.80351   -0.80190   -0.80082   -0.79750
  -0.79637   -0.79482   -0.79074   -0.78950   -0.78785   -0.78750   -0.78685   -0.78551
  -0.36909   -0.35030   -0.34284   -0.33993   -0.32462   -0.32105   -0.31860   -0.31043
   0.08648    0.09464    0.10368    0.10960    0.11329    0.12200    0.13651    0.14121
   0.14651    0.15281    0.16235    0.17537    0.18464    0.19487    0.20330    0.20547
   0.21421    0.22085    0.22769    0.23534    0.24273    0.24557    0.25030    0.26293
   0.45106    0.45509
 kpt#  90, nband= 50, wtk=  0.00926, kpt=  0.5000 -0.1667  0.3333 (reduced coord)
  -1.93741   -1.93724   -1.93700   -1.93697   -0.80307   -0.80240   -0.80019   -0.79900
  -0.79611   -0.79470   -0.79025   -0.78972   -0.78763   -0.78750   -0.78634   -0.78604
  -0.36470   -0.35061   -0.34671   -0.34199   -0.32297   -0.31982   -0.31938   -0.31080
   0.08953    0.09326    0.10667    0.11154    0.11234    0.12472    0.13751    0.13899
   0.14838    0.15449    0.15972    0.17464    0.18808    0.18982    0.20137    0.20829
   0.21519    0.22037    0.22728    0.23366    0.23667    0.24647    0.24983    0.26206
   0.44630    0.45185
 kpt#  91, nband= 50, wtk=  0.00926, kpt= -0.3333 -0.1667  0.3333 (reduced coord)
  -1.93746   -1.93722   -1.93699   -1.93696   -0.80352   -0.80189   -0.80081   -0.79750
  -0.79638   -0.79481   -0.79075   -0.78950   -0.78785   -0.78750   -0.78684   -0.78551
  -0.36909   -0.35030   -0.34284   -0.33993   -0.32462   -0.32105   -0.31860   -0.31043
   0.08649    0.09463    0.10368    0.10960    0.11329    0.12200    0.13651    0.14121
   0.14651    0.15281    0.16234    0.17536    0.18463    0.19487    0.20329    0.20547
   0.21421    0.22086    0.22769    0.23534    0.24273    0.24557    0.25030    0.26294
   0.45106    0.45509
 kpt#  92, nband= 50, wtk=  0.00926, kpt= -0.1667 -0.1667  0.3333 (reduced coord)
  -1.93752   -1.93720   -1.93697   -1.93693   -0.80376   -0.80141   -0.80093   -0.79774
  -0.79549   -0.79438   -0.79107   -0.78970   -0.78819   -0.78792   -0.78650   -0.78560
  -0.37479   -0.34924   -0.34008   -0.33657   -0.32438   -0.32192   -0.31842   -0.31123
   0.08470    0.09051    0.09801    0.10778    0.11311    0.12553    0.13223    0.14158
   0.14602    0.15207    0.15920    0.17791    0.18479    0.19336    0.20036    0.20837
   0.21455    0.22496    0.23287    0.23726    0.24601    0.24943    0.25304    0.26169
   0.45825    0.46402
 kpt#  93, nband= 50, wtk=  0.00463, kpt=  0.0000  0.0000  0.5000 (reduced coord)
  -1.93742   -1.93740   -1.93691   -1.93690   -0.80091   -0.80091   -0.79926   -0.79926
  -0.79621   -0.79620   -0.79076   -0.79075   -0.78764   -0.78763   -0.78667   -0.78666
  -0.36361   -0.36360   -0.33375   -0.33374   -0.32190   -0.32189   -0.31960   -0.31959
   0.09293    0.09294    0.10115    0.10116    0.12584    0.12586    0.14081    0.14082
   0.14816    0.14817    0.15461    0.15461    0.17263    0.17265    0.21047    0.21048
   0.22176    0.22176    0.23803    0.23804    0.25005    0.25007    0.26172    0.26173
   0.46942    0.46951
 kpt#  94, nband= 50, wtk=  0.00926, kpt=  0.1667  0.0000  0.5000 (reduced coord)
  -1.93740   -1.93738   -1.93693   -1.93691   -0.80058   -0.80058   -0.79935   -0.79934
  -0.79672   -0.79671   -0.79068   -0.79067   -0.78778   -0.78777   -0.78640   -0.78639
  -0.36225   -0.36225   -0.33500   -0.33499   -0.32279   -0.32278   -0.31882   -0.31882
   0.09266    0.09266    0.10142    0.10143    0.12621    0.12621    0.13881    0.13881
   0.15307    0.15308    0.15783    0.15784    0.17330    0.17332    0.21000    0.21001
   0.21748    0.21749    0.23317    0.23318    0.25318    0.25318    0.25978    0.25979
   0.46057    0.46059
 kpt#  95, nband= 50, wtk=  0.00926, kpt=  0.3333  0.0000  0.5000 (reduced coord)
  -1.93737   -1.93735   -1.93697   -1.93695   -0.80017   -0.80017   -0.79908   -0.79907
  -0.79765   -0.79764   -0.79109   -0.79108   -0.78761   -0.78760   -0.78600   -0.78600
  -0.35905   -0.35904   -0.33800   -0.33799   -0.32383   -0.32383   -0.31801   -0.31800
   0.09236    0.09236    0.10313    0.10313    0.12142    0.12142    0.14575    0.14576
   0.15598    0.15599    0.16468    0.16469    0.17603    0.17605    0.20088    0.20089
   0.21673    0.21673    0.22824    0.22826    0.25082    0.25082    0.25856    0.25857
   0.45082    0.45084
 kpt#  96, nband= 50, wtk=  0.00463, kpt=  0.5000  0.0000  0.5000 (reduced coord)
  -1.93735   -1.93733   -1.93699   -1.93697   -0.80003   -0.80003   -0.79904   -0.79903
  -0.79779   -0.79778   -0.79160   -0.79158   -0.78733   -0.78732   -0.78588   -0.78588
  -0.35706   -0.35705   -0.33990   -0.33990   -0.32422   -0.32422   -0.31775   -0.31774
   0.09254    0.09255    0.10448    0.10449    0.11798    0.11798    0.15022    0.15024
   0.15990    0.15990    0.16451    0.16452    0.18145    0.18146    0.19011    0.19015
   0.21811    0.21811    0.22862    0.22864    0.24640    0.24641    0.25808    0.25809
   0.44729    0.44731
 kpt#  97, nband= 50, wtk=  0.00926, kpt=  0.0000  0.1667  0.5000 (reduced coord)
  -1.93738   -1.93737   -1.93695   -1.93693   -0.80140   -0.80138   -0.79890   -0.79889
  -0.79622   -0.79621   -0.79055   -0.79054   -0.78737   -0.78736   -0.78707   -0.78707
  -0.36165   -0.36164   -0.33547   -0.33547   -0.32230   -0.32229   -0.31959   -0.31958
   0.09829    0.09831    0.10303    0.10304    0.12384    0.12386    0.13476    0.13477
   0.14663    0.14665    0.16225    0.16229    0.17858    0.17860    0.20408    0.20413
   0.22312    0.22314    0.23437    0.23442    0.24919    0.24920    0.25450    0.25451
   0.46692    0.46693
 kpt#  98, nband= 50, wtk=  0.00926, kpt=  0.1667  0.1667  0.5000 (reduced coord)
  -1.93737   -1.93735   -1.93696   -1.93694   -0.80221   -0.80189   -0.79866   -0.79853
  -0.79656   -0.79626   -0.79063   -0.78988   -0.78761   -0.78736   -0.78685   -0.78653
  -0.36169   -0.36058   -0.33890   -0.33558   -0.32478   -0.32273   -0.31702   -0.31653
   0.09484    0.09940    0.10208    0.10529    0.12248    0.12494    0.13442    0.13799
   0.14620    0.15058    0.16343    0.16581    0.17881    0.17890    0.20431    0.20853
   0.21988    0.22035    0.22744    0.23389    0.24702    0.24969    0.25145    0.25750
   0.45901    0.46161
 kpt#  99, nband= 50, wtk=  0.00926, kpt=  0.3333  0.1667  0.5000 (reduced coord)
  -1.93734   -1.93732   -1.93699   -1.93697   -0.80272   -0.80269   -0.80001   -0.79924
  -0.79562   -0.79547   -0.79042   -0.78964   -0.78765   -0.78718   -0.78635   -0.78594
  -0.36026   -0.35906   -0.34309   -0.34106   -0.32241   -0.32204   -0.31552   -0.31401
   0.09252    0.09894    0.10259    0.10838    0.11916    0.12178    0.13615    0.14273
   0.15285    0.15786    0.16613    0.17219    0.17856    0.18227    0.20187    0.20745
   0.21492    0.21829    0.22414    0.22759    0.24330    0.24695    0.25327    0.25610
   0.44992    0.45007
 kpt# 100, nband= 50, wtk=  0.00926, kpt=  0.5000  0.1667  0.5000 (reduced coord)
  -1.93732   -1.93730   -1.93701   -1.93699   -0.80283   -0.80283   -0.80041   -0.80040
  -0.79491   -0.79490   -0.79018   -0.79016   -0.78720   -0.78720   -0.78595   -0.78594
  -0.35853   -0.35853   -0.34482   -0.34482   -0.32091   -0.32090   -0.31440   -0.31438
   0.09465    0.09466    0.10698    0.10700    0.11840    0.11841    0.14030    0.14032
   0.16394    0.16396    0.16662    0.16664    0.18198    0.18200    0.20302    0.20304
   0.21393    0.21394    0.22484    0.22485    0.24386    0.24387    0.25417    0.25418
   0.44537    0.44540
 kpt# 101, nband= 50, wtk=  0.00926, kpt= -0.3333  0.1667  0.5000 (reduced coord)
  -1.93734   -1.93732   -1.93699   -1.93697   -0.80272   -0.80270   -0.80002   -0.79923
  -0.79562   -0.79547   -0.79041   -0.78964   -0.78765   -0.78718   -0.78635   -0.78594
  -0.36027   -0.35906   -0.34309   -0.34106   -0.32240   -0.32205   -0.31552   -0.31400
   0.09252    0.09894    0.10259    0.10837    0.11916    0.12178    0.13614    0.14273
   0.15286    0.15786    0.16613    0.17218    0.17856    0.18227    0.20188    0.20745
   0.21493    0.21828    0.22415    0.22760    0.24330    0.24696    0.25326    0.25610
   0.44991    0.45009
 kpt# 102, nband= 50, wtk=  0.00926, kpt= -0.1667  0.1667  0.5000 (reduced coord)
  -1.93737   -1.93735   -1.93696   -1.93694   -0.80221   -0.80189   -0.79867   -0.79853
  -0.79656   -0.79626   -0.79062   -0.78987   -0.78761   -0.78736   -0.78685   -0.78653
  -0.36169   -0.36058   -0.33890   -0.33558   -0.32478   -0.32273   -0.31702   -0.31653
   0.09484    0.09940    0.10208    0.10528    0.12248    0.12494    0.13441    0.13799
   0.14621    0.15058    0.16342    0.16581    0.17882    0.17889    0.20431    0.20853
   0.21987    0.22036    0.22743    0.23389    0.24701    0.24970    0.25145    0.25749
   0.45900    0.46162
 kpt# 103, nband= 50, wtk=  0.00926, kpt=  0.0000  0.3333  0.5000 (reduced coord)
  -1.93729   -1.93728   -1.93704   -1.93702   -0.80164   -0.80163   -0.79975   -0.79974
  -0.79484   -0.79483   -0.79075   -0.79074   -0.78765   -0.78765   -0.78699   -0.78699
  -0.35621   -0.35620   -0.34087   -0.34086   -0.32213   -0.32212   -0.32008   -0.32007
   0.10600    0.10601    0.11092    0.11095    0.12056    0.12057    0.12803    0.12805
   0.14855    0.14858    0.17181    0.17183    0.18639    0.18642    0.19335    0.19337
   0.22140    0.22143    0.22783    0.22784    0.23824    0.23828    0.24936    0.24938
   0.46627    0.46629
 kpt# 104, nband= 50, wtk=  0.00926, kpt=  0.1667  0.3333  0.5000 (reduced coord)
  -1.93729   -1.93727   -1.93704   -1.93703   -0.80310   -0.80264   -0.80092   -0.80016
  -0.79407   -0.79354   -0.79035   -0.78961   -0.78750   -0.78722   -0.78703   -0.78681
  -0.35823   -0.35703   -0.34502   -0.34317   -0.32168   -0.32101   -0.31616   -0.31568
   0.10360    0.10423    0.11028    0.11185    0.11943    0.12090    0.12972    0.12988
   0.14790    0.15392    0.16888    0.17262    0.18522    0.19515    0.19650    0.20027
   0.21096    0.22298    0.22611    0.22776    0.23478    0.24031    0.24418    0.25286
   0.45882    0.46273
 kpt# 105, nband= 50, wtk=  0.00926, kpt=  0.3333  0.3333  0.5000 (reduced coord)
  -1.93727   -1.93725   -1.93706   -1.93705   -0.80447   -0.80424   -0.80273   -0.80202
  -0.79226   -0.79185   -0.78930   -0.78872   -0.78722   -0.78700   -0.78647   -0.78621
  -0.36018   -0.35910   -0.35063   -0.34942   -0.31739   -0.31681   -0.31232   -0.31113
   0.09929    0.10236    0.11117    0.11339    0.11867    0.11968    0.12626    0.12903
   0.16003    0.16134    0.17206    0.17729    0.18533    0.18912    0.20354    0.20581
   0.21248    0.21500    0.22435    0.22611    0.22976    0.23787    0.24814    0.24902
   0.44847    0.45058
 kpt# 106, nband= 50, wtk=  0.00926, kpt=  0.5000  0.3333  0.5000 (reduced coord)
  -1.93726   -1.93724   -1.93707   -1.93706   -0.80486   -0.80485   -0.80328   -0.80327
  -0.79135   -0.79134   -0.78872   -0.78871   -0.78690   -0.78689   -0.78604   -0.78603
  -0.36018   -0.36018   -0.35291   -0.35291   -0.31476   -0.31475   -0.31039   -0.31038
   0.09980    0.09981    0.11216    0.11218    0.11934    0.11935    0.12642    0.12643
   0.16894    0.16895    0.17353    0.17355    0.18792    0.18792    0.20433    0.20436
   0.21320    0.21323    0.22261    0.22264    0.23334    0.23336    0.24931    0.24933
   0.44355    0.44358
 kpt# 107, nband= 50, wtk=  0.00926, kpt= -0.3333  0.3333  0.5000 (reduced coord)
  -1.93727   -1.93725   -1.93706   -1.93705   -0.80446   -0.80425   -0.80274   -0.80201
  -0.79226   -0.79185   -0.78929   -0.78872   -0.78722   -0.78700   -0.78647   -0.78621
  -0.36019   -0.35910   -0.35063   -0.34942   -0.31739   -0.31682   -0.31232   -0.31113
   0.09930    0.10236    0.11117    0.11339    0.11867    0.11968    0.12626    0.12904
   0.16003    0.16135    0.17205    0.17729    0.18533    0.18913    0.20353    0.20581
   0.21248    0.21500    0.22435    0.22611    0.22976    0.23786    0.24814    0.24902
   0.44847    0.45060
 kpt# 108, nband= 50, wtk=  0.00926, kpt= -0.1667  0.3333  0.5000 (reduced coord)
  -1.93729   -1.93727   -1.93704   -1.93703   -0.80310   -0.80264   -0.80093   -0.80015
  -0.79406   -0.79354   -0.79035   -0.78961   -0.78749   -0.78723   -0.78703   -0.78682
  -0.35823   -0.35703   -0.34502   -0.34317   -0.32168   -0.32101   -0.31616   -0.31568
   0.10360    0.10422    0.11027    0.11186    0.11942    0.12091    0.12973    0.12987
   0.14790    0.15392    0.16889    0.17262    0.18521    0.19516    0.19649    0.20027
   0.21095    0.22299    0.22610    0.22777    0.23478    0.24031    0.24417    0.25286
   0.45882    0.46291
 kpt# 109, nband= 50, wtk=  0.00463, kpt=  0.0000  0.5000  0.5000 (reduced coord)
  -1.93719   -1.93716   -1.93714   -1.93713   -0.80104   -0.80103   -0.80102   -0.80101
  -0.79259   -0.79258   -0.79257   -0.79256   -0.78724   -0.78723   -0.78723   -0.78722
  -0.34861   -0.34861   -0.34858   -0.34858   -0.32113   -0.32113   -0.32112   -0.32111
   0.11089    0.11090    0.11090    0.11091    0.12363    0.12364    0.12364    0.12365
   0.16296    0.16297    0.16304    0.16305    0.18832    0.18833    0.18836    0.18837
   0.22096    0.22097    0.22098    0.22099    0.24151    0.24153    0.24156    0.24157
   0.46987    0.46991
 kpt# 110, nband= 50, wtk=  0.00926, kpt=  0.1667  0.5000  0.5000 (reduced coord)
  -1.93719   -1.93716   -1.93714   -1.93713   -0.80263   -0.80262   -0.80196   -0.80195
  -0.79175   -0.79174   -0.79093   -0.79093   -0.78716   -0.78715   -0.78707   -0.78706
  -0.35172   -0.35172   -0.35164   -0.35163   -0.31794   -0.31793   -0.31775   -0.31775
   0.10951    0.10951    0.11040    0.11041    0.12334    0.12335    0.12366    0.12367
   0.16392    0.16393    0.16487    0.16488    0.19258    0.19258    0.19268    0.19269
   0.21647    0.21648    0.22070    0.22071    0.23764    0.23766    0.24541    0.24543
   0.46224    0.46265
 kpt# 111, nband= 50, wtk=  0.00926, kpt=  0.3333  0.5000  0.5000 (reduced coord)
  -1.93719   -1.93716   -1.93714   -1.93713   -0.80445   -0.80445   -0.80397   -0.80396
  -0.78997   -0.78996   -0.78939   -0.78938   -0.78671   -0.78670   -0.78666   -0.78665
  -0.35658   -0.35657   -0.35649   -0.35649   -0.31274   -0.31274   -0.31256   -0.31255
   0.10843    0.10844    0.10850    0.10850    0.12160    0.12161    0.12238    0.12238
   0.17149    0.17149    0.17207    0.17209    0.19194    0.19195    0.19408    0.19409
   0.21620    0.21621    0.21904    0.21904    0.23903    0.23905    0.24244    0.24245
   0.45220    0.45229
 kpt# 112, nband= 50, wtk=  0.00463, kpt=  0.5000  0.5000  0.5000 (reduced coord)
  -1.93719   -1.93716   -1.93714   -1.93713   -0.80500   -0.80500   -0.80499   -0.80499
  -0.78917   -0.78915   -0.78914   -0.78913   -0.78636   -0.78635   -0.78633   -0.78633
  -0.35860   -0.35860   -0.35858   -0.35857   -0.31045   -0.31045   -0.31044   -0.31043
   0.10770    0.10771    0.10772    0.10773    0.12113    0.12114    0.12115    0.12116
   0.17732    0.17733    0.17735    0.17737    0.19037    0.19038    0.19041    0.19041
   0.21736    0.21737    0.21742    0.21743    0.24057    0.24058    0.24059    0.24061
   0.44978    0.44981
