 Fermi (or HOMO) energy (hartree) =   0.27964   Average Vxc (hartree)=  -0.44601
 Eigenvalues (hartree) for nkpt= 112  k points:
 kpt#   1, nband= 50, wtk=  0.00463, kpt=  0.0000  0.0000  0.0000 (reduced coord)
  -1.94343   -1.94278   -1.94250   -1.94209   -0.80694   -0.80601   -0.80599   -0.79573
  -0.79324   -0.79309   -0.79279   -0.79274   -0.79197   -0.78788   -0.78774   -0.78731
  -0.39863   -0.34406   -0.34286   -0.33644   -0.31783   -0.31185   -0.31040   -0.30794
   0.06698    0.06875    0.07527    0.09853    0.10624    0.10732    0.15860    0.15980
   0.16065    0.16294    0.17641    0.19113    0.19464    0.20196    0.21380    0.21511
   0.22805    0.23218    0.23410    0.23790    0.24737    0.26541    0.27944    0.27964
   0.45646    0.46456
 kpt#   2, nband= 50, wtk=  0.00926, kpt=  0.1667  0.0000  0.0000 (reduced coord)
  -1.94340   -1.94278   -1.94253   -1.94210   -0.80623   -0.80531   -0.80495   -0.79592
  -0.79406   -0.79353   -0.79266   -0.79242   -0.79191   -0.78908   -0.78818   -0.78766
  -0.39430   -0.34303   -0.34171   -0.33549   -0.31856   -0.31824   -0.31030   -0.30893
   0.07073    0.07416    0.07569    0.10038    0.10089    0.12376    0.14949    0.15092
   0.15538    0.16230    0.17595    0.18635    0.18821    0.20664    0.21241    0.22074
   0.23052    0.23325    0.23839    0.24434    0.24680    0.25275    0.27637    0.27860
   0.46152    0.46899
 kpt#   3, nband= 50, wtk=  0.00926, kpt=  0.3333  0.0000  0.0000 (reduced coord)
  -1.94333   -1.94277   -1.94259   -1.94210   -0.80442   -0.80354   -0.80203   -0.79719
  -0.79594   -0.79390   -0.79263   -0.79248   -0.79178   -0.79144   -0.78895   -0.78857
  -0.38315   -0.34112   -0.33911   -0.33343   -0.33150   -0.31987   -0.31211   -0.31127
   0.07543    0.07672    0.09696    0.10438    0.10678    0.12093    0.13504    0.13772
   0.16087    0.16318    0.16418    0.17894    0.19170    0.20727    0.21015    0.21439
   0.22755    0.23654    0.24141    0.24302    0.24683    0.25432    0.27443    0.27529
   0.45572    0.46202
 kpt#   4, nband= 50, wtk=  0.00463, kpt=  0.5000  0.0000  0.0000 (reduced coord)
  -1.94330   -1.94277   -1.94263   -1.94210   -0.80301   -0.80219   -0.79899   -0.79853
  -0.79729   -0.79593   -0.79386   -0.79254   -0.79147   -0.79068   -0.78952   -0.78934
  -0.37459   -0.34364   -0.33754   -0.33736   -0.33232   -0.32060   -0.31349   -0.31250
   0.07945    0.08089    0.10732    0.10805    0.10910    0.11790    0.12769    0.13023
   0.15371    0.16492    0.17489    0.17889    0.18577    0.19106    0.21353    0.21678
   0.22851    0.23198    0.23913    0.24320    0.25070    0.25676    0.27310    0.27597
   0.45055    0.45870
 kpt#   5, nband= 50, wtk=  0.00926, kpt=  0.0000  0.1667  0.0000 (reduced coord)
  -1.94339   -1.94281   -1.94250   -1.94211   -0.80589   -0.80544   -0.80519   -0.79676
  -0.79370   -0.79318   -0.79291   -0.79272   -0.79139   -0.78850   -0.78818   -0.78802
  -0.39412   -0.34314   -0.34306   -0.33650   -0.32134   -0.31221   -0.31166   -0.30853
   0.07184    0.07289    0.07759    0.10001    0.10956    0.11739    0.14757    0.15324
   0.15893    0.16510    0.16829    0.19066    0.19234    0.19970    0.21351    0.22035
   0.22532    0.22996    0.23665    0.23809    0.24225    0.26384    0.27742    0.27783
   0.45419    0.46545
 kpt#   6, nband= 50, wtk=  0.00926, kpt=  0.1667  0.1667  0.0000 (reduced coord)
  -1.94336   -1.94280   -1.94252   -1.94212   -0.80541   -0.80484   -0.80427   -0.79698
  -0.79413   -0.79396   -0.79260   -0.79236   -0.79132   -0.79021   -0.78855   -0.78764
  -0.39018   -0.34256   -0.34206   -0.33555   -0.32178   -0.31911   -0.31060   -0.30927
   0.07159    0.08021    0.08120    0.10157    0.10520    0.12822    0.14279    0.15050
   0.15501    0.15873    0.17238    0.18451    0.18822    0.20165    0.21337    0.21833
   0.23008    0.23305    0.23521    0.24092    0.24781    0.25120    0.27530    0.27657
   0.45476    0.46602
 kpt#   7, nband= 50, wtk=  0.00926, kpt=  0.3333  0.1667  0.0000 (reduced coord)
  -1.94330   -1.94280   -1.94258   -1.94213   -0.80416   -0.80309   -0.80188   -0.79818
  -0.79584   -0.79398   -0.79373   -0.79238   -0.79129   -0.79088   -0.78939   -0.78824
  -0.38003   -0.34121   -0.34025   -0.33370   -0.33135   -0.32224   -0.31217   -0.31113
   0.07543    0.08480    0.09945    0.10708    0.10780    0.12368    0.13378    0.13908
   0.15789    0.15992    0.16932    0.17947    0.18961    0.20314    0.20892    0.21112
   0.22638    0.23383    0.23858    0.23984    0.24837    0.24935    0.27343    0.27394
   0.45390    0.45841
 kpt#   8, nband= 50, wtk=  0.00926, kpt=  0.5000  0.1667  0.0000 (reduced coord)
  -1.94326   -1.94280   -1.94261   -1.94213   -0.80320   -0.80168   -0.79950   -0.79923
  -0.79706   -0.79680   -0.79317   -0.79251   -0.79125   -0.78995   -0.78992   -0.78916
  -0.37229   -0.34235   -0.34042   -0.33689   -0.33277   -0.32208   -0.31347   -0.31228
   0.08133    0.08573    0.10631    0.11047    0.11234    0.12036    0.12743    0.13451
   0.15569    0.16193    0.17715    0.17785    0.18025    0.19381    0.21233    0.21423
   0.22478    0.23038    0.23578    0.23916    0.25034    0.25124    0.27176    0.27484
   0.45459    0.45721
 kpt#   9, nband= 50, wtk=  0.00926, kpt= -0.3333  0.1667  0.0000 (reduced coord)
  -1.94330   -1.94280   -1.94258   -1.94212   -0.80410   -0.80310   -0.80185   -0.79828
  -0.79582   -0.79397   -0.79361   -0.79245   -0.79134   -0.79092   -0.78937   -0.78821
  -0.37996   -0.34138   -0.34035   -0.33339   -0.33123   -0.32225   -0.31228   -0.31125
   0.07501    0.08550    0.09959    0.10719    0.10828    0.12283    0.13375    0.13844
   0.15767    0.16008    0.16887    0.17965    0.18994    0.20340    0.20927    0.21146
   0.22670    0.23387    0.23891    0.23984    0.24715    0.24923    0.27355    0.27397
   0.45653    0.45865
 kpt#  10, nband= 50, wtk=  0.00926, kpt= -0.1667  0.1667  0.0000 (reduced coord)
  -1.94336   -1.94280   -1.94252   -1.94212   -0.80536   -0.80483   -0.80426   -0.79709
  -0.79403   -0.79389   -0.79266   -0.79236   -0.79136   -0.79026   -0.78855   -0.78763
  -0.39013   -0.34272   -0.34210   -0.33529   -0.32177   -0.31891   -0.31082   -0.30938
   0.07116    0.08030    0.08181    0.10148    0.10583    0.12749    0.14249    0.15003
   0.15505    0.15830    0.17273    0.18449    0.18836    0.20200    0.21359    0.21899
   0.22901    0.23403    0.23566    0.24134    0.24762    0.24977    0.27528    0.27673
   0.45632    0.46654
 kpt#  11, nband= 50, wtk=  0.00926, kpt=  0.0000  0.3333  0.0000 (reduced coord)
  -1.94327   -1.94289   -1.94249   -1.94215   -0.80390   -0.80319   -0.80286   -0.79905
  -0.79582   -0.79386   -0.79286   -0.79251   -0.79062   -0.79035   -0.78902   -0.78875
  -0.38169   -0.34904   -0.34083   -0.33697   -0.32506   -0.31634   -0.31179   -0.30989
   0.07401    0.08538    0.10120    0.10147    0.11734    0.13063    0.13389    0.13932
   0.14331    0.16228    0.17171    0.17935    0.19393    0.19647    0.20572    0.20856
   0.21301    0.22292    0.24200    0.24518    0.25205    0.26303    0.27377    0.27448
   0.44892    0.46076
 kpt#  12, nband= 50, wtk=  0.00926, kpt=  0.1667  0.3333  0.0000 (reduced coord)
  -1.94325   -1.94288   -1.94251   -1.94216   -0.80373   -0.80314   -0.80224   -0.79899
  -0.79602   -0.79500   -0.79260   -0.79216   -0.79097   -0.79045   -0.78940   -0.78826
  -0.37876   -0.34875   -0.33996   -0.33612   -0.32564   -0.32123   -0.31137   -0.31027
   0.07531    0.09214    0.10165    0.10330    0.11447    0.12894    0.13476    0.14225
   0.14407    0.16543    0.17078    0.18261    0.18915    0.19055    0.19586    0.21415
   0.21643    0.22977    0.23845    0.24243    0.25303    0.25395    0.27298    0.27374
   0.44659    0.45751
 kpt#  13, nband= 50, wtk=  0.00926, kpt=  0.3333  0.3333  0.0000 (reduced coord)
  -1.94321   -1.94287   -1.94255   -1.94218   -0.80333   -0.80262   -0.80060   -0.79965
  -0.79719   -0.79521   -0.79413   -0.79178   -0.79057   -0.79027   -0.78980   -0.78819
  -0.37134   -0.34811   -0.33835   -0.33465   -0.33068   -0.32617   -0.31247   -0.31131
   0.08075    0.10152    0.10202    0.11077    0.11625    0.12492    0.13008    0.14397
   0.14655    0.16134    0.17634    0.17816    0.18793    0.19397    0.19586    0.21052
   0.21843    0.22668    0.23769    0.23901    0.24248    0.24971    0.27040    0.27206
   0.44422    0.45370
 kpt#  14, nband= 50, wtk=  0.00926, kpt=  0.5000  0.3333  0.0000 (reduced coord)
  -1.94319   -1.94286   -1.94257   -1.94218   -0.80325   -0.80104   -0.80068   -0.80017
  -0.79768   -0.79579   -0.79417   -0.79235   -0.79069   -0.78973   -0.78916   -0.78884
  -0.36595   -0.34775   -0.33917   -0.33534   -0.33388   -0.32604   -0.31339   -0.31203
   0.08600    0.10010    0.10323    0.11770    0.12081    0.12298    0.12401    0.14408
   0.15188    0.16104    0.16791    0.17978    0.18063    0.20130    0.20416    0.21160
   0.21398    0.22768    0.22893    0.23319    0.24328    0.24849    0.26842    0.27130
   0.44625    0.45370
 kpt#  15, nband= 50, wtk=  0.00926, kpt= -0.3333  0.3333  0.0000 (reduced coord)
  -1.94321   -1.94287   -1.94255   -1.94218   -0.80322   -0.80263   -0.80055   -0.79980
  -0.79718   -0.79515   -0.79415   -0.79184   -0.79047   -0.79029   -0.78992   -0.78815
  -0.37123   -0.34822   -0.33853   -0.33439   -0.33050   -0.32625   -0.31260   -0.31137
   0.08080    0.10146    0.10230    0.11092    0.11734    0.12477    0.12896    0.14317
   0.14594    0.16093    0.17688    0.17812    0.18886    0.19399    0.19664    0.21129
   0.21827    0.22593    0.23796    0.23841    0.24213    0.24960    0.27060    0.27207
   0.44612    0.45374
 kpt#  16, nband= 50, wtk=  0.00926, kpt= -0.1667  0.3333  0.0000 (reduced coord)
  -1.94325   -1.94288   -1.94251   -1.94216   -0.80372   -0.80306   -0.80221   -0.79918
  -0.79593   -0.79495   -0.79260   -0.79220   -0.79111   -0.79035   -0.78946   -0.78821
  -0.37868   -0.34886   -0.34004   -0.33593   -0.32565   -0.32101   -0.31161   -0.31033
   0.07534    0.09210    0.10172    0.10358    0.11545    0.12845    0.13379    0.14210
   0.14325    0.16558    0.17041    0.18240    0.18908    0.19202    0.19707    0.21355
   0.21675    0.22894    0.23901    0.24231    0.25247    0.25378    0.27303    0.27390
   0.44807    0.45744
 kpt#  17, nband= 50, wtk=  0.00463, kpt=  0.0000  0.5000  0.0000 (reduced coord)
  -1.94317   -1.94296   -1.94249   -1.94217   -0.80176   -0.80152   -0.80094   -0.80058
  -0.79698   -0.79689   -0.79271   -0.79237   -0.79021   -0.78993   -0.78983   -0.78950
  -0.36486   -0.36445   -0.33870   -0.33815   -0.32203   -0.32152   -0.31168   -0.31072
   0.08288    0.08440    0.11320    0.11441    0.12380    0.12467    0.13291    0.13525
   0.14184    0.14226    0.17999    0.18054    0.18236    0.18290    0.20791    0.21080
   0.21191    0.21237    0.24483    0.24677    0.26055    0.26132    0.27207    0.27301
   0.44832    0.45010
 kpt#  18, nband= 50, wtk=  0.00926, kpt=  0.1667  0.5000  0.0000 (reduced coord)
  -1.94316   -1.94295   -1.94250   -1.94218   -0.80236   -0.80200   -0.80006   -0.79972
  -0.79775   -0.79763   -0.79219   -0.79200   -0.79066   -0.79041   -0.78941   -0.78913
  -0.36334   -0.36287   -0.33803   -0.33736   -0.32451   -0.32379   -0.31189   -0.31081
   0.08555    0.08700    0.11397    0.11482    0.12193    0.12395    0.13139    0.13317
   0.15004    0.15100    0.17588    0.17917    0.18241    0.18368    0.19988    0.20131
   0.22028    0.22254    0.24132    0.24255    0.25561    0.25646    0.27171    0.27277
   0.44630    0.44735
 kpt#  19, nband= 50, wtk=  0.00926, kpt=  0.3333  0.5000  0.0000 (reduced coord)
  -1.94314   -1.94293   -1.94253   -1.94220   -0.80273   -0.80234   -0.79996   -0.79971
  -0.79764   -0.79749   -0.79275   -0.79268   -0.79032   -0.79019   -0.78893   -0.78877
  -0.35969   -0.35913   -0.33689   -0.33577   -0.32955   -0.32832   -0.31274   -0.31148
   0.09128    0.09248    0.11365    0.11455    0.12378    0.12475    0.13245    0.13360
   0.15695    0.15790    0.16912    0.17205    0.18613    0.18696    0.20541    0.20647
   0.21609    0.21816    0.23753    0.23861    0.24534    0.24632    0.26894    0.27060
   0.44355    0.44514
 kpt#  20, nband= 50, wtk=  0.00463, kpt=  0.5000  0.5000  0.0000 (reduced coord)
  -1.94313   -1.94292   -1.94254   -1.94222   -0.80272   -0.80231   -0.80068   -0.80036
  -0.79649   -0.79625   -0.79396   -0.79383   -0.78980   -0.78964   -0.78886   -0.78874
  -0.35737   -0.35676   -0.33687   -0.33535   -0.33203   -0.33039   -0.31335   -0.31200
   0.09477    0.09564    0.11154    0.11259    0.12665    0.12830    0.13469    0.13574
   0.15152    0.15455    0.16915    0.17010    0.19177    0.19354    0.20883    0.20981
   0.21808    0.21937    0.22502    0.22586    0.24454    0.24504    0.26662    0.26880
   0.44426    0.44650
 kpt#  21, nband= 50, wtk=  0.00926, kpt=  0.0000  0.0000  0.1667 (reduced coord)
  -1.94339   -1.94281   -1.94250   -1.94210   -0.80617   -0.80520   -0.80502   -0.79611
  -0.79426   -0.79340   -0.79277   -0.79240   -0.79195   -0.78899   -0.78800   -0.78763
  -0.39410   -0.34402   -0.34122   -0.33574   -0.31819   -0.31744   -0.31205   -0.30833
   0.07122    0.07259    0.08436    0.09645    0.10958    0.11423    0.14712    0.15168
   0.15843    0.16827    0.17710    0.18905    0.19420    0.19968    0.21065    0.21465
   0.22187    0.23240    0.23895    0.24124    0.24935    0.26391    0.26831    0.27351
   0.45875    0.46524
 kpt#  22, nband= 50, wtk=  0.00926, kpt=  0.1667  0.0000  0.1667 (reduced coord)
  -1.94337   -1.94280   -1.94253   -1.94211   -0.80563   -0.80448   -0.80429   -0.79614
  -0.79532   -0.79311   -0.79282   -0.79237   -0.79203   -0.79017   -0.78803   -0.78790
  -0.39018   -0.34399   -0.33981   -0.33491   -0.32161   -0.31844   -0.31335   -0.30926
   0.07304    0.07996    0.08322    0.09745    0.10825    0.12437    0.14399    0.15034
   0.15396    0.16205    0.17585    0.18330    0.19149    0.20149    0.21350    0.21800
   0.22265    0.23324    0.23684    0.24429    0.24982    0.25216    0.26900    0.27395
   0.46154    0.46830
 kpt#  23, nband= 50, wtk=  0.00926, kpt=  0.3333  0.0000  0.1667 (reduced coord)
  -1.94331   -1.94279   -1.94258   -1.94211   -0.80419   -0.80304   -0.80200   -0.79735
  -0.79660   -0.79440   -0.79298   -0.79246   -0.79170   -0.79083   -0.78897   -0.78851
  -0.38018   -0.34314   -0.33782   -0.33447   -0.33121   -0.31937   -0.31465   -0.31150
   0.07742    0.08219    0.09989    0.10525    0.11068    0.12210    0.13529    0.14412
   0.15420    0.16009    0.16746    0.17895    0.19408    0.20113    0.20587    0.21712
   0.22452    0.22769    0.24092    0.24376    0.24601    0.25497    0.26523    0.27421
   0.45578    0.46100
 kpt#  24, nband= 50, wtk=  0.00926, kpt=  0.5000  0.0000  0.1667 (reduced coord)
  -1.94328   -1.94279   -1.94262   -1.94212   -0.80274   -0.80255   -0.79962   -0.79804
  -0.79778   -0.79691   -0.79285   -0.79229   -0.79108   -0.79059   -0.78979   -0.78913
  -0.37266   -0.34265   -0.34143   -0.33722   -0.33103   -0.31943   -0.31551   -0.31278
   0.08073    0.08439    0.10572    0.11123    0.11251    0.12531    0.12986    0.13588
   0.15105    0.16477    0.17150    0.17443    0.18258    0.19049    0.21488    0.21908
   0.22671    0.22783    0.23480    0.24278    0.24793    0.25710    0.26323    0.27426
   0.45121    0.45725
 kpt#  25, nband= 50, wtk=  0.00926, kpt= -0.3333  0.0000  0.1667 (reduced coord)
  -1.94331   -1.94279   -1.94258   -1.94211   -0.80422   -0.80303   -0.80201   -0.79731
  -0.79659   -0.79438   -0.79298   -0.79243   -0.79172   -0.79086   -0.78897   -0.78853
  -0.38019   -0.34314   -0.33783   -0.33444   -0.33120   -0.31935   -0.31469   -0.31149
   0.07746    0.08211    0.09989    0.10523    0.11068    0.12220    0.13529    0.14405
   0.15421    0.16014    0.16747    0.17891    0.19406    0.20112    0.20587    0.21707
   0.22461    0.22765    0.24116    0.24370    0.24583    0.25500    0.26519    0.27423
   0.45563    0.46113
 kpt#  26, nband= 50, wtk=  0.00926, kpt= -0.1667  0.0000  0.1667 (reduced coord)
  -1.94337   -1.94280   -1.94253   -1.94211   -0.80565   -0.80447   -0.80429   -0.79613
  -0.79527   -0.79321   -0.79273   -0.79239   -0.79201   -0.79018   -0.78801   -0.78793
  -0.39018   -0.34401   -0.33979   -0.33491   -0.32156   -0.31848   -0.31335   -0.30928
   0.07305    0.08000    0.08317    0.09740    0.10821    0.12443    0.14401    0.15037
   0.15394    0.16205    0.17586    0.18339    0.19143    0.20146    0.21335    0.21821
   0.22251    0.23333    0.23672    0.24470    0.24919    0.25242    0.26902    0.27398
   0.46122    0.46821
 kpt#  27, nband= 50, wtk=  0.00926, kpt=  0.0000  0.1667  0.1667 (reduced coord)
  -1.94335   -1.94282   -1.94250   -1.94212   -0.80529   -0.80464   -0.80444   -0.79734
  -0.79406   -0.79356   -0.79302   -0.79210   -0.79171   -0.79007   -0.78832   -0.78770
  -0.38996   -0.34376   -0.34172   -0.33584   -0.32133   -0.31722   -0.31325   -0.30849
   0.07519    0.08073    0.08215    0.10083    0.11146    0.12033    0.14543    0.14707
   0.15822    0.16007    0.17288    0.18824    0.19120    0.20017    0.21351    0.21907
   0.21979    0.22992    0.23189    0.24229    0.24357    0.26220    0.26860    0.27204
   0.45592    0.46708
 kpt#  28, nband= 50, wtk=  0.00926, kpt=  0.1667  0.1667  0.1667 (reduced coord)
  -1.94333   -1.94282   -1.94252   -1.94213   -0.80518   -0.80400   -0.80385   -0.79716
  -0.79508   -0.79360   -0.79310   -0.79191   -0.79173   -0.79086   -0.78818   -0.78788
  -0.38646   -0.34427   -0.34055   -0.33547   -0.32184   -0.32060   -0.31400   -0.30875
   0.07707    0.08372    0.08632    0.10176    0.10999    0.12682    0.14261    0.14778
   0.15380    0.15838    0.17199    0.17892    0.19471    0.20237    0.21272    0.21586
   0.22498    0.22965    0.23377    0.24062    0.24589    0.25153    0.26836    0.27290
   0.45487    0.46844
 kpt#  29, nband= 50, wtk=  0.00926, kpt=  0.3333  0.1667  0.1667 (reduced coord)
  -1.94328   -1.94282   -1.94257   -1.94214   -0.80440   -0.80297   -0.80221   -0.79754
  -0.79643   -0.79536   -0.79301   -0.79181   -0.79117   -0.79088   -0.78883   -0.78849
  -0.37752   -0.34391   -0.34012   -0.33714   -0.32831   -0.32060   -0.31462   -0.31043
   0.08008    0.08686    0.10164    0.10860    0.11146    0.12408    0.13697    0.14321
   0.15371    0.15765    0.16517    0.17927    0.19309    0.20283    0.20630    0.21449
   0.22353    0.22876    0.23500    0.24000    0.24423    0.24979    0.26522    0.27326
   0.45024    0.46099
 kpt#  30, nband= 50, wtk=  0.00926, kpt=  0.5000  0.1667  0.1667 (reduced coord)
  -1.94325   -1.94281   -1.94260   -1.94214   -0.80347   -0.80295   -0.80008   -0.79903
  -0.79717   -0.79661   -0.79234   -0.79187   -0.79077   -0.79018   -0.78969   -0.78923
  -0.37084   -0.34340   -0.34239   -0.34067   -0.32928   -0.31957   -0.31499   -0.31186
   0.08485    0.08663    0.10818    0.11129    0.11249    0.12934    0.13268    0.13657
   0.15211    0.16101    0.16753    0.17426    0.18406    0.19554    0.21085    0.22023
   0.22367    0.22803    0.23392    0.23544    0.24355    0.25257    0.26410    0.27279
   0.44893    0.45489
 kpt#  31, nband= 50, wtk=  0.00926, kpt= -0.3333  0.1667  0.1667 (reduced coord)
  -1.94328   -1.94281   -1.94257   -1.94213   -0.80427   -0.80311   -0.80221   -0.79739
  -0.79656   -0.79529   -0.79301   -0.79182   -0.79121   -0.79092   -0.78885   -0.78846
  -0.37747   -0.34407   -0.34001   -0.33709   -0.32815   -0.32056   -0.31460   -0.31070
   0.07966    0.08732    0.10200    0.10885    0.11176    0.12338    0.13678    0.14258
   0.15332    0.15792    0.16511    0.17968    0.19321    0.20298    0.20621    0.21509
   0.22378    0.22779    0.23526    0.24074    0.24408    0.24921    0.26506    0.27339
   0.45195    0.46130
 kpt#  32, nband= 50, wtk=  0.00926, kpt= -0.1667  0.1667  0.1667 (reduced coord)
  -1.94333   -1.94282   -1.94252   -1.94213   -0.80509   -0.80407   -0.80386   -0.79720
  -0.79493   -0.79351   -0.79328   -0.79190   -0.79172   -0.79091   -0.78822   -0.78785
  -0.38642   -0.34447   -0.34043   -0.33531   -0.32181   -0.32046   -0.31404   -0.30901
   0.07673    0.08373    0.08682    0.10213    0.10999    0.12647    0.14185    0.14781
   0.15357    0.15828    0.17240    0.17929    0.19464    0.20200    0.21268    0.21676
   0.22428    0.22951    0.23542    0.24042    0.24517    0.25110    0.26832    0.27310
   0.45619    0.46788
 kpt#  33, nband= 50, wtk=  0.00926, kpt=  0.0000  0.3333  0.1667 (reduced coord)
  -1.94324   -1.94289   -1.94251   -1.94216   -0.80354   -0.80305   -0.80223   -0.79957
  -0.79563   -0.79451   -0.79325   -0.79206   -0.79080   -0.79069   -0.78914   -0.78850
  -0.37844   -0.34781   -0.34211   -0.33714   -0.32460   -0.31682   -0.31553   -0.31007
   0.08148    0.08938    0.10267    0.10545    0.11717    0.12443    0.13666    0.13875
   0.14853    0.16269    0.16832    0.17930    0.19155    0.19557    0.20801    0.20960
   0.21682    0.22193    0.22846    0.24071    0.25175    0.26173    0.26783    0.26947
   0.45092    0.46180
 kpt#  34, nband= 50, wtk=  0.00926, kpt=  0.1667  0.3333  0.1667 (reduced coord)
  -1.94323   -1.94288   -1.94252   -1.94217   -0.80400   -0.80320   -0.80217   -0.79876
  -0.79604   -0.79546   -0.79284   -0.79170   -0.79113   -0.79037   -0.78889   -0.78852
  -0.37607   -0.34852   -0.34175   -0.33727   -0.32454   -0.32104   -0.31400   -0.30962
   0.08242    0.09328    0.10466    0.10754    0.11488    0.12620    0.13751    0.14121
   0.14688    0.16079    0.16788    0.18146    0.18695    0.19779    0.20204    0.21204
   0.21847    0.22676    0.22867    0.23710    0.24989    0.25446    0.26680    0.26979
   0.44770    0.45888
 kpt#  35, nband= 50, wtk=  0.00926, kpt=  0.3333  0.3333  0.1667 (reduced coord)
  -1.94319   -1.94288   -1.94255   -1.94218   -0.80425   -0.80319   -0.80242   -0.79927
  -0.79671   -0.79450   -0.79326   -0.79128   -0.79047   -0.79005   -0.78948   -0.78836
  -0.37001   -0.34894   -0.34268   -0.34006   -0.32563   -0.32240   -0.31343   -0.31023
   0.08587    0.10019    0.10780    0.11073    0.11769    0.12492    0.13735    0.14136
   0.14848    0.15728    0.16743    0.18384    0.18854    0.19614    0.20330    0.20806
   0.21755    0.22358    0.23147    0.23535    0.24139    0.24886    0.26415    0.26967
   0.44268    0.45463
 kpt#  36, nband= 50, wtk=  0.00926, kpt=  0.5000  0.3333  0.1667 (reduced coord)
  -1.94318   -1.94287   -1.94257   -1.94219   -0.80415   -0.80315   -0.80207   -0.80105
  -0.79572   -0.79480   -0.79270   -0.79146   -0.79040   -0.78967   -0.78922   -0.78894
  -0.36557   -0.34868   -0.34414   -0.34354   -0.32629   -0.32080   -0.31347   -0.31118
   0.08959    0.10106    0.10750    0.11595    0.11659    0.12724    0.13331    0.14492
   0.14702    0.16263    0.16514    0.17869    0.18724    0.20034    0.20229    0.21273
   0.21515    0.22297    0.22451    0.23285    0.24047    0.24803    0.26372    0.26898
   0.44238    0.45186
 kpt#  37, nband= 50, wtk=  0.00926, kpt= -0.3333  0.3333  0.1667 (reduced coord)
  -1.94319   -1.94287   -1.94255   -1.94218   -0.80409   -0.80328   -0.80252   -0.79923
  -0.79667   -0.79432   -0.79343   -0.79135   -0.79044   -0.78997   -0.78963   -0.78830
  -0.36991   -0.34911   -0.34256   -0.34003   -0.32553   -0.32238   -0.31338   -0.31049
   0.08587    0.10031    0.10750    0.11133    0.11826    0.12489    0.13654    0.14090
   0.14782    0.15706    0.16748    0.18429    0.18917    0.19651    0.20373    0.20830
   0.21751    0.22317    0.23137    0.23472    0.24152    0.24879    0.26410    0.26982
   0.44420    0.45643
 kpt#  38, nband= 50, wtk=  0.00926, kpt= -0.1667  0.3333  0.1667 (reduced coord)
  -1.94323   -1.94288   -1.94252   -1.94217   -0.80389   -0.80320   -0.80228   -0.79877
  -0.79600   -0.79528   -0.79298   -0.79166   -0.79124   -0.79036   -0.78896   -0.78843
  -0.37600   -0.34869   -0.34162   -0.33719   -0.32456   -0.32084   -0.31405   -0.30986
   0.08241    0.09339    0.10464    0.10776    0.11550    0.12596    0.13644    0.14095
   0.14643    0.16094    0.16821    0.18154    0.18709    0.19857    0.20259    0.21129
   0.21851    0.22668    0.22892    0.23683    0.24951    0.25444    0.26679    0.27001
   0.44900    0.45878
 kpt#  39, nband= 50, wtk=  0.00926, kpt=  0.0000  0.5000  0.1667 (reduced coord)
  -1.94316   -1.94295   -1.94250   -1.94219   -0.80188   -0.80169   -0.80080   -0.80048
  -0.79710   -0.79704   -0.79254   -0.79227   -0.79024   -0.78993   -0.78978   -0.78958
  -0.36274   -0.36232   -0.33969   -0.33924   -0.32191   -0.32136   -0.31333   -0.31243
   0.09012    0.09176    0.11182    0.11312    0.12009    0.12097    0.13724    0.13963
   0.14689    0.14735    0.17369    0.17633    0.18212    0.18377    0.21109    0.21167
   0.21271    0.21519    0.23409    0.23582    0.25887    0.25967    0.26746    0.26838
   0.44988    0.45248
 kpt#  40, nband= 50, wtk=  0.00926, kpt=  0.1667  0.5000  0.1667 (reduced coord)
  -1.94315   -1.94294   -1.94251   -1.94219   -0.80302   -0.80280   -0.80025   -0.79994
  -0.79732   -0.79702   -0.79191   -0.79168   -0.79040   -0.79014   -0.78954   -0.78930
  -0.36194   -0.36144   -0.34007   -0.33931   -0.32349   -0.32302   -0.31233   -0.31170
   0.09207    0.09327    0.11051    0.11164    0.12365    0.12505    0.13644    0.13784
   0.15097    0.15211    0.16779    0.17046    0.18800    0.18849    0.20424    0.20496
   0.21917    0.22061    0.23245    0.23378    0.25467    0.25549    0.26657    0.26723
   0.44764    0.44887
 kpt#  41, nband= 50, wtk=  0.00926, kpt=  0.3333  0.5000  0.1667 (reduced coord)
  -1.94313   -1.94292   -1.94253   -1.94221   -0.80381   -0.80358   -0.80157   -0.80141
  -0.79574   -0.79547   -0.79180   -0.79171   -0.79027   -0.79009   -0.78901   -0.78885
  -0.35964   -0.35914   -0.34236   -0.34142   -0.32427   -0.32373   -0.31202   -0.31120
   0.09631    0.09715    0.11175    0.11273    0.12479    0.12598    0.13615    0.13759
   0.15536    0.15672    0.16808    0.17026    0.19259    0.19344    0.20172    0.20273
   0.21646    0.21711    0.23094    0.23183    0.24661    0.24733    0.26477    0.26580
   0.44382    0.44469
 kpt#  42, nband= 50, wtk=  0.00926, kpt=  0.5000  0.5000  0.1667 (reduced coord)
  -1.94312   -1.94292   -1.94254   -1.94222   -0.80384   -0.80350   -0.80268   -0.80242
  -0.79440   -0.79412   -0.79273   -0.79256   -0.78980   -0.78963   -0.78887   -0.78875
  -0.35790   -0.35746   -0.34435   -0.34379   -0.32363   -0.32313   -0.31246   -0.31134
   0.09885    0.09952    0.11328    0.11409    0.12424    0.12571    0.13398    0.13484
   0.15780    0.16011    0.17073    0.17225    0.19371    0.19606    0.20333    0.20553
   0.21370    0.21484    0.22478    0.22525    0.24439    0.24515    0.26399    0.26573
   0.44309    0.44506
 kpt#  43, nband= 50, wtk=  0.00926, kpt= -0.3333  0.5000  0.1667 (reduced coord)
  -1.94313   -1.94292   -1.94253   -1.94221   -0.80389   -0.80356   -0.80157   -0.80136
  -0.79567   -0.79549   -0.79184   -0.79169   -0.79028   -0.79012   -0.78900   -0.78885
  -0.35962   -0.35917   -0.34208   -0.34173   -0.32425   -0.32368   -0.31221   -0.31106
   0.09611    0.09735    0.11187    0.11260    0.12508    0.12568    0.13632    0.13737
   0.15588    0.15623    0.16869    0.16967    0.19229    0.19375    0.20163    0.20288
   0.21620    0.21743    0.23072    0.23195    0.24655    0.24740    0.26460    0.26601
   0.44314    0.44525
 kpt#  44, nband= 50, wtk=  0.00926, kpt= -0.1667  0.5000  0.1667 (reduced coord)
  -1.94315   -1.94294   -1.94251   -1.94219   -0.80310   -0.80279   -0.80021   -0.79995
  -0.79721   -0.79706   -0.79188   -0.79173   -0.79047   -0.79008   -0.78958   -0.78927
  -0.36188   -0.36149   -0.33992   -0.33948   -0.32356   -0.32287   -0.31257   -0.31151
   0.09183    0.09353    0.11064    0.11149    0.12355    0.12517    0.13615    0.13808
   0.15105    0.15195    0.16850    0.16984    0.18759    0.18887    0.20386    0.20548
   0.21900    0.22076    0.23242    0.23377    0.25488    0.25520    0.26648    0.26739
   0.44701    0.44947
 kpt#  45, nband= 50, wtk=  0.00926, kpt=  0.0000 -0.3333  0.1667 (reduced coord)
  -1.94324   -1.94289   -1.94251   -1.94216   -0.80355   -0.80328   -0.80189   -0.79954
  -0.79569   -0.79451   -0.79314   -0.79210   -0.79100   -0.79065   -0.78901   -0.78860
  -0.37832   -0.34777   -0.34186   -0.33685   -0.32469   -0.31691   -0.31592   -0.31029
   0.08203    0.08954    0.10287    0.10586    0.11698    0.12481    0.13742    0.13892
   0.14706    0.16054    0.16704    0.18098    0.19347    0.19481    0.20957    0.21047
   0.21345    0.22244    0.22851    0.24151    0.25141    0.26168    0.26780    0.26889
   0.44924    0.46412
 kpt#  46, nband= 50, wtk=  0.00926, kpt=  0.1667 -0.3333  0.1667 (reduced coord)
  -1.94323   -1.94288   -1.94252   -1.94217   -0.80401   -0.80319   -0.80203   -0.79877
  -0.79609   -0.79534   -0.79294   -0.79167   -0.79127   -0.79035   -0.78897   -0.78845
  -0.37589   -0.34847   -0.34153   -0.33683   -0.32488   -0.32080   -0.31473   -0.30980
   0.08266    0.09374    0.10497    0.10816    0.11567    0.12514    0.13772    0.14139
   0.14532    0.15958    0.16747    0.18269    0.18746    0.19950    0.20178    0.20994
   0.21821    0.22669    0.22939    0.23735    0.24932    0.25494    0.26665    0.26942
   0.44770    0.46015
 kpt#  47, nband= 50, wtk=  0.00926, kpt=  0.3333 -0.3333  0.1667 (reduced coord)
  -1.94319   -1.94287   -1.94255   -1.94218   -0.80425   -0.80318   -0.80231   -0.79918
  -0.79686   -0.79441   -0.79332   -0.79136   -0.79051   -0.78996   -0.78961   -0.78830
  -0.36986   -0.34880   -0.34234   -0.33965   -0.32592   -0.32260   -0.31444   -0.30988
   0.08593    0.10102    0.10766    0.11153    0.11806    0.12504    0.13584    0.14139
   0.14765    0.15725    0.16795    0.18427    0.18943    0.19669    0.20314    0.20598
   0.21752    0.22415    0.23126    0.23560    0.24084    0.24893    0.26434    0.26891
   0.44431    0.45521
 kpt#  48, nband= 50, wtk=  0.00926, kpt=  0.5000 -0.3333  0.1667 (reduced coord)
  -1.94318   -1.94287   -1.94257   -1.94219   -0.80430   -0.80306   -0.80186   -0.80102
  -0.79591   -0.79474   -0.79260   -0.79167   -0.79030   -0.78973   -0.78923   -0.78891
  -0.36559   -0.34843   -0.34397   -0.34288   -0.32655   -0.32144   -0.31466   -0.31024
   0.08969    0.10170    0.10769    0.11561    0.11699    0.12740    0.13210    0.14540
   0.14772    0.16243    0.16484    0.17979    0.18791    0.19815    0.20316    0.21220
   0.21407    0.22338    0.22479    0.23358    0.23998    0.24764    0.26384    0.26800
   0.44353    0.45247
 kpt#  49, nband= 50, wtk=  0.00926, kpt= -0.3333 -0.3333  0.1667 (reduced coord)
  -1.94319   -1.94288   -1.94255   -1.94218   -0.80444   -0.80312   -0.80220   -0.79918
  -0.79682   -0.79456   -0.79311   -0.79134   -0.79055   -0.79008   -0.78948   -0.78834
  -0.36997   -0.34864   -0.34238   -0.33979   -0.32595   -0.32256   -0.31452   -0.30967
   0.08590    0.10090    0.10791    0.11098    0.11750    0.12507    0.13664    0.14186
   0.14832    0.15746    0.16785    0.18403    0.18869    0.19620    0.20259    0.20604
   0.21764    0.22454    0.23127    0.23606    0.24081    0.24897    0.26438    0.26881
   0.44262    0.45514
 kpt#  50, nband= 50, wtk=  0.00926, kpt= -0.1667 -0.3333  0.1667 (reduced coord)
  -1.94323   -1.94288   -1.94252   -1.94217   -0.80419   -0.80316   -0.80193   -0.79872
  -0.79603   -0.79550   -0.79276   -0.79178   -0.79112   -0.79046   -0.78892   -0.78850
  -0.37597   -0.34831   -0.34163   -0.33695   -0.32483   -0.32092   -0.31472   -0.30959
   0.08264    0.09364    0.10505    0.10794    0.11491    0.12555    0.13860    0.14159
   0.14594    0.15937    0.16717    0.18264    0.18731    0.19862    0.20121    0.21085
   0.21835    0.22664    0.22914    0.23753    0.24970    0.25489    0.26667    0.26928
   0.44636    0.46025
 kpt#  51, nband= 50, wtk=  0.00926, kpt=  0.0000 -0.1667  0.1667 (reduced coord)
  -1.94335   -1.94282   -1.94250   -1.94212   -0.80548   -0.80464   -0.80421   -0.79730
  -0.79394   -0.79374   -0.79286   -0.79235   -0.79168   -0.79000   -0.78827   -0.78781
  -0.38988   -0.34336   -0.34155   -0.33585   -0.32162   -0.31724   -0.31324   -0.30894
   0.07582    0.08082    0.08172    0.10234    0.11131    0.11978    0.14597    0.14709
   0.15648    0.15911    0.17262    0.18813    0.19314    0.20202    0.21019    0.21955
   0.22056    0.22815    0.23308    0.24310    0.24372    0.26230    0.26831    0.27139
   0.45521    0.46639
 kpt#  52, nband= 50, wtk=  0.00926, kpt=  0.1667 -0.1667  0.1667 (reduced coord)
  -1.94333   -1.94282   -1.94252   -1.94213   -0.80520   -0.80409   -0.80363   -0.79720
  -0.79495   -0.79359   -0.79319   -0.79216   -0.79167   -0.79075   -0.78823   -0.78789
  -0.38634   -0.34391   -0.34049   -0.33511   -0.32232   -0.32050   -0.31408   -0.30930
   0.07692    0.08347    0.08736    0.10329    0.10971    0.12617    0.14244    0.14759
   0.15294    0.15730    0.17200    0.18030    0.19472    0.20253    0.21154    0.21656
   0.22426    0.22864    0.23637    0.24031    0.24577    0.25149    0.26830    0.27227
   0.45551    0.46742
 kpt#  53, nband= 50, wtk=  0.00926, kpt=  0.3333 -0.1667  0.1667 (reduced coord)
  -1.94328   -1.94282   -1.94257   -1.94214   -0.80433   -0.80310   -0.80202   -0.79737
  -0.79659   -0.79544   -0.79300   -0.79182   -0.79134   -0.79076   -0.78891   -0.78844
  -0.37741   -0.34351   -0.33995   -0.33655   -0.32881   -0.32087   -0.31523   -0.31043
   0.07952    0.08796    0.10196    0.10963    0.11157    0.12331    0.13716    0.14216
   0.15252    0.15822    0.16563    0.17975    0.19385    0.20235    0.20568    0.21418
   0.22328    0.22885    0.23495    0.24076    0.24357    0.25003    0.26519    0.27256
   0.45197    0.46144
 kpt#  54, nband= 50, wtk=  0.00926, kpt=  0.5000 -0.1667  0.1667 (reduced coord)
  -1.94325   -1.94281   -1.94260   -1.94214   -0.80357   -0.80287   -0.79989   -0.79893
  -0.79717   -0.79683   -0.79242   -0.79179   -0.79091   -0.79008   -0.78955   -0.78937
  -0.37082   -0.34300   -0.34185   -0.34041   -0.32976   -0.32011   -0.31604   -0.31111
   0.08499    0.08690    0.10839    0.11154    0.11231    0.12949    0.13308    0.13598
   0.15194    0.16180    0.16661    0.17461    0.18590    0.19406    0.21128    0.21887
   0.22326    0.22809    0.23347    0.23594    0.24353    0.25284    0.26405    0.27198
   0.44977    0.45539
 kpt#  55, nband= 50, wtk=  0.00926, kpt= -0.3333 -0.1667  0.1667 (reduced coord)
  -1.94328   -1.94282   -1.94257   -1.94214   -0.80450   -0.80298   -0.80201   -0.79746
  -0.79646   -0.79543   -0.79297   -0.79180   -0.79134   -0.79078   -0.78890   -0.78847
  -0.37748   -0.34332   -0.34006   -0.33664   -0.32892   -0.32088   -0.31527   -0.31019
   0.07991    0.08747    0.10160    0.10926    0.11134    0.12419    0.13733    0.14264
   0.15291    0.15805    0.16566    0.17939    0.19372    0.20219    0.20553    0.21384
   0.22326    0.22968    0.23468    0.23998    0.24363    0.25061    0.26535    0.27244
   0.45019    0.46105
 kpt#  56, nband= 50, wtk=  0.00926, kpt= -0.1667 -0.1667  0.1667 (reduced coord)
  -1.94333   -1.94282   -1.94252   -1.94213   -0.80533   -0.80402   -0.80362   -0.79714
  -0.79501   -0.79361   -0.79309   -0.79211   -0.79169   -0.79078   -0.78823   -0.78791
  -0.38640   -0.34372   -0.34058   -0.33530   -0.32223   -0.32070   -0.31406   -0.30906
   0.07727    0.08344    0.08683    0.10284    0.10967    0.12667    0.14313    0.14767
   0.15310    0.15737    0.17166    0.17997    0.19486    0.20268    0.21139    0.21622
   0.22479    0.22832    0.23527    0.24020    0.24655    0.25187    0.26839    0.27211
   0.45402    0.46726
 kpt#  57, nband= 50, wtk=  0.00926, kpt=  0.0000  0.0000  0.3333 (reduced coord)
  -1.94330   -1.94288   -1.94251   -1.94212   -0.80403   -0.80305   -0.80241   -0.79798
  -0.79608   -0.79440   -0.79353   -0.79232   -0.79100   -0.79073   -0.78877   -0.78851
  -0.38158   -0.34895   -0.33729   -0.33421   -0.32398   -0.31872   -0.31622   -0.31221
   0.08232    0.08355    0.09585    0.11057    0.11641    0.12514    0.12830    0.13972
   0.14084    0.17282    0.18197    0.18390    0.19195    0.19726    0.19861    0.21384
   0.21607    0.23213    0.23964    0.24647    0.24898    0.25616    0.26097    0.26124
   0.46390    0.46760
 kpt#  58, nband= 50, wtk=  0.00926, kpt=  0.1667  0.0000  0.3333 (reduced coord)
  -1.94328   -1.94287   -1.94253   -1.94213   -0.80388   -0.80289   -0.80201   -0.79780
  -0.79703   -0.79475   -0.79315   -0.79224   -0.79138   -0.79052   -0.78893   -0.78840
  -0.37882   -0.34921   -0.33711   -0.33386   -0.32523   -0.31921   -0.31782   -0.31212
   0.08073    0.09114    0.09716    0.10593    0.11768    0.12433    0.13655    0.14008
   0.14543    0.16820    0.17593    0.18409    0.18623    0.19925    0.20338    0.20905
   0.21851    0.22705    0.23589    0.24808    0.25063    0.25333    0.25981    0.26183
   0.46125    0.46505
 kpt#  59, nband= 50, wtk=  0.00926, kpt=  0.3333  0.0000  0.3333 (reduced coord)
  -1.94325   -1.94284   -1.94257   -1.94214   -0.80351   -0.80257   -0.80078   -0.79875
  -0.79726   -0.79646   -0.79261   -0.79181   -0.79137   -0.79004   -0.78982   -0.78835
  -0.37198   -0.34979   -0.33706   -0.33461   -0.32944   -0.32027   -0.31759   -0.31305
   0.08264    0.09594    0.10040    0.11342    0.11733    0.12383    0.13926    0.14262
   0.15562    0.16128    0.17278    0.17682    0.18573    0.19316    0.19827    0.21150
   0.21638    0.22410    0.23566    0.24493    0.24788    0.25155    0.25665    0.26533
   0.45323    0.45816
 kpt#  60, nband= 50, wtk=  0.00926, kpt=  0.5000  0.0000  0.3333 (reduced coord)
  -1.94323   -1.94283   -1.94260   -1.94214   -0.80327   -0.80232   -0.79966   -0.79905
  -0.79861   -0.79677   -0.79260   -0.79140   -0.79095   -0.79069   -0.78943   -0.78874
  -0.36723   -0.35025   -0.33886   -0.33651   -0.32961   -0.32053   -0.31725   -0.31377
   0.08578    0.09340    0.10351    0.11642    0.11981    0.12686    0.13880    0.14216
   0.16265    0.16686    0.16969    0.17028    0.17705    0.18053    0.20713    0.20961
   0.21965    0.22305    0.23895    0.24263    0.24438    0.24605    0.25752    0.26661
   0.44988    0.45371
 kpt#  61, nband= 50, wtk=  0.00926, kpt= -0.3333  0.0000  0.3333 (reduced coord)
  -1.94325   -1.94284   -1.94257   -1.94214   -0.80354   -0.80259   -0.80077   -0.79870
  -0.79722   -0.79646   -0.79262   -0.79185   -0.79131   -0.79007   -0.78983   -0.78837
  -0.37200   -0.34978   -0.33710   -0.33457   -0.32940   -0.32033   -0.31758   -0.31305
   0.08265    0.09588    0.10041    0.11340    0.11731    0.12395    0.13917    0.14269
   0.15566    0.16124    0.17286    0.17679    0.18555    0.19324    0.19824    0.21153
   0.21643    0.22418    0.23561    0.24523    0.24753    0.25150    0.25664    0.26541
   0.45303    0.45819
 kpt#  62, nband= 50, wtk=  0.00926, kpt= -0.1667  0.0000  0.3333 (reduced coord)
  -1.94328   -1.94287   -1.94253   -1.94213   -0.80391   -0.80291   -0.80200   -0.79776
  -0.79702   -0.79475   -0.79313   -0.79224   -0.79137   -0.79055   -0.78892   -0.78842
  -0.37883   -0.34920   -0.33718   -0.33377   -0.32521   -0.31928   -0.31780   -0.31212
   0.08075    0.09109    0.09721    0.10588    0.11756    0.12447    0.13639    0.14031
   0.14538    0.16829    0.17586    0.18410    0.18621    0.19922    0.20335    0.20914
   0.21840    0.22712    0.23595    0.24838    0.25006    0.25338    0.25987    0.26192
   0.46088    0.46505
 kpt#  63, nband= 50, wtk=  0.00926, kpt=  0.0000  0.1667  0.3333 (reduced coord)
  -1.94327   -1.94288   -1.94252   -1.94214   -0.80371   -0.80247   -0.80234   -0.79906
  -0.79566   -0.79492   -0.79267   -0.79258   -0.79143   -0.79088   -0.78909   -0.78818
  -0.37836   -0.34841   -0.33854   -0.33577   -0.32276   -0.32096   -0.31646   -0.31229
   0.08659    0.08921    0.09857    0.11096    0.11659    0.12746    0.12914    0.13927
   0.14301    0.16530    0.17779    0.18469    0.18936    0.19689    0.20266    0.21392
   0.21960    0.22382    0.23420    0.24304    0.24705    0.25453    0.25864    0.26180
   0.46028    0.46918
 kpt#  64, nband= 50, wtk=  0.00926, kpt=  0.1667  0.1667  0.3333 (reduced coord)
  -1.94325   -1.94287   -1.94253   -1.94215   -0.80416   -0.80292   -0.80211   -0.79816
  -0.79644   -0.79537   -0.79269   -0.79219   -0.79120   -0.79073   -0.78870   -0.78841
  -0.37612   -0.34920   -0.33927   -0.33637   -0.32335   -0.32009   -0.31806   -0.31120
   0.08539    0.09571    0.09966    0.10736    0.11822    0.12577    0.13598    0.14283
   0.14497    0.16032    0.17333    0.18021    0.19141    0.20127    0.20627    0.21090
   0.21513    0.22409    0.23403    0.24130    0.24468    0.25055    0.25914    0.26310
   0.45525    0.46924
 kpt#  65, nband= 50, wtk=  0.00926, kpt=  0.3333  0.1667  0.3333 (reduced coord)
  -1.94322   -1.94285   -1.94257   -1.94216   -0.80442   -0.80349   -0.80193   -0.79900
  -0.79656   -0.79540   -0.79202   -0.79162   -0.79086   -0.79031   -0.78910   -0.78849
  -0.37049   -0.35057   -0.34135   -0.33931   -0.32482   -0.31895   -0.31701   -0.31136
   0.08703    0.09872    0.10427    0.11248    0.11764    0.12665    0.14078    0.14236
   0.15305    0.15766    0.16700    0.17883    0.18926    0.19712    0.19893    0.21441
   0.21924    0.22364    0.22936    0.23736    0.24274    0.25064    0.25356    0.26514
   0.44771    0.45804
 kpt#  66, nband= 50, wtk=  0.00926, kpt=  0.5000  0.1667  0.3333 (reduced coord)
  -1.94321   -1.94284   -1.94259   -1.94216   -0.80420   -0.80391   -0.80138   -0.80062
  -0.79636   -0.79506   -0.79155   -0.79112   -0.79059   -0.79015   -0.78950   -0.78882
  -0.36650   -0.35132   -0.34355   -0.34138   -0.32488   -0.31796   -0.31615   -0.31222
   0.09140    0.09418    0.10678    0.11650    0.12007    0.12731    0.14012    0.14586
   0.15418    0.16175    0.16257    0.17452    0.18400    0.18998    0.20784    0.21128
   0.21982    0.22422    0.23318    0.23431    0.23898    0.24827    0.25367    0.26544
   0.44559    0.45094
 kpt#  67, nband= 50, wtk=  0.00926, kpt= -0.3333  0.1667  0.3333 (reduced coord)
  -1.94322   -1.94285   -1.94257   -1.94215   -0.80428   -0.80355   -0.80208   -0.79888
  -0.79655   -0.79546   -0.79199   -0.79161   -0.79085   -0.79036   -0.78910   -0.78851
  -0.37046   -0.35049   -0.34161   -0.33904   -0.32473   -0.31870   -0.31713   -0.31170
   0.08693    0.09857    0.10460    0.11288    0.11785    0.12649    0.14040    0.14164
   0.15299    0.15792    0.16654    0.17978    0.18938    0.19675    0.19910    0.21408
   0.21946    0.22334    0.22917    0.23868    0.24221    0.25069    0.25312    0.26531
   0.44889    0.45723
 kpt#  68, nband= 50, wtk=  0.00926, kpt= -0.1667  0.1667  0.3333 (reduced coord)
  -1.94325   -1.94287   -1.94253   -1.94215   -0.80403   -0.80287   -0.80232   -0.79806
  -0.79644   -0.79542   -0.79263   -0.79221   -0.79123   -0.79075   -0.78867   -0.78845
  -0.37609   -0.34918   -0.33954   -0.33596   -0.32327   -0.32000   -0.31812   -0.31150
   0.08531    0.09589    0.09952    0.10785    0.11818    0.12559    0.13538    0.14284
   0.14505    0.16038    0.17341    0.18063    0.19120    0.20076    0.20547    0.21101
   0.21614    0.22407    0.23436    0.24192    0.24415    0.25034    0.25911    0.26309
   0.45649    0.46814
 kpt#  69, nband= 50, wtk=  0.00926, kpt=  0.0000  0.3333  0.3333 (reduced coord)
  -1.94319   -1.94290   -1.94253   -1.94219   -0.80271   -0.80235   -0.80076   -0.80064
  -0.79674   -0.79462   -0.79416   -0.79182   -0.79092   -0.79066   -0.78961   -0.78835
  -0.36938   -0.34643   -0.34479   -0.33921   -0.32293   -0.31991   -0.31815   -0.31357
   0.09546    0.10527    0.10570    0.11403    0.11705    0.12682    0.13392    0.13497
   0.14907    0.15928    0.16930    0.17562    0.18758    0.19992    0.20068    0.21018
   0.21401    0.22169    0.22273    0.23138    0.24851    0.25329    0.25821    0.26039
   0.45591    0.46783
 kpt#  70, nband= 50, wtk=  0.00926, kpt=  0.1667  0.3333  0.3333 (reduced coord)
  -1.94318   -1.94289   -1.94254   -1.94219   -0.80406   -0.80315   -0.80238   -0.79956
  -0.79640   -0.79444   -0.79306   -0.79137   -0.79065   -0.79040   -0.78926   -0.78849
  -0.36849   -0.34864   -0.34588   -0.34092   -0.32118   -0.32056   -0.31721   -0.31140
   0.09540    0.10368    0.10966    0.11434    0.11899    0.12610    0.13473    0.14047
   0.14895    0.15566    0.16580    0.17987    0.18829    0.20038    0.20308    0.21109
   0.21284    0.22069    0.22317    0.22869    0.24511    0.24951    0.25758    0.26191
   0.45009    0.46355
 kpt#  71, nband= 50, wtk=  0.00926, kpt=  0.3333  0.3333  0.3333 (reduced coord)
  -1.94316   -1.94289   -1.94255   -1.94220   -0.80525   -0.80450   -0.80368   -0.80167
  -0.79424   -0.79322   -0.79173   -0.79092   -0.79023   -0.78994   -0.78887   -0.78875
  -0.36591   -0.35146   -0.34898   -0.34561   -0.32026   -0.31720   -0.31473   -0.30999
   0.09597    0.10669    0.11301    0.11618    0.11912    0.12540    0.13413    0.14475
   0.14886    0.16078    0.16754    0.17976    0.18770    0.19596    0.20465    0.20887
   0.21520    0.21995    0.22171    0.22956    0.23819    0.24832    0.25293    0.26157
   0.44201    0.45776
 kpt#  72, nband= 50, wtk=  0.00926, kpt=  0.5000  0.3333  0.3333 (reduced coord)
  -1.94315   -1.94288   -1.94256   -1.94220   -0.80544   -0.80518   -0.80381   -0.80323
  -0.79316   -0.79290   -0.79092   -0.79065   -0.78984   -0.78968   -0.78907   -0.78902
  -0.36382   -0.35267   -0.35038   -0.34895   -0.31920   -0.31496   -0.31389   -0.31022
   0.09844    0.10533    0.11425    0.11738    0.11934    0.12698    0.13276    0.14353
   0.15239    0.16292    0.16958    0.17748    0.19001    0.19515    0.20116    0.20964
   0.21564    0.21835    0.22205    0.22973    0.23375    0.24968    0.25012    0.26137
   0.44057    0.44756
 kpt#  73, nband= 50, wtk=  0.00926, kpt= -0.3333  0.3333  0.3333 (reduced coord)
  -1.94316   -1.94289   -1.94255   -1.94220   -0.80508   -0.80455   -0.80385   -0.80162
  -0.79419   -0.79311   -0.79186   -0.79096   -0.79023   -0.78996   -0.78893   -0.78867
  -0.36587   -0.35152   -0.34881   -0.34566   -0.32022   -0.31704   -0.31468   -0.31033
   0.09595    0.10662    0.11334    0.11618    0.11916    0.12579    0.13340    0.14483
   0.14876    0.16019    0.16765    0.17974    0.18842    0.19546    0.20507    0.20877
   0.21512    0.22022    0.22177    0.22964    0.23788    0.24843    0.25277    0.26165
   0.44307    0.45633
 kpt#  74, nband= 50, wtk=  0.00926, kpt= -0.1667  0.3333  0.3333 (reduced coord)
  -1.94318   -1.94289   -1.94254   -1.94219   -0.80387   -0.80311   -0.80268   -0.79946
  -0.79643   -0.79416   -0.79329   -0.79134   -0.79082   -0.79039   -0.78918   -0.78849
  -0.36845   -0.34883   -0.34563   -0.34090   -0.32112   -0.32041   -0.31728   -0.31166
   0.09539    0.10398    0.10962    0.11444    0.11877    0.12639    0.13404    0.14050
   0.14883    0.15568    0.16605    0.18002    0.18838    0.19955    0.20282    0.21085
   0.21388    0.22104    0.22309    0.22901    0.24448    0.24971    0.25782    0.26169
   0.45108    0.46361
 kpt#  75, nband= 50, wtk=  0.00926, kpt=  0.0000  0.5000  0.3333 (reduced coord)
  -1.94313   -1.94292   -1.94253   -1.94221   -0.80197   -0.80188   -0.80095   -0.80076
  -0.79665   -0.79636   -0.79322   -0.79284   -0.79019   -0.79000   -0.78943   -0.78930
  -0.35703   -0.35661   -0.34317   -0.34289   -0.32139   -0.32074   -0.31690   -0.31611
   0.10653    0.10820    0.11497    0.11556    0.11626    0.11701    0.14331    0.14656
   0.14837    0.14967    0.16532    0.16652    0.18781    0.18881    0.20363    0.20537
   0.21350    0.21553    0.22563    0.22717    0.25350    0.25450    0.25560    0.25633
   0.45599    0.45904
 kpt#  76, nband= 50, wtk=  0.00926, kpt=  0.1667  0.5000  0.3333 (reduced coord)
  -1.94313   -1.94292   -1.94254   -1.94221   -0.80362   -0.80344   -0.80173   -0.80151
  -0.79544   -0.79511   -0.79199   -0.79176   -0.79002   -0.78988   -0.78955   -0.78926
  -0.35789   -0.35741   -0.34529   -0.34455   -0.32089   -0.32061   -0.31412   -0.31387
   0.10599    0.10721    0.11174    0.11319    0.12258    0.12399    0.14379    0.14525
   0.14821    0.14946    0.16598    0.16752    0.19110    0.19186    0.20365    0.20528
   0.21233    0.21333    0.22592    0.22658    0.24832    0.24917    0.25788    0.25830
   0.45172    0.45349
 kpt#  77, nband= 50, wtk=  0.00926, kpt=  0.3333  0.5000  0.3333 (reduced coord)
  -1.94312   -1.94291   -1.94254   -1.94222   -0.80516   -0.80501   -0.80383   -0.80365
  -0.79310   -0.79280   -0.79073   -0.79056   -0.79008   -0.78975   -0.78925   -0.78899
  -0.35868   -0.35835   -0.34990   -0.34893   -0.31799   -0.31774   -0.31152   -0.31125
   0.10673    0.10742    0.11356    0.11456    0.12395    0.12558    0.13650    0.13785
   0.15880    0.16007    0.17083    0.17226    0.18983    0.19073    0.20205    0.20354
   0.21179    0.21250    0.22470    0.22558    0.24521    0.24578    0.25545    0.25596
   0.44509    0.44608
 kpt#  78, nband= 50, wtk=  0.00926, kpt=  0.5000  0.5000  0.3333 (reduced coord)
  -1.94312   -1.94291   -1.94255   -1.94222   -0.80552   -0.80529   -0.80500   -0.80481
  -0.79187   -0.79157   -0.79086   -0.79060   -0.78980   -0.78961   -0.78895   -0.78882
  -0.35854   -0.35820   -0.35238   -0.35179   -0.31606   -0.31559   -0.31117   -0.31044
   0.10788    0.10842    0.11603    0.11644    0.12319    0.12517    0.13200    0.13306
   0.16631    0.16876    0.17115    0.17379    0.19215    0.19473    0.19586    0.19692
   0.21303    0.21410    0.22277    0.22414    0.24306    0.24421    0.25501    0.25590
   0.44313    0.44486
 kpt#  79, nband= 50, wtk=  0.00926, kpt= -0.3333  0.5000  0.3333 (reduced coord)
  -1.94312   -1.94291   -1.94254   -1.94222   -0.80525   -0.80498   -0.80381   -0.80362
  -0.79306   -0.79276   -0.79074   -0.79060   -0.79014   -0.78978   -0.78917   -0.78902
  -0.35883   -0.35821   -0.34947   -0.34937   -0.31796   -0.31768   -0.31179   -0.31104
   0.10666    0.10749    0.11372    0.11438    0.12374    0.12579    0.13638    0.13796
   0.15825    0.16067    0.17121    0.17194    0.18935    0.19118    0.20205    0.20342
   0.21149    0.21291    0.22419    0.22603    0.24524    0.24570    0.25557    0.25591
   0.44469    0.44644
 kpt#  80, nband= 50, wtk=  0.00926, kpt= -0.1667  0.5000  0.3333 (reduced coord)
  -1.94313   -1.94292   -1.94254   -1.94221   -0.80369   -0.80344   -0.80171   -0.80149
  -0.79539   -0.79507   -0.79205   -0.79176   -0.79020   -0.78973   -0.78950   -0.78930
  -0.35787   -0.35744   -0.34513   -0.34472   -0.32100   -0.32041   -0.31439   -0.31368
   0.10589    0.10731    0.11229    0.11263    0.12237    0.12424    0.14395    0.14481
   0.14786    0.15001    0.16635    0.16724    0.19091    0.19203    0.20358    0.20535
   0.21200    0.21375    0.22539    0.22706    0.24818    0.24922    0.25784    0.25841
   0.45124    0.45399
 kpt#  81, nband= 50, wtk=  0.00926, kpt=  0.0000 -0.3333  0.3333 (reduced coord)
  -1.94319   -1.94290   -1.94253   -1.94219   -0.80285   -0.80238   -0.80065   -0.80044
  -0.79674   -0.79458   -0.79425   -0.79204   -0.79087   -0.79066   -0.78944   -0.78848
  -0.36920   -0.34631   -0.34481   -0.33874   -0.32311   -0.32022   -0.31814   -0.31394
   0.09680    0.10500    0.10584    0.11475    0.11672    0.12612    0.13396    0.13654
   0.14679    0.15778    0.17206    0.17344    0.18904    0.20000    0.20060    0.20860
   0.21465    0.22193    0.22283    0.23123    0.24822    0.25412    0.25814    0.25977
   0.45371    0.47011
 kpt#  82, nband= 50, wtk=  0.00926, kpt=  0.1667 -0.3333  0.3333 (reduced coord)
  -1.94318   -1.94289   -1.94254   -1.94219   -0.80404   -0.80297   -0.80254   -0.79944
  -0.79647   -0.79427   -0.79331   -0.79134   -0.79082   -0.79035   -0.78908   -0.78862
  -0.36830   -0.34847   -0.34575   -0.34060   -0.32135   -0.32027   -0.31791   -0.31173
   0.09582    0.10425    0.11026    0.11488    0.11872    0.12527    0.13443    0.14215
   0.14743    0.15535    0.16515    0.18095    0.18780    0.20005    0.20267    0.20964
   0.21363    0.22009    0.22367    0.22985    0.24446    0.25013    0.25792    0.26127
   0.44955    0.46516
 kpt#  83, nband= 50, wtk=  0.00926, kpt=  0.3333 -0.3333  0.3333 (reduced coord)
  -1.94316   -1.94289   -1.94255   -1.94220   -0.80524   -0.80440   -0.80371   -0.80165
  -0.79423   -0.79322   -0.79183   -0.79078   -0.79044   -0.78986   -0.78900   -0.78865
  -0.36583   -0.35111   -0.34874   -0.34552   -0.32019   -0.31745   -0.31542   -0.30998
   0.09579    0.10755    0.11347    0.11659    0.11962    0.12468    0.13358    0.14467
   0.14995    0.16034    0.16679    0.18048    0.18755    0.19510    0.20438    0.20892
   0.21407    0.21978    0.22238    0.23064    0.23728    0.24863    0.25281    0.26125
   0.44299    0.45791
 kpt#  84, nband= 50, wtk=  0.00926, kpt=  0.5000 -0.3333  0.3333 (reduced coord)
  -1.94315   -1.94288   -1.94256   -1.94220   -0.80563   -0.80505   -0.80359   -0.80333
  -0.79321   -0.79289   -0.79087   -0.79067   -0.78997   -0.78963   -0.78918   -0.78891
  -0.36388   -0.35223   -0.35022   -0.34882   -0.31916   -0.31566   -0.31465   -0.30958
   0.09835    0.10554    0.11513    0.11826    0.11934    0.12654    0.13162    0.14296
   0.15379    0.16529    0.16815    0.17628    0.19209    0.19353    0.20130    0.20868
   0.21443    0.21849    0.22211    0.23045    0.23371    0.24947    0.24991    0.26079
   0.44185    0.44815
 kpt#  85, nband= 50, wtk=  0.00926, kpt= -0.3333 -0.3333  0.3333 (reduced coord)
  -1.94316   -1.94289   -1.94255   -1.94220   -0.80545   -0.80437   -0.80356   -0.80165
  -0.79420   -0.79332   -0.79162   -0.79084   -0.79040   -0.78996   -0.78896   -0.78869
  -0.36589   -0.35104   -0.34883   -0.34557   -0.32014   -0.31751   -0.31556   -0.30970
   0.09580    0.10756    0.11318    0.11667    0.11941    0.12440    0.13431    0.14442
   0.15016    0.16092    0.16675    0.18056    0.18686    0.19571    0.20352    0.20944
   0.21407    0.21931    0.22237    0.23051    0.23764    0.24854    0.25300    0.26120
   0.44185    0.45845
 kpt#  86, nband= 50, wtk=  0.00926, kpt= -0.1667 -0.3333  0.3333 (reduced coord)
  -1.94318   -1.94289   -1.94254   -1.94219   -0.80427   -0.80302   -0.80225   -0.79949
  -0.79636   -0.79449   -0.79304   -0.79142   -0.79074   -0.79041   -0.78911   -0.78862
  -0.36836   -0.34827   -0.34601   -0.34064   -0.32138   -0.32031   -0.31792   -0.31149
   0.09583    0.10392    0.11031    0.11480    0.11893    0.12501    0.13508    0.14197
   0.14757    0.15543    0.16493    0.18086    0.18778    0.20084    0.20298    0.20984
   0.21261    0.21971    0.22371    0.22957    0.24500    0.24985    0.25783    0.26150
   0.44846    0.46544
 kpt#  87, nband= 50, wtk=  0.00926, kpt=  0.0000 -0.1667  0.3333 (reduced coord)
  -1.94327   -1.94288   -1.94252   -1.94214   -0.80390   -0.80247   -0.80207   -0.79898
  -0.79566   -0.79496   -0.79278   -0.79272   -0.79129   -0.79088   -0.78901   -0.78829
  -0.37826   -0.34825   -0.33833   -0.33525   -0.32318   -0.32155   -0.31618   -0.31266
   0.08741    0.08929    0.09873    0.11172    0.11615    0.12662    0.12953    0.13986
   0.14173    0.16511    0.18054    0.18277    0.18920    0.19704    0.20060    0.21339
   0.22062    0.22672    0.23242    0.24124    0.24801    0.25561    0.25900    0.26067
   0.45954    0.46864
 kpt#  88, nband= 50, wtk=  0.00926, kpt=  0.1667 -0.1667  0.3333 (reduced coord)
  -1.94325   -1.94287   -1.94253   -1.94215   -0.80418   -0.80265   -0.80226   -0.79800
  -0.79644   -0.79554   -0.79277   -0.79225   -0.79109   -0.79071   -0.78863   -0.78854
  -0.37600   -0.34893   -0.33928   -0.33566   -0.32354   -0.32071   -0.31804   -0.31161
   0.08544    0.09637    0.09975    0.10857    0.11814    0.12475    0.13599    0.14217
   0.14516    0.16096    0.17279    0.18030    0.19104    0.20101    0.20492    0.21091
   0.21662    0.22324    0.23365    0.24156    0.24543    0.25139    0.25922    0.26206
   0.45591    0.46807
 kpt#  89, nband= 50, wtk=  0.00926, kpt=  0.3333 -0.1667  0.3333 (reduced coord)
  -1.94322   -1.94285   -1.94257   -1.94216   -0.80437   -0.80346   -0.80194   -0.79888
  -0.79652   -0.79562   -0.79208   -0.79159   -0.79083   -0.79024   -0.78921   -0.78849
  -0.37041   -0.35015   -0.34124   -0.33891   -0.32493   -0.31930   -0.31761   -0.31141
   0.08677    0.09903    0.10512    0.11325    0.11798    0.12582    0.14065    0.14213
   0.15263    0.15898    0.16570    0.17908    0.18942    0.19560    0.20034    0.21452
   0.21884    0.22241    0.22901    0.23887    0.24212    0.25094    0.25343    0.26476
   0.44912    0.45812
 kpt#  90, nband= 50, wtk=  0.00926, kpt=  0.5000 -0.1667  0.3333 (reduced coord)
  -1.94321   -1.94284   -1.94259   -1.94216   -0.80418   -0.80399   -0.80114   -0.80068
  -0.79637   -0.79514   -0.79168   -0.79109   -0.79054   -0.79014   -0.78945   -0.78890
  -0.36653   -0.35089   -0.34327   -0.34112   -0.32510   -0.31878   -0.31673   -0.31163
   0.09154    0.09414    0.10744    0.11711    0.11941    0.12709    0.14067    0.14643
   0.15377    0.16072    0.16439    0.17292    0.18568    0.18850    0.20834    0.21134
   0.22002    0.22353    0.23300    0.23353    0.23890    0.24787    0.25407    0.26509
   0.44667    0.45138
 kpt#  91, nband= 50, wtk=  0.00926, kpt= -0.3333 -0.1667  0.3333 (reduced coord)
  -1.94322   -1.94285   -1.94257   -1.94216   -0.80456   -0.80341   -0.80181   -0.79893
  -0.79655   -0.79547   -0.79214   -0.79160   -0.79076   -0.79027   -0.78922   -0.78849
  -0.37046   -0.35021   -0.34088   -0.33930   -0.32493   -0.31958   -0.31749   -0.31112
   0.08689    0.09907    0.10478    0.11285    0.11772    0.12617    0.14095    0.14281
   0.15272    0.15882    0.16602    0.17823    0.18937    0.19583    0.20005    0.21496
   0.21870    0.22273    0.22922    0.23764    0.24243    0.25082    0.25390    0.26467
   0.44781    0.45879
 kpt#  92, nband= 50, wtk=  0.00926, kpt= -0.1667 -0.1667  0.3333 (reduced coord)
  -1.94325   -1.94287   -1.94253   -1.94215   -0.80435   -0.80273   -0.80205   -0.79806
  -0.79643   -0.79540   -0.79282   -0.79224   -0.79104   -0.79078   -0.78866   -0.78851
  -0.37604   -0.34895   -0.33905   -0.33601   -0.32354   -0.32083   -0.31802   -0.31133
   0.08553    0.09613    0.09991    0.10807    0.11798    0.12516    0.13657    0.14223
   0.14501    0.16097    0.17276    0.17982    0.19125    0.20155    0.20554    0.21089
   0.21567    0.22334    0.23338    0.24099    0.24567    0.25151    0.25940    0.26211
   0.45444    0.46919
 kpt#  93, nband= 50, wtk=  0.00463, kpt=  0.0000  0.0000  0.5000 (reduced coord)
  -1.94323   -1.94293   -1.94251   -1.94213   -0.80119   -0.80096   -0.80069   -0.80049
  -0.79712   -0.79684   -0.79344   -0.79320   -0.79008   -0.78996   -0.78969   -0.78957
  -0.36472   -0.36400   -0.33456   -0.33360   -0.32195   -0.32186   -0.31692   -0.31655
   0.09154    0.09209    0.10533    0.10558    0.12583    0.12705    0.12797    0.12977
   0.14851    0.14937    0.18102    0.18152    0.19161    0.19297    0.20833    0.21042
   0.21725    0.21865    0.24489    0.24530    0.24949    0.25013    0.25903    0.26011
   0.46650    0.46938
 kpt#  94, nband= 50, wtk=  0.00926, kpt=  0.1667  0.0000  0.5000 (reduced coord)
  -1.94323   -1.94291   -1.94253   -1.94214   -0.80194   -0.80188   -0.79977   -0.79966
  -0.79779   -0.79758   -0.79271   -0.79257   -0.79039   -0.79011   -0.78956   -0.78938
  -0.36360   -0.36288   -0.33488   -0.33397   -0.32347   -0.32339   -0.31622   -0.31589
   0.09051    0.09103    0.10773    0.10793    0.12536    0.12615    0.13378    0.13471
   0.15235    0.15268    0.17662    0.17710    0.18783    0.18895    0.20632    0.20784
   0.22105    0.22140    0.24156    0.24176    0.25044    0.25142    0.25726    0.25798
   0.46089    0.46236
 kpt#  95, nband= 50, wtk=  0.00926, kpt=  0.3333  0.0000  0.5000 (reduced coord)
  -1.94321   -1.94287   -1.94256   -1.94215   -0.80274   -0.80271   -0.79906   -0.79892
  -0.79849   -0.79828   -0.79192   -0.79160   -0.79093   -0.79085   -0.78907   -0.78888
  -0.36108   -0.36036   -0.33595   -0.33523   -0.32563   -0.32541   -0.31560   -0.31527
   0.09152    0.09221    0.10970    0.10997    0.12302    0.12405    0.14602    0.14668
   0.15978    0.16070    0.16926    0.17032    0.18354    0.18453    0.19880    0.19981
   0.22380    0.22430    0.23478    0.23519    0.24856    0.24975    0.25811    0.25854
   0.45291    0.45372
 kpt#  96, nband= 50, wtk=  0.00463, kpt=  0.5000  0.0000  0.5000 (reduced coord)
  -1.94321   -1.94285   -1.94259   -1.94216   -0.80304   -0.80302   -0.79954   -0.79938
  -0.79792   -0.79760   -0.79242   -0.79189   -0.79060   -0.79049   -0.78892   -0.78873
  -0.35965   -0.35892   -0.33680   -0.33620   -0.32643   -0.32608   -0.31548   -0.31513
   0.09377    0.09476    0.10877    0.10938    0.12110    0.12231    0.15416    0.15541
   0.16169    0.16230    0.16870    0.16983    0.18262    0.18405    0.19299    0.19318
   0.21810    0.21901    0.23638    0.23730    0.24737    0.24820    0.25803    0.25845
   0.44910    0.44980
 kpt#  97, nband= 50, wtk=  0.00926, kpt=  0.0000  0.1667  0.5000 (reduced coord)
  -1.94321   -1.94292   -1.94252   -1.94215   -0.80164   -0.80129   -0.80060   -0.80025
  -0.79719   -0.79701   -0.79290   -0.79275   -0.79074   -0.79057   -0.78929   -0.78912
  -0.36275   -0.36202   -0.33664   -0.33564   -0.32164   -0.32143   -0.31748   -0.31698
   0.09647    0.09722    0.10690    0.10729    0.12612    0.12707    0.13134    0.13177
   0.14721    0.14805    0.17771    0.17816    0.19458    0.19485    0.20171    0.20386
   0.22074    0.22092    0.23981    0.24041    0.24847    0.24890    0.25647    0.25734
   0.46487    0.46713
 kpt#  98, nband= 50, wtk=  0.00926, kpt=  0.1667  0.1667  0.5000 (reduced coord)
  -1.94320   -1.94291   -1.94253   -1.94216   -0.80306   -0.80264   -0.80008   -0.79970
  -0.79705   -0.79694   -0.79250   -0.79215   -0.79060   -0.79005   -0.78938   -0.78919
  -0.36219   -0.36157   -0.33778   -0.33712   -0.32339   -0.32117   -0.31691   -0.31442
   0.09479    0.09601    0.10897    0.11001    0.12385    0.12867    0.13508    0.13691
   0.14930    0.15297    0.16990    0.17503    0.19116    0.19398    0.20461    0.20647
   0.21929    0.22212    0.23775    0.23847    0.24341    0.24936    0.25284    0.26045
   0.45531    0.46826
 kpt#  99, nband= 50, wtk=  0.00926, kpt=  0.3333  0.1667  0.5000 (reduced coord)
  -1.94319   -1.94288   -1.94256   -1.94217   -0.80415   -0.80387   -0.80123   -0.80076
  -0.79586   -0.79573   -0.79177   -0.79109   -0.79054   -0.79020   -0.78911   -0.78894
  -0.36094   -0.36018   -0.34098   -0.34039   -0.32255   -0.32137   -0.31489   -0.31321
   0.09457    0.09869    0.10828    0.11401    0.12246    0.12590    0.14081    0.14904
   0.15627    0.15723    0.16589    0.17639    0.18545    0.18771    0.19843    0.20844
   0.22181    0.22295    0.22739    0.23784    0.23975    0.24616    0.25661    0.25699
   0.44779    0.45529
 kpt# 100, nband= 50, wtk=  0.00926, kpt=  0.5000  0.1667  0.5000 (reduced coord)
  -1.94319   -1.94286   -1.94258   -1.94217   -0.80445   -0.80425   -0.80182   -0.80159
  -0.79521   -0.79501   -0.79154   -0.79101   -0.79040   -0.79022   -0.78897   -0.78877
  -0.36006   -0.35929   -0.34288   -0.34225   -0.32146   -0.32098   -0.31412   -0.31346
   0.09828    0.09909    0.11042    0.11070    0.12204    0.12343    0.14584    0.14717
   0.16392    0.16453    0.16772    0.16888    0.18784    0.18862    0.19766    0.19876
   0.21928    0.22060    0.23164    0.23269    0.24141    0.24267    0.25691    0.25720
   0.44664    0.44763
 kpt# 101, nband= 50, wtk=  0.00926, kpt= -0.3333  0.1667  0.5000 (reduced coord)
  -1.94319   -1.94288   -1.94256   -1.94217   -0.80404   -0.80385   -0.80141   -0.80067
  -0.79593   -0.79577   -0.79151   -0.79115   -0.79054   -0.79037   -0.78911   -0.78892
  -0.36159   -0.35938   -0.34161   -0.33979   -0.32215   -0.32150   -0.31479   -0.31369
   0.09403    0.09933    0.10842    0.11440    0.12310    0.12482    0.14006    0.14904
   0.15633    0.15756    0.16563    0.17711    0.18530    0.18745    0.19899    0.20742
   0.22213    0.22321    0.22764    0.23741    0.24039    0.24536    0.25680    0.25723
   0.44885    0.45451
 kpt# 102, nband= 50, wtk=  0.00926, kpt= -0.1667  0.1667  0.5000 (reduced coord)
  -1.94320   -1.94291   -1.94253   -1.94216   -0.80289   -0.80264   -0.80027   -0.79966
  -0.79714   -0.79694   -0.79248   -0.79203   -0.79061   -0.79013   -0.78936   -0.78920
  -0.36285   -0.36079   -0.33858   -0.33629   -0.32321   -0.32107   -0.31689   -0.31489
   0.09435    0.09639    0.10930    0.11038    0.12356    0.12780    0.13508    0.13754
   0.14951    0.15231    0.17018    0.17523    0.19179    0.19268    0.20403    0.20647
   0.22018    0.22270    0.23752    0.23949    0.24264    0.24858    0.25340    0.26030
   0.45672    0.46670
 kpt# 103, nband= 50, wtk=  0.00926, kpt=  0.0000  0.3333  0.5000 (reduced coord)
  -1.94315   -1.94291   -1.94254   -1.94220   -0.80202   -0.80171   -0.80089   -0.80058
  -0.79662   -0.79647   -0.79305   -0.79289   -0.79077   -0.79058   -0.78908   -0.78890
  -0.35735   -0.35654   -0.34225   -0.34126   -0.32086   -0.32048   -0.31859   -0.31802
   0.10553    0.10614    0.11365    0.11431    0.12640    0.12702    0.13755    0.13770
   0.14648    0.14716    0.17191    0.17328    0.18094    0.18341    0.20622    0.20741
   0.22138    0.22263    0.22641    0.22854    0.24449    0.24513    0.25496    0.25510
   0.46295    0.46470
 kpt# 104, nband= 50, wtk=  0.00926, kpt=  0.1667  0.3333  0.5000 (reduced coord)
  -1.94315   -1.94290   -1.94255   -1.94220   -0.80387   -0.80325   -0.80183   -0.80121
  -0.79538   -0.79486   -0.79237   -0.79160   -0.79053   -0.79039   -0.78911   -0.78894
  -0.35844   -0.35727   -0.34464   -0.34374   -0.32012   -0.31954   -0.31699   -0.31431
   0.10371    0.10636    0.11406    0.11603    0.12289    0.13129    0.13771    0.13888
   0.14917    0.15197    0.16676    0.16818    0.18940    0.19166    0.20487    0.20876
   0.21766    0.21981    0.22289    0.22458    0.24243    0.24850    0.24917    0.26014
   0.45151    0.46882
 kpt# 105, nband= 50, wtk=  0.00926, kpt=  0.3333  0.3333  0.5000 (reduced coord)
  -1.94315   -1.94289   -1.94256   -1.94220   -0.80554   -0.80510   -0.80370   -0.80321
  -0.79298   -0.79277   -0.79113   -0.79061   -0.79012   -0.78978   -0.78906   -0.78888
  -0.35975   -0.35865   -0.34907   -0.34833   -0.31724   -0.31674   -0.31332   -0.31147
   0.10411    0.10664    0.11566    0.11954    0.12025    0.12985    0.13457    0.13706
   0.15789    0.16034    0.17007    0.17184    0.18858    0.19246    0.20446    0.20633
   0.21416    0.22029    0.22205    0.22289    0.23722    0.24591    0.25089    0.25626
   0.44269    0.45661
 kpt# 106, nband= 50, wtk=  0.00926, kpt=  0.5000  0.3333  0.5000 (reduced coord)
  -1.94314   -1.94289   -1.94256   -1.94220   -0.80602   -0.80576   -0.80451   -0.80424
  -0.79207   -0.79191   -0.79063   -0.79023   -0.78992   -0.78971   -0.78893   -0.78875
  -0.35999   -0.35919   -0.35128   -0.35056   -0.31543   -0.31490   -0.31184   -0.31112
   0.10644    0.10673    0.11778    0.11829    0.12269    0.12469    0.13423    0.13538
   0.16276    0.16347    0.17295    0.17380    0.19114    0.19173    0.19922    0.20107
   0.21994    0.22045    0.22460    0.22545    0.23562    0.23653    0.25318    0.25368
   0.44357    0.44441
 kpt# 107, nband= 50, wtk=  0.00926, kpt= -0.3333  0.3333  0.5000 (reduced coord)
  -1.94315   -1.94289   -1.94256   -1.94220   -0.80534   -0.80513   -0.80395   -0.80311
  -0.79307   -0.79271   -0.79100   -0.79063   -0.79020   -0.78992   -0.78900   -0.78886
  -0.36039   -0.35782   -0.34912   -0.34836   -0.31732   -0.31631   -0.31325   -0.31201
   0.10380    0.10684    0.11605    0.11997    0.12056    0.12870    0.13442    0.13715
   0.15755    0.16050    0.17057    0.17197    0.18799    0.19250    0.20428    0.20623
   0.21369    0.22078    0.22273    0.22353    0.23613    0.24606    0.25154    0.25582
   0.44343    0.45608
 kpt# 108, nband= 50, wtk=  0.00926, kpt= -0.1667  0.3333  0.5000 (reduced coord)
  -1.94315   -1.94290   -1.94255   -1.94220   -0.80362   -0.80330   -0.80210   -0.80112
  -0.79536   -0.79488   -0.79237   -0.79154   -0.79059   -0.79043   -0.78908   -0.78893
  -0.35911   -0.35643   -0.34461   -0.34380   -0.31989   -0.31946   -0.31700   -0.31475
   0.10379    0.10608    0.11434    0.11661    0.12256    0.13088    0.13779    0.13911
   0.14910    0.15131    0.16699    0.16869    0.18914    0.19105    0.20424    0.20876
   0.21801    0.21996    0.22394    0.22535    0.24141    0.24820    0.24961    0.25997
   0.45239    0.47025
 kpt# 109, nband= 50, wtk=  0.00463, kpt=  0.0000  0.5000  0.5000 (reduced coord)
  -1.94312   -1.94291   -1.94255   -1.94222   -0.80182   -0.80180   -0.80133   -0.80127
  -0.79515   -0.79492   -0.79478   -0.79440   -0.78988   -0.78971   -0.78938   -0.78923
  -0.35004   -0.34971   -0.34911   -0.34875   -0.32009   -0.31977   -0.31930   -0.31900
   0.11187    0.11206    0.11285    0.11308    0.13590    0.13638    0.13740    0.13788
   0.15245    0.15295    0.15459    0.15500    0.19130    0.19210    0.19289    0.19363
   0.22254    0.22282    0.22469    0.22497    0.24786    0.24856    0.24904    0.24975
   0.46629    0.46791
 kpt# 110, nband= 50, wtk=  0.00926, kpt=  0.1667  0.5000  0.5000 (reduced coord)
  -1.94312   -1.94291   -1.94255   -1.94222   -0.80357   -0.80323   -0.80289   -0.80252
  -0.79377   -0.79356   -0.79296   -0.79273   -0.78985   -0.78969   -0.78936   -0.78921
  -0.35275   -0.35189   -0.35130   -0.35040   -0.31818   -0.31801   -0.31667   -0.31611
   0.11062    0.11097    0.11480    0.11514    0.13318    0.13352    0.13582    0.13626
   0.15607    0.15680    0.15908    0.15930    0.19431    0.19457    0.19580    0.19672
   0.21788    0.21823    0.22028    0.22102    0.24473    0.24574    0.25387    0.25452
   0.45617    0.45706
 kpt# 111, nband= 50, wtk=  0.00926, kpt=  0.3333  0.5000  0.5000 (reduced coord)
  -1.94312   -1.94291   -1.94255   -1.94222   -0.80552   -0.80526   -0.80500   -0.80475
  -0.79149   -0.79140   -0.79089   -0.79077   -0.78969   -0.78957   -0.78925   -0.78912
  -0.35632   -0.35551   -0.35509   -0.35426   -0.31423   -0.31389   -0.31294   -0.31235
   0.11245    0.11266    0.11504    0.11531    0.12860    0.12922    0.13316    0.13404
   0.16292    0.16410    0.16698    0.16779    0.19338    0.19415    0.19646    0.19743
   0.21507    0.21597    0.21956    0.22059    0.24350    0.24454    0.25137    0.25210
   0.44742    0.44807
 kpt# 112, nband= 50, wtk=  0.00463, kpt=  0.5000  0.5000  0.5000 (reduced coord)
  -1.94312   -1.94291   -1.94255   -1.94222   -0.80619   -0.80607   -0.80583   -0.80576
  -0.79060   -0.79057   -0.79032   -0.79019   -0.78944   -0.78939   -0.78910   -0.78899
  -0.35758   -0.35708   -0.35678   -0.35627   -0.31206   -0.31199   -0.31134   -0.31120
   0.11417    0.11426    0.11471    0.11475    0.12827    0.12896    0.13084    0.13143
   0.16565    0.16668    0.16937    0.17034    0.19303    0.19397    0.19479    0.19575
   0.21849    0.21893    0.22030    0.22067    0.24449    0.24530    0.24577    0.24649
   0.44767    0.44835
