
 **** DERIVATIVE DATABASE ****    
+DDB, Version number    100401

  Note : temporary (transfer) database

    usepaw         0
     natom        12
      nkpt       112
    nsppol         1
      nsym         4
    ntypat         2
    occopt         1
     nband        50
     acell  0.95914334888381D+01  0.95914334888381D+01  0.95914334888381D+01
       amu  0.17849000000000D+03  0.15999400000000D+02
   dilatmx  0.10000000000000D+01
      ecut  0.25000000000000D+02
    ecutsm  0.50000000000000D+00
     intxc         0
      iscf         7
       ixc        11
       kpt  0.00000000000000D+00  0.00000000000000D+00  0.00000000000000D+00
            0.16666666666667D+00  0.00000000000000D+00  0.00000000000000D+00
            0.33333333333333D+00  0.00000000000000D+00  0.00000000000000D+00
            0.50000000000000D+00  0.00000000000000D+00  0.00000000000000D+00
            0.00000000000000D+00  0.16666666666667D+00  0.00000000000000D+00
            0.16666666666667D+00  0.16666666666667D+00  0.00000000000000D+00
            0.33333333333333D+00  0.16666666666667D+00  0.00000000000000D+00
            0.50000000000000D+00  0.16666666666667D+00  0.00000000000000D+00
           -0.33333333333333D+00  0.16666666666667D+00  0.00000000000000D+00
           -0.16666666666667D+00  0.16666666666667D+00  0.00000000000000D+00
            0.00000000000000D+00  0.33333333333333D+00  0.00000000000000D+00
            0.16666666666667D+00  0.33333333333333D+00  0.00000000000000D+00
            0.33333333333333D+00  0.33333333333333D+00  0.00000000000000D+00
            0.50000000000000D+00  0.33333333333333D+00  0.00000000000000D+00
           -0.33333333333333D+00  0.33333333333333D+00  0.00000000000000D+00
           -0.16666666666667D+00  0.33333333333333D+00  0.00000000000000D+00
            0.00000000000000D+00  0.50000000000000D+00  0.00000000000000D+00
            0.16666666666667D+00  0.50000000000000D+00  0.00000000000000D+00
            0.33333333333333D+00  0.50000000000000D+00  0.00000000000000D+00
            0.50000000000000D+00  0.50000000000000D+00  0.00000000000000D+00
            0.00000000000000D+00  0.00000000000000D+00  0.16666666666667D+00
            0.16666666666667D+00  0.00000000000000D+00  0.16666666666667D+00
            0.33333333333333D+00  0.00000000000000D+00  0.16666666666667D+00
            0.50000000000000D+00  0.00000000000000D+00  0.16666666666667D+00
           -0.33333333333333D+00  0.00000000000000D+00  0.16666666666667D+00
           -0.16666666666667D+00  0.00000000000000D+00  0.16666666666667D+00
            0.00000000000000D+00  0.16666666666667D+00  0.16666666666667D+00
            0.16666666666667D+00  0.16666666666667D+00  0.16666666666667D+00
            0.33333333333333D+00  0.16666666666667D+00  0.16666666666667D+00
            0.50000000000000D+00  0.16666666666667D+00  0.16666666666667D+00
           -0.33333333333333D+00  0.16666666666667D+00  0.16666666666667D+00
           -0.16666666666667D+00  0.16666666666667D+00  0.16666666666667D+00
            0.00000000000000D+00  0.33333333333333D+00  0.16666666666667D+00
            0.16666666666667D+00  0.33333333333333D+00  0.16666666666667D+00
            0.33333333333333D+00  0.33333333333333D+00  0.16666666666667D+00
            0.50000000000000D+00  0.33333333333333D+00  0.16666666666667D+00
           -0.33333333333333D+00  0.33333333333333D+00  0.16666666666667D+00
           -0.16666666666667D+00  0.33333333333333D+00  0.16666666666667D+00
            0.00000000000000D+00  0.50000000000000D+00  0.16666666666667D+00
            0.16666666666667D+00  0.50000000000000D+00  0.16666666666667D+00
            0.33333333333333D+00  0.50000000000000D+00  0.16666666666667D+00
            0.50000000000000D+00  0.50000000000000D+00  0.16666666666667D+00
           -0.33333333333333D+00  0.50000000000000D+00  0.16666666666667D+00
           -0.16666666666667D+00  0.50000000000000D+00  0.16666666666667D+00
            0.00000000000000D+00 -0.33333333333333D+00  0.16666666666667D+00
            0.16666666666667D+00 -0.33333333333333D+00  0.16666666666667D+00
            0.33333333333333D+00 -0.33333333333333D+00  0.16666666666667D+00
            0.50000000000000D+00 -0.33333333333333D+00  0.16666666666667D+00
           -0.33333333333333D+00 -0.33333333333333D+00  0.16666666666667D+00
           -0.16666666666667D+00 -0.33333333333333D+00  0.16666666666667D+00
            0.00000000000000D+00 -0.16666666666667D+00  0.16666666666667D+00
            0.16666666666667D+00 -0.16666666666667D+00  0.16666666666667D+00
            0.33333333333333D+00 -0.16666666666667D+00  0.16666666666667D+00
            0.50000000000000D+00 -0.16666666666667D+00  0.16666666666667D+00
           -0.33333333333333D+00 -0.16666666666667D+00  0.16666666666667D+00
           -0.16666666666667D+00 -0.16666666666667D+00  0.16666666666667D+00
            0.00000000000000D+00  0.00000000000000D+00  0.33333333333333D+00
            0.16666666666667D+00  0.00000000000000D+00  0.33333333333333D+00
            0.33333333333333D+00  0.00000000000000D+00  0.33333333333333D+00
            0.50000000000000D+00  0.00000000000000D+00  0.33333333333333D+00
           -0.33333333333333D+00  0.00000000000000D+00  0.33333333333333D+00
           -0.16666666666667D+00  0.00000000000000D+00  0.33333333333333D+00
            0.00000000000000D+00  0.16666666666667D+00  0.33333333333333D+00
            0.16666666666667D+00  0.16666666666667D+00  0.33333333333333D+00
            0.33333333333333D+00  0.16666666666667D+00  0.33333333333333D+00
            0.50000000000000D+00  0.16666666666667D+00  0.33333333333333D+00
           -0.33333333333333D+00  0.16666666666667D+00  0.33333333333333D+00
           -0.16666666666667D+00  0.16666666666667D+00  0.33333333333333D+00
            0.00000000000000D+00  0.33333333333333D+00  0.33333333333333D+00
            0.16666666666667D+00  0.33333333333333D+00  0.33333333333333D+00
            0.33333333333333D+00  0.33333333333333D+00  0.33333333333333D+00
            0.50000000000000D+00  0.33333333333333D+00  0.33333333333333D+00
           -0.33333333333333D+00  0.33333333333333D+00  0.33333333333333D+00
           -0.16666666666667D+00  0.33333333333333D+00  0.33333333333333D+00
            0.00000000000000D+00  0.50000000000000D+00  0.33333333333333D+00
            0.16666666666667D+00  0.50000000000000D+00  0.33333333333333D+00
            0.33333333333333D+00  0.50000000000000D+00  0.33333333333333D+00
            0.50000000000000D+00  0.50000000000000D+00  0.33333333333333D+00
           -0.33333333333333D+00  0.50000000000000D+00  0.33333333333333D+00
           -0.16666666666667D+00  0.50000000000000D+00  0.33333333333333D+00
            0.00000000000000D+00 -0.33333333333333D+00  0.33333333333333D+00
            0.16666666666667D+00 -0.33333333333333D+00  0.33333333333333D+00
            0.33333333333333D+00 -0.33333333333333D+00  0.33333333333333D+00
            0.50000000000000D+00 -0.33333333333333D+00  0.33333333333333D+00
           -0.33333333333333D+00 -0.33333333333333D+00  0.33333333333333D+00
           -0.16666666666667D+00 -0.33333333333333D+00  0.33333333333333D+00
            0.00000000000000D+00 -0.16666666666667D+00  0.33333333333333D+00
            0.16666666666667D+00 -0.16666666666667D+00  0.33333333333333D+00
            0.33333333333333D+00 -0.16666666666667D+00  0.33333333333333D+00
            0.50000000000000D+00 -0.16666666666667D+00  0.33333333333333D+00
           -0.33333333333333D+00 -0.16666666666667D+00  0.33333333333333D+00
           -0.16666666666667D+00 -0.16666666666667D+00  0.33333333333333D+00
            0.00000000000000D+00  0.00000000000000D+00  0.50000000000000D+00
            0.16666666666667D+00  0.00000000000000D+00  0.50000000000000D+00
            0.33333333333333D+00  0.00000000000000D+00  0.50000000000000D+00
            0.50000000000000D+00  0.00000000000000D+00  0.50000000000000D+00
            0.00000000000000D+00  0.16666666666667D+00  0.50000000000000D+00
            0.16666666666667D+00  0.16666666666667D+00  0.50000000000000D+00
            0.33333333333333D+00  0.16666666666667D+00  0.50000000000000D+00
            0.50000000000000D+00  0.16666666666667D+00  0.50000000000000D+00
           -0.33333333333333D+00  0.16666666666667D+00  0.50000000000000D+00
           -0.16666666666667D+00  0.16666666666667D+00  0.50000000000000D+00
            0.00000000000000D+00  0.33333333333333D+00  0.50000000000000D+00
            0.16666666666667D+00  0.33333333333333D+00  0.50000000000000D+00
            0.33333333333333D+00  0.33333333333333D+00  0.50000000000000D+00
            0.50000000000000D+00  0.33333333333333D+00  0.50000000000000D+00
           -0.33333333333333D+00  0.33333333333333D+00  0.50000000000000D+00
           -0.16666666666667D+00  0.33333333333333D+00  0.50000000000000D+00
            0.00000000000000D+00  0.50000000000000D+00  0.50000000000000D+00
            0.16666666666667D+00  0.50000000000000D+00  0.50000000000000D+00
            0.33333333333333D+00  0.50000000000000D+00  0.50000000000000D+00
            0.50000000000000D+00  0.50000000000000D+00  0.50000000000000D+00
    kptnrm  0.10000000000000D+01
     ngfft        45   45   45
    nspden         1
   nspinor         1
       occ  0.20000000000000D+01  0.20000000000000D+01  0.20000000000000D+01
            0.20000000000000D+01  0.20000000000000D+01  0.20000000000000D+01
            0.20000000000000D+01  0.20000000000000D+01  0.20000000000000D+01
            0.20000000000000D+01  0.20000000000000D+01  0.20000000000000D+01
            0.20000000000000D+01  0.20000000000000D+01  0.20000000000000D+01
            0.20000000000000D+01  0.20000000000000D+01  0.20000000000000D+01
            0.20000000000000D+01  0.20000000000000D+01  0.20000000000000D+01
            0.20000000000000D+01  0.20000000000000D+01  0.20000000000000D+01
            0.20000000000000D+01  0.20000000000000D+01  0.20000000000000D+01
            0.20000000000000D+01  0.20000000000000D+01  0.20000000000000D+01
            0.20000000000000D+01  0.20000000000000D+01  0.20000000000000D+01
            0.20000000000000D+01  0.20000000000000D+01  0.20000000000000D+01
            0.20000000000000D+01  0.20000000000000D+01  0.20000000000000D+01
            0.20000000000000D+01  0.20000000000000D+01  0.20000000000000D+01
            0.20000000000000D+01  0.20000000000000D+01  0.20000000000000D+01
            0.20000000000000D+01  0.20000000000000D+01  0.20000000000000D+01
            0.00000000000000D+00  0.00000000000000D+00
     rprim  0.10000000000000D+01  0.00000000000000D+00  0.00000000000000D+00
            0.00000000000000D+00  0.10000000000000D+01  0.00000000000000D+00
            0.00000000000000D+00  0.00000000000000D+00  0.10000000000000D+01
  dfpt_sciss  0.00000000000000D+00
    spinat  0.00000000000000D+00  0.00000000000000D+00  0.00000000000000D+00
            0.00000000000000D+00  0.00000000000000D+00  0.00000000000000D+00
            0.00000000000000D+00  0.00000000000000D+00  0.00000000000000D+00
            0.00000000000000D+00  0.00000000000000D+00  0.00000000000000D+00
            0.00000000000000D+00  0.00000000000000D+00  0.00000000000000D+00
            0.00000000000000D+00  0.00000000000000D+00  0.00000000000000D+00
            0.00000000000000D+00  0.00000000000000D+00  0.00000000000000D+00
            0.00000000000000D+00  0.00000000000000D+00  0.00000000000000D+00
            0.00000000000000D+00  0.00000000000000D+00  0.00000000000000D+00
            0.00000000000000D+00  0.00000000000000D+00  0.00000000000000D+00
            0.00000000000000D+00  0.00000000000000D+00  0.00000000000000D+00
            0.00000000000000D+00  0.00000000000000D+00  0.00000000000000D+00
    symafm         1    1    1    1
    symrel         1    0    0    0    1    0    0    0    1
                  -1    0    0    0    1    0    0    0   -1
                   1    0    0    0    1    0    0    0   -1
                  -1    0    0    0    1    0    0    0    1
     tnons  0.00000000000000D+00  0.00000000000000D+00  0.00000000000000D+00
            0.50000000000000D+00  0.50000000000000D+00  0.00000000000000D+00
            0.00000000000000D+00  0.50000000000000D+00  0.50000000000000D+00
            0.50000000000000D+00  0.00000000000000D+00  0.50000000000000D+00
    tolwfr  0.10000000000000D+01
   tphysel  0.00000000000000D+00
    tsmear  0.40000000000000D-01
     typat         1    1    1    1    2    2    2    2    2    2    2    2
       wtk  0.46296296296296D-02  0.92592592592593D-02  0.92592592592593D-02
            0.46296296296296D-02  0.92592592592593D-02  0.92592592592593D-02
            0.92592592592593D-02  0.92592592592593D-02  0.92592592592593D-02
            0.92592592592593D-02  0.92592592592593D-02  0.92592592592593D-02
            0.92592592592593D-02  0.92592592592593D-02  0.92592592592593D-02
            0.92592592592593D-02  0.46296296296296D-02  0.92592592592593D-02
            0.92592592592593D-02  0.46296296296296D-02  0.92592592592593D-02
            0.92592592592593D-02  0.92592592592593D-02  0.92592592592593D-02
            0.92592592592593D-02  0.92592592592593D-02  0.92592592592593D-02
            0.92592592592593D-02  0.92592592592593D-02  0.92592592592593D-02
            0.92592592592593D-02  0.92592592592593D-02  0.92592592592593D-02
            0.92592592592593D-02  0.92592592592593D-02  0.92592592592593D-02
            0.92592592592593D-02  0.92592592592593D-02  0.92592592592593D-02
            0.92592592592593D-02  0.92592592592593D-02  0.92592592592593D-02
            0.92592592592593D-02  0.92592592592593D-02  0.92592592592593D-02
            0.92592592592593D-02  0.92592592592593D-02  0.92592592592593D-02
            0.92592592592593D-02  0.92592592592593D-02  0.92592592592593D-02
            0.92592592592593D-02  0.92592592592593D-02  0.92592592592593D-02
            0.92592592592593D-02  0.92592592592593D-02  0.92592592592593D-02
            0.92592592592593D-02  0.92592592592593D-02  0.92592592592593D-02
            0.92592592592593D-02  0.92592592592593D-02  0.92592592592593D-02
            0.92592592592593D-02  0.92592592592593D-02  0.92592592592593D-02
            0.92592592592593D-02  0.92592592592593D-02  0.92592592592593D-02
            0.92592592592593D-02  0.92592592592593D-02  0.92592592592593D-02
            0.92592592592593D-02  0.92592592592593D-02  0.92592592592593D-02
            0.92592592592593D-02  0.92592592592593D-02  0.92592592592593D-02
            0.92592592592593D-02  0.92592592592593D-02  0.92592592592593D-02
            0.92592592592593D-02  0.92592592592593D-02  0.92592592592593D-02
            0.92592592592593D-02  0.92592592592593D-02  0.92592592592593D-02
            0.92592592592593D-02  0.92592592592593D-02  0.92592592592593D-02
            0.92592592592593D-02  0.92592592592593D-02  0.46296296296296D-02
            0.92592592592593D-02  0.92592592592593D-02  0.46296296296296D-02
            0.92592592592593D-02  0.92592592592593D-02  0.92592592592593D-02
            0.92592592592593D-02  0.92592592592593D-02  0.92592592592593D-02
            0.92592592592593D-02  0.92592592592593D-02  0.92592592592593D-02
            0.92592592592593D-02  0.92592592592593D-02  0.92592592592593D-02
            0.46296296296296D-02  0.92592592592593D-02  0.92592592592593D-02
            0.46296296296296D-02
      xred  0.16376395725605D-01  0.38439556920873D-01  0.30584132509931D-01
            0.16376395725605D-01  0.53843955692087D+00  0.46941586749007D+00
            0.48362360427439D+00  0.38439556920873D-01  0.53058413250993D+00
            0.48362360427439D+00  0.53843955692087D+00 -0.30584132509931D-01
            0.20911579406800D+00  0.28544243768579D+00  0.73669745012050D+00
            0.20911579406800D+00  0.78544243768579D+00  0.76330254987950D+00
            0.29088420593200D+00  0.78544243768579D+00  0.26330254987950D+00
            0.29088420593200D+00  0.28544243768579D+00  0.23669745012050D+00
            0.82289186096084D+00  0.17611800539333D+00  0.36960654408425D+00
            0.82289186096084D+00  0.67611800539333D+00  0.13039345591575D+00
            0.67710813903916D+00  0.67611800539333D+00  0.63039345591575D+00
            0.67710813903916D+00  0.17611800539333D+00  0.86960654408425D+00
     znucl  0.72000000000000D+02  0.80000000000000D+01
      zion  0.12000000000000D+02  0.60000000000000D+01
 
 No information on the potentials yet 
 
 **** Database of total energy derivatives ****
 Number of data blocks=    2
  
 Total energy                 - # elements :       1
 -0.35864026733749D+03  0.00000000000000D+00
  
 1st derivatives              - # elements :      42
   1   1 -0.15743591262469D-03  0.00000000000000D+00
   2   1  0.19706459354261D-03  0.00000000000000D+00
   3   1 -0.37468664881385D-03  0.00000000000000D+00
   1   2 -0.15743591262469D-03  0.00000000000000D+00
   2   2  0.19706459354261D-03  0.00000000000000D+00
   3   2  0.37468664881385D-03  0.00000000000000D+00
   1   3  0.15743591262469D-03  0.00000000000000D+00
   2   3  0.19706459354261D-03  0.00000000000000D+00
   3   3 -0.37468664881385D-03  0.00000000000000D+00
   1   4  0.15743591262469D-03  0.00000000000000D+00
   2   4  0.19706459354261D-03  0.00000000000000D+00
   3   4  0.37468664881385D-03  0.00000000000000D+00
   1   5 -0.59927436108339D-04  0.00000000000000D+00
   2   5  0.36547460670841D-04  0.00000000000000D+00
   3   5 -0.29132707768490D-04  0.00000000000000D+00
   1   6 -0.59927436108339D-04  0.00000000000000D+00
   2   6  0.36547460670841D-04  0.00000000000000D+00
   3   6  0.29132707768490D-04  0.00000000000000D+00
   1   7  0.59927436108339D-04  0.00000000000000D+00
   2   7  0.36547460670841D-04  0.00000000000000D+00
   3   7  0.29132707768490D-04  0.00000000000000D+00
   1   8  0.59927436108339D-04  0.00000000000000D+00
   2   8  0.36547460670841D-04  0.00000000000000D+00
   3   8 -0.29132707768490D-04  0.00000000000000D+00
   1   9  0.46182336023995D-04  0.00000000000000D+00
   2   9 -0.22573764954949D-03  0.00000000000000D+00
   3   9 -0.28583512289132D-03  0.00000000000000D+00
   1  10  0.46182336023995D-04  0.00000000000000D+00
   2  10 -0.22573764954949D-03  0.00000000000000D+00
   3  10  0.28583512289132D-03  0.00000000000000D+00
   1  11 -0.46182336023995D-04  0.00000000000000D+00
   2  11 -0.22573764954949D-03  0.00000000000000D+00
   3  11  0.28583512289132D-03  0.00000000000000D+00
   1  12 -0.46182336023995D-04  0.00000000000000D+00
   2  12 -0.22573764954949D-03  0.00000000000000D+00
   3  12 -0.28583512289132D-03  0.00000000000000D+00
   1  15 -0.19981429738318D-03  0.00000000000000D+00
   2  15 -0.22153895937247D-03  0.00000000000000D+00
   3  15 -0.56186647382343D-03  0.00000000000000D+00
   1  16  0.00000000000000D+00  0.00000000000000D+00
   2  16  0.00000000000000D+00  0.00000000000000D+00
   3  16  0.00000000000000D+00  0.00000000000000D+00
