 Fermi (or HOMO) energy (hartree) =   0.27923   Average Vxc (hartree)=  -0.44623
 Eigenvalues (hartree) for nkpt= 112  k points:
 kpt#   1, nband= 50, wtk=  0.00463, kpt=  0.0000  0.0000  0.0000 (reduced coord)
  -1.94365   -1.94290   -1.94283   -1.94281   -0.80681   -0.80624   -0.80624   -0.79601
  -0.79340   -0.79325   -0.79318   -0.79309   -0.79212   -0.78806   -0.78803   -0.78764
  -0.39868   -0.34532   -0.34127   -0.33598   -0.31908   -0.31090   -0.30980   -0.30944
   0.06812    0.07120    0.07502    0.10044    0.10850    0.10962    0.15924    0.15957
   0.15996    0.16051    0.17657    0.18955    0.19799    0.20533    0.20657    0.21436
   0.22827    0.23049    0.23436    0.23799    0.24523    0.26543    0.27887    0.27923
   0.45775    0.46514
 kpt#   2, nband= 50, wtk=  0.00926, kpt=  0.1667  0.0000  0.0000 (reduced coord)
  -1.94361   -1.94294   -1.94283   -1.94281   -0.80615   -0.80554   -0.80518   -0.79619
  -0.79413   -0.79391   -0.79305   -0.79259   -0.79210   -0.78935   -0.78838   -0.78798
  -0.39438   -0.34417   -0.34040   -0.33519   -0.31933   -0.31765   -0.31017   -0.30953
   0.07231    0.07468    0.07639    0.10149    0.10237    0.12550    0.14794    0.15180
   0.15551    0.16188    0.17610    0.18502    0.19103    0.20886    0.20910    0.21990
   0.22971    0.23086    0.23763    0.24499    0.24622    0.25251    0.27622    0.27801
   0.46326    0.46706
 kpt#   3, nband= 50, wtk=  0.00926, kpt=  0.3333  0.0000  0.0000 (reduced coord)
  -1.94350   -1.94304   -1.94282   -1.94281   -0.80448   -0.80375   -0.80227   -0.79738
  -0.79606   -0.79416   -0.79294   -0.79286   -0.79191   -0.79167   -0.78919   -0.78884
  -0.38339   -0.34189   -0.33853   -0.33352   -0.33075   -0.31978   -0.31192   -0.31164
   0.07538    0.07683    0.09683    0.10387    0.10822    0.12088    0.13370    0.13950
   0.16255    0.16364    0.16531    0.17805    0.19322    0.20829    0.21025    0.21543
   0.22573    0.23501    0.24150    0.24157    0.24778    0.25369    0.27474    0.27476
   0.45412    0.46267
 kpt#   4, nband= 50, wtk=  0.00463, kpt=  0.5000  0.0000  0.0000 (reduced coord)
  -1.94343   -1.94312   -1.94282   -1.94282   -0.80322   -0.80237   -0.79922   -0.79858
  -0.79747   -0.79616   -0.79411   -0.79291   -0.79162   -0.79097   -0.78977   -0.78959
  -0.37509   -0.34323   -0.33747   -0.33727   -0.33269   -0.31992   -0.31301   -0.31301
   0.07790    0.08046    0.10619    0.10841    0.11034    0.11642    0.12746    0.13253
   0.15476    0.16655    0.17551    0.17967    0.18521    0.19287    0.21470    0.21724
   0.22648    0.23548    0.23816    0.24196    0.24931    0.25655    0.27257    0.27639
   0.44882    0.45799
 kpt#   5, nband= 50, wtk=  0.00926, kpt=  0.0000  0.1667  0.0000 (reduced coord)
  -1.94359   -1.94289   -1.94288   -1.94281   -0.80578   -0.80569   -0.80546   -0.79703
  -0.79418   -0.79327   -0.79310   -0.79304   -0.79153   -0.78876   -0.78839   -0.78829
  -0.39428   -0.34432   -0.34219   -0.33614   -0.32179   -0.31127   -0.31106   -0.30982
   0.07283    0.07309    0.07970    0.10180    0.11190    0.11842    0.14796    0.15405
   0.15891    0.16259    0.16923    0.19092    0.19393    0.20141    0.20667    0.22008
   0.22325    0.23005    0.23705    0.23767    0.24079    0.26398    0.27667    0.27750
   0.45390    0.46668
 kpt#   6, nband= 50, wtk=  0.00926, kpt=  0.1667  0.1667  0.0000 (reduced coord)
  -1.94355   -1.94293   -1.94288   -1.94282   -0.80533   -0.80508   -0.80450   -0.79728
  -0.79446   -0.79404   -0.79294   -0.79258   -0.79152   -0.79045   -0.78875   -0.78795
  -0.39032   -0.34321   -0.34186   -0.33522   -0.32193   -0.31826   -0.31039   -0.31004
   0.07181    0.08091    0.08281    0.10323    0.10613    0.12912    0.14333    0.14879
   0.15542    0.15920    0.17229    0.18700    0.18752    0.20345    0.21036    0.21786
   0.22789    0.23344    0.23368    0.23941    0.24861    0.25112    0.27518    0.27590
   0.45517    0.46676
 kpt#   7, nband= 50, wtk=  0.00926, kpt=  0.3333  0.1667  0.0000 (reduced coord)
  -1.94346   -1.94303   -1.94287   -1.94283   -0.80420   -0.80331   -0.80208   -0.79839
  -0.79597   -0.79412   -0.79405   -0.79272   -0.79150   -0.79115   -0.78964   -0.78854
  -0.38024   -0.34103   -0.34094   -0.33367   -0.33053   -0.32181   -0.31184   -0.31179
   0.07504    0.08485    0.09963    0.10723    0.10824    0.12317    0.13503    0.13813
   0.15805    0.16125    0.17037    0.17885    0.19196    0.20389    0.21016    0.21150
   0.22562    0.23259    0.23753    0.23943    0.24768    0.24950    0.27309    0.27395
   0.45455    0.45772
 kpt#   8, nband= 50, wtk=  0.00926, kpt=  0.5000  0.1667  0.0000 (reduced coord)
  -1.94339   -1.94310   -1.94286   -1.94284   -0.80339   -0.80184   -0.79973   -0.79928
  -0.79722   -0.79701   -0.79343   -0.79282   -0.79145   -0.79025   -0.79023   -0.78942
  -0.37273   -0.34192   -0.34036   -0.33677   -0.33313   -0.32140   -0.31301   -0.31282
   0.08064    0.08404    0.10735    0.11065    0.11140    0.11814    0.12942    0.13491
   0.15703    0.16271    0.17787    0.17897    0.17985    0.19569    0.21407    0.21489
   0.22389    0.23359    0.23458    0.23727    0.24933    0.25078    0.27125    0.27510
   0.45351    0.45639
 kpt#   9, nband= 50, wtk=  0.00926, kpt= -0.3333  0.1667  0.0000 (reduced coord)
  -1.94346   -1.94303   -1.94287   -1.94283   -0.80420   -0.80331   -0.80208   -0.79839
  -0.79597   -0.79412   -0.79405   -0.79272   -0.79150   -0.79115   -0.78964   -0.78854
  -0.38024   -0.34103   -0.34094   -0.33367   -0.33053   -0.32181   -0.31184   -0.31179
   0.07504    0.08485    0.09963    0.10723    0.10824    0.12317    0.13503    0.13813
   0.15805    0.16125    0.17038    0.17885    0.19196    0.20389    0.21016    0.21149
   0.22562    0.23259    0.23753    0.23943    0.24768    0.24950    0.27309    0.27395
   0.45454    0.45772
 kpt#  10, nband= 50, wtk=  0.00926, kpt= -0.1667  0.1667  0.0000 (reduced coord)
  -1.94355   -1.94293   -1.94288   -1.94282   -0.80533   -0.80508   -0.80450   -0.79728
  -0.79446   -0.79404   -0.79294   -0.79258   -0.79152   -0.79045   -0.78875   -0.78795
  -0.39032   -0.34321   -0.34186   -0.33522   -0.32193   -0.31826   -0.31039   -0.31004
   0.07181    0.08091    0.08281    0.10323    0.10613    0.12912    0.14333    0.14879
   0.15542    0.15921    0.17229    0.18700    0.18752    0.20345    0.21036    0.21786
   0.22789    0.23344    0.23367    0.23941    0.24861    0.25112    0.27518    0.27590
   0.45517    0.46676
 kpt#  11, nband= 50, wtk=  0.00926, kpt=  0.0000  0.3333  0.0000 (reduced coord)
  -1.94344   -1.94303   -1.94288   -1.94283   -0.80413   -0.80337   -0.80305   -0.79929
  -0.79619   -0.79397   -0.79301   -0.79290   -0.79071   -0.79054   -0.78921   -0.78898
  -0.38214   -0.34976   -0.34177   -0.33695   -0.32374   -0.31520   -0.31134   -0.31069
   0.07433    0.08562    0.10215    0.10293    0.11918    0.13271    0.13420    0.14056
   0.14410    0.16400    0.17034    0.17916    0.19224    0.19904    0.20529    0.20629
   0.20792    0.22309    0.24237    0.24360    0.25158    0.26286    0.27329    0.27410
   0.44696    0.46006
 kpt#  12, nband= 50, wtk=  0.00926, kpt=  0.1667  0.3333  0.0000 (reduced coord)
  -1.94341   -1.94302   -1.94291   -1.94284   -0.80393   -0.80320   -0.80251   -0.79927
  -0.79632   -0.79512   -0.79275   -0.79253   -0.79121   -0.79057   -0.78965   -0.78852
  -0.37912   -0.34932   -0.34083   -0.33616   -0.32437   -0.32011   -0.31105   -0.31100
   0.07532    0.09195    0.10266    0.10422    0.11564    0.13053    0.13485    0.14360
   0.14405    0.16690    0.16921    0.18276    0.18906    0.19066    0.19729    0.21285
   0.21399    0.22967    0.23795    0.24039    0.25343    0.25394    0.27286    0.27315
   0.44563    0.45719
 kpt#  13, nband= 50, wtk=  0.00926, kpt=  0.3333  0.3333  0.0000 (reduced coord)
  -1.94333   -1.94299   -1.94298   -1.94287   -0.80337   -0.80286   -0.80077   -0.79984
  -0.79735   -0.79547   -0.79429   -0.79206   -0.79071   -0.79057   -0.79021   -0.78851
  -0.37157   -0.34831   -0.33892   -0.33478   -0.32969   -0.32528   -0.31209   -0.31201
   0.07996    0.10151    0.10164    0.11050    0.11624    0.12593    0.12940    0.14404
   0.14677    0.16219    0.17610    0.17829    0.18805    0.19656    0.19807    0.21147
   0.21801    0.22652    0.23738    0.23747    0.24216    0.24965    0.27016    0.27175
   0.44420    0.45395
 kpt#  14, nband= 50, wtk=  0.00926, kpt=  0.5000  0.3333  0.0000 (reduced coord)
  -1.94327   -1.94304   -1.94297   -1.94289   -0.80340   -0.80122   -0.80078   -0.80027
  -0.79789   -0.79596   -0.79440   -0.79259   -0.79099   -0.79009   -0.78938   -0.78927
  -0.36622   -0.34772   -0.33877   -0.33493   -0.33432   -0.32542   -0.31295   -0.31265
   0.08451    0.09912    0.10329    0.11764    0.12162    0.12183    0.12194    0.14479
   0.15218    0.16262    0.16759    0.18072    0.18088    0.20344    0.20703    0.21347
   0.21454    0.22780    0.23015    0.23201    0.24237    0.24701    0.26810    0.27108
   0.44615    0.45328
 kpt#  15, nband= 50, wtk=  0.00926, kpt= -0.3333  0.3333  0.0000 (reduced coord)
  -1.94333   -1.94299   -1.94298   -1.94287   -0.80337   -0.80286   -0.80077   -0.79984
  -0.79735   -0.79547   -0.79429   -0.79206   -0.79071   -0.79057   -0.79021   -0.78851
  -0.37157   -0.34831   -0.33892   -0.33478   -0.32969   -0.32528   -0.31209   -0.31201
   0.07996    0.10151    0.10164    0.11050    0.11624    0.12593    0.12940    0.14404
   0.14677    0.16219    0.17610    0.17829    0.18805    0.19656    0.19807    0.21147
   0.21801    0.22651    0.23738    0.23747    0.24217    0.24966    0.27015    0.27175
   0.44420    0.45395
 kpt#  16, nband= 50, wtk=  0.00926, kpt= -0.1667  0.3333  0.0000 (reduced coord)
  -1.94341   -1.94302   -1.94291   -1.94284   -0.80393   -0.80320   -0.80251   -0.79927
  -0.79632   -0.79512   -0.79275   -0.79253   -0.79121   -0.79057   -0.78965   -0.78852
  -0.37912   -0.34932   -0.34083   -0.33616   -0.32437   -0.32011   -0.31105   -0.31100
   0.07532    0.09195    0.10266    0.10422    0.11563    0.13053    0.13485    0.14360
   0.14405    0.16690    0.16921    0.18276    0.18906    0.19066    0.19729    0.21285
   0.21399    0.22968    0.23794    0.24039    0.25343    0.25395    0.27286    0.27315
   0.44563    0.45719
 kpt#  17, nband= 50, wtk=  0.00463, kpt=  0.0000  0.5000  0.0000 (reduced coord)
  -1.94324   -1.94324   -1.94285   -1.94285   -0.80185   -0.80185   -0.80117   -0.80116
  -0.79698   -0.79698   -0.79284   -0.79284   -0.79018   -0.79018   -0.78987   -0.78987
  -0.36549   -0.36549   -0.33891   -0.33891   -0.32025   -0.32025   -0.31132   -0.31131
   0.08351    0.08351    0.11426    0.11426    0.12597    0.12597    0.13715    0.13715
   0.14202    0.14203    0.18066    0.18067    0.18165    0.18166    0.20481    0.20481
   0.21346    0.21348    0.24522    0.24522    0.26054    0.26054    0.27222    0.27222
   0.44750    0.44751
 kpt#  18, nband= 50, wtk=  0.00926, kpt=  0.1667  0.5000  0.0000 (reduced coord)
  -1.94322   -1.94322   -1.94287   -1.94287   -0.80243   -0.80243   -0.80018   -0.80018
  -0.79778   -0.79777   -0.79235   -0.79235   -0.79072   -0.79072   -0.78951   -0.78950
  -0.36379   -0.36378   -0.33816   -0.33816   -0.32276   -0.32276   -0.31145   -0.31145
   0.08578    0.08579    0.11469    0.11469    0.12414    0.12414    0.13384    0.13384
   0.15175    0.15176    0.17683    0.17683    0.18322    0.18323    0.19898    0.19898
   0.22155    0.22156    0.24064    0.24064    0.25630    0.25630    0.27187    0.27187
   0.44547    0.44548
 kpt#  19, nband= 50, wtk=  0.00926, kpt=  0.3333  0.5000  0.0000 (reduced coord)
  -1.94316   -1.94316   -1.94293   -1.94293   -0.80273   -0.80273   -0.79991   -0.79991
  -0.79782   -0.79782   -0.79289   -0.79288   -0.79057   -0.79057   -0.78917   -0.78917
  -0.35973   -0.35973   -0.33665   -0.33665   -0.32793   -0.32793   -0.31222   -0.31221
   0.09072    0.09073    0.11425    0.11425    0.12469    0.12469    0.13280    0.13280
   0.15742    0.15743    0.17104    0.17104    0.18809    0.18810    0.20565    0.20566
   0.21895    0.21896    0.23678    0.23679    0.24598    0.24598    0.26938    0.26938
   0.44393    0.44394
 kpt#  20, nband= 50, wtk=  0.00463, kpt=  0.5000  0.5000  0.0000 (reduced coord)
  -1.94312   -1.94312   -1.94297   -1.94297   -0.80267   -0.80267   -0.80059   -0.80059
  -0.79660   -0.79660   -0.79409   -0.79409   -0.79004   -0.79004   -0.78917   -0.78917
  -0.35715   -0.35715   -0.33610   -0.33610   -0.33069   -0.33068   -0.31279   -0.31278
   0.09376    0.09376    0.11226    0.11226    0.12654    0.12654    0.13465    0.13466
   0.15267    0.15268    0.17060    0.17061    0.19473    0.19474    0.21195    0.21195
   0.21883    0.21883    0.22636    0.22637    0.24317    0.24318    0.26730    0.26731
   0.44593    0.44594
 kpt#  21, nband= 50, wtk=  0.00926, kpt=  0.0000  0.0000  0.1667 (reduced coord)
  -1.94360   -1.94296   -1.94282   -1.94280   -0.80606   -0.80542   -0.80526   -0.79635
  -0.79439   -0.79353   -0.79296   -0.79292   -0.79219   -0.78919   -0.78831   -0.78796
  -0.39411   -0.34506   -0.33990   -0.33543   -0.31910   -0.31726   -0.31153   -0.30895
   0.07230    0.07453    0.08397    0.09724    0.11194    0.11598    0.14529    0.15159
   0.15824    0.16798    0.17874    0.19106    0.19299    0.20025    0.20743    0.21627
   0.22004    0.23163    0.23834    0.24133    0.24781    0.26377    0.26818    0.27295
   0.45986    0.46565
 kpt#  22, nband= 50, wtk=  0.00926, kpt=  0.1667  0.0000  0.1667 (reduced coord)
  -1.94356   -1.94298   -1.94283   -1.94281   -0.80562   -0.80468   -0.80452   -0.79635
  -0.79543   -0.79339   -0.79313   -0.79263   -0.79224   -0.79045   -0.78831   -0.78817
  -0.39024   -0.34474   -0.33897   -0.33475   -0.32128   -0.31891   -0.31289   -0.30986
   0.07376    0.08122    0.08367    0.09761    0.10993    0.12503    0.14239    0.15098
   0.15515    0.16127    0.17643    0.18639    0.19003    0.20112    0.21257    0.21819
   0.22174    0.23199    0.23702    0.24373    0.24907    0.25205    0.26881    0.27361
   0.46263    0.46831
 kpt#  23, nband= 50, wtk=  0.00926, kpt=  0.3333  0.0000  0.1667 (reduced coord)
  -1.94347   -1.94306   -1.94283   -1.94283   -0.80433   -0.80325   -0.80226   -0.79748
  -0.79671   -0.79467   -0.79323   -0.79278   -0.79190   -0.79105   -0.78923   -0.78875
  -0.38041   -0.34371   -0.33756   -0.33425   -0.33095   -0.31897   -0.31432   -0.31188
   0.07670    0.08250    0.09940    0.10546    0.11201    0.12222    0.13419    0.14558
   0.15422    0.16151    0.16814    0.17885    0.19513    0.20129    0.20641    0.21821
   0.22272    0.22676    0.24050    0.24358    0.24689    0.25422    0.26538    0.27395
   0.45511    0.46091
 kpt#  24, nband= 50, wtk=  0.00926, kpt=  0.5000  0.0000  0.1667 (reduced coord)
  -1.94340   -1.94312   -1.94283   -1.94283   -0.80300   -0.80279   -0.79989   -0.79825
  -0.79786   -0.79708   -0.79303   -0.79265   -0.79135   -0.79075   -0.78998   -0.78941
  -0.37317   -0.34308   -0.34057   -0.33717   -0.33152   -0.31859   -0.31513   -0.31305
   0.07919    0.08377    0.10481    0.11211    0.11347    0.12396    0.12968    0.13742
   0.15283    0.16678    0.17218    0.17403    0.18212    0.19112    0.21360    0.22198
   0.22430    0.22844    0.23630    0.24274    0.24740    0.25670    0.26344    0.27396
   0.45025    0.45674
 kpt#  25, nband= 50, wtk=  0.00926, kpt= -0.3333  0.0000  0.1667 (reduced coord)
  -1.94347   -1.94306   -1.94283   -1.94283   -0.80433   -0.80325   -0.80226   -0.79748
  -0.79671   -0.79467   -0.79323   -0.79278   -0.79190   -0.79105   -0.78923   -0.78875
  -0.38041   -0.34371   -0.33756   -0.33425   -0.33095   -0.31897   -0.31433   -0.31188
   0.07670    0.08250    0.09940    0.10546    0.11201    0.12222    0.13419    0.14558
   0.15422    0.16151    0.16813    0.17886    0.19513    0.20130    0.20641    0.21821
   0.22272    0.22676    0.24051    0.24358    0.24689    0.25422    0.26538    0.27395
   0.45511    0.46091
 kpt#  26, nband= 50, wtk=  0.00926, kpt= -0.1667  0.0000  0.1667 (reduced coord)
  -1.94356   -1.94298   -1.94283   -1.94281   -0.80562   -0.80468   -0.80452   -0.79635
  -0.79543   -0.79339   -0.79313   -0.79263   -0.79224   -0.79045   -0.78831   -0.78817
  -0.39024   -0.34474   -0.33897   -0.33475   -0.32128   -0.31891   -0.31289   -0.30986
   0.07376    0.08122    0.08367    0.09761    0.10993    0.12503    0.14239    0.15098
   0.15515    0.16127    0.17643    0.18639    0.19004    0.20112    0.21257    0.21819
   0.22174    0.23199    0.23702    0.24373    0.24907    0.25205    0.26881    0.27361
   0.46263    0.46831
 kpt#  27, nband= 50, wtk=  0.00926, kpt=  0.0000  0.1667  0.1667 (reduced coord)
  -1.94355   -1.94295   -1.94288   -1.94281   -0.80536   -0.80488   -0.80452   -0.79754
  -0.79413   -0.79400   -0.79323   -0.79251   -0.79184   -0.79027   -0.78859   -0.78802
  -0.39003   -0.34446   -0.34099   -0.33567   -0.32164   -0.31706   -0.31264   -0.30926
   0.07637    0.08213    0.08246    0.10240    0.11355    0.12065    0.14545    0.14696
   0.15616    0.15976    0.17470    0.19122    0.19293    0.19878    0.20864    0.21753
   0.22034    0.22888    0.23140    0.24236    0.24335    0.26228    0.26822    0.27112
   0.45533    0.46771
 kpt#  28, nband= 50, wtk=  0.00926, kpt=  0.1667  0.1667  0.1667 (reduced coord)
  -1.94351   -1.94297   -1.94287   -1.94282   -0.80525   -0.80426   -0.80393   -0.79737
  -0.79515   -0.79394   -0.79341   -0.79229   -0.79190   -0.79104   -0.78842   -0.78821
  -0.38653   -0.34455   -0.34040   -0.33520   -0.32194   -0.32017   -0.31366   -0.30953
   0.07733    0.08405    0.08806    0.10285    0.11132    0.12674    0.14213    0.14799
   0.15349    0.15737    0.17314    0.18260    0.19383    0.20309    0.21011    0.21549
   0.22330    0.22795    0.23521    0.23958    0.24601    0.25179    0.26801    0.27227
   0.45484    0.46865
 kpt#  29, nband= 50, wtk=  0.00926, kpt=  0.3333  0.1667  0.1667 (reduced coord)
  -1.94342   -1.94304   -1.94287   -1.94284   -0.80450   -0.80328   -0.80234   -0.79756
  -0.79669   -0.79560   -0.79329   -0.79212   -0.79143   -0.79106   -0.78910   -0.78878
  -0.37769   -0.34398   -0.34010   -0.33658   -0.32842   -0.32014   -0.31464   -0.31083
   0.07928    0.08713    0.10156    0.10906    0.11260    0.12372    0.13686    0.14296
   0.15301    0.15938    0.16677    0.17977    0.19468    0.20298    0.20514    0.21599
   0.22195    0.22798    0.23452    0.23978    0.24417    0.25011    0.26533    0.27260
   0.45070    0.46114
 kpt#  30, nband= 50, wtk=  0.00926, kpt=  0.5000  0.1667  0.1667 (reduced coord)
  -1.94336   -1.94310   -1.94287   -1.94285   -0.80369   -0.80315   -0.80031   -0.79910
  -0.79731   -0.79684   -0.79259   -0.79217   -0.79099   -0.79041   -0.78990   -0.78956
  -0.37124   -0.34336   -0.34148   -0.34051   -0.32987   -0.31911   -0.31522   -0.31178
   0.08405    0.08527    0.10760    0.11214    0.11287    0.12761    0.13397    0.13642
   0.15391    0.16340    0.16712    0.17497    0.18501    0.19565    0.21004    0.22205
   0.22218    0.22832    0.23480    0.23545    0.24262    0.25246    0.26421    0.27214
   0.44909    0.45478
 kpt#  31, nband= 50, wtk=  0.00926, kpt= -0.3333  0.1667  0.1667 (reduced coord)
  -1.94342   -1.94304   -1.94287   -1.94284   -0.80450   -0.80328   -0.80234   -0.79756
  -0.79669   -0.79560   -0.79329   -0.79212   -0.79143   -0.79106   -0.78910   -0.78878
  -0.37769   -0.34398   -0.34010   -0.33658   -0.32842   -0.32014   -0.31464   -0.31083
   0.07928    0.08713    0.10156    0.10906    0.11260    0.12372    0.13686    0.14296
   0.15301    0.15938    0.16677    0.17977    0.19469    0.20297    0.20514    0.21599
   0.22195    0.22798    0.23452    0.23978    0.24417    0.25011    0.26533    0.27259
   0.45069    0.46114
 kpt#  32, nband= 50, wtk=  0.00926, kpt= -0.1667  0.1667  0.1667 (reduced coord)
  -1.94351   -1.94297   -1.94287   -1.94282   -0.80525   -0.80426   -0.80393   -0.79737
  -0.79515   -0.79394   -0.79341   -0.79229   -0.79190   -0.79104   -0.78842   -0.78821
  -0.38653   -0.34455   -0.34040   -0.33520   -0.32194   -0.32017   -0.31366   -0.30953
   0.07733    0.08405    0.08806    0.10285    0.11132    0.12674    0.14213    0.14799
   0.15349    0.15737    0.17314    0.18260    0.19383    0.20309    0.21011    0.21549
   0.22330    0.22795    0.23521    0.23958    0.24601    0.25179    0.26802    0.27227
   0.45484    0.46865
 kpt#  33, nband= 50, wtk=  0.00926, kpt=  0.0000  0.3333  0.1667 (reduced coord)
  -1.94340   -1.94302   -1.94292   -1.94284   -0.80375   -0.80332   -0.80230   -0.79977
  -0.79597   -0.79469   -0.79343   -0.79241   -0.79097   -0.79091   -0.78930   -0.78877
  -0.37876   -0.34849   -0.34261   -0.33709   -0.32335   -0.31590   -0.31567   -0.31058
   0.08214    0.08982    0.10371    0.10639    0.11862    0.12515    0.13681    0.14037
   0.14949    0.15991    0.16934    0.18035    0.19068    0.19763    0.20628    0.21004
   0.21190    0.22234    0.22788    0.24107    0.25110    0.26149    0.26735    0.26887
   0.44859    0.46264
 kpt#  34, nband= 50, wtk=  0.00926, kpt=  0.1667  0.3333  0.1667 (reduced coord)
  -1.94338   -1.94301   -1.94294   -1.94285   -0.80419   -0.80342   -0.80228   -0.79895
  -0.79618   -0.79573   -0.79310   -0.79198   -0.79139   -0.79056   -0.78913   -0.78877
  -0.37630   -0.34897   -0.34213   -0.33711   -0.32372   -0.32019   -0.31416   -0.31005
   0.08260    0.09344    0.10543    0.10848    0.11596    0.12613    0.13792    0.14270
   0.14744    0.15898    0.16865    0.18238    0.18857    0.19762    0.20198    0.20951
   0.21648    0.22635    0.22871    0.23687    0.24986    0.25451    0.26643    0.26935
   0.44645    0.45940
 kpt#  35, nband= 50, wtk=  0.00926, kpt=  0.3333  0.3333  0.1667 (reduced coord)
  -1.94331   -1.94300   -1.94299   -1.94289   -0.80441   -0.80342   -0.80253   -0.79937
  -0.79694   -0.79467   -0.79350   -0.79159   -0.79074   -0.79023   -0.78983   -0.78866
  -0.37015   -0.34898   -0.34261   -0.33958   -0.32561   -0.32186   -0.31380   -0.31040
   0.08510    0.10007    0.10763    0.11104    0.11791    0.12490    0.13624    0.14198
   0.14936    0.15835    0.16857    0.18407    0.18887    0.19668    0.20534    0.20676
   0.21655    0.22352    0.23101    0.23532    0.24099    0.24909    0.26433    0.26894
   0.44295    0.45500
 kpt#  36, nband= 50, wtk=  0.00926, kpt=  0.5000  0.3333  0.1667 (reduced coord)
  -1.94325   -1.94305   -1.94297   -1.94291   -0.80437   -0.80327   -0.80220   -0.80118
  -0.79594   -0.79495   -0.79288   -0.79181   -0.79057   -0.79003   -0.78947   -0.78934
  -0.36577   -0.34846   -0.34380   -0.34287   -0.32656   -0.32068   -0.31396   -0.31104
   0.08817    0.10050    0.10775    0.11557    0.11626    0.12731    0.13134    0.14504
   0.14853    0.16493    0.16592    0.17935    0.18751    0.20029    0.20335    0.21301
   0.21547    0.22386    0.22400    0.23438    0.23877    0.24740    0.26391    0.26824
   0.44326    0.45149
 kpt#  37, nband= 50, wtk=  0.00926, kpt= -0.3333  0.3333  0.1667 (reduced coord)
  -1.94331   -1.94300   -1.94299   -1.94289   -0.80441   -0.80342   -0.80253   -0.79937
  -0.79694   -0.79467   -0.79350   -0.79159   -0.79074   -0.79023   -0.78983   -0.78866
  -0.37015   -0.34898   -0.34261   -0.33958   -0.32561   -0.32186   -0.31380   -0.31040
   0.08510    0.10008    0.10763    0.11104    0.11791    0.12490    0.13624    0.14198
   0.14936    0.15835    0.16857    0.18408    0.18887    0.19668    0.20534    0.20676
   0.21655    0.22351    0.23101    0.23532    0.24099    0.24909    0.26434    0.26893
   0.44295    0.45501
 kpt#  38, nband= 50, wtk=  0.00926, kpt= -0.1667  0.3333  0.1667 (reduced coord)
  -1.94338   -1.94301   -1.94294   -1.94285   -0.80419   -0.80342   -0.80228   -0.79895
  -0.79618   -0.79573   -0.79310   -0.79198   -0.79139   -0.79056   -0.78913   -0.78877
  -0.37630   -0.34897   -0.34213   -0.33711   -0.32372   -0.32019   -0.31416   -0.31005
   0.08260    0.09344    0.10543    0.10848    0.11596    0.12614    0.13792    0.14270
   0.14744    0.15898    0.16865    0.18237    0.18857    0.19761    0.20198    0.20952
   0.21648    0.22635    0.22871    0.23687    0.24986    0.25450    0.26643    0.26935
   0.44645    0.45940
 kpt#  39, nband= 50, wtk=  0.00926, kpt=  0.0000  0.5000  0.1667 (reduced coord)
  -1.94321   -1.94321   -1.94288   -1.94288   -0.80198   -0.80198   -0.80100   -0.80100
  -0.79716   -0.79716   -0.79271   -0.79271   -0.79016   -0.79016   -0.78995   -0.78995
  -0.36327   -0.36327   -0.33981   -0.33981   -0.32028   -0.32027   -0.31304   -0.31303
   0.09093    0.09094    0.11300    0.11300    0.12149    0.12149    0.14049    0.14049
   0.14788    0.14789    0.17395    0.17396    0.18265    0.18266    0.21019    0.21020
   0.21345    0.21346    0.23469    0.23469    0.25881    0.25881    0.26762    0.26762
   0.44998    0.44999
 kpt#  40, nband= 50, wtk=  0.00926, kpt=  0.1667  0.5000  0.1667 (reduced coord)
  -1.94319   -1.94319   -1.94290   -1.94290   -0.80317   -0.80317   -0.80028   -0.80028
  -0.79734   -0.79734   -0.79208   -0.79208   -0.79045   -0.79045   -0.78965   -0.78965
  -0.36226   -0.36226   -0.33989   -0.33989   -0.32223   -0.32223   -0.31211   -0.31210
   0.09234    0.09234    0.11127    0.11127    0.12505    0.12505    0.13905    0.13905
   0.15204    0.15205    0.16877    0.16877    0.18828    0.18828    0.20338    0.20338
   0.21967    0.21968    0.23275    0.23275    0.25482    0.25483    0.26673    0.26674
   0.44733    0.44733
 kpt#  41, nband= 50, wtk=  0.00926, kpt=  0.3333  0.5000  0.1667 (reduced coord)
  -1.94315   -1.94315   -1.94294   -1.94294   -0.80391   -0.80391   -0.80160   -0.80160
  -0.79581   -0.79581   -0.79193   -0.79193   -0.79050   -0.79050   -0.78923   -0.78923
  -0.35960   -0.35960   -0.34169   -0.34169   -0.32360   -0.32360   -0.31175   -0.31175
   0.09570    0.09570    0.11219    0.11219    0.12569    0.12569    0.13699    0.13699
   0.15645    0.15645    0.17023    0.17023    0.19312    0.19313    0.20237    0.20238
   0.21698    0.21698    0.23126    0.23127    0.24685    0.24686    0.26513    0.26513
   0.44412    0.44413
 kpt#  42, nband= 50, wtk=  0.00926, kpt=  0.5000  0.5000  0.1667 (reduced coord)
  -1.94311   -1.94311   -1.94298   -1.94298   -0.80383   -0.80383   -0.80270   -0.80270
  -0.79444   -0.79444   -0.79282   -0.79282   -0.79003   -0.79003   -0.78918   -0.78917
  -0.35767   -0.35767   -0.34372   -0.34372   -0.32326   -0.32326   -0.31207   -0.31207
   0.09780    0.09780    0.11371    0.11372    0.12468    0.12468    0.13414    0.13415
   0.15869    0.15870    0.17297    0.17297    0.19591    0.19592    0.20513    0.20513
   0.21428    0.21429    0.22603    0.22604    0.24385    0.24386    0.26478    0.26478
   0.44486    0.44487
 kpt#  43, nband= 50, wtk=  0.00926, kpt= -0.3333  0.5000  0.1667 (reduced coord)
  -1.94315   -1.94315   -1.94294   -1.94294   -0.80391   -0.80391   -0.80160   -0.80160
  -0.79581   -0.79581   -0.79193   -0.79193   -0.79050   -0.79050   -0.78923   -0.78923
  -0.35960   -0.35960   -0.34169   -0.34169   -0.32360   -0.32360   -0.31175   -0.31175
   0.09570    0.09570    0.11219    0.11219    0.12569    0.12569    0.13698    0.13699
   0.15645    0.15645    0.17023    0.17024    0.19312    0.19313    0.20238    0.20238
   0.21698    0.21699    0.23126    0.23127    0.24685    0.24685    0.26513    0.26513
   0.44412    0.44413
 kpt#  44, nband= 50, wtk=  0.00926, kpt= -0.1667  0.5000  0.1667 (reduced coord)
  -1.94319   -1.94319   -1.94290   -1.94290   -0.80317   -0.80317   -0.80028   -0.80028
  -0.79734   -0.79734   -0.79208   -0.79208   -0.79045   -0.79045   -0.78965   -0.78965
  -0.36226   -0.36226   -0.33989   -0.33989   -0.32223   -0.32222   -0.31211   -0.31210
   0.09234    0.09234    0.11127    0.11127    0.12505    0.12505    0.13905    0.13905
   0.15204    0.15205    0.16877    0.16877    0.18828    0.18828    0.20338    0.20338
   0.21967    0.21968    0.23275    0.23275    0.25482    0.25483    0.26673    0.26674
   0.44733    0.44733
 kpt#  45, nband= 50, wtk=  0.00926, kpt=  0.0000 -0.3333  0.1667 (reduced coord)
  -1.94340   -1.94302   -1.94292   -1.94284   -0.80375   -0.80332   -0.80230   -0.79977
  -0.79597   -0.79469   -0.79343   -0.79241   -0.79097   -0.79091   -0.78930   -0.78876
  -0.37876   -0.34849   -0.34261   -0.33709   -0.32335   -0.31590   -0.31566   -0.31058
   0.08214    0.08982    0.10371    0.10639    0.11861    0.12515    0.13681    0.14037
   0.14949    0.15991    0.16934    0.18035    0.19068    0.19763    0.20628    0.21004
   0.21190    0.22234    0.22788    0.24107    0.25110    0.26149    0.26735    0.26887
   0.44858    0.46264
 kpt#  46, nband= 50, wtk=  0.00926, kpt=  0.1667 -0.3333  0.1667 (reduced coord)
  -1.94338   -1.94301   -1.94294   -1.94285   -0.80419   -0.80342   -0.80228   -0.79895
  -0.79618   -0.79573   -0.79310   -0.79198   -0.79139   -0.79056   -0.78913   -0.78877
  -0.37630   -0.34897   -0.34213   -0.33711   -0.32372   -0.32019   -0.31416   -0.31005
   0.08260    0.09344    0.10543    0.10848    0.11596    0.12614    0.13792    0.14270
   0.14744    0.15898    0.16865    0.18237    0.18858    0.19761    0.20198    0.20952
   0.21648    0.22635    0.22870    0.23687    0.24986    0.25451    0.26643    0.26935
   0.44644    0.45940
 kpt#  47, nband= 50, wtk=  0.00926, kpt=  0.3333 -0.3333  0.1667 (reduced coord)
  -1.94331   -1.94300   -1.94299   -1.94289   -0.80441   -0.80342   -0.80253   -0.79937
  -0.79694   -0.79467   -0.79350   -0.79159   -0.79074   -0.79023   -0.78983   -0.78866
  -0.37015   -0.34898   -0.34261   -0.33958   -0.32561   -0.32186   -0.31380   -0.31041
   0.08510    0.10008    0.10763    0.11104    0.11791    0.12490    0.13624    0.14198
   0.14936    0.15835    0.16857    0.18408    0.18886    0.19668    0.20534    0.20676
   0.21655    0.22351    0.23101    0.23532    0.24099    0.24909    0.26434    0.26893
   0.44295    0.45500
 kpt#  48, nband= 50, wtk=  0.00926, kpt=  0.5000 -0.3333  0.1667 (reduced coord)
  -1.94325   -1.94305   -1.94297   -1.94291   -0.80437   -0.80327   -0.80220   -0.80118
  -0.79594   -0.79495   -0.79288   -0.79181   -0.79057   -0.79003   -0.78947   -0.78935
  -0.36577   -0.34846   -0.34380   -0.34287   -0.32656   -0.32068   -0.31396   -0.31104
   0.08817    0.10050    0.10775    0.11557    0.11626    0.12731    0.13134    0.14504
   0.14853    0.16494    0.16592    0.17934    0.18751    0.20030    0.20335    0.21301
   0.21547    0.22386    0.22400    0.23439    0.23877    0.24740    0.26391    0.26824
   0.44326    0.45149
 kpt#  49, nband= 50, wtk=  0.00926, kpt= -0.3333 -0.3333  0.1667 (reduced coord)
  -1.94331   -1.94300   -1.94299   -1.94289   -0.80441   -0.80342   -0.80253   -0.79937
  -0.79694   -0.79467   -0.79350   -0.79159   -0.79074   -0.79023   -0.78983   -0.78866
  -0.37015   -0.34898   -0.34261   -0.33958   -0.32561   -0.32186   -0.31380   -0.31041
   0.08510    0.10008    0.10763    0.11104    0.11790    0.12490    0.13624    0.14198
   0.14936    0.15835    0.16857    0.18408    0.18887    0.19668    0.20534    0.20676
   0.21655    0.22352    0.23101    0.23532    0.24099    0.24909    0.26433    0.26894
   0.44295    0.45500
 kpt#  50, nband= 50, wtk=  0.00926, kpt= -0.1667 -0.3333  0.1667 (reduced coord)
  -1.94338   -1.94301   -1.94294   -1.94285   -0.80419   -0.80342   -0.80228   -0.79896
  -0.79618   -0.79573   -0.79310   -0.79198   -0.79139   -0.79056   -0.78913   -0.78877
  -0.37630   -0.34897   -0.34213   -0.33711   -0.32372   -0.32019   -0.31416   -0.31005
   0.08260    0.09344    0.10543    0.10848    0.11596    0.12613    0.13792    0.14270
   0.14744    0.15898    0.16866    0.18237    0.18857    0.19761    0.20199    0.20951
   0.21648    0.22635    0.22871    0.23687    0.24986    0.25451    0.26643    0.26935
   0.44644    0.45940
 kpt#  51, nband= 50, wtk=  0.00926, kpt=  0.0000 -0.1667  0.1667 (reduced coord)
  -1.94355   -1.94295   -1.94288   -1.94281   -0.80536   -0.80488   -0.80452   -0.79754
  -0.79413   -0.79400   -0.79323   -0.79251   -0.79184   -0.79027   -0.78859   -0.78802
  -0.39003   -0.34446   -0.34099   -0.33567   -0.32164   -0.31706   -0.31264   -0.30926
   0.07637    0.08214    0.08246    0.10240    0.11355    0.12065    0.14545    0.14696
   0.15616    0.15976    0.17470    0.19122    0.19293    0.19878    0.20864    0.21752
   0.22034    0.22888    0.23140    0.24236    0.24335    0.26228    0.26822    0.27112
   0.45533    0.46771
 kpt#  52, nband= 50, wtk=  0.00926, kpt=  0.1667 -0.1667  0.1667 (reduced coord)
  -1.94351   -1.94297   -1.94287   -1.94282   -0.80525   -0.80426   -0.80393   -0.79737
  -0.79515   -0.79394   -0.79341   -0.79229   -0.79190   -0.79104   -0.78842   -0.78821
  -0.38653   -0.34455   -0.34040   -0.33520   -0.32194   -0.32017   -0.31366   -0.30953
   0.07733    0.08405    0.08806    0.10285    0.11132    0.12674    0.14213    0.14799
   0.15349    0.15737    0.17314    0.18260    0.19383    0.20309    0.21011    0.21549
   0.22330    0.22795    0.23521    0.23958    0.24601    0.25179    0.26802    0.27227
   0.45484    0.46865
 kpt#  53, nband= 50, wtk=  0.00926, kpt=  0.3333 -0.1667  0.1667 (reduced coord)
  -1.94342   -1.94304   -1.94287   -1.94284   -0.80450   -0.80328   -0.80234   -0.79756
  -0.79669   -0.79560   -0.79329   -0.79212   -0.79143   -0.79106   -0.78910   -0.78878
  -0.37769   -0.34398   -0.34010   -0.33658   -0.32842   -0.32014   -0.31464   -0.31083
   0.07928    0.08713    0.10156    0.10906    0.11260    0.12372    0.13685    0.14296
   0.15301    0.15938    0.16677    0.17977    0.19468    0.20297    0.20514    0.21599
   0.22195    0.22798    0.23452    0.23978    0.24417    0.25011    0.26533    0.27259
   0.45069    0.46114
 kpt#  54, nband= 50, wtk=  0.00926, kpt=  0.5000 -0.1667  0.1667 (reduced coord)
  -1.94336   -1.94310   -1.94287   -1.94285   -0.80369   -0.80315   -0.80031   -0.79910
  -0.79731   -0.79684   -0.79259   -0.79217   -0.79099   -0.79041   -0.78990   -0.78956
  -0.37124   -0.34336   -0.34148   -0.34051   -0.32987   -0.31911   -0.31521   -0.31179
   0.08405    0.08527    0.10760    0.11214    0.11287    0.12761    0.13397    0.13642
   0.15391    0.16340    0.16712    0.17497    0.18501    0.19565    0.21004    0.22205
   0.22218    0.22832    0.23480    0.23545    0.24262    0.25246    0.26421    0.27214
   0.44908    0.45478
 kpt#  55, nband= 50, wtk=  0.00926, kpt= -0.3333 -0.1667  0.1667 (reduced coord)
  -1.94342   -1.94304   -1.94287   -1.94284   -0.80450   -0.80328   -0.80234   -0.79756
  -0.79669   -0.79560   -0.79329   -0.79212   -0.79143   -0.79106   -0.78910   -0.78878
  -0.37769   -0.34398   -0.34010   -0.33658   -0.32842   -0.32014   -0.31464   -0.31083
   0.07928    0.08713    0.10156    0.10906    0.11259    0.12372    0.13685    0.14296
   0.15301    0.15938    0.16676    0.17977    0.19468    0.20298    0.20514    0.21599
   0.22195    0.22798    0.23452    0.23978    0.24417    0.25011    0.26533    0.27259
   0.45070    0.46114
 kpt#  56, nband= 50, wtk=  0.00926, kpt= -0.1667 -0.1667  0.1667 (reduced coord)
  -1.94351   -1.94297   -1.94287   -1.94282   -0.80525   -0.80426   -0.80393   -0.79737
  -0.79515   -0.79394   -0.79341   -0.79229   -0.79190   -0.79104   -0.78842   -0.78821
  -0.38653   -0.34455   -0.34040   -0.33520   -0.32194   -0.32017   -0.31366   -0.30953
   0.07733    0.08405    0.08806    0.10285    0.11132    0.12674    0.14213    0.14799
   0.15349    0.15737    0.17314    0.18260    0.19383    0.20309    0.21011    0.21549
   0.22330    0.22795    0.23521    0.23958    0.24601    0.25179    0.26801    0.27227
   0.45484    0.46865
 kpt#  57, nband= 50, wtk=  0.00926, kpt=  0.0000  0.0000  0.3333 (reduced coord)
  -1.94347   -1.94310   -1.94282   -1.94280   -0.80396   -0.80325   -0.80262   -0.79809
  -0.79623   -0.79451   -0.79375   -0.79266   -0.79124   -0.79118   -0.78915   -0.78884
  -0.38149   -0.34922   -0.33674   -0.33431   -0.32423   -0.31881   -0.31606   -0.31215
   0.08277    0.08430    0.09464    0.11049    0.11825    0.12492    0.12806    0.13824
   0.14143    0.17500    0.18270    0.18490    0.19180    0.19799    0.20084    0.21224
   0.21802    0.22962    0.23924    0.24556    0.24781    0.25752    0.26037    0.26065
   0.46484    0.46775
 kpt#  58, nband= 50, wtk=  0.00926, kpt=  0.1667  0.0000  0.3333 (reduced coord)
  -1.94344   -1.94310   -1.94282   -1.94282   -0.80395   -0.80314   -0.80220   -0.79785
  -0.79720   -0.79494   -0.79337   -0.79256   -0.79159   -0.79090   -0.78924   -0.78869
  -0.37881   -0.34955   -0.33670   -0.33401   -0.32536   -0.31888   -0.31772   -0.31210
   0.08028    0.09205    0.09625    0.10656    0.11900    0.12369    0.13598    0.13936
   0.14575    0.16974    0.17903    0.18439    0.18500    0.19917    0.20450    0.20917
   0.21783    0.22735    0.23657    0.24708    0.24949    0.25362    0.25997    0.26106
   0.46171    0.46563
 kpt#  59, nband= 50, wtk=  0.00926, kpt=  0.3333  0.0000  0.3333 (reduced coord)
  -1.94337   -1.94312   -1.94285   -1.94284   -0.80377   -0.80292   -0.80098   -0.79887
  -0.79739   -0.79666   -0.79287   -0.79202   -0.79153   -0.79029   -0.79007   -0.78858
  -0.37223   -0.35026   -0.33675   -0.33463   -0.32948   -0.32007   -0.31694   -0.31297
   0.08141    0.09598    0.09993    0.11370    0.11849    0.12395    0.13834    0.14242
   0.15600    0.16337    0.17354    0.17734    0.18556    0.19171    0.19750    0.21151
   0.21859    0.22409    0.23605    0.24556    0.24803    0.25224    0.25567    0.26467
   0.45374    0.45850
 kpt#  60, nband= 50, wtk=  0.00926, kpt=  0.5000  0.0000  0.3333 (reduced coord)
  -1.94332   -1.94315   -1.94287   -1.94285   -0.80364   -0.80267   -0.79982   -0.79936
  -0.79885   -0.79679   -0.79285   -0.79147   -0.79115   -0.79097   -0.78958   -0.78897
  -0.36776   -0.35074   -0.33809   -0.33646   -0.33014   -0.32022   -0.31636   -0.31365
   0.08466    0.09225    0.10340    0.11674    0.12062    0.12671    0.13875    0.14219
   0.16510    0.16835    0.16946    0.17041    0.17578    0.18010    0.20700    0.20895
   0.21653    0.22701    0.24028    0.24401    0.24434    0.24661    0.25673    0.26602
   0.45070    0.45337
 kpt#  61, nband= 50, wtk=  0.00926, kpt= -0.3333  0.0000  0.3333 (reduced coord)
  -1.94337   -1.94312   -1.94285   -1.94284   -0.80377   -0.80292   -0.80098   -0.79887
  -0.79739   -0.79666   -0.79287   -0.79202   -0.79153   -0.79029   -0.79007   -0.78858
  -0.37223   -0.35026   -0.33675   -0.33463   -0.32948   -0.32007   -0.31694   -0.31298
   0.08141    0.09598    0.09992    0.11370    0.11849    0.12395    0.13833    0.14242
   0.15600    0.16337    0.17354    0.17734    0.18557    0.19171    0.19750    0.21151
   0.21859    0.22409    0.23605    0.24556    0.24803    0.25224    0.25566    0.26467
   0.45374    0.45850
 kpt#  62, nband= 50, wtk=  0.00926, kpt= -0.1667  0.0000  0.3333 (reduced coord)
  -1.94344   -1.94310   -1.94282   -1.94282   -0.80395   -0.80314   -0.80220   -0.79785
  -0.79720   -0.79494   -0.79337   -0.79256   -0.79159   -0.79090   -0.78924   -0.78869
  -0.37881   -0.34955   -0.33670   -0.33401   -0.32536   -0.31888   -0.31773   -0.31210
   0.08028    0.09205    0.09625    0.10656    0.11900    0.12370    0.13598    0.13936
   0.14575    0.16975    0.17903    0.18439    0.18500    0.19917    0.20450    0.20917
   0.21783    0.22735    0.23657    0.24708    0.24949    0.25362    0.25997    0.26106
   0.46171    0.46563
 kpt#  63, nband= 50, wtk=  0.00926, kpt=  0.0000  0.1667  0.3333 (reduced coord)
  -1.94342   -1.94308   -1.94286   -1.94282   -0.80382   -0.80267   -0.80241   -0.79915
  -0.79582   -0.79508   -0.79305   -0.79289   -0.79167   -0.79118   -0.78939   -0.78852
  -0.37830   -0.34857   -0.33835   -0.33566   -0.32314   -0.32080   -0.31612   -0.31246
   0.08761    0.08948    0.09804    0.11112    0.11791    0.12701    0.12929    0.13986
   0.14115    0.16646    0.17910    0.18493    0.19268    0.19688    0.20224    0.21198
   0.22063    0.22449    0.23313    0.24044    0.24643    0.25549    0.25874    0.26133
   0.45992    0.46980
 kpt#  64, nband= 50, wtk=  0.00926, kpt=  0.1667  0.1667  0.3333 (reduced coord)
  -1.94340   -1.94308   -1.94286   -1.94284   -0.80428   -0.80301   -0.80238   -0.79821
  -0.79659   -0.79564   -0.79299   -0.79248   -0.79132   -0.79109   -0.78899   -0.78874
  -0.37609   -0.34928   -0.33924   -0.33620   -0.32335   -0.31990   -0.31786   -0.31150
   0.08496    0.09691    0.09920    0.10793    0.11918    0.12509    0.13606    0.14152
   0.14546    0.16162    0.17459    0.18174    0.19087    0.20172    0.20579    0.21040
   0.21526    0.22347    0.23466    0.24019    0.24450    0.25094    0.25925    0.26245
   0.45564    0.46982
 kpt#  65, nband= 50, wtk=  0.00926, kpt=  0.3333  0.1667  0.3333 (reduced coord)
  -1.94333   -1.94310   -1.94287   -1.94287   -0.80458   -0.80375   -0.80219   -0.79917
  -0.79672   -0.79560   -0.79232   -0.79181   -0.79104   -0.79052   -0.78944   -0.78872
  -0.37063   -0.35060   -0.34102   -0.33915   -0.32492   -0.31863   -0.31693   -0.31155
   0.08581    0.09896    0.10410    0.11301    0.11829    0.12686    0.14009    0.14164
   0.15359    0.16038    0.16758    0.17896    0.18929    0.19543    0.19849    0.21497
   0.22023    0.22229    0.22978    0.23817    0.24245    0.25103    0.25390    0.26437
   0.44890    0.45853
 kpt#  66, nband= 50, wtk=  0.00926, kpt=  0.5000  0.1667  0.3333 (reduced coord)
  -1.94329   -1.94313   -1.94288   -1.94288   -0.80440   -0.80425   -0.80160   -0.80086
  -0.79655   -0.79519   -0.79191   -0.79126   -0.79078   -0.79043   -0.78963   -0.78909
  -0.36688   -0.35138   -0.34283   -0.34116   -0.32530   -0.31802   -0.31578   -0.31210
   0.09057    0.09305    0.10679    0.11700    0.12098    0.12660    0.13984    0.14543
   0.15658    0.16146    0.16506    0.17407    0.18352    0.18954    0.20759    0.21044
   0.21783    0.22652    0.23309    0.23531    0.23967    0.24865    0.25345    0.26475
   0.44701    0.45136
 kpt#  67, nband= 50, wtk=  0.00926, kpt= -0.3333  0.1667  0.3333 (reduced coord)
  -1.94333   -1.94310   -1.94287   -1.94287   -0.80459   -0.80375   -0.80219   -0.79917
  -0.79672   -0.79560   -0.79232   -0.79181   -0.79104   -0.79052   -0.78944   -0.78872
  -0.37063   -0.35060   -0.34102   -0.33915   -0.32492   -0.31863   -0.31693   -0.31155
   0.08581    0.09896    0.10410    0.11301    0.11829    0.12686    0.14009    0.14163
   0.15359    0.16038    0.16758    0.17896    0.18929    0.19543    0.19849    0.21497
   0.22022    0.22229    0.22979    0.23817    0.24244    0.25103    0.25390    0.26436
   0.44890    0.45854
 kpt#  68, nband= 50, wtk=  0.00926, kpt= -0.1667  0.1667  0.3333 (reduced coord)
  -1.94340   -1.94308   -1.94286   -1.94284   -0.80428   -0.80301   -0.80238   -0.79821
  -0.79659   -0.79564   -0.79299   -0.79248   -0.79132   -0.79109   -0.78899   -0.78874
  -0.37609   -0.34928   -0.33924   -0.33620   -0.32335   -0.31989   -0.31786   -0.31151
   0.08496    0.09691    0.09920    0.10793    0.11918    0.12509    0.13606    0.14152
   0.14546    0.16162    0.17459    0.18174    0.19086    0.20172    0.20579    0.21040
   0.21526    0.22346    0.23466    0.24019    0.24450    0.25093    0.25926    0.26245
   0.45564    0.46982
 kpt#  69, nband= 50, wtk=  0.00926, kpt=  0.0000  0.3333  0.3333 (reduced coord)
  -1.94330   -1.94302   -1.94298   -1.94287   -0.80282   -0.80260   -0.80085   -0.80084
  -0.79686   -0.79474   -0.79464   -0.79228   -0.79099   -0.79091   -0.78980   -0.78866
  -0.36948   -0.34652   -0.34539   -0.33911   -0.32193   -0.32018   -0.31766   -0.31383
   0.09639    0.10554    0.10586    0.11422    0.11786    0.12677    0.13463    0.13502
   0.14758    0.15934    0.17092    0.17544    0.18674    0.19914    0.20379    0.20983
   0.21484    0.22079    0.22182    0.23064    0.24781    0.25373    0.25783    0.26016
   0.45436    0.46922
 kpt#  70, nband= 50, wtk=  0.00926, kpt=  0.1667  0.3333  0.3333 (reduced coord)
  -1.94328   -1.94303   -1.94298   -1.94289   -0.80421   -0.80328   -0.80264   -0.79970
  -0.79657   -0.79461   -0.79345   -0.79162   -0.79097   -0.79058   -0.78943   -0.78881
  -0.36853   -0.34865   -0.34607   -0.34075   -0.32081   -0.32000   -0.31744   -0.31168
   0.09538    0.10413    0.11002    0.11445    0.11959    0.12581    0.13412    0.14219
   0.14864    0.15628    0.16605    0.18030    0.18865    0.19919    0.20316    0.21036
   0.21282    0.22054    0.22307    0.22854    0.24481    0.24949    0.25798    0.26180
   0.44951    0.46466
 kpt#  71, nband= 50, wtk=  0.00926, kpt=  0.3333  0.3333  0.3333 (reduced coord)
  -1.94323   -1.94305   -1.94297   -1.94292   -0.80542   -0.80466   -0.80391   -0.80187
  -0.79438   -0.79345   -0.79203   -0.79109   -0.79056   -0.79014   -0.78918   -0.78899
  -0.36591   -0.35120   -0.34870   -0.34530   -0.32029   -0.31698   -0.31502   -0.31028
   0.09502    0.10706    0.11294    0.11603    0.11986    0.12487    0.13373    0.14551
   0.15081    0.16160    0.16806    0.17930    0.18822    0.19414    0.20372    0.20936
   0.21479    0.21898    0.22204    0.22933    0.23852    0.24845    0.25391    0.26121
   0.44290    0.45750
 kpt#  72, nband= 50, wtk=  0.00926, kpt=  0.5000  0.3333  0.3333 (reduced coord)
  -1.94320   -1.94308   -1.94297   -1.94294   -0.80568   -0.80534   -0.80394   -0.80349
  -0.79326   -0.79318   -0.79117   -0.79087   -0.79006   -0.78992   -0.78940   -0.78927
  -0.36387   -0.35231   -0.34998   -0.34847   -0.31942   -0.31505   -0.31419   -0.31030
   0.09715    0.10517    0.11439    0.11762    0.12024    0.12593    0.13187    0.14564
   0.15211    0.16556    0.16963    0.17704    0.19021    0.19413    0.20105    0.20875
   0.21380    0.21866    0.22344    0.22960    0.23429    0.24930    0.25087    0.26080
   0.44251    0.44840
 kpt#  73, nband= 50, wtk=  0.00926, kpt= -0.3333  0.3333  0.3333 (reduced coord)
  -1.94323   -1.94305   -1.94297   -1.94292   -0.80542   -0.80466   -0.80391   -0.80187
  -0.79438   -0.79345   -0.79203   -0.79109   -0.79056   -0.79014   -0.78918   -0.78899
  -0.36591   -0.35120   -0.34870   -0.34530   -0.32029   -0.31698   -0.31502   -0.31029
   0.09502    0.10706    0.11294    0.11604    0.11986    0.12487    0.13373    0.14551
   0.15081    0.16160    0.16806    0.17931    0.18822    0.19414    0.20372    0.20935
   0.21479    0.21898    0.22204    0.22933    0.23852    0.24844    0.25392    0.26121
   0.44290    0.45751
 kpt#  74, nband= 50, wtk=  0.00926, kpt= -0.1667  0.3333  0.3333 (reduced coord)
  -1.94328   -1.94303   -1.94298   -1.94289   -0.80421   -0.80328   -0.80264   -0.79970
  -0.79657   -0.79461   -0.79345   -0.79162   -0.79097   -0.79058   -0.78943   -0.78881
  -0.36853   -0.34865   -0.34607   -0.34075   -0.32081   -0.32000   -0.31744   -0.31169
   0.09538    0.10412    0.11002    0.11445    0.11959    0.12581    0.13411    0.14220
   0.14864    0.15628    0.16605    0.18030    0.18865    0.19919    0.20316    0.21036
   0.21282    0.22054    0.22307    0.22853    0.24482    0.24947    0.25799    0.26180
   0.44951    0.46466
 kpt#  75, nband= 50, wtk=  0.00926, kpt=  0.0000  0.5000  0.3333 (reduced coord)
  -1.94314   -1.94314   -1.94295   -1.94295   -0.80206   -0.80206   -0.80112   -0.80112
  -0.79672   -0.79672   -0.79334   -0.79334   -0.79021   -0.79021   -0.78964   -0.78964
  -0.35729   -0.35728   -0.34316   -0.34316   -0.32016   -0.32016   -0.31661   -0.31661
   0.10755    0.10755    0.11619    0.11619    0.11669    0.11669    0.14470    0.14470
   0.14975    0.14975    0.16489    0.16490    0.18910    0.18910    0.20359    0.20359
   0.21599    0.21600    0.22556    0.22557    0.25353    0.25353    0.25593    0.25594
   0.45740    0.45741
 kpt#  76, nband= 50, wtk=  0.00926, kpt=  0.1667  0.5000  0.3333 (reduced coord)
  -1.94313   -1.94313   -1.94296   -1.94296   -0.80375   -0.80375   -0.80178   -0.80178
  -0.79550   -0.79550   -0.79219   -0.79219   -0.79010   -0.79010   -0.78966   -0.78965
  -0.35794   -0.35794   -0.34483   -0.34483   -0.32032   -0.32032   -0.31401   -0.31401
   0.10646    0.10647    0.11257    0.11257    0.12382    0.12382    0.14559    0.14559
   0.14855    0.14856    0.16673    0.16673    0.19124    0.19124    0.20416    0.20417
   0.21280    0.21281    0.22617    0.22618    0.24812    0.24813    0.25861    0.25861
   0.45252    0.45253
 kpt#  77, nband= 50, wtk=  0.00926, kpt=  0.3333  0.5000  0.3333 (reduced coord)
  -1.94310   -1.94310   -1.94299   -1.94299   -0.80529   -0.80529   -0.80390   -0.80390
  -0.79315   -0.79315   -0.79093   -0.79093   -0.79015   -0.79015   -0.78937   -0.78937
  -0.35848   -0.35848   -0.34905   -0.34905   -0.31784   -0.31784   -0.31154   -0.31154
   0.10625    0.10625    0.11399    0.11399    0.12514    0.12514    0.13804    0.13805
   0.16008    0.16008    0.17171    0.17171    0.18916    0.18916    0.20354    0.20355
   0.21113    0.21113    0.22523    0.22524    0.24518    0.24519    0.25634    0.25634
   0.44607    0.44607
 kpt#  78, nband= 50, wtk=  0.00926, kpt=  0.5000  0.5000  0.3333 (reduced coord)
  -1.94308   -1.94308   -1.94300   -1.94300   -0.80556   -0.80556   -0.80512   -0.80512
  -0.79192   -0.79192   -0.79093   -0.79093   -0.78997   -0.78997   -0.78920   -0.78920
  -0.35814   -0.35814   -0.35169   -0.35169   -0.31592   -0.31591   -0.31107   -0.31106
   0.10697    0.10697    0.11598    0.11599    0.12496    0.12496    0.13318    0.13319
   0.16751    0.16751    0.17284    0.17285    0.19262    0.19262    0.19638    0.19638
   0.21395    0.21396    0.22366    0.22367    0.24321    0.24322    0.25574    0.25574
   0.44537    0.44538
 kpt#  79, nband= 50, wtk=  0.00926, kpt= -0.3333  0.5000  0.3333 (reduced coord)
  -1.94310   -1.94310   -1.94299   -1.94299   -0.80529   -0.80529   -0.80390   -0.80390
  -0.79315   -0.79315   -0.79093   -0.79093   -0.79015   -0.79015   -0.78937   -0.78937
  -0.35848   -0.35848   -0.34905   -0.34905   -0.31784   -0.31784   -0.31155   -0.31154
   0.10625    0.10625    0.11399    0.11399    0.12514    0.12514    0.13804    0.13805
   0.16008    0.16008    0.17171    0.17172    0.18916    0.18916    0.20354    0.20355
   0.21113    0.21113    0.22523    0.22524    0.24518    0.24519    0.25634    0.25635
   0.44607    0.44607
 kpt#  80, nband= 50, wtk=  0.00926, kpt= -0.1667  0.5000  0.3333 (reduced coord)
  -1.94313   -1.94313   -1.94296   -1.94296   -0.80375   -0.80375   -0.80178   -0.80178
  -0.79550   -0.79550   -0.79219   -0.79219   -0.79010   -0.79010   -0.78966   -0.78965
  -0.35795   -0.35794   -0.34483   -0.34483   -0.32032   -0.32031   -0.31401   -0.31401
   0.10646    0.10647    0.11257    0.11257    0.12382    0.12382    0.14559    0.14559
   0.14855    0.14856    0.16673    0.16673    0.19124    0.19124    0.20416    0.20416
   0.21280    0.21281    0.22617    0.22618    0.24812    0.24813    0.25861    0.25861
   0.45252    0.45253
 kpt#  81, nband= 50, wtk=  0.00926, kpt=  0.0000 -0.3333  0.3333 (reduced coord)
  -1.94330   -1.94302   -1.94298   -1.94287   -0.80282   -0.80260   -0.80085   -0.80084
  -0.79686   -0.79475   -0.79464   -0.79228   -0.79099   -0.79090   -0.78980   -0.78866
  -0.36948   -0.34652   -0.34539   -0.33911   -0.32192   -0.32017   -0.31766   -0.31383
   0.09639    0.10554    0.10586    0.11422    0.11786    0.12677    0.13463    0.13502
   0.14758    0.15934    0.17092    0.17544    0.18674    0.19915    0.20379    0.20983
   0.21483    0.22079    0.22182    0.23064    0.24781    0.25372    0.25783    0.26016
   0.45436    0.46922
 kpt#  82, nband= 50, wtk=  0.00926, kpt=  0.1667 -0.3333  0.3333 (reduced coord)
  -1.94328   -1.94303   -1.94298   -1.94289   -0.80421   -0.80328   -0.80264   -0.79970
  -0.79657   -0.79461   -0.79345   -0.79162   -0.79097   -0.79058   -0.78943   -0.78881
  -0.36853   -0.34865   -0.34607   -0.34075   -0.32081   -0.32000   -0.31743   -0.31169
   0.09538    0.10413    0.11002    0.11445    0.11959    0.12581    0.13412    0.14219
   0.14863    0.15628    0.16605    0.18030    0.18865    0.19920    0.20316    0.21036
   0.21282    0.22054    0.22307    0.22853    0.24482    0.24948    0.25799    0.26180
   0.44950    0.46466
 kpt#  83, nband= 50, wtk=  0.00926, kpt=  0.3333 -0.3333  0.3333 (reduced coord)
  -1.94323   -1.94305   -1.94297   -1.94292   -0.80542   -0.80466   -0.80391   -0.80187
  -0.79438   -0.79345   -0.79203   -0.79109   -0.79056   -0.79014   -0.78918   -0.78899
  -0.36591   -0.35120   -0.34870   -0.34530   -0.32029   -0.31698   -0.31501   -0.31029
   0.09502    0.10706    0.11294    0.11603    0.11986    0.12487    0.13373    0.14550
   0.15081    0.16160    0.16806    0.17930    0.18822    0.19415    0.20372    0.20936
   0.21479    0.21899    0.22204    0.22933    0.23852    0.24844    0.25392    0.26121
   0.44290    0.45750
 kpt#  84, nband= 50, wtk=  0.00926, kpt=  0.5000 -0.3333  0.3333 (reduced coord)
  -1.94320   -1.94308   -1.94297   -1.94294   -0.80568   -0.80534   -0.80394   -0.80349
  -0.79326   -0.79318   -0.79117   -0.79087   -0.79006   -0.78992   -0.78940   -0.78927
  -0.36387   -0.35230   -0.34998   -0.34847   -0.31942   -0.31505   -0.31419   -0.31030
   0.09715    0.10517    0.11439    0.11762    0.12024    0.12593    0.13187    0.14563
   0.15211    0.16556    0.16963    0.17704    0.19020    0.19413    0.20106    0.20875
   0.21380    0.21866    0.22344    0.22960    0.23429    0.24930    0.25087    0.26081
   0.44251    0.44840
 kpt#  85, nband= 50, wtk=  0.00926, kpt= -0.3333 -0.3333  0.3333 (reduced coord)
  -1.94323   -1.94305   -1.94297   -1.94292   -0.80542   -0.80466   -0.80391   -0.80187
  -0.79438   -0.79345   -0.79203   -0.79109   -0.79056   -0.79014   -0.78918   -0.78899
  -0.36591   -0.35120   -0.34870   -0.34530   -0.32029   -0.31698   -0.31502   -0.31029
   0.09502    0.10706    0.11294    0.11603    0.11986    0.12487    0.13373    0.14550
   0.15081    0.16160    0.16806    0.17930    0.18822    0.19414    0.20372    0.20936
   0.21479    0.21899    0.22204    0.22933    0.23852    0.24844    0.25391    0.26121
   0.44290    0.45750
 kpt#  86, nband= 50, wtk=  0.00926, kpt= -0.1667 -0.3333  0.3333 (reduced coord)
  -1.94328   -1.94303   -1.94298   -1.94289   -0.80421   -0.80328   -0.80264   -0.79970
  -0.79657   -0.79461   -0.79345   -0.79162   -0.79097   -0.79058   -0.78943   -0.78881
  -0.36853   -0.34865   -0.34607   -0.34075   -0.32080   -0.32000   -0.31744   -0.31169
   0.09538    0.10413    0.11002    0.11445    0.11959    0.12581    0.13412    0.14219
   0.14863    0.15627    0.16605    0.18031    0.18865    0.19919    0.20316    0.21036
   0.21282    0.22054    0.22307    0.22854    0.24481    0.24948    0.25798    0.26180
   0.44950    0.46466
 kpt#  87, nband= 50, wtk=  0.00926, kpt=  0.0000 -0.1667  0.3333 (reduced coord)
  -1.94342   -1.94308   -1.94286   -1.94282   -0.80382   -0.80267   -0.80241   -0.79915
  -0.79582   -0.79508   -0.79305   -0.79289   -0.79167   -0.79118   -0.78939   -0.78852
  -0.37830   -0.34857   -0.33835   -0.33567   -0.32314   -0.32080   -0.31612   -0.31246
   0.08761    0.08948    0.09804    0.11112    0.11791    0.12701    0.12929    0.13986
   0.14115    0.16646    0.17910    0.18493    0.19268    0.19687    0.20224    0.21198
   0.22063    0.22449    0.23313    0.24044    0.24643    0.25549    0.25874    0.26133
   0.45992    0.46980
 kpt#  88, nband= 50, wtk=  0.00926, kpt=  0.1667 -0.1667  0.3333 (reduced coord)
  -1.94340   -1.94308   -1.94286   -1.94284   -0.80428   -0.80301   -0.80238   -0.79821
  -0.79659   -0.79564   -0.79299   -0.79248   -0.79132   -0.79109   -0.78899   -0.78874
  -0.37609   -0.34928   -0.33924   -0.33620   -0.32335   -0.31989   -0.31786   -0.31151
   0.08496    0.09691    0.09920    0.10793    0.11918    0.12509    0.13606    0.14152
   0.14546    0.16162    0.17459    0.18174    0.19086    0.20172    0.20579    0.21040
   0.21526    0.22347    0.23467    0.24019    0.24450    0.25093    0.25925    0.26245
   0.45564    0.46982
 kpt#  89, nband= 50, wtk=  0.00926, kpt=  0.3333 -0.1667  0.3333 (reduced coord)
  -1.94333   -1.94310   -1.94287   -1.94287   -0.80458   -0.80375   -0.80219   -0.79917
  -0.79672   -0.79560   -0.79232   -0.79181   -0.79104   -0.79052   -0.78944   -0.78872
  -0.37063   -0.35060   -0.34102   -0.33915   -0.32492   -0.31862   -0.31693   -0.31155
   0.08581    0.09896    0.10410    0.11301    0.11829    0.12686    0.14009    0.14163
   0.15359    0.16038    0.16758    0.17896    0.18929    0.19543    0.19849    0.21497
   0.22023    0.22229    0.22978    0.23817    0.24244    0.25103    0.25390    0.26436
   0.44890    0.45854
 kpt#  90, nband= 50, wtk=  0.00926, kpt=  0.5000 -0.1667  0.3333 (reduced coord)
  -1.94329   -1.94313   -1.94288   -1.94288   -0.80440   -0.80425   -0.80159   -0.80086
  -0.79655   -0.79519   -0.79191   -0.79126   -0.79078   -0.79043   -0.78963   -0.78909
  -0.36688   -0.35138   -0.34283   -0.34116   -0.32530   -0.31801   -0.31578   -0.31210
   0.09057    0.09305    0.10678    0.11700    0.12098    0.12660    0.13984    0.14543
   0.15658    0.16146    0.16506    0.17408    0.18352    0.18953    0.20759    0.21044
   0.21783    0.22652    0.23309    0.23531    0.23967    0.24865    0.25345    0.26475
   0.44701    0.45136
 kpt#  91, nband= 50, wtk=  0.00926, kpt= -0.3333 -0.1667  0.3333 (reduced coord)
  -1.94333   -1.94310   -1.94287   -1.94287   -0.80459   -0.80375   -0.80219   -0.79917
  -0.79672   -0.79560   -0.79232   -0.79181   -0.79104   -0.79052   -0.78944   -0.78872
  -0.37063   -0.35060   -0.34102   -0.33915   -0.32492   -0.31863   -0.31693   -0.31155
   0.08581    0.09896    0.10410    0.11301    0.11829    0.12686    0.14009    0.14163
   0.15359    0.16038    0.16758    0.17896    0.18929    0.19543    0.19848    0.21497
   0.22023    0.22229    0.22978    0.23817    0.24245    0.25102    0.25389    0.26437
   0.44890    0.45853
 kpt#  92, nband= 50, wtk=  0.00926, kpt= -0.1667 -0.1667  0.3333 (reduced coord)
  -1.94340   -1.94308   -1.94286   -1.94284   -0.80428   -0.80301   -0.80238   -0.79821
  -0.79659   -0.79564   -0.79299   -0.79248   -0.79132   -0.79109   -0.78899   -0.78874
  -0.37609   -0.34928   -0.33924   -0.33620   -0.32335   -0.31989   -0.31786   -0.31151
   0.08496    0.09691    0.09920    0.10793    0.11918    0.12509    0.13607    0.14152
   0.14546    0.16163    0.17459    0.18175    0.19087    0.20172    0.20579    0.21041
   0.21527    0.22347    0.23466    0.24019    0.24450    0.25094    0.25925    0.26245
   0.45564    0.46982
 kpt#  93, nband= 50, wtk=  0.00463, kpt=  0.0000  0.0000  0.5000 (reduced coord)
  -1.94328   -1.94328   -1.94281   -1.94280   -0.80104   -0.80104   -0.80084   -0.80083
  -0.79713   -0.79713   -0.79356   -0.79356   -0.79040   -0.79040   -0.79000   -0.79000
  -0.36424   -0.36423   -0.33434   -0.33433   -0.32204   -0.32204   -0.31629   -0.31629
   0.09038    0.09038    0.10636    0.10636    0.12558    0.12558    0.12912    0.12913
   0.14887    0.14887    0.18300    0.18300    0.19691    0.19692    0.20775    0.20775
   0.21714    0.21715    0.24595    0.24596    0.24832    0.24832    0.25918    0.25918
   0.46838    0.46838
 kpt#  94, nband= 50, wtk=  0.00926, kpt=  0.1667  0.0000  0.5000 (reduced coord)
  -1.94327   -1.94327   -1.94282   -1.94282   -0.80212   -0.80212   -0.79979   -0.79979
  -0.79788   -0.79788   -0.79284   -0.79284   -0.79055   -0.79055   -0.78982   -0.78982
  -0.36324   -0.36324   -0.33459   -0.33458   -0.32354   -0.32354   -0.31557   -0.31557
   0.08931    0.08931    0.10889    0.10889    0.12497    0.12497    0.13477    0.13477
   0.15200    0.15201    0.17893    0.17893    0.19038    0.19038    0.20505    0.20506
   0.22239    0.22240    0.24347    0.24348    0.24973    0.24974    0.25650    0.25651
   0.46222    0.46222
 kpt#  95, nband= 50, wtk=  0.00926, kpt=  0.3333  0.0000  0.5000 (reduced coord)
  -1.94324   -1.94324   -1.94285   -1.94285   -0.80309   -0.80309   -0.79914   -0.79914
  -0.79857   -0.79857   -0.79193   -0.79193   -0.79111   -0.79111   -0.78921   -0.78921
  -0.36104   -0.36104   -0.33548   -0.33548   -0.32559   -0.32559   -0.31487   -0.31486
   0.09066    0.09066    0.11051    0.11052    0.12314    0.12314    0.14701    0.14701
   0.15958    0.15959    0.17117    0.17118    0.18365    0.18365    0.19892    0.19893
   0.22474    0.22475    0.23689    0.23690    0.24916    0.24916    0.25726    0.25726
   0.45392    0.45392
 kpt#  96, nband= 50, wtk=  0.00463, kpt=  0.5000  0.0000  0.5000 (reduced coord)
  -1.94322   -1.94322   -1.94287   -1.94287   -0.80345   -0.80345   -0.79967   -0.79967
  -0.79795   -0.79795   -0.79229   -0.79229   -0.79072   -0.79072   -0.78901   -0.78901
  -0.35983   -0.35982   -0.33619   -0.33619   -0.32631   -0.32631   -0.31470   -0.31470
   0.09356    0.09356    0.10878    0.10879    0.12169    0.12169    0.15548    0.15548
   0.16210    0.16211    0.17013    0.17014    0.18102    0.18102    0.19440    0.19440
   0.21864    0.21865    0.23825    0.23826    0.24861    0.24861    0.25739    0.25739
   0.44979    0.44980
 kpt#  97, nband= 50, wtk=  0.00926, kpt=  0.0000  0.1667  0.5000 (reduced coord)
  -1.94325   -1.94325   -1.94284   -1.94284   -0.80152   -0.80152   -0.80062   -0.80062
  -0.79726   -0.79726   -0.79305   -0.79305   -0.79104   -0.79104   -0.78952   -0.78952
  -0.36230   -0.36230   -0.33646   -0.33646   -0.32156   -0.32155   -0.31679   -0.31678
   0.09561    0.09562    0.10744    0.10745    0.12748    0.12748    0.13078    0.13078
   0.14782    0.14782    0.17922    0.17922    0.19551    0.19551    0.20516    0.20517
   0.21937    0.21938    0.24029    0.24029    0.24741    0.24742    0.25707    0.25708
   0.46657    0.46657
 kpt#  98, nband= 50, wtk=  0.00926, kpt=  0.1667  0.1667  0.5000 (reduced coord)
  -1.94324   -1.94324   -1.94285   -1.94285   -0.80308   -0.80284   -0.80035   -0.79994
  -0.79715   -0.79715   -0.79268   -0.79229   -0.79089   -0.79039   -0.78970   -0.78952
  -0.36254   -0.36111   -0.33815   -0.33721   -0.32287   -0.32129   -0.31662   -0.31433
   0.09352    0.09480    0.10961    0.11071    0.12336    0.12861    0.13575    0.13703
   0.14963    0.15240    0.17201    0.17577    0.19261    0.19391    0.20459    0.20542
   0.22110    0.22186    0.23778    0.23887    0.24385    0.24890    0.25178    0.26012
   0.45663    0.46848
 kpt#  99, nband= 50, wtk=  0.00926, kpt=  0.3333  0.1667  0.5000 (reduced coord)
  -1.94321   -1.94321   -1.94288   -1.94288   -0.80427   -0.80418   -0.80154   -0.80103
  -0.79599   -0.79597   -0.79176   -0.79135   -0.79079   -0.79052   -0.78929   -0.78923
  -0.36147   -0.35991   -0.34101   -0.34018   -0.32209   -0.32150   -0.31467   -0.31312
   0.09352    0.09770    0.10886    0.11444    0.12213    0.12567    0.14140    0.14915
   0.15657    0.15726    0.16744    0.17677    0.18564    0.18638    0.19877    0.20702
   0.22237    0.22363    0.22775    0.23963    0.24046    0.24584    0.25546    0.25704
   0.44939    0.45535
 kpt# 100, nband= 50, wtk=  0.00926, kpt=  0.5000  0.1667  0.5000 (reduced coord)
  -1.94319   -1.94319   -1.94289   -1.94289   -0.80464   -0.80464   -0.80197   -0.80197
  -0.79530   -0.79530   -0.79147   -0.79147   -0.79051   -0.79051   -0.78905   -0.78905
  -0.35999   -0.35999   -0.34224   -0.34224   -0.32122   -0.32122   -0.31350   -0.31350
   0.09825    0.09825    0.11009    0.11009    0.12273    0.12273    0.14710    0.14710
   0.16382    0.16382    0.16925    0.16926    0.18852    0.18853    0.19689    0.19690
   0.21996    0.21997    0.23393    0.23394    0.24232    0.24232    0.25647    0.25647
   0.44797    0.44798
 kpt# 101, nband= 50, wtk=  0.00926, kpt= -0.3333  0.1667  0.5000 (reduced coord)
  -1.94321   -1.94321   -1.94288   -1.94288   -0.80427   -0.80418   -0.80154   -0.80103
  -0.79599   -0.79597   -0.79176   -0.79135   -0.79079   -0.79052   -0.78929   -0.78923
  -0.36147   -0.35991   -0.34101   -0.34019   -0.32209   -0.32150   -0.31467   -0.31313
   0.09352    0.09770    0.10886    0.11443    0.12213    0.12567    0.14140    0.14915
   0.15657    0.15726    0.16744    0.17677    0.18564    0.18638    0.19877    0.20702
   0.22236    0.22364    0.22775    0.23964    0.24046    0.24584    0.25546    0.25704
   0.44939    0.45535
 kpt# 102, nband= 50, wtk=  0.00926, kpt= -0.1667  0.1667  0.5000 (reduced coord)
  -1.94324   -1.94324   -1.94285   -1.94285   -0.80308   -0.80284   -0.80035   -0.79994
  -0.79715   -0.79715   -0.79268   -0.79230   -0.79089   -0.79039   -0.78970   -0.78952
  -0.36254   -0.36111   -0.33815   -0.33721   -0.32287   -0.32129   -0.31662   -0.31433
   0.09352    0.09481    0.10961    0.11071    0.12336    0.12861    0.13575    0.13704
   0.14963    0.15240    0.17201    0.17577    0.19261    0.19391    0.20458    0.20542
   0.22110    0.22187    0.23779    0.23887    0.24386    0.24890    0.25177    0.26013
   0.45663    0.46848
 kpt# 103, nband= 50, wtk=  0.00926, kpt=  0.0000  0.3333  0.5000 (reduced coord)
  -1.94316   -1.94316   -1.94292   -1.94292   -0.80196   -0.80196   -0.80097   -0.80097
  -0.79673   -0.79673   -0.79332   -0.79332   -0.79086   -0.79086   -0.78927   -0.78927
  -0.35697   -0.35697   -0.34209   -0.34208   -0.32047   -0.32047   -0.31793   -0.31793
   0.10547    0.10548    0.11398    0.11398    0.12684    0.12684    0.13852    0.13852
   0.14657    0.14658    0.17218    0.17219    0.18189    0.18190    0.20958    0.20958
   0.22167    0.22167    0.22685    0.22685    0.24459    0.24460    0.25480    0.25480
   0.46454    0.46455
 kpt# 104, nband= 50, wtk=  0.00926, kpt=  0.1667  0.3333  0.5000 (reduced coord)
  -1.94316   -1.94316   -1.94293   -1.94293   -0.80387   -0.80344   -0.80215   -0.80144
  -0.79553   -0.79510   -0.79266   -0.79185   -0.79068   -0.79068   -0.78930   -0.78929
  -0.35883   -0.35669   -0.34457   -0.34410   -0.31963   -0.31938   -0.31710   -0.31430
   0.10322    0.10566    0.11454    0.11615    0.12205    0.13260    0.13828    0.13935
   0.15004    0.15143    0.16661    0.16858    0.18904    0.18986    0.20664    0.20987
   0.21864    0.21927    0.22305    0.22334    0.24194    0.24845    0.24951    0.26043
   0.45231    0.46968
 kpt# 105, nband= 50, wtk=  0.00926, kpt=  0.3333  0.3333  0.5000 (reduced coord)
  -1.94314   -1.94314   -1.94295   -1.94295   -0.80558   -0.80534   -0.80401   -0.80345
  -0.79323   -0.79299   -0.79128   -0.79084   -0.79032   -0.79009   -0.78923   -0.78921
  -0.36005   -0.35801   -0.34865   -0.34836   -0.31728   -0.31642   -0.31359   -0.31170
   0.10356    0.10618    0.11580    0.11939    0.11963    0.13075    0.13602    0.13746
   0.15768    0.16021    0.17124    0.17129    0.18765    0.19251    0.20452    0.20552
   0.21453    0.21947    0.22085    0.22375    0.23743    0.24762    0.24994    0.25674
   0.44396    0.45782
 kpt# 106, nband= 50, wtk=  0.00926, kpt=  0.5000  0.3333  0.5000 (reduced coord)
  -1.94313   -1.94313   -1.94296   -1.94296   -0.80609   -0.80609   -0.80461   -0.80461
  -0.79224   -0.79224   -0.79066   -0.79066   -0.79003   -0.79003   -0.78905   -0.78905
  -0.35949   -0.35949   -0.35052   -0.35052   -0.31524   -0.31524   -0.31164   -0.31164
   0.10623    0.10624    0.11799    0.11799    0.12328    0.12328    0.13622    0.13623
   0.16217    0.16217    0.17377    0.17377    0.19189    0.19189    0.19925    0.19925
   0.22004    0.22004    0.22463    0.22463    0.23736    0.23737    0.25292    0.25292
   0.44547    0.44548
 kpt# 107, nband= 50, wtk=  0.00926, kpt= -0.3333  0.3333  0.5000 (reduced coord)
  -1.94314   -1.94314   -1.94295   -1.94295   -0.80558   -0.80534   -0.80401   -0.80345
  -0.79323   -0.79299   -0.79128   -0.79084   -0.79032   -0.79009   -0.78923   -0.78921
  -0.36005   -0.35801   -0.34865   -0.34836   -0.31728   -0.31641   -0.31359   -0.31170
   0.10356    0.10618    0.11580    0.11939    0.11962    0.13075    0.13602    0.13746
   0.15768    0.16021    0.17125    0.17129    0.18765    0.19251    0.20453    0.20552
   0.21452    0.21947    0.22085    0.22375    0.23744    0.24762    0.24994    0.25675
   0.44396    0.45782
 kpt# 108, nband= 50, wtk=  0.00926, kpt= -0.1667  0.3333  0.5000 (reduced coord)
  -1.94316   -1.94316   -1.94293   -1.94293   -0.80387   -0.80344   -0.80215   -0.80144
  -0.79553   -0.79510   -0.79266   -0.79185   -0.79068   -0.79067   -0.78930   -0.78929
  -0.35883   -0.35669   -0.34457   -0.34410   -0.31963   -0.31938   -0.31710   -0.31430
   0.10322    0.10566    0.11453    0.11614    0.12205    0.13261    0.13828    0.13935
   0.15004    0.15143    0.16661    0.16857    0.18904    0.18986    0.20664    0.20987
   0.21864    0.21927    0.22305    0.22334    0.24195    0.24844    0.24951    0.26043
   0.45231    0.46968
 kpt# 109, nband= 50, wtk=  0.00463, kpt=  0.0000  0.5000  0.5000 (reduced coord)
  -1.94305   -1.94304   -1.94304   -1.94304   -0.80173   -0.80173   -0.80173   -0.80173
  -0.79509   -0.79509   -0.79509   -0.79509   -0.78976   -0.78976   -0.78976   -0.78976
  -0.34960   -0.34960   -0.34960   -0.34959   -0.31923   -0.31923   -0.31923   -0.31922
   0.11258    0.11258    0.11259    0.11259    0.13824    0.13825    0.13825    0.13825
   0.15175    0.15175    0.15175    0.15175    0.19339    0.19339    0.19340    0.19340
   0.22408    0.22408    0.22409    0.22409    0.24851    0.24851    0.24852    0.24852
   0.46885    0.46885
 kpt# 110, nband= 50, wtk=  0.00926, kpt=  0.1667  0.5000  0.5000 (reduced coord)
  -1.94304   -1.94304   -1.94304   -1.94304   -0.80355   -0.80355   -0.80293   -0.80293
  -0.79387   -0.79387   -0.79318   -0.79318   -0.78975   -0.78975   -0.78972   -0.78972
  -0.35247   -0.35247   -0.35070   -0.35069   -0.31815   -0.31814   -0.31611   -0.31611
   0.11055    0.11056    0.11499    0.11499    0.13436    0.13436    0.13705    0.13706
   0.15629    0.15630    0.15731    0.15731    0.19516    0.19517    0.19630    0.19631
   0.21834    0.21835    0.22023    0.22024    0.24448    0.24449    0.25508    0.25509
   0.45693    0.45693
 kpt# 111, nband= 50, wtk=  0.00926, kpt=  0.3333  0.5000  0.5000 (reduced coord)
  -1.94304   -1.94304   -1.94304   -1.94304   -0.80554   -0.80554   -0.80511   -0.80511
  -0.79166   -0.79166   -0.79116   -0.79116   -0.78962   -0.78962   -0.78960   -0.78960
  -0.35575   -0.35575   -0.35431   -0.35430   -0.31435   -0.31435   -0.31264   -0.31263
   0.11192    0.11192    0.11487    0.11488    0.12999    0.13000    0.13498    0.13499
   0.16369    0.16369    0.16547    0.16548    0.19436    0.19437    0.19694    0.19695
   0.21499    0.21499    0.21952    0.21952    0.24344    0.24345    0.25285    0.25285
   0.44840    0.44841
 kpt# 112, nband= 50, wtk=  0.00463, kpt=  0.5000  0.5000  0.5000 (reduced coord)
  -1.94304   -1.94304   -1.94304   -1.94304   -0.80616   -0.80616   -0.80616   -0.80616
  -0.79069   -0.79069   -0.79069   -0.79069   -0.78944   -0.78944   -0.78944   -0.78944
  -0.35657   -0.35657   -0.35657   -0.35657   -0.31188   -0.31188   -0.31188   -0.31188
   0.11386    0.11387    0.11387    0.11387    0.13130    0.13130    0.13130    0.13130
   0.16659    0.16659    0.16660    0.16660    0.19498    0.19498    0.19498    0.19499
   0.21929    0.21930    0.21930    0.21931    0.24552    0.24552    0.24552    0.24553
   0.44989    0.44990
