 Fermi (or HOMO) energy (hartree) =   0.27964   Average Vxc (hartree)=  -0.44603
 Eigenvalues (hartree) for nkpt= 112  k points:
 kpt#   1, nband= 50, wtk=  0.00463, kpt=  0.0000  0.0000  0.0000 (reduced coord)
  -1.94334   -1.94261   -1.94252   -1.94250   -0.80684   -0.80604   -0.80600   -0.79574
  -0.79305   -0.79296   -0.79292   -0.79291   -0.79199   -0.78788   -0.78776   -0.78734
  -0.39865   -0.34415   -0.34253   -0.33631   -0.31810   -0.31168   -0.31042   -0.30823
   0.06705    0.06905    0.07511    0.09877    0.10669    0.10751    0.15940    0.15953
   0.16015    0.16250    0.17629    0.19109    0.19500    0.20343    0.21189    0.21539
   0.22832    0.23286    0.23422    0.23718    0.24671    0.26544    0.27962    0.27964
   0.45655    0.46439
 kpt#   2, nband= 50, wtk=  0.00926, kpt=  0.1667  0.0000  0.0000 (reduced coord)
  -1.94330   -1.94265   -1.94253   -1.94250   -0.80614   -0.80531   -0.80497   -0.79593
  -0.79402   -0.79355   -0.79269   -0.79239   -0.79194   -0.78910   -0.78819   -0.78769
  -0.39431   -0.34311   -0.34143   -0.33537   -0.31867   -0.31829   -0.31023   -0.30916
   0.07096    0.07422    0.07562    0.10071    0.10084    0.12414    0.14947    0.15095
   0.15512    0.16225    0.17590    0.18644    0.18858    0.20791    0.21103    0.22083
   0.23080    0.23308    0.23790    0.24503    0.24617    0.25259    0.27650    0.27869
   0.46177    0.46835
 kpt#   3, nband= 50, wtk=  0.00926, kpt=  0.3333  0.0000  0.0000 (reduced coord)
  -1.94320   -1.94275   -1.94253   -1.94250   -0.80436   -0.80353   -0.80203   -0.79719
  -0.79594   -0.79390   -0.79261   -0.79257   -0.79171   -0.79146   -0.78895   -0.78860
  -0.38317   -0.34114   -0.33896   -0.33336   -0.33152   -0.31991   -0.31211   -0.31137
   0.07563    0.07655    0.09695    0.10431    0.10692    0.12102    0.13477    0.13788
   0.16131    0.16334    0.16393    0.17904    0.19192    0.20745    0.21011    0.21444
   0.22736    0.23697    0.24184    0.24212    0.24699    0.25402    0.27467    0.27538
   0.45567    0.46210
 kpt#   4, nband= 50, wtk=  0.00463, kpt=  0.5000  0.0000  0.0000 (reduced coord)
  -1.94312   -1.94282   -1.94253   -1.94250   -0.80297   -0.80215   -0.79895   -0.79851
  -0.79732   -0.79597   -0.79388   -0.79259   -0.79142   -0.79065   -0.78949   -0.78944
  -0.37461   -0.34354   -0.33748   -0.33743   -0.33234   -0.32054   -0.31331   -0.31273
   0.07950    0.08069    0.10748    0.10788    0.10928    0.11768    0.12754    0.13050
   0.15370    0.16514    0.17506    0.17913    0.18564    0.19111    0.21393    0.21685
   0.22838    0.23234    0.23957    0.24253    0.25059    0.25661    0.27324    0.27617
   0.45043    0.45872
 kpt#   5, nband= 50, wtk=  0.00926, kpt=  0.0000  0.1667  0.0000 (reduced coord)
  -1.94329   -1.94261   -1.94257   -1.94251   -0.80578   -0.80545   -0.80523   -0.79677
  -0.79372   -0.79296   -0.79296   -0.79287   -0.79138   -0.78849   -0.78821   -0.78804
  -0.39415   -0.34322   -0.34283   -0.33637   -0.32151   -0.31199   -0.31175   -0.30875
   0.07218    0.07256    0.07780    0.10029    0.10991    0.11755    0.14765    0.15347
   0.15871    0.16482    0.16828    0.19104    0.19239    0.20057    0.21190    0.22069
   0.22506    0.23002    0.23702    0.23788    0.24193    0.26390    0.27759    0.27785
   0.45390    0.46778
 kpt#   6, nband= 50, wtk=  0.00926, kpt=  0.1667  0.1667  0.0000 (reduced coord)
  -1.94325   -1.94264   -1.94257   -1.94251   -0.80530   -0.80484   -0.80428   -0.79704
  -0.79409   -0.79392   -0.79263   -0.79236   -0.79133   -0.79026   -0.78856   -0.78766
  -0.39018   -0.34238   -0.34222   -0.33531   -0.32187   -0.31897   -0.31068   -0.30949
   0.07142    0.08028    0.08161    0.10180    0.10553    0.12823    0.14268    0.15005
   0.15516    0.15842    0.17243    0.18497    0.18827    0.20257    0.21264    0.21852
   0.22956    0.23363    0.23514    0.24076    0.24796    0.25057    0.27546    0.27670
   0.45527    0.46621
 kpt#   7, nband= 50, wtk=  0.00926, kpt=  0.3333  0.1667  0.0000 (reduced coord)
  -1.94315   -1.94273   -1.94257   -1.94252   -0.80407   -0.80308   -0.80187   -0.79822
  -0.79583   -0.79390   -0.79377   -0.79244   -0.79126   -0.79093   -0.78941   -0.78826
  -0.38001   -0.34117   -0.34034   -0.33345   -0.33132   -0.32224   -0.31219   -0.31132
   0.07523    0.08512    0.09956    0.10750    0.10765    0.12338    0.13383    0.13859
   0.15806    0.16001    0.16916    0.17964    0.19008    0.20339    0.20998    0.21047
   0.22646    0.23420    0.23847    0.23962    0.24768    0.24931    0.27376    0.27399
   0.45492    0.45857
 kpt#   8, nband= 50, wtk=  0.00926, kpt=  0.5000  0.1667  0.0000 (reduced coord)
  -1.94308   -1.94280   -1.94256   -1.94253   -0.80316   -0.80163   -0.79949   -0.79920
  -0.79706   -0.79683   -0.79318   -0.79257   -0.79118   -0.78998   -0.78990   -0.78923
  -0.37231   -0.34225   -0.34038   -0.33692   -0.33281   -0.32203   -0.31325   -0.31254
   0.08134    0.08552    0.10655    0.11069    0.11197    0.12010    0.12763    0.13447
   0.15575    0.16217    0.17739    0.17799    0.18013    0.19387    0.21330    0.21382
   0.22475    0.23084    0.23620    0.23824    0.25051    0.25088    0.27189    0.27503
   0.45513    0.45710
 kpt#   9, nband= 50, wtk=  0.00926, kpt= -0.3333  0.1667  0.0000 (reduced coord)
  -1.94315   -1.94273   -1.94257   -1.94252   -0.80407   -0.80308   -0.80187   -0.79822
  -0.79583   -0.79390   -0.79376   -0.79245   -0.79126   -0.79093   -0.78941   -0.78826
  -0.38001   -0.34117   -0.34034   -0.33345   -0.33131   -0.32224   -0.31219   -0.31132
   0.07522    0.08513    0.09956    0.10750    0.10766    0.12337    0.13383    0.13857
   0.15806    0.16001    0.16916    0.17963    0.19008    0.20340    0.20998    0.21047
   0.22647    0.23420    0.23847    0.23962    0.24767    0.24930    0.27376    0.27399
   0.45496    0.45857
 kpt#  10, nband= 50, wtk=  0.00926, kpt= -0.1667  0.1667  0.0000 (reduced coord)
  -1.94325   -1.94264   -1.94257   -1.94251   -0.80530   -0.80484   -0.80428   -0.79704
  -0.79408   -0.79392   -0.79263   -0.79236   -0.79134   -0.79026   -0.78856   -0.78766
  -0.39018   -0.34238   -0.34222   -0.33530   -0.32187   -0.31897   -0.31068   -0.30949
   0.07142    0.08028    0.08161    0.10180    0.10554    0.12822    0.14268    0.15004
   0.15516    0.15842    0.17244    0.18497    0.18826    0.20257    0.21264    0.21853
   0.22953    0.23364    0.23515    0.24077    0.24796    0.25055    0.27546    0.27671
   0.45529    0.46621
 kpt#  11, nband= 50, wtk=  0.00926, kpt=  0.0000  0.3333  0.0000 (reduced coord)
  -1.94314   -1.94273   -1.94259   -1.94252   -0.80390   -0.80307   -0.80293   -0.79906
  -0.79585   -0.79383   -0.79269   -0.79267   -0.79057   -0.79036   -0.78905   -0.78877
  -0.38176   -0.34909   -0.34090   -0.33688   -0.32494   -0.31622   -0.31175   -0.31004
   0.07405    0.08530    0.10142    0.10162    0.11765    0.13209    0.13267    0.13957
   0.14330    0.16238    0.17171    0.17938    0.19392    0.19685    0.20621    0.20838
   0.21118    0.22300    0.24259    0.24491    0.25205    0.26307    0.27410    0.27439
   0.44829    0.46025
 kpt#  12, nband= 50, wtk=  0.00926, kpt=  0.1667  0.3333  0.0000 (reduced coord)
  -1.94311   -1.94272   -1.94262   -1.94253   -0.80369   -0.80306   -0.80225   -0.79908
  -0.79600   -0.79496   -0.79254   -0.79221   -0.79105   -0.79038   -0.78947   -0.78826
  -0.37878   -0.34884   -0.34006   -0.33597   -0.32551   -0.32104   -0.31140   -0.31049
   0.07533    0.09203    0.10194    0.10345    0.11509    0.12908    0.13423    0.14251
   0.14355    0.16558    0.17048    0.18264    0.18938    0.19091    0.19676    0.21404
   0.21562    0.22945    0.23883    0.24217    0.25299    0.25389    0.27344    0.27363
   0.44676    0.45724
 kpt#  13, nband= 50, wtk=  0.00926, kpt=  0.3333  0.3333  0.0000 (reduced coord)
  -1.94303   -1.94270   -1.94268   -1.94256   -0.80320   -0.80265   -0.80056   -0.79971
  -0.79718   -0.79520   -0.79412   -0.79181   -0.79047   -0.79032   -0.78993   -0.78820
  -0.37131   -0.34816   -0.33842   -0.33450   -0.33052   -0.32616   -0.31229   -0.31165
   0.08072    0.10165    0.10199    0.11079    0.11674    0.12502    0.12943    0.14366
   0.14636    0.16131    0.17677    0.17789    0.18829    0.19440    0.19667    0.21086
   0.21827    0.22630    0.23782    0.23857    0.24235    0.24974    0.27081    0.27203
   0.44488    0.45372
 kpt#  14, nband= 50, wtk=  0.00926, kpt=  0.5000  0.3333  0.0000 (reduced coord)
  -1.94297   -1.94275   -1.94267   -1.94258   -0.80321   -0.80103   -0.80060   -0.80017
  -0.79772   -0.79578   -0.79418   -0.79234   -0.79070   -0.78977   -0.78913   -0.78893
  -0.36596   -0.34774   -0.33903   -0.33516   -0.33411   -0.32603   -0.31304   -0.31242
   0.08588    0.10002    0.10329    0.11780    0.12088    0.12289    0.12352    0.14424
   0.15210    0.16116    0.16789    0.17989    0.18062    0.20143    0.20491    0.21180
   0.21393    0.22800    0.22881    0.23286    0.24331    0.24840    0.26871    0.27130
   0.44642    0.45329
 kpt#  15, nband= 50, wtk=  0.00926, kpt= -0.3333  0.3333  0.0000 (reduced coord)
  -1.94303   -1.94270   -1.94268   -1.94256   -0.80320   -0.80265   -0.80056   -0.79971
  -0.79718   -0.79520   -0.79412   -0.79181   -0.79046   -0.79032   -0.78993   -0.78820
  -0.37131   -0.34816   -0.33843   -0.33450   -0.33052   -0.32616   -0.31229   -0.31165
   0.08072    0.10164    0.10200    0.11079    0.11675    0.12502    0.12942    0.14365
   0.14635    0.16130    0.17677    0.17789    0.18831    0.19440    0.19668    0.21087
   0.21827    0.22628    0.23783    0.23857    0.24234    0.24973    0.27082    0.27203
   0.44491    0.45371
 kpt#  16, nband= 50, wtk=  0.00926, kpt= -0.1667  0.3333  0.0000 (reduced coord)
  -1.94311   -1.94272   -1.94262   -1.94253   -0.80369   -0.80306   -0.80225   -0.79908
  -0.79600   -0.79496   -0.79254   -0.79221   -0.79105   -0.79038   -0.78947   -0.78826
  -0.37878   -0.34884   -0.34006   -0.33597   -0.32551   -0.32103   -0.31140   -0.31049
   0.07534    0.09202    0.10194    0.10345    0.11510    0.12908    0.13422    0.14252
   0.14353    0.16558    0.17048    0.18264    0.18938    0.19092    0.19677    0.21403
   0.21562    0.22944    0.23884    0.24216    0.25298    0.25388    0.27344    0.27364
   0.44678    0.45723
 kpt#  17, nband= 50, wtk=  0.00463, kpt=  0.0000  0.5000  0.0000 (reduced coord)
  -1.94296   -1.94291   -1.94258   -1.94253   -0.80164   -0.80162   -0.80079   -0.80076
  -0.79693   -0.79691   -0.79255   -0.79252   -0.79004   -0.79001   -0.78973   -0.78970
  -0.36479   -0.36476   -0.33844   -0.33842   -0.32161   -0.32159   -0.31125   -0.31123
   0.08363    0.08365    0.11386    0.11390    0.12454    0.12456    0.13433    0.13437
   0.14194    0.14198    0.18109    0.18117    0.18196    0.18197    0.20875    0.20879
   0.21203    0.21205    0.24596    0.24601    0.26094    0.26097    0.27268    0.27269
   0.44857    0.44858
 kpt#  18, nband= 50, wtk=  0.00926, kpt=  0.1667  0.5000  0.0000 (reduced coord)
  -1.94294   -1.94289   -1.94260   -1.94255   -0.80218   -0.80217   -0.79989   -0.79987
  -0.79769   -0.79768   -0.79208   -0.79207   -0.79056   -0.79053   -0.78930   -0.78928
  -0.36322   -0.36318   -0.33771   -0.33769   -0.32400   -0.32399   -0.31139   -0.31137
   0.08623    0.08625    0.11440    0.11444    0.12309    0.12310    0.13252    0.13254
   0.15054    0.15056    0.17744    0.17749    0.18324    0.18326    0.20031    0.20034
   0.22130    0.22134    0.24193    0.24196    0.25614    0.25615    0.27237    0.27239
   0.44630    0.44633
 kpt#  19, nband= 50, wtk=  0.00926, kpt=  0.3333  0.5000  0.0000 (reduced coord)
  -1.94289   -1.94283   -1.94265   -1.94260   -0.80252   -0.80252   -0.79979   -0.79978
  -0.79761   -0.79757   -0.79271   -0.79267   -0.79029   -0.79028   -0.78889   -0.78888
  -0.35947   -0.35943   -0.33634   -0.33632   -0.32886   -0.32884   -0.31214   -0.31213
   0.09177    0.09179    0.11406    0.11409    0.12443    0.12445    0.13296    0.13298
   0.15740    0.15742    0.17058    0.17062    0.18683    0.18688    0.20591    0.20593
   0.21721    0.21726    0.23794    0.23795    0.24597    0.24597    0.26990    0.26993
   0.44411    0.44419
 kpt#  20, nband= 50, wtk=  0.00463, kpt=  0.5000  0.5000  0.0000 (reduced coord)
  -1.94285   -1.94279   -1.94269   -1.94264   -0.80250   -0.80250   -0.80048   -0.80047
  -0.79642   -0.79638   -0.79390   -0.79386   -0.78975   -0.78975   -0.78884   -0.78883
  -0.35708   -0.35705   -0.33609   -0.33608   -0.33119   -0.33116   -0.31270   -0.31269
   0.09506    0.09508    0.11208    0.11209    0.12733    0.12736    0.13521    0.13523
   0.15303    0.15307    0.16971    0.16973    0.19303    0.19308    0.20944    0.20952
   0.21873    0.21874    0.22549    0.22553    0.24474    0.24476    0.26784    0.26788
   0.44544    0.44609
 kpt#  21, nband= 50, wtk=  0.00926, kpt=  0.0000  0.0000  0.1667 (reduced coord)
  -1.94330   -1.94266   -1.94252   -1.94249   -0.80607   -0.80523   -0.80502   -0.79611
  -0.79421   -0.79337   -0.79271   -0.79253   -0.79197   -0.78899   -0.78802   -0.78766
  -0.39411   -0.34409   -0.34093   -0.33562   -0.31837   -0.31749   -0.31204   -0.30846
   0.07129    0.07282    0.08422    0.09650    0.10995    0.11450    0.14691    0.15155
   0.15843    0.16813    0.17723    0.18925    0.19448    0.20071    0.20932    0.21516
   0.22172    0.23253    0.23909    0.24095    0.24889    0.26395    0.26836    0.27357
   0.45889    0.46511
 kpt#  22, nband= 50, wtk=  0.00926, kpt=  0.1667  0.0000  0.1667 (reduced coord)
  -1.94326   -1.94269   -1.94253   -1.94250   -0.80557   -0.80447   -0.80431   -0.79613
  -0.79528   -0.79312   -0.79278   -0.79242   -0.79204   -0.79019   -0.78803   -0.78795
  -0.39020   -0.34403   -0.33960   -0.33481   -0.32157   -0.31861   -0.31336   -0.30938
   0.07313    0.08014    0.08318    0.09737    0.10848    0.12461    0.14376    0.15037
   0.15414    0.16187    0.17589    0.18375    0.19151    0.20175    0.21316    0.21816
   0.22260    0.23330    0.23668    0.24448    0.24945    0.25206    0.26911    0.27397
   0.46166    0.46930
 kpt#  23, nband= 50, wtk=  0.00926, kpt=  0.3333  0.0000  0.1667 (reduced coord)
  -1.94316   -1.94276   -1.94254   -1.94251   -0.80416   -0.80302   -0.80201   -0.79732
  -0.79660   -0.79439   -0.79300   -0.79246   -0.79169   -0.79086   -0.78899   -0.78854
  -0.38020   -0.34316   -0.33771   -0.33437   -0.33124   -0.31935   -0.31470   -0.31155
   0.07740    0.08223    0.09981    0.10521    0.11089    0.12224    0.13509    0.14427
   0.15426    0.16030    0.16743    0.17912    0.19416    0.20107    0.20598    0.21727
   0.22445    0.22767    0.24108    0.24396    0.24572    0.25469    0.26536    0.27428
   0.45587    0.46549
 kpt#  24, nband= 50, wtk=  0.00926, kpt=  0.5000  0.0000  0.1667 (reduced coord)
  -1.94309   -1.94283   -1.94254   -1.94252   -0.80272   -0.80253   -0.79959   -0.79807
  -0.79777   -0.79693   -0.79284   -0.79232   -0.79104   -0.79058   -0.78983   -0.78917
  -0.37269   -0.34262   -0.34141   -0.33716   -0.33109   -0.31934   -0.31548   -0.31285
   0.08066    0.08435    0.10559    0.11140    0.11262    0.12518    0.12974    0.13606
   0.15127    0.16500    0.17165    0.17445    0.18258    0.19034    0.21489    0.21941
   0.22652    0.22810    0.23493    0.24266    0.24787    0.25695    0.26334    0.27435
   0.45116    0.45760
 kpt#  25, nband= 50, wtk=  0.00926, kpt= -0.3333  0.0000  0.1667 (reduced coord)
  -1.94316   -1.94276   -1.94254   -1.94251   -0.80416   -0.80302   -0.80201   -0.79731
  -0.79659   -0.79439   -0.79300   -0.79246   -0.79169   -0.79086   -0.78899   -0.78854
  -0.38020   -0.34317   -0.33771   -0.33437   -0.33123   -0.31934   -0.31471   -0.31155
   0.07740    0.08223    0.09982    0.10521    0.11089    0.12224    0.13509    0.14427
   0.15426    0.16030    0.16743    0.17911    0.19416    0.20107    0.20598    0.21727
   0.22445    0.22767    0.24108    0.24397    0.24572    0.25469    0.26536    0.27428
   0.45579    0.46105
 kpt#  26, nband= 50, wtk=  0.00926, kpt= -0.1667  0.0000  0.1667 (reduced coord)
  -1.94326   -1.94269   -1.94253   -1.94250   -0.80557   -0.80447   -0.80431   -0.79613
  -0.79527   -0.79313   -0.79278   -0.79241   -0.79204   -0.79019   -0.78803   -0.78794
  -0.39020   -0.34403   -0.33959   -0.33481   -0.32156   -0.31861   -0.31337   -0.30938
   0.07313    0.08014    0.08318    0.09737    0.10848    0.12461    0.14376    0.15037
   0.15415    0.16187    0.17589    0.18374    0.19151    0.20175    0.21316    0.21816
   0.22260    0.23330    0.23668    0.24448    0.24945    0.25206    0.26912    0.27397
   0.46165    0.46812
 kpt#  27, nband= 50, wtk=  0.00926, kpt=  0.0000  0.1667  0.1667 (reduced coord)
  -1.94325   -1.94265   -1.94257   -1.94250   -0.80531   -0.80464   -0.80434   -0.79732
  -0.79393   -0.79369   -0.79297   -0.79223   -0.79168   -0.79006   -0.78832   -0.78777
  -0.38994   -0.34362   -0.34144   -0.33574   -0.32157   -0.31725   -0.31322   -0.30883
   0.07557    0.08100    0.08182    0.10169    0.11171    0.12020    0.14586    0.14690
   0.15722    0.15945    0.17291    0.18850    0.19280    0.20098    0.21106    0.21930
   0.22038    0.22909    0.23212    0.24275    0.24356    0.26234    0.26852    0.27176
   0.45535    0.46673
 kpt#  28, nband= 50, wtk=  0.00926, kpt=  0.1667  0.1667  0.1667 (reduced coord)
  -1.94321   -1.94268   -1.94257   -1.94252   -0.80515   -0.80403   -0.80375   -0.79716
  -0.79497   -0.79360   -0.79318   -0.79201   -0.79168   -0.79085   -0.78822   -0.78792
  -0.38643   -0.34407   -0.34044   -0.33520   -0.32205   -0.32060   -0.31405   -0.30913
   0.07703    0.08361    0.08696    0.10251    0.11007    0.12670    0.14249    0.14775
   0.15337    0.15762    0.17210    0.18005    0.19481    0.20288    0.21152    0.21616
   0.22465    0.22890    0.23519    0.24027    0.24580    0.25164    0.26842    0.27262
   0.45495    0.46774
 kpt#  29, nband= 50, wtk=  0.00926, kpt=  0.3333  0.1667  0.1667 (reduced coord)
  -1.94312   -1.94275   -1.94257   -1.94254   -0.80433   -0.80302   -0.80212   -0.79739
  -0.79652   -0.79540   -0.79302   -0.79182   -0.79122   -0.79086   -0.78889   -0.78850
  -0.37749   -0.34368   -0.34000   -0.33681   -0.32855   -0.32068   -0.31494   -0.31052
   0.07978    0.08742    0.10179    0.10906    0.11166    0.12385    0.13700    0.14262
   0.15316    0.15812    0.16554    0.17967    0.19358    0.20274    0.20576    0.21460
   0.22335    0.22887    0.23486    0.24035    0.24381    0.24988    0.26533    0.27297
   0.45096    0.46129
 kpt#  30, nband= 50, wtk=  0.00926, kpt=  0.5000  0.1667  0.1667 (reduced coord)
  -1.94306   -1.94281   -1.94257   -1.94254   -0.80347   -0.80291   -0.80000   -0.79894
  -0.79715   -0.79675   -0.79238   -0.79187   -0.79077   -0.79011   -0.78967   -0.78935
  -0.37085   -0.34310   -0.34211   -0.34053   -0.32958   -0.31977   -0.31551   -0.31154
   0.08494    0.08663    0.10826    0.11155    0.11241    0.12922    0.13297    0.13622
   0.15227    0.16172    0.16707    0.17447    0.18511    0.19471    0.21105    0.21993
   0.22342    0.22826    0.23410    0.23519    0.24341    0.25263    0.26419    0.27247
   0.44942    0.45504
 kpt#  31, nband= 50, wtk=  0.00926, kpt= -0.3333  0.1667  0.1667 (reduced coord)
  -1.94312   -1.94275   -1.94257   -1.94254   -0.80433   -0.80303   -0.80211   -0.79739
  -0.79652   -0.79539   -0.79302   -0.79182   -0.79122   -0.79086   -0.78889   -0.78850
  -0.37749   -0.34369   -0.33999   -0.33680   -0.32855   -0.32068   -0.31494   -0.31052
   0.07977    0.08743    0.10179    0.10906    0.11166    0.12384    0.13700    0.14261
   0.15315    0.15813    0.16554    0.17967    0.19358    0.20275    0.20576    0.21459
   0.22336    0.22886    0.23487    0.24036    0.24381    0.24987    0.26533    0.27297
   0.45098    0.46234
 kpt#  32, nband= 50, wtk=  0.00926, kpt= -0.1667  0.1667  0.1667 (reduced coord)
  -1.94321   -1.94268   -1.94257   -1.94252   -0.80514   -0.80403   -0.80375   -0.79716
  -0.79496   -0.79359   -0.79320   -0.79201   -0.79169   -0.79085   -0.78822   -0.78791
  -0.38643   -0.34408   -0.34044   -0.33520   -0.32204   -0.32060   -0.31406   -0.30914
   0.07704    0.08361    0.08697    0.10252    0.11006    0.12670    0.14248    0.14774
   0.15337    0.15762    0.17210    0.18005    0.19481    0.20288    0.21152    0.21617
   0.22464    0.22891    0.23520    0.24027    0.24580    0.25162    0.26842    0.27263
   0.45497    0.46772
 kpt#  33, nband= 50, wtk=  0.00926, kpt=  0.0000  0.3333  0.1667 (reduced coord)
  -1.94310   -1.94271   -1.94262   -1.94253   -0.80352   -0.80314   -0.80206   -0.79955
  -0.79568   -0.79451   -0.79318   -0.79209   -0.79083   -0.79074   -0.78909   -0.78857
  -0.37844   -0.34784   -0.34202   -0.33694   -0.32451   -0.31677   -0.31574   -0.31028
   0.08183    0.08942    0.10286    0.10583    0.11735    0.12474    0.13696    0.13912
   0.14783    0.16147    0.16779    0.18036    0.19234    0.19549    0.20863    0.20997
   0.21436    0.22224    0.22857    0.24128    0.25159    0.26177    0.26799    0.26920
   0.44955    0.46262
 kpt#  34, nband= 50, wtk=  0.00926, kpt=  0.1667  0.3333  0.1667 (reduced coord)
  -1.94308   -1.94271   -1.94264   -1.94255   -0.80399   -0.80317   -0.80210   -0.79873
  -0.79602   -0.79544   -0.79287   -0.79169   -0.79119   -0.79039   -0.78895   -0.78851
  -0.37603   -0.34852   -0.34166   -0.33701   -0.32458   -0.32086   -0.31436   -0.30981
   0.08258    0.09347    0.10493    0.10795    0.11537    0.12583    0.13764    0.14155
   0.14615    0.16008    0.16772    0.18221    0.18736    0.19862    0.20201    0.21075
   0.21788    0.22686    0.22897    0.23727    0.24970    0.25475    0.26684    0.26968
   0.44721    0.45936
 kpt#  35, nband= 50, wtk=  0.00926, kpt=  0.3333  0.3333  0.1667 (reduced coord)
  -1.94301   -1.94271   -1.94268   -1.94258   -0.80422   -0.80317   -0.80237   -0.79918
  -0.79677   -0.79445   -0.79328   -0.79133   -0.79047   -0.79000   -0.78961   -0.78836
  -0.36995   -0.34886   -0.34245   -0.33984   -0.32575   -0.32245   -0.31394   -0.31015
   0.08587    0.10058    0.10779    0.11117    0.11791    0.12497    0.13656    0.14141
   0.14827    0.15747    0.16769    0.18417    0.18889    0.19649    0.20366    0.20687
   0.21743    0.22380    0.23133    0.23540    0.24120    0.24895    0.26437    0.26936
   0.44324    0.45498
 kpt#  36, nband= 50, wtk=  0.00926, kpt=  0.5000  0.3333  0.1667 (reduced coord)
  -1.94295   -1.94276   -1.94267   -1.94260   -0.80418   -0.80308   -0.80197   -0.80101
  -0.79581   -0.79475   -0.79267   -0.79158   -0.79032   -0.78973   -0.78921   -0.78902
  -0.36558   -0.34852   -0.34391   -0.34323   -0.32647   -0.32110   -0.31406   -0.31077
   0.08954    0.10138    0.10770    0.11607    0.11645    0.12728    0.13250    0.14519
   0.14767    0.16281    0.16504    0.17918    0.18768    0.19933    0.20287    0.21254
   0.21475    0.22360    0.22416    0.23329    0.24012    0.24781    0.26394    0.26854
   0.44311    0.45157
 kpt#  37, nband= 50, wtk=  0.00926, kpt= -0.3333  0.3333  0.1667 (reduced coord)
  -1.94301   -1.94271   -1.94268   -1.94258   -0.80422   -0.80317   -0.80237   -0.79918
  -0.79677   -0.79445   -0.79329   -0.79134   -0.79047   -0.78999   -0.78962   -0.78836
  -0.36995   -0.34886   -0.34245   -0.33983   -0.32574   -0.32245   -0.31394   -0.31015
   0.08587    0.10058    0.10778    0.11118    0.11791    0.12497    0.13655    0.14140
   0.14827    0.15747    0.16769    0.18417    0.18891    0.19650    0.20366    0.20687
   0.21743    0.22380    0.23132    0.23539    0.24120    0.24894    0.26437    0.26936
   0.44326    0.45484
 kpt#  38, nband= 50, wtk=  0.00926, kpt= -0.1667  0.3333  0.1667 (reduced coord)
  -1.94308   -1.94271   -1.94264   -1.94255   -0.80399   -0.80317   -0.80210   -0.79874
  -0.79602   -0.79543   -0.79288   -0.79169   -0.79119   -0.79038   -0.78895   -0.78850
  -0.37603   -0.34852   -0.34166   -0.33701   -0.32458   -0.32085   -0.31437   -0.30982
   0.08259    0.09347    0.10492    0.10795    0.11537    0.12582    0.13762    0.14155
   0.14614    0.16008    0.16772    0.18221    0.18737    0.19863    0.20201    0.21074
   0.21788    0.22687    0.22897    0.23727    0.24969    0.25475    0.26684    0.26968
   0.44723    0.45935
 kpt#  39, nband= 50, wtk=  0.00926, kpt=  0.0000  0.5000  0.1667 (reduced coord)
  -1.94294   -1.94288   -1.94260   -1.94255   -0.80177   -0.80175   -0.80066   -0.80064
  -0.79708   -0.79706   -0.79241   -0.79240   -0.79001   -0.78999   -0.78979   -0.78976
  -0.36265   -0.36262   -0.33947   -0.33945   -0.32149   -0.32147   -0.31293   -0.31291
   0.09096    0.09098    0.11253    0.11257    0.12070    0.12072    0.13860    0.13864
   0.14715    0.14720    0.17507    0.17509    0.18282    0.18289    0.21190    0.21192
   0.21301    0.21303    0.23512    0.23517    0.25929    0.25932    0.26803    0.26805
   0.45064    0.45068
 kpt#  40, nband= 50, wtk=  0.00926, kpt=  0.1667  0.5000  0.1667 (reduced coord)
  -1.94292   -1.94286   -1.94262   -1.94257   -0.80293   -0.80291   -0.80007   -0.80006
  -0.79718   -0.79715   -0.79180   -0.79178   -0.79028   -0.79026   -0.78947   -0.78944
  -0.36178   -0.36175   -0.33969   -0.33967   -0.32313   -0.32312   -0.31207   -0.31205
   0.09267    0.09269    0.11107    0.11111    0.12450    0.12451    0.13733    0.13735
   0.15152    0.15154    0.16916    0.16917    0.18828    0.18832    0.20443    0.20446
   0.21975    0.21978    0.23318    0.23321    0.25512    0.25513    0.26701    0.26703
   0.44779    0.44785
 kpt#  41, nband= 50, wtk=  0.00926, kpt=  0.3333  0.5000  0.1667 (reduced coord)
  -1.94287   -1.94282   -1.94267   -1.94262   -0.80370   -0.80369   -0.80146   -0.80145
  -0.79562   -0.79559   -0.79174   -0.79171   -0.79022   -0.79022   -0.78896   -0.78895
  -0.35943   -0.35939   -0.34184   -0.34183   -0.32397   -0.32396   -0.31167   -0.31165
   0.09667    0.09668    0.11222    0.11224    0.12554    0.12556    0.13683    0.13687
   0.15611    0.15613    0.16924    0.16926    0.19311    0.19314    0.20222    0.20223
   0.21677    0.21680    0.23133    0.23136    0.24703    0.24704    0.26538    0.26540
   0.44404    0.44412
 kpt#  42, nband= 50, wtk=  0.00926, kpt=  0.5000  0.5000  0.1667 (reduced coord)
  -1.94284   -1.94278   -1.94270   -1.94265   -0.80365   -0.80364   -0.80254   -0.80253
  -0.79428   -0.79425   -0.79264   -0.79261   -0.78974   -0.78974   -0.78885   -0.78884
  -0.35768   -0.35764   -0.34401   -0.34399   -0.32342   -0.32341   -0.31194   -0.31193
   0.09908    0.09910    0.11371    0.11373    0.12496    0.12500    0.13445    0.13449
   0.15889    0.15893    0.17161    0.17162    0.19516    0.19519    0.20439    0.20444
   0.21418    0.21421    0.22510    0.22515    0.24472    0.24474    0.26497    0.26499
   0.44419    0.44429
 kpt#  43, nband= 50, wtk=  0.00926, kpt= -0.3333  0.5000  0.1667 (reduced coord)
  -1.94287   -1.94282   -1.94267   -1.94262   -0.80370   -0.80369   -0.80146   -0.80145
  -0.79562   -0.79558   -0.79174   -0.79172   -0.79023   -0.79022   -0.78896   -0.78895
  -0.35943   -0.35939   -0.34184   -0.34182   -0.32397   -0.32396   -0.31167   -0.31165
   0.09667    0.09669    0.11222    0.11224    0.12554    0.12556    0.13683    0.13685
   0.15611    0.15613    0.16924    0.16926    0.19311    0.19314    0.20221    0.20224
   0.21678    0.21680    0.23134    0.23136    0.24703    0.24704    0.26538    0.26540
   0.44405    0.44411
 kpt#  44, nband= 50, wtk=  0.00926, kpt= -0.1667  0.5000  0.1667 (reduced coord)
  -1.94292   -1.94286   -1.94262   -1.94257   -0.80293   -0.80291   -0.80007   -0.80006
  -0.79718   -0.79715   -0.79180   -0.79179   -0.79028   -0.79025   -0.78946   -0.78944
  -0.36178   -0.36175   -0.33969   -0.33966   -0.32313   -0.32311   -0.31208   -0.31205
   0.09267    0.09270    0.11107    0.11110    0.12450    0.12451    0.13733    0.13736
   0.15151    0.15154    0.16916    0.16917    0.18829    0.18832    0.20443    0.20445
   0.21975    0.21978    0.23317    0.23322    0.25512    0.25513    0.26702    0.26703
   0.44781    0.44784
 kpt#  45, nband= 50, wtk=  0.00926, kpt=  0.0000 -0.3333  0.1667 (reduced coord)
  -1.94310   -1.94271   -1.94262   -1.94253   -0.80352   -0.80313   -0.80207   -0.79955
  -0.79567   -0.79452   -0.79318   -0.79208   -0.79083   -0.79073   -0.78909   -0.78857
  -0.37845   -0.34784   -0.34201   -0.33695   -0.32451   -0.31676   -0.31575   -0.31026
   0.08182    0.08942    0.10287    0.10581    0.11736    0.12474    0.13697    0.13909
   0.14785    0.16146    0.16780    0.18039    0.19234    0.19551    0.20863    0.20995
   0.21435    0.22222    0.22853    0.24132    0.25159    0.26178    0.26800    0.26918
   0.44956    0.46264
 kpt#  46, nband= 50, wtk=  0.00926, kpt=  0.1667 -0.3333  0.1667 (reduced coord)
  -1.94308   -1.94271   -1.94264   -1.94255   -0.80398   -0.80318   -0.80211   -0.79873
  -0.79603   -0.79542   -0.79288   -0.79168   -0.79120   -0.79038   -0.78896   -0.78850
  -0.37603   -0.34852   -0.34165   -0.33702   -0.32458   -0.32085   -0.31437   -0.30980
   0.08257    0.09347    0.10492    0.10795    0.11539    0.12583    0.13764    0.14153
   0.14615    0.16008    0.16772    0.18221    0.18740    0.19864    0.20200    0.21075
   0.21787    0.22684    0.22895    0.23729    0.24969    0.25476    0.26684    0.26968
   0.44726    0.45932
 kpt#  47, nband= 50, wtk=  0.00926, kpt=  0.3333 -0.3333  0.1667 (reduced coord)
  -1.94301   -1.94271   -1.94268   -1.94258   -0.80421   -0.80318   -0.80237   -0.79918
  -0.79677   -0.79444   -0.79329   -0.79132   -0.79047   -0.79000   -0.78963   -0.78836
  -0.36996   -0.34885   -0.34244   -0.33985   -0.32574   -0.32246   -0.31394   -0.31014
   0.08586    0.10056    0.10778    0.11116    0.11792    0.12500    0.13655    0.14143
   0.14824    0.15747    0.16768    0.18419    0.18891    0.19650    0.20365    0.20689
   0.21742    0.22379    0.23132    0.23540    0.24119    0.24894    0.26438    0.26935
   0.44328    0.45486
 kpt#  48, nband= 50, wtk=  0.00926, kpt=  0.5000 -0.3333  0.1667 (reduced coord)
  -1.94295   -1.94276   -1.94267   -1.94260   -0.80418   -0.80308   -0.80198   -0.80101
  -0.79580   -0.79476   -0.79267   -0.79155   -0.79033   -0.78973   -0.78921   -0.78901
  -0.36558   -0.34852   -0.34392   -0.34323   -0.32646   -0.32111   -0.31406   -0.31076
   0.08954    0.10136    0.10770    0.11605    0.11644    0.12732    0.13250    0.14523
   0.14765    0.16282    0.16502    0.17918    0.18770    0.19936    0.20285    0.21252
   0.21475    0.22355    0.22416    0.23330    0.24013    0.24782    0.26394    0.26854
   0.44312    0.45212
 kpt#  49, nband= 50, wtk=  0.00926, kpt= -0.3333 -0.3333  0.1667 (reduced coord)
  -1.94301   -1.94271   -1.94268   -1.94258   -0.80422   -0.80318   -0.80236   -0.79918
  -0.79677   -0.79445   -0.79328   -0.79132   -0.79047   -0.79000   -0.78962   -0.78836
  -0.36996   -0.34885   -0.34244   -0.33985   -0.32573   -0.32246   -0.31395   -0.31014
   0.08586    0.10056    0.10778    0.11116    0.11791    0.12500    0.13656    0.14143
   0.14825    0.15748    0.16768    0.18418    0.18890    0.19649    0.20365    0.20689
   0.21743    0.22379    0.23132    0.23540    0.24119    0.24894    0.26438    0.26936
   0.44325    0.45942
 kpt#  50, nband= 50, wtk=  0.00926, kpt= -0.1667 -0.3333  0.1667 (reduced coord)
  -1.94308   -1.94271   -1.94264   -1.94255   -0.80399   -0.80318   -0.80210   -0.79874
  -0.79602   -0.79543   -0.79287   -0.79168   -0.79120   -0.79038   -0.78895   -0.78850
  -0.37603   -0.34852   -0.34165   -0.33702   -0.32458   -0.32085   -0.31438   -0.30980
   0.08257    0.09347    0.10492    0.10795    0.11538    0.12583    0.13765    0.14153
   0.14615    0.16008    0.16772    0.18220    0.18740    0.19863    0.20199    0.21077
   0.21787    0.22684    0.22895    0.23729    0.24969    0.25475    0.26684    0.26968
   0.44724    0.45934
 kpt#  51, nband= 50, wtk=  0.00926, kpt=  0.0000 -0.1667  0.1667 (reduced coord)
  -1.94325   -1.94265   -1.94257   -1.94250   -0.80531   -0.80464   -0.80434   -0.79732
  -0.79393   -0.79368   -0.79298   -0.79222   -0.79169   -0.79005   -0.78832   -0.78778
  -0.38995   -0.34361   -0.34144   -0.33574   -0.32158   -0.31726   -0.31321   -0.30882
   0.07556    0.08100    0.08182    0.10168    0.11172    0.12020    0.14585    0.14690
   0.15721    0.15947    0.17291    0.18853    0.19281    0.20101    0.21103    0.21928
   0.22036    0.22904    0.23213    0.24278    0.24359    0.26234    0.26852    0.27175
   0.45535    0.46674
 kpt#  52, nband= 50, wtk=  0.00926, kpt=  0.1667 -0.1667  0.1667 (reduced coord)
  -1.94321   -1.94268   -1.94257   -1.94252   -0.80514   -0.80404   -0.80375   -0.79716
  -0.79497   -0.79359   -0.79318   -0.79201   -0.79169   -0.79085   -0.78823   -0.78791
  -0.38643   -0.34408   -0.34044   -0.33521   -0.32205   -0.32061   -0.31405   -0.30912
   0.07702    0.08361    0.08696    0.10251    0.11007    0.12670    0.14248    0.14774
   0.15335    0.15764    0.17211    0.18006    0.19483    0.20289    0.21152    0.21617
   0.22461    0.22888    0.23520    0.24029    0.24580    0.25163    0.26843    0.27263
   0.45498    0.46767
 kpt#  53, nband= 50, wtk=  0.00926, kpt=  0.3333 -0.1667  0.1667 (reduced coord)
  -1.94312   -1.94275   -1.94257   -1.94254   -0.80433   -0.80303   -0.80212   -0.79739
  -0.79652   -0.79539   -0.79302   -0.79182   -0.79122   -0.79086   -0.78889   -0.78850
  -0.37749   -0.34368   -0.34000   -0.33682   -0.32854   -0.32069   -0.31494   -0.31051
   0.07976    0.08742    0.10177    0.10907    0.11166    0.12385    0.13700    0.14262
   0.15316    0.15813    0.16552    0.17969    0.19359    0.20274    0.20577    0.21461
   0.22336    0.22885    0.23486    0.24036    0.24378    0.24988    0.26534    0.27297
   0.45101    0.46165
 kpt#  54, nband= 50, wtk=  0.00926, kpt=  0.5000 -0.1667  0.1667 (reduced coord)
  -1.94306   -1.94281   -1.94257   -1.94254   -0.80347   -0.80291   -0.80000   -0.79894
  -0.79715   -0.79674   -0.79237   -0.79188   -0.79078   -0.79010   -0.78968   -0.78935
  -0.37085   -0.34311   -0.34211   -0.34054   -0.32957   -0.31977   -0.31551   -0.31153
   0.08493    0.08662    0.10825    0.11156    0.11240    0.12922    0.13299    0.13623
   0.15227    0.16173    0.16707    0.17447    0.18512    0.19471    0.21105    0.21993
   0.22341    0.22825    0.23411    0.23519    0.24340    0.25264    0.26419    0.27247
   0.44945    0.45502
 kpt#  55, nband= 50, wtk=  0.00926, kpt= -0.3333 -0.1667  0.1667 (reduced coord)
  -1.94312   -1.94275   -1.94257   -1.94254   -0.80433   -0.80303   -0.80211   -0.79740
  -0.79652   -0.79538   -0.79302   -0.79182   -0.79122   -0.79086   -0.78889   -0.78850
  -0.37749   -0.34368   -0.33999   -0.33682   -0.32854   -0.32069   -0.31494   -0.31051
   0.07977    0.08742    0.10177    0.10907    0.11166    0.12385    0.13701    0.14262
   0.15316    0.15812    0.16552    0.17968    0.19358    0.20274    0.20576    0.21461
   0.22335    0.22886    0.23485    0.24035    0.24379    0.24989    0.26534    0.27297
   0.45097    0.46355
 kpt#  56, nband= 50, wtk=  0.00926, kpt= -0.1667 -0.1667  0.1667 (reduced coord)
  -1.94321   -1.94268   -1.94257   -1.94252   -0.80514   -0.80404   -0.80375   -0.79716
  -0.79497   -0.79359   -0.79318   -0.79201   -0.79170   -0.79085   -0.78822   -0.78791
  -0.38643   -0.34408   -0.34043   -0.33521   -0.32204   -0.32061   -0.31406   -0.30912
   0.07702    0.08361    0.08696    0.10251    0.11007    0.12670    0.14249    0.14775
   0.15335    0.15763    0.17211    0.18006    0.19483    0.20289    0.21152    0.21616
   0.22463    0.22887    0.23519    0.24029    0.24582    0.25163    0.26843    0.27263
   0.45495    0.46773
 kpt#  57, nband= 50, wtk=  0.00926, kpt=  0.0000  0.0000  0.3333 (reduced coord)
  -1.94317   -1.94280   -1.94252   -1.94249   -0.80393   -0.80307   -0.80240   -0.79795
  -0.79608   -0.79437   -0.79351   -0.79238   -0.79098   -0.79078   -0.78881   -0.78854
  -0.38157   -0.34897   -0.33709   -0.33417   -0.32408   -0.31873   -0.31628   -0.31222
   0.08237    0.08363    0.09566    0.11052    0.11675    0.12506    0.12820    0.13957
   0.14064    0.17323    0.18244    0.18395    0.19179    0.19775    0.19907    0.21351
   0.21653    0.23176    0.23979    0.24613    0.24862    0.25642    0.26105    0.26111
   0.46441    0.46729
 kpt#  58, nband= 50, wtk=  0.00926, kpt=  0.1667  0.0000  0.3333 (reduced coord)
  -1.94314   -1.94280   -1.94253   -1.94251   -0.80383   -0.80292   -0.80200   -0.79773
  -0.79704   -0.79473   -0.79313   -0.79226   -0.79138   -0.79056   -0.78896   -0.78843
  -0.37883   -0.34924   -0.33696   -0.33380   -0.32529   -0.31920   -0.31790   -0.31213
   0.08069    0.09127    0.09705    0.10596    0.11789    0.12423    0.13649    0.13992
   0.14534    0.16861    0.17647    0.18409    0.18609    0.19958    0.20354    0.20902
   0.21856    0.22694    0.23610    0.24815    0.25010    0.25336    0.25981    0.26179
   0.46145    0.46505
 kpt#  59, nband= 50, wtk=  0.00926, kpt=  0.3333  0.0000  0.3333 (reduced coord)
  -1.94307   -1.94282   -1.94255   -1.94253   -0.80350   -0.80259   -0.80076   -0.79871
  -0.79724   -0.79646   -0.79258   -0.79181   -0.79135   -0.79004   -0.78988   -0.78838
  -0.37201   -0.34985   -0.33691   -0.33454   -0.32950   -0.32036   -0.31753   -0.31304
   0.08256    0.09606    0.10034    0.11341    0.11758    0.12386    0.13914    0.14264
   0.15569    0.16161    0.17313    0.17668    0.18572    0.19297    0.19812    0.21162
   0.21671    0.22402    0.23572    0.24530    0.24763    0.25160    0.25637    0.26525
   0.45338    0.45825
 kpt#  60, nband= 50, wtk=  0.00926, kpt=  0.5000  0.0000  0.3333 (reduced coord)
  -1.94301   -1.94285   -1.94257   -1.94254   -0.80327   -0.80232   -0.79959   -0.79911
  -0.79863   -0.79676   -0.79255   -0.79137   -0.79092   -0.79077   -0.78943   -0.78878
  -0.36728   -0.35033   -0.33866   -0.33644   -0.32976   -0.32057   -0.31714   -0.31376
   0.08579    0.09334    0.10358    0.11659    0.11982    0.12685    0.13892    0.14216
   0.16326    0.16743    0.16941    0.17009    0.17682    0.18029    0.20714    0.20956
   0.21922    0.22350    0.23915    0.24302    0.24420    0.24601    0.25732    0.26654
   0.45008    0.45366
 kpt#  61, nband= 50, wtk=  0.00926, kpt= -0.3333  0.0000  0.3333 (reduced coord)
  -1.94307   -1.94282   -1.94255   -1.94253   -0.80350   -0.80259   -0.80076   -0.79871
  -0.79723   -0.79646   -0.79258   -0.79182   -0.79135   -0.79004   -0.78988   -0.78838
  -0.37201   -0.34985   -0.33691   -0.33454   -0.32950   -0.32036   -0.31753   -0.31305
   0.08256    0.09606    0.10034    0.11342    0.11758    0.12386    0.13914    0.14264
   0.15568    0.16160    0.17313    0.17668    0.18572    0.19297    0.19812    0.21163
   0.21671    0.22402    0.23572    0.24530    0.24763    0.25161    0.25637    0.26526
   0.45336    0.45826
 kpt#  62, nband= 50, wtk=  0.00926, kpt= -0.1667  0.0000  0.3333 (reduced coord)
  -1.94314   -1.94280   -1.94253   -1.94251   -0.80383   -0.80292   -0.80200   -0.79773
  -0.79704   -0.79473   -0.79314   -0.79226   -0.79138   -0.79057   -0.78896   -0.78843
  -0.37883   -0.34924   -0.33696   -0.33380   -0.32528   -0.31920   -0.31791   -0.31213
   0.08069    0.09127    0.09705    0.10597    0.11789    0.12423    0.13649    0.13992
   0.14533    0.16860    0.17647    0.18409    0.18609    0.19959    0.20355    0.20902
   0.21855    0.22695    0.23609    0.24815    0.25010    0.25335    0.25981    0.26180
   0.46143    0.46504
 kpt#  63, nband= 50, wtk=  0.00926, kpt=  0.0000  0.1667  0.3333 (reduced coord)
  -1.94312   -1.94278   -1.94256   -1.94251   -0.80374   -0.80245   -0.80223   -0.79899
  -0.79565   -0.79492   -0.79274   -0.79265   -0.79135   -0.79093   -0.78908   -0.78825
  -0.37831   -0.34834   -0.33831   -0.33550   -0.32303   -0.32122   -0.31635   -0.31249
   0.08706    0.08927    0.09854    0.11131    0.11666    0.12705    0.12931    0.13957
   0.14202    0.16544    0.17937    0.18382    0.18962    0.19735    0.20178    0.21342
   0.22031    0.22510    0.23330    0.24181    0.24733    0.25517    0.25893    0.26134
   0.45993    0.46896
 kpt#  64, nband= 50, wtk=  0.00926, kpt=  0.1667  0.1667  0.3333 (reduced coord)
  -1.94310   -1.94279   -1.94256   -1.94253   -0.80414   -0.80278   -0.80219   -0.79803
  -0.79643   -0.79545   -0.79273   -0.79222   -0.79111   -0.79080   -0.78869   -0.78850
  -0.37607   -0.34908   -0.33918   -0.33600   -0.32342   -0.32037   -0.31810   -0.31145
   0.08538    0.09617    0.09962    0.10797    0.11837    0.12524    0.13604    0.14243
   0.14488    0.16083    0.17338    0.18043    0.19121    0.20148    0.20565    0.21095
   0.21570    0.22368    0.23402    0.24115    0.24478    0.25107    0.25921    0.26263
   0.45548    0.46898
 kpt#  65, nband= 50, wtk=  0.00926, kpt=  0.3333  0.1667  0.3333 (reduced coord)
  -1.94303   -1.94280   -1.94258   -1.94256   -0.80438   -0.80347   -0.80195   -0.79891
  -0.79653   -0.79550   -0.79204   -0.79160   -0.79081   -0.79033   -0.78918   -0.78852
  -0.37047   -0.35039   -0.34115   -0.33913   -0.32489   -0.31910   -0.31730   -0.31144
   0.08686    0.09901    0.10464    0.11287    0.11796    0.12638    0.14078    0.14206
   0.15287    0.15865    0.16641    0.17905    0.18955    0.19612    0.19932    0.21482
   0.21920    0.22285    0.22927    0.23809    0.24231    0.25086    0.25349    0.26485
   0.44842    0.45829
 kpt#  66, nband= 50, wtk=  0.00926, kpt=  0.5000  0.1667  0.3333 (reduced coord)
  -1.94298   -1.94283   -1.94259   -1.94257   -0.80410   -0.80401   -0.80127   -0.80065
  -0.79634   -0.79510   -0.79158   -0.79109   -0.79054   -0.79021   -0.78947   -0.78890
  -0.36654   -0.35116   -0.34324   -0.34123   -0.32508   -0.31837   -0.31637   -0.31197
   0.09152    0.09414    0.10713    0.11696    0.11988    0.12710    0.14045    0.14602
   0.15440    0.16155    0.16331    0.17378    0.18477    0.18911    0.20806    0.21123
   0.21961    0.22419    0.23312    0.23412    0.23894    0.24813    0.25374    0.26517
   0.44633    0.45117
 kpt#  67, nband= 50, wtk=  0.00926, kpt= -0.3333  0.1667  0.3333 (reduced coord)
  -1.94303   -1.94280   -1.94258   -1.94256   -0.80437   -0.80348   -0.80195   -0.79890
  -0.79653   -0.79549   -0.79204   -0.79160   -0.79082   -0.79032   -0.78918   -0.78852
  -0.37047   -0.35039   -0.34115   -0.33912   -0.32488   -0.31910   -0.31729   -0.31145
   0.08686    0.09901    0.10464    0.11287    0.11796    0.12638    0.14078    0.14205
   0.15287    0.15864    0.16640    0.17906    0.18955    0.19611    0.19932    0.21482
   0.21919    0.22284    0.22928    0.23809    0.24231    0.25085    0.25348    0.26486
   0.44844    0.45826
 kpt#  68, nband= 50, wtk=  0.00926, kpt= -0.1667  0.1667  0.3333 (reduced coord)
  -1.94310   -1.94279   -1.94256   -1.94253   -0.80414   -0.80278   -0.80219   -0.79802
  -0.79643   -0.79545   -0.79273   -0.79222   -0.79111   -0.79080   -0.78869   -0.78850
  -0.37607   -0.34908   -0.33919   -0.33600   -0.32341   -0.32037   -0.31810   -0.31146
   0.08538    0.09618    0.09962    0.10798    0.11838    0.12524    0.13603    0.14243
   0.14488    0.16083    0.17338    0.18044    0.19120    0.20147    0.20565    0.21096
   0.21570    0.22369    0.23403    0.24115    0.24478    0.25107    0.25921    0.26263
   0.45550    0.46904
 kpt#  69, nband= 50, wtk=  0.00926, kpt=  0.0000  0.3333  0.3333 (reduced coord)
  -1.94300   -1.94273   -1.94267   -1.94257   -0.80267   -0.80239   -0.80065   -0.80059
  -0.79672   -0.79453   -0.79432   -0.79196   -0.79079   -0.79072   -0.78956   -0.78844
  -0.36931   -0.34635   -0.34486   -0.33896   -0.32287   -0.32009   -0.31814   -0.31380
   0.09617    0.10533    0.10567    0.11435    0.11706    0.12657    0.13413    0.13566
   0.14785    0.15852    0.17088    0.17456    0.18810    0.20016    0.20077    0.20963
   0.21432    0.22211    0.22218    0.23116    0.24842    0.25381    0.25824    0.26018
   0.45454    0.46897
 kpt#  70, nband= 50, wtk=  0.00926, kpt=  0.1667  0.3333  0.3333 (reduced coord)
  -1.94298   -1.94274   -1.94267   -1.94258   -0.80403   -0.80303   -0.80247   -0.79946
  -0.79642   -0.79437   -0.79319   -0.79134   -0.79073   -0.79041   -0.78919   -0.78859
  -0.36841   -0.34853   -0.34583   -0.34074   -0.32110   -0.32045   -0.31760   -0.31163
   0.09564    0.10403    0.10994    0.11466    0.11902    0.12575    0.13456    0.14147
   0.14828    0.15549    0.16550    0.18039    0.18823    0.20027    0.20284    0.21042
   0.21307    0.22052    0.22327    0.22905    0.24488    0.24986    0.25784    0.26168
   0.44953    0.46433
 kpt#  71, nband= 50, wtk=  0.00926, kpt=  0.3333  0.3333  0.3333 (reduced coord)
  -1.94294   -1.94276   -1.94267   -1.94261   -0.80523   -0.80443   -0.80371   -0.80164
  -0.79420   -0.79323   -0.79178   -0.79084   -0.79031   -0.78994   -0.78897   -0.78873
  -0.36586   -0.35125   -0.34878   -0.34555   -0.32024   -0.31726   -0.31514   -0.31008
   0.09589    0.10723    0.11332    0.11645    0.11950    0.12506    0.13382    0.14499
   0.14954    0.16059    0.16713    0.18010    0.18789    0.19525    0.20435    0.20907
   0.21464    0.21976    0.22190    0.22994    0.23783    0.24853    0.25301    0.26137
   0.44241    0.45778
 kpt#  72, nband= 50, wtk=  0.00926, kpt=  0.5000  0.3333  0.3333 (reduced coord)
  -1.94290   -1.94278   -1.94266   -1.94263   -0.80549   -0.80512   -0.80369   -0.80329
  -0.79311   -0.79294   -0.79091   -0.79066   -0.78983   -0.78969   -0.78918   -0.78901
  -0.36382   -0.35242   -0.35016   -0.34887   -0.31925   -0.31528   -0.31430   -0.30999
   0.09838    0.10563    0.11478    0.11791    0.11950    0.12665    0.13217    0.14367
   0.15298    0.16426    0.16885    0.17685    0.19112    0.19430    0.20114    0.20896
   0.21493    0.21851    0.22218    0.23004    0.23370    0.24951    0.25013    0.26101
   0.44145    0.44789
 kpt#  73, nband= 50, wtk=  0.00926, kpt= -0.3333  0.3333  0.3333 (reduced coord)
  -1.94294   -1.94276   -1.94267   -1.94261   -0.80523   -0.80443   -0.80371   -0.80164
  -0.79419   -0.79322   -0.79179   -0.79084   -0.79032   -0.78994   -0.78897   -0.78873
  -0.36586   -0.35125   -0.34877   -0.34555   -0.32024   -0.31726   -0.31514   -0.31009
   0.09589    0.10723    0.11333    0.11645    0.11949    0.12506    0.13381    0.14499
   0.14954    0.16057    0.16712    0.18009    0.18790    0.19525    0.20436    0.20906
   0.21464    0.21978    0.22191    0.22995    0.23783    0.24852    0.25301    0.26137
   0.44243    0.45766
 kpt#  74, nband= 50, wtk=  0.00926, kpt= -0.1667  0.3333  0.3333 (reduced coord)
  -1.94298   -1.94274   -1.94267   -1.94258   -0.80403   -0.80303   -0.80247   -0.79946
  -0.79642   -0.79435   -0.79321   -0.79134   -0.79074   -0.79041   -0.78918   -0.78859
  -0.36841   -0.34853   -0.34582   -0.34074   -0.32110   -0.32044   -0.31760   -0.31164
   0.09565    0.10403    0.10994    0.11466    0.11902    0.12575    0.13455    0.14147
   0.14828    0.15549    0.16549    0.18039    0.18823    0.20027    0.20283    0.21042
   0.21308    0.22053    0.22329    0.22906    0.24487    0.24985    0.25784    0.26169
   0.44955    0.46432
 kpt#  75, nband= 50, wtk=  0.00926, kpt=  0.0000  0.5000  0.3333 (reduced coord)
  -1.94287   -1.94281   -1.94267   -1.94262   -0.80186   -0.80185   -0.80088   -0.80087
  -0.79654   -0.79651   -0.79307   -0.79304   -0.79001   -0.79000   -0.78945   -0.78944
  -0.35688   -0.35685   -0.34303   -0.34301   -0.32097   -0.32095   -0.31655   -0.31653
   0.10741    0.10744    0.11590    0.11592    0.11612    0.11614    0.14488    0.14493
   0.14924    0.14928    0.16571    0.16575    0.18833    0.18841    0.20439    0.20441
   0.21462    0.21463    0.22631    0.22634    0.25414    0.25417    0.25600    0.25602
   0.45721    0.45727
 kpt#  76, nband= 50, wtk=  0.00926, kpt=  0.1667  0.5000  0.3333 (reduced coord)
  -1.94286   -1.94280   -1.94268   -1.94263   -0.80353   -0.80352   -0.80160   -0.80159
  -0.79529   -0.79526   -0.79192   -0.79189   -0.78990   -0.78988   -0.78949   -0.78946
  -0.35769   -0.35766   -0.34489   -0.34487   -0.32069   -0.32068   -0.31406   -0.31404
   0.10667    0.10668    0.11248    0.11252    0.12339    0.12340    0.14483    0.14486
   0.14868    0.14872    0.16668    0.16672    0.19140    0.19145    0.20444    0.20447
   0.21281    0.21282    0.22617    0.22619    0.24879    0.24881    0.25821    0.25822
   0.45234    0.45240
 kpt#  77, nband= 50, wtk=  0.00926, kpt=  0.3333  0.5000  0.3333 (reduced coord)
  -1.94283   -1.94277   -1.94271   -1.94266   -0.80508   -0.80507   -0.80372   -0.80372
  -0.79296   -0.79292   -0.79066   -0.79064   -0.78994   -0.78993   -0.78916   -0.78913
  -0.35850   -0.35847   -0.34936   -0.34934   -0.31787   -0.31786   -0.31146   -0.31145
   0.10711    0.10712    0.11411    0.11413    0.12486    0.12490    0.13736    0.13741
   0.15948    0.15952    0.17152    0.17154    0.19006    0.19009    0.20292    0.20294
   0.21199    0.21202    0.22505    0.22508    0.24551    0.24552    0.25579    0.25581
   0.44550    0.44557
 kpt#  78, nband= 50, wtk=  0.00926, kpt=  0.5000  0.5000  0.3333 (reduced coord)
  -1.94281   -1.94275   -1.94273   -1.94268   -0.80536   -0.80535   -0.80494   -0.80492
  -0.79173   -0.79171   -0.79072   -0.79069   -0.78973   -0.78972   -0.78893   -0.78892
  -0.35832   -0.35829   -0.35204   -0.35201   -0.31588   -0.31586   -0.31088   -0.31087
   0.10814    0.10816    0.11634    0.11636    0.12432    0.12437    0.13266    0.13272
   0.16751    0.16754    0.17239    0.17241    0.19358    0.19362    0.19615    0.19618
   0.21354    0.21359    0.22339    0.22343    0.24358    0.24360    0.25547    0.25550
   0.44420    0.44428
 kpt#  79, nband= 50, wtk=  0.00926, kpt= -0.3333  0.5000  0.3333 (reduced coord)
  -1.94283   -1.94277   -1.94271   -1.94266   -0.80508   -0.80507   -0.80372   -0.80371
  -0.79295   -0.79292   -0.79066   -0.79064   -0.78995   -0.78992   -0.78914   -0.78914
  -0.35850   -0.35847   -0.34936   -0.34933   -0.31786   -0.31785   -0.31147   -0.31145
   0.10711    0.10713    0.11411    0.11414    0.12486    0.12489    0.13736    0.13741
   0.15949    0.15951    0.17152    0.17154    0.19006    0.19009    0.20292    0.20294
   0.21199    0.21201    0.22505    0.22509    0.24550    0.24551    0.25579    0.25581
   0.44551    0.44555
 kpt#  80, nband= 50, wtk=  0.00926, kpt= -0.1667  0.5000  0.3333 (reduced coord)
  -1.94286   -1.94280   -1.94268   -1.94263   -0.80353   -0.80352   -0.80159   -0.80159
  -0.79529   -0.79525   -0.79192   -0.79190   -0.78990   -0.78988   -0.78947   -0.78946
  -0.35769   -0.35766   -0.34490   -0.34487   -0.32068   -0.32067   -0.31407   -0.31405
   0.10667    0.10669    0.11248    0.11252    0.12338    0.12340    0.14483    0.14486
   0.14868    0.14871    0.16668    0.16671    0.19140    0.19145    0.20445    0.20447
   0.21281    0.21281    0.22617    0.22620    0.24879    0.24880    0.25822    0.25822
   0.45235    0.45239
 kpt#  81, nband= 50, wtk=  0.00926, kpt=  0.0000 -0.3333  0.3333 (reduced coord)
  -1.94300   -1.94273   -1.94267   -1.94257   -0.80267   -0.80239   -0.80065   -0.80059
  -0.79673   -0.79453   -0.79432   -0.79194   -0.79079   -0.79074   -0.78956   -0.78844
  -0.36932   -0.34634   -0.34485   -0.33897   -0.32288   -0.32009   -0.31813   -0.31379
   0.09617    0.10530    0.10567    0.11433    0.11707    0.12658    0.13409    0.13567
   0.14785    0.15856    0.17089    0.17459    0.18809    0.20014    0.20080    0.20963
   0.21427    0.22211    0.22217    0.23118    0.24840    0.25382    0.25826    0.26018
   0.45457    0.46865
 kpt#  82, nband= 50, wtk=  0.00926, kpt=  0.1667 -0.3333  0.3333 (reduced coord)
  -1.94298   -1.94274   -1.94267   -1.94258   -0.80402   -0.80304   -0.80247   -0.79946
  -0.79642   -0.79435   -0.79321   -0.79133   -0.79073   -0.79042   -0.78918   -0.78859
  -0.36842   -0.34852   -0.34582   -0.34075   -0.32111   -0.32045   -0.31760   -0.31162
   0.09564    0.10400    0.10995    0.11467    0.11902    0.12575    0.13456    0.14146
   0.14827    0.15551    0.16550    0.18041    0.18824    0.20025    0.20284    0.21041
   0.21307    0.22052    0.22326    0.22907    0.24486    0.24989    0.25783    0.26168
   0.44958    0.46428
 kpt#  83, nband= 50, wtk=  0.00926, kpt=  0.3333 -0.3333  0.3333 (reduced coord)
  -1.94294   -1.94276   -1.94267   -1.94261   -0.80522   -0.80444   -0.80371   -0.80164
  -0.79420   -0.79322   -0.79179   -0.79085   -0.79031   -0.78995   -0.78898   -0.78872
  -0.36587   -0.35124   -0.34877   -0.34556   -0.32023   -0.31726   -0.31514   -0.31007
   0.09588    0.10719    0.11331    0.11645    0.11951    0.12508    0.13383    0.14499
   0.14954    0.16058    0.16712    0.18010    0.18792    0.19521    0.20439    0.20908
   0.21463    0.21975    0.22191    0.22994    0.23783    0.24852    0.25301    0.26138
   0.44244    0.45774
 kpt#  84, nband= 50, wtk=  0.00926, kpt=  0.5000 -0.3333  0.3333 (reduced coord)
  -1.94290   -1.94278   -1.94266   -1.94263   -0.80548   -0.80512   -0.80370   -0.80328
  -0.79311   -0.79294   -0.79090   -0.79065   -0.78984   -0.78969   -0.78919   -0.78899
  -0.36382   -0.35241   -0.35016   -0.34888   -0.31925   -0.31529   -0.31431   -0.30998
   0.09838    0.10561    0.11476    0.11788    0.11949    0.12671    0.13219    0.14365
   0.15300    0.16426    0.16884    0.17686    0.19114    0.19431    0.20113    0.20895
   0.21492    0.21848    0.22219    0.23005    0.23370    0.24950    0.25010    0.26103
   0.44147    0.44788
 kpt#  85, nband= 50, wtk=  0.00926, kpt= -0.3333 -0.3333  0.3333 (reduced coord)
  -1.94294   -1.94276   -1.94267   -1.94261   -0.80522   -0.80444   -0.80370   -0.80164
  -0.79420   -0.79322   -0.79178   -0.79085   -0.79030   -0.78995   -0.78897   -0.78872
  -0.36587   -0.35124   -0.34877   -0.34556   -0.32023   -0.31726   -0.31515   -0.31007
   0.09588    0.10720    0.11331    0.11644    0.11951    0.12508    0.13384    0.14499
   0.14954    0.16059    0.16712    0.18009    0.18790    0.19522    0.20439    0.20909
   0.21462    0.21975    0.22191    0.22995    0.23783    0.24851    0.25301    0.26138
   0.44242    0.45789
 kpt#  86, nband= 50, wtk=  0.00926, kpt= -0.1667 -0.3333  0.3333 (reduced coord)
  -1.94298   -1.94274   -1.94267   -1.94258   -0.80403   -0.80304   -0.80246   -0.79946
  -0.79642   -0.79436   -0.79320   -0.79134   -0.79073   -0.79043   -0.78918   -0.78859
  -0.36842   -0.34852   -0.34582   -0.34075   -0.32111   -0.32044   -0.31761   -0.31162
   0.09564    0.10401    0.10995    0.11467    0.11902    0.12575    0.13456    0.14146
   0.14827    0.15551    0.16550    0.18040    0.18824    0.20026    0.20285    0.21042
   0.21306    0.22051    0.22326    0.22907    0.24487    0.24988    0.25784    0.26168
   0.44956    0.46428
 kpt#  87, nband= 50, wtk=  0.00926, kpt=  0.0000 -0.1667  0.3333 (reduced coord)
  -1.94312   -1.94278   -1.94256   -1.94251   -0.80374   -0.80245   -0.80223   -0.79899
  -0.79565   -0.79493   -0.79274   -0.79265   -0.79135   -0.79093   -0.78908   -0.78826
  -0.37832   -0.34833   -0.33831   -0.33552   -0.32303   -0.32123   -0.31634   -0.31249
   0.08707    0.08927    0.09852    0.11130    0.11667    0.12705    0.12929    0.13957
   0.14203    0.16547    0.17938    0.18385    0.18964    0.19732    0.20179    0.21338
   0.22029    0.22514    0.23324    0.24182    0.24734    0.25519    0.25894    0.26133
   0.45991    0.46898
 kpt#  88, nband= 50, wtk=  0.00926, kpt=  0.1667 -0.1667  0.3333 (reduced coord)
  -1.94310   -1.94279   -1.94256   -1.94253   -0.80413   -0.80279   -0.80219   -0.79802
  -0.79643   -0.79545   -0.79273   -0.79222   -0.79111   -0.79080   -0.78869   -0.78851
  -0.37607   -0.34907   -0.33918   -0.33601   -0.32342   -0.32037   -0.31809   -0.31144
   0.08538    0.09619    0.09960    0.10798    0.11838    0.12523    0.13603    0.14243
   0.14489    0.16085    0.17340    0.18045    0.19122    0.20150    0.20563    0.21095
   0.21568    0.22366    0.23401    0.24116    0.24479    0.25109    0.25921    0.26263
   0.45550    0.46887
 kpt#  89, nband= 50, wtk=  0.00926, kpt=  0.3333 -0.1667  0.3333 (reduced coord)
  -1.94303   -1.94280   -1.94258   -1.94256   -0.80437   -0.80348   -0.80195   -0.79890
  -0.79652   -0.79550   -0.79203   -0.79160   -0.79081   -0.79033   -0.78918   -0.78852
  -0.37047   -0.35038   -0.34115   -0.33914   -0.32488   -0.31910   -0.31730   -0.31144
   0.08685    0.09900    0.10464    0.11288    0.11795    0.12639    0.14077    0.14208
   0.15287    0.15865    0.16640    0.17908    0.18956    0.19610    0.19933    0.21483
   0.21919    0.22284    0.22927    0.23810    0.24229    0.25084    0.25349    0.26487
   0.44844    0.45825
 kpt#  90, nband= 50, wtk=  0.00926, kpt=  0.5000 -0.1667  0.3333 (reduced coord)
  -1.94298   -1.94283   -1.94259   -1.94257   -0.80411   -0.80400   -0.80129   -0.80064
  -0.79633   -0.79511   -0.79157   -0.79109   -0.79055   -0.79022   -0.78946   -0.78890
  -0.36654   -0.35115   -0.34325   -0.34123   -0.32507   -0.31837   -0.31637   -0.31196
   0.09151    0.09414    0.10711    0.11695    0.11988    0.12713    0.14048    0.14602
   0.15439    0.16154    0.16332    0.17379    0.18478    0.18912    0.20806    0.21121
   0.21962    0.22418    0.23314    0.23412    0.23891    0.24811    0.25374    0.26519
   0.44632    0.45116
 kpt#  91, nband= 50, wtk=  0.00926, kpt= -0.3333 -0.1667  0.3333 (reduced coord)
  -1.94303   -1.94280   -1.94258   -1.94256   -0.80437   -0.80348   -0.80194   -0.79891
  -0.79652   -0.79549   -0.79203   -0.79161   -0.79081   -0.79033   -0.78918   -0.78852
  -0.37047   -0.35038   -0.34115   -0.33914   -0.32488   -0.31911   -0.31729   -0.31144
   0.08685    0.09900    0.10464    0.11288    0.11795    0.12639    0.14078    0.14208
   0.15287    0.15865    0.16640    0.17906    0.18956    0.19611    0.19932    0.21484
   0.21919    0.22285    0.22927    0.23809    0.24230    0.25085    0.25349    0.26487
   0.44841    0.45827
 kpt#  92, nband= 50, wtk=  0.00926, kpt= -0.1667 -0.1667  0.3333 (reduced coord)
  -1.94310   -1.94279   -1.94256   -1.94253   -0.80413   -0.80279   -0.80218   -0.79803
  -0.79643   -0.79544   -0.79273   -0.79222   -0.79111   -0.79080   -0.78869   -0.78850
  -0.37607   -0.34907   -0.33918   -0.33601   -0.32342   -0.32037   -0.31809   -0.31145
   0.08537    0.09619    0.09960    0.10798    0.11838    0.12524    0.13603    0.14243
   0.14488    0.16084    0.17339    0.18043    0.19122    0.20151    0.20565    0.21094
   0.21567    0.22366    0.23401    0.24116    0.24479    0.25108    0.25922    0.26263
   0.45547    0.46952
 kpt#  93, nband= 50, wtk=  0.00463, kpt=  0.0000  0.0000  0.5000 (reduced coord)
  -1.94300   -1.94297   -1.94251   -1.94249   -0.80095   -0.80094   -0.80067   -0.80067
  -0.79698   -0.79697   -0.79333   -0.79332   -0.79001   -0.79000   -0.78971   -0.78970
  -0.36435   -0.36434   -0.33406   -0.33406   -0.32193   -0.32192   -0.31671   -0.31670
   0.09163    0.09163    0.10566    0.10567    0.12628    0.12630    0.12862    0.12865
   0.14889    0.14891    0.18177    0.18178    0.19320    0.19323    0.20893    0.20895
   0.21790    0.21792    0.24527    0.24528    0.24954    0.24955    0.25952    0.25953
   0.46808    0.46810
 kpt#  94, nband= 50, wtk=  0.00926, kpt=  0.1667  0.0000  0.5000 (reduced coord)
  -1.94298   -1.94296   -1.94253   -1.94251   -0.80189   -0.80188   -0.79970   -0.79969
  -0.79769   -0.79768   -0.79263   -0.79262   -0.79027   -0.79025   -0.78951   -0.78950
  -0.36325   -0.36324   -0.33438   -0.33437   -0.32349   -0.32348   -0.31601   -0.31600
   0.09061    0.09061    0.10806    0.10807    0.12562    0.12563    0.13408    0.13410
   0.15244    0.15245    0.17739    0.17740    0.18886    0.18887    0.20668    0.20670
   0.22137    0.22138    0.24191    0.24192    0.25070    0.25071    0.25748    0.25749
   0.46187    0.46190
 kpt#  95, nband= 50, wtk=  0.00926, kpt=  0.3333  0.0000  0.5000 (reduced coord)
  -1.94295   -1.94292   -1.94256   -1.94254   -0.80273   -0.80273   -0.79897   -0.79897
  -0.79839   -0.79838   -0.79172   -0.79171   -0.79093   -0.79092   -0.78900   -0.78899
  -0.36077   -0.36076   -0.33547   -0.33547   -0.32563   -0.32562   -0.31537   -0.31536
   0.09179    0.09179    0.11006    0.11006    0.12344    0.12346    0.14630    0.14631
   0.16036    0.16038    0.17003    0.17004    0.18405    0.18405    0.19910    0.19912
   0.22415    0.22416    0.23515    0.23516    0.24915    0.24915    0.25811    0.25813
   0.45350    0.45353
 kpt#  96, nband= 50, wtk=  0.00463, kpt=  0.5000  0.0000  0.5000 (reduced coord)
  -1.94293   -1.94290   -1.94258   -1.94256   -0.80305   -0.80305   -0.79946   -0.79946
  -0.79775   -0.79774   -0.79214   -0.79212   -0.79054   -0.79054   -0.78885   -0.78884
  -0.35936   -0.35936   -0.33634   -0.33634   -0.32639   -0.32638   -0.31523   -0.31522
   0.09428    0.09428    0.10923    0.10923    0.12165    0.12166    0.15489    0.15491
   0.16225    0.16226    0.16935    0.16937    0.18290    0.18293    0.19316    0.19318
   0.21850    0.21851    0.23700    0.23700    0.24788    0.24788    0.25802    0.25803
   0.44954    0.44957
 kpt#  97, nband= 50, wtk=  0.00926, kpt=  0.0000  0.1667  0.5000 (reduced coord)
  -1.94297   -1.94294   -1.94254   -1.94252   -0.80141   -0.80140   -0.80043   -0.80043
  -0.79710   -0.79710   -0.79282   -0.79282   -0.79069   -0.79068   -0.78924   -0.78923
  -0.36238   -0.36237   -0.33614   -0.33613   -0.32155   -0.32154   -0.31721   -0.31720
   0.09667    0.09668    0.10723    0.10724    0.12677    0.12678    0.13118    0.13118
   0.14764    0.14765    0.17834    0.17836    0.19505    0.19509    0.20291    0.20294
   0.22065    0.22067    0.24007    0.24012    0.24847    0.24849    0.25702    0.25704
   0.46611    0.46615
 kpt#  98, nband= 50, wtk=  0.00926, kpt=  0.1667  0.1667  0.5000 (reduced coord)
  -1.94295   -1.94293   -1.94256   -1.94254   -0.80289   -0.80266   -0.80014   -0.79969
  -0.79703   -0.79700   -0.79246   -0.79209   -0.79062   -0.79010   -0.78938   -0.78926
  -0.36252   -0.36117   -0.33808   -0.33677   -0.32324   -0.32119   -0.31687   -0.31465
   0.09452    0.09600    0.10934    0.11031    0.12364    0.12830    0.13526    0.13682
   0.14950    0.15254    0.17046    0.17530    0.19200    0.19343    0.20517    0.20535
   0.22023    0.22204    0.23794    0.23860    0.24313    0.24886    0.25298    0.26041
   0.45608    0.46801
 kpt#  99, nband= 50, wtk=  0.00926, kpt=  0.3333  0.1667  0.5000 (reduced coord)
  -1.94292   -1.94290   -1.94258   -1.94256   -0.80400   -0.80394   -0.80131   -0.80073
  -0.79582   -0.79581   -0.79158   -0.79112   -0.79057   -0.79032   -0.78905   -0.78903
  -0.36129   -0.35980   -0.34116   -0.34009   -0.32232   -0.32153   -0.31480   -0.31345
   0.09433    0.09890    0.10859    0.11435    0.12273    0.12536    0.14062    0.14900
   0.15687    0.15695    0.16593    0.17681    0.18632    0.18665    0.19859    0.20776
   0.22247    0.22279    0.22753    0.23781    0.24005    0.24567    0.25666    0.25691
   0.44842    0.45518
 kpt# 100, nband= 50, wtk=  0.00926, kpt=  0.5000  0.1667  0.5000 (reduced coord)
  -1.94291   -1.94288   -1.94260   -1.94258   -0.80435   -0.80434   -0.80172   -0.80170
  -0.79512   -0.79510   -0.79127   -0.79125   -0.79032   -0.79031   -0.78889   -0.78888
  -0.35972   -0.35971   -0.34247   -0.34246   -0.32129   -0.32128   -0.31376   -0.31375
   0.09877    0.09879    0.11066    0.11069    0.12269    0.12271    0.14668    0.14670
   0.16447    0.16447    0.16812    0.16814    0.18834    0.18836    0.19784    0.19788
   0.21992    0.21995    0.23235    0.23236    0.24203    0.24204    0.25688    0.25690
   0.44727    0.44730
 kpt# 101, nband= 50, wtk=  0.00926, kpt= -0.3333  0.1667  0.5000 (reduced coord)
  -1.94292   -1.94290   -1.94258   -1.94256   -0.80400   -0.80394   -0.80131   -0.80073
  -0.79582   -0.79580   -0.79157   -0.79112   -0.79057   -0.79032   -0.78905   -0.78904
  -0.36129   -0.35980   -0.34116   -0.34009   -0.32232   -0.32153   -0.31479   -0.31346
   0.09434    0.09890    0.10859    0.11435    0.12274    0.12535    0.14060    0.14899
   0.15688    0.15696    0.16593    0.17681    0.18633    0.18665    0.19860    0.20774
   0.22248    0.22278    0.22753    0.23781    0.24005    0.24567    0.25666    0.25691
   0.44845    0.45516
 kpt# 102, nband= 50, wtk=  0.00926, kpt= -0.1667  0.1667  0.5000 (reduced coord)
  -1.94295   -1.94293   -1.94256   -1.94254   -0.80289   -0.80267   -0.80015   -0.79968
  -0.79703   -0.79700   -0.79246   -0.79209   -0.79063   -0.79011   -0.78938   -0.78926
  -0.36252   -0.36117   -0.33808   -0.33677   -0.32324   -0.32119   -0.31687   -0.31466
   0.09452    0.09600    0.10935    0.11031    0.12363    0.12829    0.13525    0.13682
   0.14951    0.15254    0.17047    0.17530    0.19201    0.19342    0.20516    0.20536
   0.22024    0.22205    0.23795    0.23860    0.24312    0.24885    0.25299    0.26042
   0.45611    0.46801
 kpt# 103, nband= 50, wtk=  0.00926, kpt=  0.0000  0.3333  0.5000 (reduced coord)
  -1.94288   -1.94285   -1.94263   -1.94261   -0.80180   -0.80179   -0.80075   -0.80074
  -0.79655   -0.79654   -0.79301   -0.79300   -0.79065   -0.79065   -0.78903   -0.78902
  -0.35695   -0.35694   -0.34178   -0.34176   -0.32063   -0.32062   -0.31831   -0.31830
   0.10579    0.10580    0.11400    0.11402    0.12682    0.12684    0.13777    0.13777
   0.14673    0.14674    0.17259    0.17262    0.18204    0.18207    0.20727    0.20728
   0.22194    0.22195    0.22722    0.22724    0.24490    0.24495    0.25512    0.25514
   0.46389    0.46392
 kpt# 104, nband= 50, wtk=  0.00926, kpt=  0.1667  0.3333  0.5000 (reduced coord)
  -1.94287   -1.94285   -1.94264   -1.94262   -0.80370   -0.80326   -0.80195   -0.80117
  -0.79536   -0.79489   -0.79239   -0.79159   -0.79049   -0.79045   -0.78905   -0.78904
  -0.35878   -0.35681   -0.34425   -0.34412   -0.31978   -0.31969   -0.31703   -0.31455
   0.10372    0.10624    0.11433    0.11629    0.12272    0.13142    0.13799    0.13900
   0.14934    0.15143    0.16692    0.16825    0.18961    0.19083    0.20503    0.20887
   0.21811    0.21976    0.22363    0.22402    0.24208    0.24852    0.24935    0.26017
   0.45186    0.46955
 kpt# 105, nband= 50, wtk=  0.00926, kpt=  0.3333  0.3333  0.5000 (reduced coord)
  -1.94286   -1.94283   -1.94265   -1.94263   -0.80538   -0.80514   -0.80380   -0.80318
  -0.79302   -0.79275   -0.79102   -0.79062   -0.79015   -0.78988   -0.78899   -0.78897
  -0.36006   -0.35818   -0.34869   -0.34864   -0.31726   -0.31659   -0.31333   -0.31180
   0.10409    0.10679    0.11602    0.11982    0.12034    0.12959    0.13489    0.13702
   0.15804    0.16013    0.17051    0.17149    0.18846    0.19236    0.20509    0.20535
   0.21408    0.22062    0.22204    0.22299    0.23681    0.24614    0.25101    0.25612
   0.44306    0.45690
 kpt# 106, nband= 50, wtk=  0.00926, kpt=  0.5000  0.3333  0.5000 (reduced coord)
  -1.94285   -1.94282   -1.94266   -1.94264   -0.80588   -0.80587   -0.80438   -0.80437
  -0.79200   -0.79198   -0.79042   -0.79039   -0.78985   -0.78982   -0.78887   -0.78886
  -0.35956   -0.35955   -0.35084   -0.35083   -0.31522   -0.31521   -0.31154   -0.31153
   0.10676    0.10678    0.11817    0.11823    0.12364    0.12368    0.13504    0.13505
   0.16315    0.16316    0.17319    0.17319    0.19166    0.19168    0.19977    0.19980
   0.22030    0.22031    0.22482    0.22483    0.23617    0.23620    0.25327    0.25330
   0.44421    0.44423
 kpt# 107, nband= 50, wtk=  0.00926, kpt= -0.3333  0.3333  0.5000 (reduced coord)
  -1.94286   -1.94283   -1.94265   -1.94263   -0.80537   -0.80514   -0.80381   -0.80317
  -0.79302   -0.79275   -0.79101   -0.79062   -0.79016   -0.78988   -0.78899   -0.78897
  -0.36006   -0.35818   -0.34868   -0.34864   -0.31726   -0.31659   -0.31333   -0.31181
   0.10409    0.10678    0.11603    0.11982    0.12034    0.12958    0.13489    0.13703
   0.15804    0.16013    0.17052    0.17149    0.18846    0.19237    0.20509    0.20535
   0.21407    0.22063    0.22204    0.22301    0.23679    0.24614    0.25102    0.25612
   0.44308    0.45679
 kpt# 108, nband= 50, wtk=  0.00926, kpt= -0.1667  0.3333  0.5000 (reduced coord)
  -1.94287   -1.94285   -1.94264   -1.94262   -0.80369   -0.80326   -0.80195   -0.80116
  -0.79535   -0.79489   -0.79239   -0.79158   -0.79049   -0.79045   -0.78905   -0.78905
  -0.35878   -0.35681   -0.34425   -0.34412   -0.31978   -0.31968   -0.31703   -0.31456
   0.10372    0.10624    0.11433    0.11629    0.12270    0.13142    0.13800    0.13900
   0.14934    0.15143    0.16692    0.16825    0.18959    0.19083    0.20502    0.20887
   0.21812    0.21975    0.22364    0.22403    0.24206    0.24851    0.24936    0.26017
   0.45188    0.46951
 kpt# 109, nband= 50, wtk=  0.00463, kpt=  0.0000  0.5000  0.5000 (reduced coord)
  -1.94279   -1.94275   -1.94272   -1.94271   -0.80154   -0.80153   -0.80152   -0.80152
  -0.79487   -0.79484   -0.79482   -0.79482   -0.78956   -0.78956   -0.78954   -0.78954
  -0.34944   -0.34942   -0.34940   -0.34940   -0.31953   -0.31952   -0.31951   -0.31950
   0.11247    0.11248    0.11248    0.11249    0.13721    0.13723    0.13725    0.13726
   0.15338    0.15339    0.15343    0.15344    0.19253    0.19253    0.19258    0.19260
   0.22371    0.22372    0.22374    0.22375    0.24891    0.24892    0.24894    0.24896
   0.46792    0.46797
 kpt# 110, nband= 50, wtk=  0.00926, kpt=  0.1667  0.5000  0.5000 (reduced coord)
  -1.94279   -1.94275   -1.94272   -1.94271   -0.80337   -0.80336   -0.80270   -0.80269
  -0.79366   -0.79365   -0.79290   -0.79289   -0.78955   -0.78953   -0.78952   -0.78950
  -0.35232   -0.35232   -0.35081   -0.35081   -0.31810   -0.31809   -0.31641   -0.31641
   0.11083    0.11083    0.11501    0.11501    0.13410    0.13412    0.13577    0.13579
   0.15708    0.15711    0.15818    0.15819    0.19455    0.19455    0.19619    0.19621
   0.21823    0.21824    0.22031    0.22033    0.24530    0.24531    0.25435    0.25436
   0.45650    0.45651
 kpt# 111, nband= 50, wtk=  0.00926, kpt=  0.3333  0.5000  0.5000 (reduced coord)
  -1.94279   -1.94275   -1.94272   -1.94271   -0.80535   -0.80534   -0.80489   -0.80489
  -0.79142   -0.79142   -0.79088   -0.79088   -0.78944   -0.78942   -0.78940   -0.78938
  -0.35585   -0.35585   -0.35463   -0.35462   -0.31411   -0.31410   -0.31271   -0.31270
   0.11263    0.11263    0.11529    0.11529    0.12937    0.12939    0.13358    0.13360
   0.16424    0.16425    0.16638    0.16639    0.19394    0.19394    0.19676    0.19678
   0.21551    0.21551    0.21984    0.21986    0.24397    0.24398    0.25185    0.25186
   0.44768    0.44770
 kpt# 112, nband= 50, wtk=  0.00463, kpt=  0.5000  0.5000  0.5000 (reduced coord)
  -1.94279   -1.94275   -1.94272   -1.94271   -0.80596   -0.80595   -0.80595   -0.80594
  -0.79044   -0.79043   -0.79041   -0.79041   -0.78926   -0.78924   -0.78923   -0.78922
  -0.35688   -0.35687   -0.35685   -0.35684   -0.31173   -0.31172   -0.31171   -0.31171
   0.11458    0.11459    0.11460    0.11461    0.13009    0.13009    0.13012    0.13014
   0.16779    0.16780    0.16782    0.16782    0.19440    0.19442    0.19443    0.19445
   0.21950    0.21950    0.21952    0.21953    0.24544    0.24545    0.24548    0.24548
   0.44875    0.44877
