 Fermi (or HOMO) energy (hartree) =   0.28130   Average Vxc (hartree)=  -0.44588
 Eigenvalues (hartree) for nkpt= 112  k points:
 kpt#   1, nband= 50, wtk=  0.00463, kpt=  0.0000  0.0000  0.0000 (reduced coord)
  -1.94175   -1.94113   -1.94088   -1.94058   -0.80615   -0.80560   -0.80463   -0.79595
  -0.79257   -0.79239   -0.79214   -0.79193   -0.79053   -0.78706   -0.78681   -0.78635
  -0.39575   -0.34715   -0.34342   -0.33963   -0.31251   -0.31236   -0.31080   -0.29883
   0.06712    0.07048    0.08069    0.09854    0.10436    0.10928    0.14858    0.15991
   0.16192    0.16471    0.17701    0.17908    0.18216    0.19417    0.19760    0.22473
   0.22583    0.22994    0.24945    0.25501    0.26023    0.27646    0.27689    0.28106
   0.45814    0.46321
 kpt#   2, nband= 50, wtk=  0.00926, kpt=  0.1667  0.0000  0.0000 (reduced coord)
  -1.94172   -1.94113   -1.94092   -1.94058   -0.80533   -0.80457   -0.80386   -0.79609
  -0.79341   -0.79328   -0.79200   -0.79143   -0.79040   -0.78841   -0.78712   -0.78669
  -0.39096   -0.34602   -0.34270   -0.33872   -0.31704   -0.31323   -0.31285   -0.29976
   0.07380    0.07617    0.07836    0.10066    0.10514    0.12475    0.14375    0.14867
   0.15203    0.15849    0.16948    0.17811    0.18807    0.18871    0.21026    0.21470
   0.23545    0.23979    0.24075    0.25003    0.26132    0.27301    0.27449    0.28130
   0.46439    0.47002
 kpt#   3, nband= 50, wtk=  0.00926, kpt=  0.3333  0.0000  0.0000 (reduced coord)
  -1.94164   -1.94113   -1.94100   -1.94058   -0.80319   -0.80183   -0.80155   -0.79731
  -0.79566   -0.79421   -0.79202   -0.79192   -0.79041   -0.78990   -0.78795   -0.78762
  -0.37776   -0.34454   -0.34354   -0.33678   -0.32735   -0.31598   -0.31509   -0.30178
   0.08085    0.08436    0.09844    0.10919    0.11244    0.12377    0.12671    0.13330
   0.14923    0.15535    0.15736    0.17180    0.18989    0.20166    0.20528    0.20737
   0.22514    0.23849    0.24726    0.24983    0.26244    0.27080    0.27233    0.28102
   0.46173    0.46983
 kpt#   4, nband= 50, wtk=  0.00463, kpt=  0.5000  0.0000  0.0000 (reduced coord)
  -1.94159   -1.94113   -1.94105   -1.94058   -0.80085   -0.79953   -0.79937   -0.79840
  -0.79810   -0.79553   -0.79426   -0.79193   -0.78953   -0.78919   -0.78885   -0.78852
  -0.36165   -0.35727   -0.34222   -0.33566   -0.32976   -0.31791   -0.31617   -0.30290
   0.09170    0.09414    0.10556    0.10630    0.10940    0.12001    0.13055    0.13305
   0.13705    0.14397    0.16871    0.17305    0.18381    0.19106    0.19909    0.21840
   0.22367    0.23189    0.24852    0.25154    0.26289    0.27043    0.27257    0.28120
   0.45759    0.46749
 kpt#   5, nband= 50, wtk=  0.00926, kpt=  0.0000  0.1667  0.0000 (reduced coord)
  -1.94171   -1.94116   -1.94087   -1.94061   -0.80518   -0.80473   -0.80419   -0.79689
  -0.79309   -0.79223   -0.79207   -0.79178   -0.79038   -0.78752   -0.78737   -0.78713
  -0.39128   -0.34684   -0.34253   -0.33930   -0.31631   -0.31276   -0.31189   -0.30024
   0.07212    0.07619    0.07825    0.10095    0.10712    0.12389    0.14411    0.14494
   0.15755    0.16733    0.16852    0.17554    0.18108    0.19809    0.20266    0.22568
   0.23044    0.23462    0.23992    0.25335    0.25692    0.26897    0.27609    0.27823
   0.45324    0.46492
 kpt#   6, nband= 50, wtk=  0.00926, kpt=  0.1667  0.1667  0.0000 (reduced coord)
  -1.94167   -1.94116   -1.94090   -1.94061   -0.80460   -0.80412   -0.80325   -0.79717
  -0.79340   -0.79329   -0.79182   -0.79123   -0.79029   -0.78951   -0.78748   -0.78681
  -0.38691   -0.34617   -0.34189   -0.33850   -0.31810   -0.31686   -0.31250   -0.30099
   0.07437    0.08068    0.08385    0.10266    0.10746    0.13333    0.13811    0.14767
   0.15026    0.15229    0.17073    0.17565    0.18258    0.19049    0.21088    0.21655
   0.23606    0.23913    0.24318    0.24566    0.25739    0.26443    0.27422    0.27756
   0.45434    0.46668
 kpt#   7, nband= 50, wtk=  0.00926, kpt=  0.3333  0.1667  0.0000 (reduced coord)
  -1.94160   -1.94116   -1.94098   -1.94061   -0.80303   -0.80210   -0.80089   -0.79851
  -0.79556   -0.79339   -0.79285   -0.79167   -0.79013   -0.78992   -0.78836   -0.78734
  -0.37481   -0.34456   -0.34387   -0.33715   -0.32727   -0.31764   -0.31522   -0.30284
   0.07987    0.09094    0.10067    0.10967    0.11381    0.12613    0.13049    0.13273
   0.14867    0.15266    0.16357    0.17060    0.18662    0.19665    0.20776    0.20861
   0.22243    0.23728    0.24672    0.24903    0.25911    0.26441    0.27084    0.27466
   0.45599    0.46313
 kpt#   8, nband= 50, wtk=  0.00926, kpt=  0.5000  0.1667  0.0000 (reduced coord)
  -1.94155   -1.94116   -1.94102   -1.94061   -0.80114   -0.80045   -0.79959   -0.79897
  -0.79760   -0.79574   -0.79300   -0.79166   -0.78956   -0.78921   -0.78894   -0.78825
  -0.36030   -0.35549   -0.34346   -0.33667   -0.32937   -0.31774   -0.31701   -0.30402
   0.09132    0.09277    0.10825    0.11054    0.11478    0.11864    0.13439    0.13670
   0.13737    0.14563    0.16720    0.17524    0.17631    0.19589    0.20016    0.21608
   0.22231    0.22833    0.24636    0.25180    0.26000    0.26578    0.27015    0.27256
   0.45783    0.46054
 kpt#   9, nband= 50, wtk=  0.00926, kpt= -0.3333  0.1667  0.0000 (reduced coord)
  -1.94160   -1.94116   -1.94098   -1.94061   -0.80290   -0.80191   -0.80106   -0.79865
  -0.79558   -0.79342   -0.79287   -0.79155   -0.79020   -0.78995   -0.78836   -0.78728
  -0.37472   -0.34457   -0.34397   -0.33710   -0.32717   -0.31756   -0.31533   -0.30296
   0.08026    0.09077    0.10058    0.11001    0.11392    0.12593    0.13006    0.13246
   0.14849    0.15273    0.16318    0.17091    0.18651    0.19674    0.20810    0.20888
   0.22270    0.23756    0.24667    0.24869    0.25864    0.26475    0.27084    0.27444
   0.45806    0.46318
 kpt#  10, nband= 50, wtk=  0.00926, kpt= -0.1667  0.1667  0.0000 (reduced coord)
  -1.94167   -1.94116   -1.94090   -1.94061   -0.80451   -0.80399   -0.80339   -0.79727
  -0.79347   -0.79323   -0.79172   -0.79126   -0.79032   -0.78958   -0.78748   -0.78675
  -0.38685   -0.34618   -0.34194   -0.33847   -0.31784   -0.31679   -0.31278   -0.30109
   0.07468    0.08075    0.08356    0.10263    0.10792    0.13286    0.13778    0.14769
   0.14992    0.15229    0.17071    0.17592    0.18239    0.19044    0.21122    0.21707
   0.23631    0.23944    0.24285    0.24543    0.25693    0.26478    0.27422    0.27728
   0.45572    0.46771
 kpt#  11, nband= 50, wtk=  0.00926, kpt=  0.0000  0.3333  0.0000 (reduced coord)
  -1.94158   -1.94126   -1.94084   -1.94068   -0.80303   -0.80275   -0.80216   -0.79890
  -0.79519   -0.79298   -0.79153   -0.79116   -0.79017   -0.78933   -0.78828   -0.78797
  -0.37903   -0.34986   -0.34058   -0.33873   -0.32277   -0.31690   -0.31078   -0.30382
   0.07643    0.08538    0.09850    0.10571    0.11594    0.12374    0.13342    0.13507
   0.14355    0.16124    0.16535    0.17590    0.19029    0.20301    0.20576    0.21405
   0.22144    0.23633    0.23651    0.24888    0.25100    0.26095    0.27566    0.27736
   0.44481    0.45564
 kpt#  12, nband= 50, wtk=  0.00926, kpt=  0.1667  0.3333  0.0000 (reduced coord)
  -1.94155   -1.94125   -1.94086   -1.94068   -0.80326   -0.80231   -0.80144   -0.79917
  -0.79498   -0.79424   -0.79095   -0.79074   -0.79061   -0.78998   -0.78837   -0.78758
  -0.37575   -0.34932   -0.34031   -0.33861   -0.32286   -0.32057   -0.31130   -0.30441
   0.07791    0.09257    0.10103    0.10578    0.11524    0.12210    0.13429    0.13503
   0.14458    0.16605    0.16799    0.17753    0.18231    0.18870    0.20784    0.21867
   0.22229    0.23671    0.23918    0.24667    0.25009    0.25330    0.27433    0.27584
   0.44317    0.45436
 kpt#  13, nband= 50, wtk=  0.00926, kpt=  0.3333  0.3333  0.0000 (reduced coord)
  -1.94150   -1.94124   -1.94091   -1.94069   -0.80253   -0.80203   -0.80026   -0.79959
  -0.79645   -0.79383   -0.79291   -0.79065   -0.78997   -0.78944   -0.78896   -0.78739
  -0.36670   -0.34790   -0.34271   -0.33907   -0.32661   -0.32225   -0.31321   -0.30596
   0.08469    0.10089    0.10407    0.11267    0.11971    0.12113    0.12787    0.13774
   0.14380    0.16102    0.16907    0.17861    0.18092    0.19289    0.20757    0.20944
   0.21635    0.23519    0.23592    0.24436    0.24928    0.25001    0.27102    0.27172
   0.44190    0.45269
 kpt#  14, nband= 50, wtk=  0.00926, kpt=  0.5000  0.3333  0.0000 (reduced coord)
  -1.94147   -1.94124   -1.94094   -1.94069   -0.80166   -0.80141   -0.80053   -0.80017
  -0.79614   -0.79509   -0.79229   -0.79174   -0.78996   -0.78896   -0.78833   -0.78794
  -0.35664   -0.35076   -0.34690   -0.33972   -0.32808   -0.32148   -0.31448   -0.30699
   0.09431    0.09637    0.10557    0.11557    0.12107    0.12352    0.12832    0.14151
   0.14713    0.15174    0.16823    0.17083    0.18391    0.20023    0.20229    0.21601
   0.21679    0.21986    0.23850    0.23876    0.24936    0.25157    0.26913    0.26966
   0.44291    0.45248
 kpt#  15, nband= 50, wtk=  0.00926, kpt= -0.3333  0.3333  0.0000 (reduced coord)
  -1.94150   -1.94124   -1.94091   -1.94069   -0.80230   -0.80191   -0.80046   -0.79978
  -0.79639   -0.79386   -0.79295   -0.79058   -0.78995   -0.78948   -0.78903   -0.78731
  -0.36655   -0.34791   -0.34285   -0.33910   -0.32653   -0.32211   -0.31332   -0.30606
   0.08537    0.10043    0.10386    0.11340    0.11936    0.12129    0.12709    0.13728
   0.14377    0.16064    0.17032    0.17832    0.18061    0.19260    0.20818    0.21007
   0.21659    0.23498    0.23634    0.24391    0.24901    0.24946    0.27103    0.27188
   0.44351    0.45225
 kpt#  16, nband= 50, wtk=  0.00926, kpt= -0.1667  0.3333  0.0000 (reduced coord)
  -1.94155   -1.94125   -1.94086   -1.94068   -0.80307   -0.80223   -0.80158   -0.79930
  -0.79499   -0.79421   -0.79101   -0.79084   -0.79057   -0.78994   -0.78841   -0.78749
  -0.37566   -0.34933   -0.34038   -0.33865   -0.32272   -0.32041   -0.31149   -0.30450
   0.07834    0.09257    0.10056    0.10593    0.11581    0.12159    0.13398    0.13480
   0.14423    0.16673    0.16829    0.17674    0.18206    0.18890    0.20874    0.21921
   0.22188    0.23728    0.23898    0.24616    0.24969    0.25320    0.27437    0.27588
   0.44458    0.45382
 kpt#  17, nband= 50, wtk=  0.00463, kpt=  0.0000  0.5000  0.0000 (reduced coord)
  -1.94141   -1.94141   -1.94081   -1.94072   -0.80124   -0.80102   -0.80060   -0.80018
  -0.79608   -0.79590   -0.79112   -0.79090   -0.78956   -0.78937   -0.78899   -0.78892
  -0.36303   -0.36250   -0.33940   -0.33860   -0.32209   -0.32168   -0.30809   -0.30772
   0.08552    0.08693    0.11377    0.11454    0.11890    0.11905    0.12735    0.12921
   0.13561    0.13679    0.19028    0.19095    0.19210    0.19284    0.20816    0.20847
   0.21149    0.21383    0.24345    0.24413    0.25741    0.25803    0.27601    0.27759
   0.44345    0.44460
 kpt#  18, nband= 50, wtk=  0.00926, kpt=  0.1667  0.5000  0.0000 (reduced coord)
  -1.94140   -1.94139   -1.94082   -1.94073   -0.80187   -0.80152   -0.79990   -0.79964
  -0.79654   -0.79632   -0.79051   -0.79039   -0.79001   -0.78987   -0.78879   -0.78860
  -0.36121   -0.36066   -0.33952   -0.33890   -0.32341   -0.32304   -0.30867   -0.30832
   0.08894    0.09029    0.11262    0.11348    0.11728    0.11805    0.12604    0.12743
   0.14686    0.14831    0.18167    0.18309    0.19201    0.19368    0.20275    0.20362
   0.22032    0.22249    0.24025    0.24140    0.25267    0.25318    0.27487    0.27597
   0.44212    0.44322
 kpt#  19, nband= 50, wtk=  0.00926, kpt=  0.3333  0.5000  0.0000 (reduced coord)
  -1.94137   -1.94137   -1.94085   -1.94076   -0.80219   -0.80172   -0.80037   -0.80002
  -0.79586   -0.79575   -0.79163   -0.79145   -0.78943   -0.78927   -0.78831   -0.78816
  -0.35634   -0.35579   -0.34141   -0.34134   -0.32547   -0.32469   -0.31012   -0.30979
   0.09597    0.09712    0.10899    0.10917    0.12044    0.12118    0.12908    0.12976
   0.15925    0.16063    0.17128    0.17214    0.19247    0.19354    0.20550    0.20692
   0.21716    0.21814    0.23585    0.23710    0.24559    0.24665    0.27144    0.27164
   0.44053    0.44242
 kpt#  20, nband= 50, wtk=  0.00463, kpt=  0.5000  0.5000  0.0000 (reduced coord)
  -1.94136   -1.94135   -1.94087   -1.94077   -0.80190   -0.80135   -0.80123   -0.80100
  -0.79425   -0.79404   -0.79357   -0.79311   -0.78890   -0.78856   -0.78826   -0.78810
  -0.35192   -0.35151   -0.34510   -0.34450   -0.32603   -0.32481   -0.31104   -0.31068
   0.10068    0.10198    0.10502    0.10591    0.12407    0.12472    0.13081    0.13195
   0.15820    0.16099    0.17021    0.17148    0.19664    0.19696    0.20261    0.20403
   0.22153    0.22275    0.22373    0.22571    0.24474    0.24643    0.26926    0.26958
   0.44101    0.44345
 kpt#  21, nband= 50, wtk=  0.00926, kpt=  0.0000  0.0000  0.1667 (reduced coord)
  -1.94172   -1.94115   -1.94089   -1.94059   -0.80543   -0.80480   -0.80369   -0.79636
  -0.79376   -0.79270   -0.79167   -0.79127   -0.79094   -0.78791   -0.78736   -0.78668
  -0.39128   -0.34551   -0.34254   -0.33979   -0.31695   -0.31264   -0.31236   -0.30062
   0.07075    0.07540    0.09068    0.09651    0.10691    0.11860    0.13924    0.15047
   0.15678    0.17091    0.17473    0.17905    0.18059    0.19522    0.19638    0.22529
   0.22740    0.22965    0.24630    0.25480    0.25549    0.26495    0.27610    0.27876
   0.45960    0.46450
 kpt#  22, nband= 50, wtk=  0.00926, kpt=  0.1667  0.0000  0.1667 (reduced coord)
  -1.94168   -1.94115   -1.94092   -1.94059   -0.80477   -0.80400   -0.80298   -0.79646
  -0.79486   -0.79262   -0.79182   -0.79120   -0.79065   -0.78950   -0.78708   -0.78701
  -0.38692   -0.34525   -0.34196   -0.33877   -0.31890   -0.31658   -0.31273   -0.30126
   0.07671    0.08100    0.08642    0.09897    0.11052    0.12851    0.13691    0.14451
   0.15081    0.16352    0.16840    0.17915    0.18541    0.18910    0.20510    0.21586
   0.23176    0.23779    0.24028    0.24821    0.25513    0.26650    0.27475    0.27852
   0.46231    0.46923
 kpt#  23, nband= 50, wtk=  0.00926, kpt=  0.3333  0.0000  0.1667 (reduced coord)
  -1.94161   -1.94115   -1.94099   -1.94060   -0.80308   -0.80170   -0.80115   -0.79751
  -0.79665   -0.79409   -0.79208   -0.79144   -0.79067   -0.78974   -0.78803   -0.78758
  -0.37491   -0.34550   -0.34314   -0.33663   -0.32761   -0.31897   -0.31396   -0.30287
   0.08552    0.08751    0.10117    0.10553    0.11517    0.12672    0.13109    0.13454
   0.14616    0.15697    0.16109    0.17343    0.18964    0.19698    0.20431    0.20591
   0.22030    0.23737    0.24316    0.24706    0.25647    0.26379    0.27347    0.27979
   0.45966    0.46755
 kpt#  24, nband= 50, wtk=  0.00926, kpt=  0.5000  0.0000  0.1667 (reduced coord)
  -1.94157   -1.94114   -1.94104   -1.94060   -0.80134   -0.79987   -0.79949   -0.79889
  -0.79757   -0.79665   -0.79279   -0.79127   -0.78985   -0.78906   -0.78884   -0.78847
  -0.36027   -0.35662   -0.34271   -0.33557   -0.33091   -0.31918   -0.31513   -0.30380
   0.09222    0.09652    0.10237    0.10635    0.12120    0.12453    0.12939    0.13319
   0.14370    0.14454    0.16848    0.16859    0.18395    0.19425    0.19620    0.21747
   0.22331    0.22960    0.23873    0.25110    0.25646    0.26188    0.27347    0.28056
   0.45658    0.46502
 kpt#  25, nband= 50, wtk=  0.00926, kpt= -0.3333  0.0000  0.1667 (reduced coord)
  -1.94161   -1.94115   -1.94099   -1.94060   -0.80314   -0.80165   -0.80117   -0.79746
  -0.79661   -0.79412   -0.79210   -0.79142   -0.79069   -0.78972   -0.78803   -0.78761
  -0.37492   -0.34549   -0.34314   -0.33663   -0.32761   -0.31898   -0.31394   -0.30288
   0.08546    0.08753    0.10116    0.10550    0.11524    0.12695    0.13095    0.13440
   0.14623    0.15701    0.16111    0.17336    0.18966    0.19697    0.20429    0.20591
   0.22035    0.23727    0.24316    0.24714    0.25650    0.26378    0.27346    0.27979
   0.45960    0.46734
 kpt#  26, nband= 50, wtk=  0.00926, kpt= -0.1667  0.0000  0.1667 (reduced coord)
  -1.94168   -1.94115   -1.94092   -1.94059   -0.80483   -0.80395   -0.80299   -0.79642
  -0.79482   -0.79273   -0.79174   -0.79123   -0.79065   -0.78948   -0.78707   -0.78704
  -0.38692   -0.34528   -0.34191   -0.33880   -0.31892   -0.31656   -0.31271   -0.30128
   0.07673    0.08097    0.08644    0.09889    0.11056    0.12846    0.13702    0.14457
   0.15075    0.16358    0.16842    0.17913    0.18539    0.18901    0.20514    0.21587
   0.23168    0.23782    0.24020    0.24829    0.25511    0.26664    0.27455    0.27863
   0.46213    0.46936
 kpt#  27, nband= 50, wtk=  0.00926, kpt=  0.0000  0.1667  0.1667 (reduced coord)
  -1.94167   -1.94118   -1.94088   -1.94062   -0.80450   -0.80412   -0.80343   -0.79725
  -0.79350   -0.79293   -0.79218   -0.79097   -0.79058   -0.78901   -0.78773   -0.78672
  -0.38716   -0.34537   -0.34293   -0.33861   -0.31670   -0.31640   -0.31340   -0.30171
   0.07416    0.08240    0.08671    0.10063    0.10909    0.12901    0.13860    0.14459
   0.15716    0.16116    0.16798    0.17490    0.18038    0.19888    0.20360    0.22290
   0.22866    0.23371    0.24072    0.25134    0.25506    0.26382    0.26836    0.27437
   0.45432    0.46660
 kpt#  28, nband= 50, wtk=  0.00926, kpt=  0.1667  0.1667  0.1667 (reduced coord)
  -1.94164   -1.94118   -1.94091   -1.94062   -0.80428   -0.80371   -0.80262   -0.79722
  -0.79450   -0.79264   -0.79229   -0.79096   -0.79068   -0.79001   -0.78733   -0.78697
  -0.38326   -0.34606   -0.34190   -0.33799   -0.31973   -0.31790   -0.31396   -0.30205
   0.07937    0.08365    0.08996    0.10230    0.11179    0.13218    0.13825    0.14277
   0.15074    0.15881    0.16419    0.17395    0.18467    0.19362    0.20704    0.21767
   0.23078    0.23778    0.23916    0.24798    0.25261    0.26231    0.26740    0.27438
   0.45378    0.46801
 kpt#  29, nband= 50, wtk=  0.00926, kpt=  0.3333  0.1667  0.1667 (reduced coord)
  -1.94158   -1.94117   -1.94097   -1.94063   -0.80336   -0.80220   -0.80135   -0.79780
  -0.79587   -0.79432   -0.79204   -0.79144   -0.79028   -0.78962   -0.78789   -0.78760
  -0.37249   -0.34675   -0.34389   -0.33663   -0.32791   -0.31841   -0.31442   -0.30344
   0.08489    0.09167    0.10373    0.10739    0.11641    0.12935    0.13209    0.13583
   0.14811    0.15194    0.16241    0.17287    0.18808    0.19580    0.20556    0.20964
   0.22016    0.23546    0.24106    0.24703    0.25499    0.26151    0.26542    0.27326
   0.45181    0.46431
 kpt#  30, nband= 50, wtk=  0.00926, kpt=  0.5000  0.1667  0.1667 (reduced coord)
  -1.94154   -1.94117   -1.94101   -1.94063   -0.80222   -0.80168   -0.79963   -0.79944
  -0.79640   -0.79575   -0.79216   -0.79112   -0.78926   -0.78913   -0.78882   -0.78845
  -0.35943   -0.35595   -0.34468   -0.33619   -0.33106   -0.31737   -0.31530   -0.30448
   0.09338    0.09391    0.10435    0.11189    0.12089    0.12606    0.13131    0.13608
   0.14531    0.14699    0.16562    0.16736    0.18241    0.19765    0.19891    0.21764
   0.22100    0.22779    0.23755    0.24890    0.25606    0.26096    0.26704    0.27110
   0.45116    0.46272
 kpt#  31, nband= 50, wtk=  0.00926, kpt= -0.3333  0.1667  0.1667 (reduced coord)
  -1.94158   -1.94117   -1.94097   -1.94062   -0.80327   -0.80205   -0.80151   -0.79789
  -0.79584   -0.79434   -0.79215   -0.79128   -0.79039   -0.78959   -0.78792   -0.78755
  -0.37241   -0.34684   -0.34380   -0.33662   -0.32793   -0.31825   -0.31451   -0.30358
   0.08529    0.09139    0.10388    0.10754    0.11654    0.12936    0.13140    0.13533
   0.14844    0.15202    0.16218    0.17303    0.18802    0.19570    0.20556    0.21042
   0.22003    0.23538    0.24088    0.24678    0.25501    0.26166    0.26635    0.27241
   0.45320    0.46526
 kpt#  32, nband= 50, wtk=  0.00926, kpt= -0.1667  0.1667  0.1667 (reduced coord)
  -1.94164   -1.94118   -1.94091   -1.94062   -0.80422   -0.80359   -0.80274   -0.79730
  -0.79443   -0.79276   -0.79224   -0.79092   -0.79074   -0.78999   -0.78736   -0.78693
  -0.38321   -0.34611   -0.34183   -0.33798   -0.31960   -0.31773   -0.31422   -0.30218
   0.07969    0.08364    0.08973    0.10251    0.11187    0.13147    0.13852    0.14216
   0.15107    0.15878    0.16447    0.17413    0.18419    0.19358    0.20715    0.21811
   0.23059    0.23759    0.23964    0.24762    0.25247    0.26303    0.26738    0.27394
   0.45489    0.46888
 kpt#  33, nband= 50, wtk=  0.00926, kpt=  0.0000  0.3333  0.1667 (reduced coord)
  -1.94155   -1.94126   -1.94085   -1.94069   -0.80265   -0.80219   -0.80200   -0.79919
  -0.79486   -0.79377   -0.79248   -0.79063   -0.79003   -0.78970   -0.78866   -0.78748
  -0.37580   -0.34842   -0.34186   -0.33818   -0.32259   -0.31723   -0.31422   -0.30519
   0.08113    0.09185    0.10043    0.10631    0.11551    0.12469    0.13396    0.13693
   0.14804    0.15599    0.16999    0.17151    0.18788    0.20506    0.20689    0.21148
   0.22241    0.23162    0.23357    0.24631    0.25057    0.25932    0.26526    0.27126
   0.44653    0.45690
 kpt#  34, nband= 50, wtk=  0.00926, kpt=  0.1667  0.3333  0.1667 (reduced coord)
  -1.94153   -1.94126   -1.94087   -1.94069   -0.80328   -0.80257   -0.80158   -0.79854
  -0.79520   -0.79446   -0.79186   -0.79063   -0.79022   -0.78967   -0.78804   -0.78767
  -0.37312   -0.34909   -0.34167   -0.33858   -0.32266   -0.32053   -0.31316   -0.30508
   0.08386    0.09267    0.10475    0.10803    0.11589    0.12473    0.13455    0.13631
   0.14676    0.15852    0.16947    0.17483    0.18241    0.19600    0.20826    0.21744
   0.22380    0.23072    0.23699    0.24397    0.24848    0.25061    0.26543    0.27031
   0.44404    0.45504
 kpt#  35, nband= 50, wtk=  0.00926, kpt=  0.3333  0.3333  0.1667 (reduced coord)
  -1.94149   -1.94125   -1.94091   -1.94070   -0.80337   -0.80272   -0.80202   -0.79904
  -0.79576   -0.79316   -0.79228   -0.79053   -0.78969   -0.78930   -0.78848   -0.78753
  -0.36565   -0.34943   -0.34518   -0.34028   -0.32567   -0.31968   -0.31299   -0.30582
   0.08928    0.09836    0.10739    0.11232    0.11973    0.12562    0.13276    0.13562
   0.14638    0.15856    0.16829    0.17602    0.18798    0.19300    0.20491    0.21165
   0.22177    0.22999    0.23565    0.23764    0.24531    0.25151    0.26190    0.26766
   0.44044    0.45266
 kpt#  36, nband= 50, wtk=  0.00926, kpt=  0.5000  0.3333  0.1667 (reduced coord)
  -1.94146   -1.94125   -1.94094   -1.94070   -0.80302   -0.80284   -0.80142   -0.80118
  -0.79450   -0.79377   -0.79149   -0.79081   -0.78980   -0.78880   -0.78839   -0.78795
  -0.35688   -0.35323   -0.34871   -0.34180   -0.32678   -0.31728   -0.31376   -0.30666
   0.09614    0.09821    0.10602    0.11567    0.12219    0.12450    0.13073    0.13650
   0.15349    0.15612    0.16720    0.17215    0.18846    0.19953    0.20015    0.21558
   0.21652    0.22195    0.23041    0.23938    0.24528    0.25455    0.26091    0.26491
   0.44006    0.45258
 kpt#  37, nband= 50, wtk=  0.00926, kpt= -0.3333  0.3333  0.1667 (reduced coord)
  -1.94149   -1.94125   -1.94091   -1.94070   -0.80327   -0.80263   -0.80208   -0.79920
  -0.79570   -0.79312   -0.79237   -0.79055   -0.78975   -0.78920   -0.78857   -0.78746
  -0.36554   -0.34945   -0.34520   -0.34026   -0.32582   -0.31935   -0.31314   -0.30595
   0.08994    0.09798    0.10722    0.11289    0.11959    0.12517    0.13222    0.13563
   0.14617    0.15855    0.16825    0.17659    0.18809    0.19267    0.20532    0.21226
   0.22168    0.22968    0.23538    0.23761    0.24529    0.25134    0.26210    0.26760
   0.44180    0.45255
 kpt#  38, nband= 50, wtk=  0.00926, kpt= -0.1667  0.3333  0.1667 (reduced coord)
  -1.94153   -1.94126   -1.94087   -1.94069   -0.80315   -0.80254   -0.80164   -0.79866
  -0.79515   -0.79442   -0.79195   -0.79069   -0.79025   -0.78960   -0.78808   -0.78760
  -0.37305   -0.34908   -0.34174   -0.33855   -0.32278   -0.32012   -0.31341   -0.30518
   0.08427    0.09268    0.10489    0.10767    0.11603    0.12421    0.13420    0.13637
   0.14647    0.15894    0.16984    0.17512    0.18179    0.19602    0.20877    0.21736
   0.22375    0.23043    0.23749    0.24388    0.24833    0.25034    0.26556    0.27032
   0.44525    0.45477
 kpt#  39, nband= 50, wtk=  0.00926, kpt=  0.0000  0.5000  0.1667 (reduced coord)
  -1.94140   -1.94139   -1.94082   -1.94073   -0.80129   -0.80107   -0.80031   -0.79990
  -0.79643   -0.79624   -0.79135   -0.79093   -0.78966   -0.78946   -0.78872   -0.78866
  -0.36085   -0.36029   -0.34003   -0.33924   -0.32201   -0.32154   -0.31029   -0.30986
   0.09098    0.09264    0.11300    0.11434    0.11652    0.11693    0.13258    0.13478
   0.13801    0.13900    0.18501    0.18698    0.19491    0.19558    0.20623    0.20709
   0.21244    0.21469    0.23843    0.23950    0.25581    0.25646    0.26774    0.26908
   0.44466    0.44718
 kpt#  40, nband= 50, wtk=  0.00926, kpt=  0.1667  0.5000  0.1667 (reduced coord)
  -1.94139   -1.94138   -1.94083   -1.94074   -0.80239   -0.80230   -0.79991   -0.79944
  -0.79636   -0.79616   -0.79057   -0.79034   -0.78966   -0.78954   -0.78877   -0.78856
  -0.35984   -0.35927   -0.34066   -0.34016   -0.32279   -0.32254   -0.30991   -0.30930
   0.09366    0.09481    0.10865    0.11003    0.12259    0.12347    0.12822    0.12972
   0.14723    0.14940    0.17765    0.17889    0.19306    0.19459    0.20746    0.20810
   0.21849    0.22006    0.23667    0.23830    0.24939    0.24965    0.26727    0.26856
   0.44325    0.44434
 kpt#  41, nband= 50, wtk=  0.00926, kpt=  0.3333  0.5000  0.1667 (reduced coord)
  -1.94137   -1.94136   -1.94085   -1.94076   -0.80319   -0.80303   -0.80142   -0.80092
  -0.79461   -0.79443   -0.79066   -0.79057   -0.78941   -0.78925   -0.78832   -0.78815
  -0.35672   -0.35619   -0.34420   -0.34395   -0.32272   -0.32215   -0.30993   -0.30927
   0.09932    0.10003    0.10715    0.10823    0.12268    0.12389    0.13081    0.13170
   0.15880    0.16043    0.17320    0.17371    0.19212    0.19321    0.20706    0.20817
   0.21904    0.22005    0.23113    0.23199    0.24428    0.24488    0.26466    0.26544
   0.44062    0.44164
 kpt#  42, nband= 50, wtk=  0.00926, kpt=  0.5000  0.5000  0.1667 (reduced coord)
  -1.94136   -1.94135   -1.94087   -1.94077   -0.80309   -0.80268   -0.80256   -0.80235
  -0.79296   -0.79264   -0.79210   -0.79177   -0.78896   -0.78863   -0.78819   -0.78802
  -0.35328   -0.35275   -0.34836   -0.34802   -0.32190   -0.32111   -0.31027   -0.30979
   0.10276    0.10379    0.10643    0.10732    0.12279    0.12442    0.13008    0.13120
   0.16428    0.16672    0.17162    0.17320    0.19953    0.20081    0.20131    0.20261
   0.21513    0.21665    0.22407    0.22467    0.24591    0.24720    0.26324    0.26343
   0.44017    0.44222
 kpt#  43, nband= 50, wtk=  0.00926, kpt= -0.3333  0.5000  0.1667 (reduced coord)
  -1.94137   -1.94136   -1.94085   -1.94076   -0.80342   -0.80288   -0.80122   -0.80105
  -0.79452   -0.79447   -0.79069   -0.79056   -0.78949   -0.78920   -0.78828   -0.78818
  -0.35673   -0.35619   -0.34421   -0.34393   -0.32283   -0.32205   -0.30976   -0.30943
   0.09899    0.10038    0.10732    0.10801    0.12279    0.12385    0.13065    0.13178
   0.15887    0.16037    0.17320    0.17372    0.19155    0.19374    0.20758    0.20772
   0.21883    0.22028    0.23098    0.23209    0.24400    0.24514    0.26477    0.26537
   0.43997    0.44222
 kpt#  44, nband= 50, wtk=  0.00926, kpt= -0.1667  0.5000  0.1667 (reduced coord)
  -1.94139   -1.94138   -1.94083   -1.94074   -0.80262   -0.80214   -0.79969   -0.79957
  -0.79629   -0.79620   -0.79065   -0.79031   -0.78972   -0.78947   -0.78873   -0.78860
  -0.35983   -0.35929   -0.34072   -0.34009   -0.32303   -0.32229   -0.30981   -0.30940
   0.09339    0.09510    0.10887    0.10976    0.12247    0.12360    0.12810    0.12983
   0.14769    0.14890    0.17776    0.17883    0.19291    0.19467    0.20721    0.20858
   0.21828    0.22017    0.23696    0.23799    0.24914    0.24988    0.26736    0.26851
   0.44241    0.44517
 kpt#  45, nband= 50, wtk=  0.00926, kpt=  0.0000 -0.3333  0.1667 (reduced coord)
  -1.94155   -1.94126   -1.94085   -1.94069   -0.80263   -0.80241   -0.80161   -0.79932
  -0.79505   -0.79372   -0.79218   -0.79078   -0.79018   -0.78968   -0.78860   -0.78751
  -0.37564   -0.34846   -0.34081   -0.33899   -0.32246   -0.31749   -0.31409   -0.30565
   0.08191    0.09173    0.10042    0.10722    0.11558    0.12478    0.13350    0.13743
   0.14631    0.15577    0.16974    0.17077    0.18733    0.20630    0.20759    0.21389
   0.22024    0.23165    0.23307    0.24684    0.25117    0.25922    0.26382    0.27156
   0.44479    0.45919
 kpt#  46, nband= 50, wtk=  0.00926, kpt=  0.1667 -0.3333  0.1667 (reduced coord)
  -1.94153   -1.94126   -1.94087   -1.94069   -0.80329   -0.80224   -0.80147   -0.79897
  -0.79529   -0.79440   -0.79172   -0.79062   -0.79033   -0.78974   -0.78803   -0.78764
  -0.37289   -0.34892   -0.34105   -0.33919   -0.32258   -0.32032   -0.31350   -0.30556
   0.08472    0.09302    0.10523    0.10770    0.11607    0.12422    0.13450    0.13628
   0.14583    0.15832    0.17053    0.17499    0.18065    0.19603    0.20943    0.21691
   0.22369    0.23004    0.23797    0.24460    0.24849    0.25034    0.26433    0.27065
   0.44402    0.45640
 kpt#  47, nband= 50, wtk=  0.00926, kpt=  0.3333 -0.3333  0.1667 (reduced coord)
  -1.94149   -1.94125   -1.94091   -1.94070   -0.80339   -0.80239   -0.80187   -0.79946
  -0.79579   -0.79334   -0.79216   -0.79045   -0.78962   -0.78937   -0.78858   -0.78747
  -0.36541   -0.34914   -0.34488   -0.34058   -0.32585   -0.31933   -0.31347   -0.30616
   0.09002    0.09864    0.10710    0.11306    0.12033    0.12457    0.13163    0.13597
   0.14703    0.15726    0.16934    0.17745    0.18598    0.19292    0.20601    0.21082
   0.22111    0.22943    0.23651    0.23835    0.24489    0.25130    0.26132    0.26759
   0.44221    0.45296
 kpt#  48, nband= 50, wtk=  0.00926, kpt=  0.5000 -0.3333  0.1667 (reduced coord)
  -1.94146   -1.94125   -1.94093   -1.94070   -0.80307   -0.80268   -0.80138   -0.80119
  -0.79476   -0.79377   -0.79135   -0.79091   -0.78969   -0.78873   -0.78846   -0.78801
  -0.35683   -0.35302   -0.34833   -0.34188   -0.32688   -0.31734   -0.31415   -0.30678
   0.09602    0.09884    0.10601    0.11586    0.12301    0.12401    0.13045    0.13724
   0.15163    0.15604    0.16932    0.17202    0.18777    0.19977    0.20091    0.21393
   0.21540    0.22245    0.23119    0.24012    0.24429    0.25427    0.26056    0.26457
   0.44144    0.45238
 kpt#  49, nband= 50, wtk=  0.00926, kpt= -0.3333 -0.3333  0.1667 (reduced coord)
  -1.94149   -1.94125   -1.94091   -1.94070   -0.80367   -0.80237   -0.80182   -0.79922
  -0.79581   -0.79338   -0.79204   -0.79052   -0.78963   -0.78937   -0.78853   -0.78755
  -0.36554   -0.34913   -0.34482   -0.34060   -0.32574   -0.31965   -0.31326   -0.30606
   0.08932    0.09905    0.10727    0.11245    0.12048    0.12502    0.13220    0.13597
   0.14724    0.15730    0.16939    0.17671    0.18600    0.19329    0.20536    0.21046
   0.22131    0.22957    0.23709    0.23810    0.24495    0.25139    0.26122    0.26761
   0.44066    0.45325
 kpt#  50, nband= 50, wtk=  0.00926, kpt= -0.1667 -0.3333  0.1667 (reduced coord)
  -1.94153   -1.94126   -1.94087   -1.94069   -0.80356   -0.80222   -0.80141   -0.79876
  -0.79526   -0.79446   -0.79164   -0.79061   -0.79028   -0.78982   -0.78803   -0.78769
  -0.37298   -0.34894   -0.34095   -0.33923   -0.32253   -0.32069   -0.31320   -0.30549
   0.08427    0.09298    0.10524    0.10796    0.11592    0.12472    0.13455    0.13654
   0.14605    0.15801    0.17000    0.17468    0.18126    0.19611    0.20909    0.21675
   0.22395    0.23034    0.23758    0.24442    0.24840    0.25082    0.26434    0.27062
   0.44274    0.45671
 kpt#  51, nband= 50, wtk=  0.00926, kpt=  0.0000 -0.1667  0.1667 (reduced coord)
  -1.94167   -1.94118   -1.94088   -1.94062   -0.80468   -0.80387   -0.80340   -0.79740
  -0.79324   -0.79315   -0.79199   -0.79107   -0.79068   -0.78900   -0.78772   -0.78676
  -0.38707   -0.34530   -0.34174   -0.33964   -0.31674   -0.31632   -0.31348   -0.30211
   0.07467    0.08241    0.08637    0.10228    0.10906    0.12854    0.13865    0.14424
   0.15595    0.16011    0.16778    0.17539    0.17996    0.19964    0.20449    0.22370
   0.22927    0.23239    0.24048    0.25207    0.25528    0.26265    0.26891    0.27381
   0.45345    0.46586
 kpt#  52, nband= 50, wtk=  0.00926, kpt=  0.1667 -0.1667  0.1667 (reduced coord)
  -1.94164   -1.94118   -1.94091   -1.94062   -0.80433   -0.80335   -0.80269   -0.79753
  -0.79449   -0.79251   -0.79226   -0.79095   -0.79072   -0.79012   -0.78732   -0.78697
  -0.38312   -0.34570   -0.34123   -0.33877   -0.31951   -0.31771   -0.31441   -0.30252
   0.08007    0.08356    0.08993    0.10350    0.11160    0.13208    0.13869    0.14111
   0.15120    0.15743    0.16434    0.17463    0.18334    0.19408    0.20768    0.21749
   0.23103    0.23727    0.23986    0.24791    0.25278    0.26291    0.26715    0.27349
   0.45438    0.46773
 kpt#  53, nband= 50, wtk=  0.00926, kpt=  0.3333 -0.1667  0.1667 (reduced coord)
  -1.94158   -1.94117   -1.94097   -1.94063   -0.80327   -0.80184   -0.80139   -0.79828
  -0.79590   -0.79427   -0.79209   -0.79128   -0.79024   -0.78976   -0.78792   -0.78755
  -0.37231   -0.34643   -0.34339   -0.33734   -0.32757   -0.31836   -0.31484   -0.30380
   0.08519    0.09230    0.10370    0.10749    0.11668    0.12923    0.13181    0.13581
   0.14874    0.15048    0.16295    0.17316    0.18746    0.19571    0.20608    0.20906
   0.21978    0.23513    0.24189    0.24680    0.25543    0.26077    0.26608    0.27231
   0.45363    0.46492
 kpt#  54, nband= 50, wtk=  0.00926, kpt=  0.5000 -0.1667  0.1667 (reduced coord)
  -1.94154   -1.94117   -1.94101   -1.94063   -0.80199   -0.80172   -0.79971   -0.79938
  -0.79666   -0.79570   -0.79218   -0.79104   -0.78924   -0.78909   -0.78882   -0.78854
  -0.35934   -0.35573   -0.34428   -0.33677   -0.33053   -0.31779   -0.31549   -0.30463
   0.09362    0.09461    0.10397    0.11120    0.12104    0.12710    0.13182    0.13623
   0.14387    0.14690    0.16651    0.16752    0.18311    0.19707    0.19814    0.21697
   0.22081    0.22774    0.23819    0.24879    0.25640    0.26004    0.26646    0.27126
   0.45229    0.46210
 kpt#  55, nband= 50, wtk=  0.00926, kpt= -0.3333 -0.1667  0.1667 (reduced coord)
  -1.94158   -1.94117   -1.94097   -1.94063   -0.80349   -0.80192   -0.80126   -0.79808
  -0.79586   -0.79428   -0.79205   -0.79136   -0.79017   -0.78979   -0.78792   -0.78762
  -0.37240   -0.34633   -0.34347   -0.33736   -0.32758   -0.31851   -0.31470   -0.30368
   0.08476    0.09256    0.10349    0.10733    0.11662    0.12986    0.13208    0.13599
   0.14870    0.15030    0.16321    0.17287    0.18761    0.19578    0.20605    0.20822
   0.22005    0.23508    0.24202    0.24719    0.25538    0.26079    0.26496    0.27319
   0.45213    0.46410
 kpt#  56, nband= 50, wtk=  0.00926, kpt= -0.1667 -0.1667  0.1667 (reduced coord)
  -1.94164   -1.94118   -1.94091   -1.94062   -0.80452   -0.80336   -0.80260   -0.79740
  -0.79446   -0.79254   -0.79225   -0.79091   -0.79069   -0.79014   -0.78735   -0.78700
  -0.38318   -0.34568   -0.34122   -0.33881   -0.31971   -0.31788   -0.31406   -0.30243
   0.07975    0.08354    0.09016    0.10320    0.11158    0.13275    0.13857    0.14162
   0.15090    0.15748    0.16426    0.17428    0.18376    0.19414    0.20767    0.21705
   0.23122    0.23729    0.23937    0.24828    0.25295    0.26254    0.26674    0.27410
   0.45314    0.46738
 kpt#  57, nband= 50, wtk=  0.00926, kpt=  0.0000  0.0000  0.3333 (reduced coord)
  -1.94162   -1.94123   -1.94089   -1.94061   -0.80348   -0.80259   -0.80126   -0.79774
  -0.79600   -0.79365   -0.79175   -0.79094   -0.79015   -0.79010   -0.78821   -0.78758
  -0.37894   -0.34693   -0.34156   -0.33845   -0.32359   -0.31701   -0.31228   -0.30534
   0.08283    0.08917    0.09999    0.11371    0.11689    0.12109    0.12879    0.13396
   0.13631    0.16919    0.17053    0.18418    0.18959    0.20021    0.20265    0.20813
   0.21623    0.23167    0.23777    0.24433    0.24953    0.25401    0.27529    0.27916
   0.46392    0.46728
 kpt#  58, nband= 50, wtk=  0.00926, kpt=  0.1667  0.0000  0.3333 (reduced coord)
  -1.94160   -1.94122   -1.94091   -1.94061   -0.80317   -0.80240   -0.80087   -0.79780
  -0.79680   -0.79384   -0.79148   -0.79091   -0.79063   -0.79007   -0.78801   -0.78766
  -0.37577   -0.34687   -0.34245   -0.33765   -0.32332   -0.32072   -0.31235   -0.30531
   0.08667    0.09255    0.10130    0.10756    0.11408    0.12551    0.13312    0.13466
   0.14292    0.16630    0.17392    0.18295    0.18433    0.19404    0.19787    0.21083
   0.21660    0.23143    0.23368    0.24439    0.24835    0.25464    0.27515    0.27765
   0.46265    0.46743
 kpt#  59, nband= 50, wtk=  0.00926, kpt=  0.3333  0.0000  0.3333 (reduced coord)
  -1.94156   -1.94120   -1.94097   -1.94063   -0.80247   -0.80155   -0.80036   -0.79845
  -0.79764   -0.79500   -0.79133   -0.79108   -0.79024   -0.78936   -0.78901   -0.78749
  -0.36714   -0.34842   -0.34339   -0.33740   -0.32778   -0.32266   -0.31251   -0.30580
   0.09202    0.09990    0.10367    0.10870    0.11472    0.12282    0.13597    0.14092
   0.14833    0.16513    0.17110    0.17635    0.18698    0.18931    0.19562    0.20212
   0.21546    0.22989    0.23156    0.23697    0.24733    0.25562    0.27471    0.27741
   0.45859    0.46263
 kpt#  60, nband= 50, wtk=  0.00926, kpt=  0.5000  0.0000  0.3333 (reduced coord)
  -1.94154   -1.94118   -1.94100   -1.94063   -0.80188   -0.80055   -0.80039   -0.79983
  -0.79664   -0.79653   -0.79134   -0.79053   -0.79024   -0.78982   -0.78847   -0.78794
  -0.35687   -0.35511   -0.34364   -0.33842   -0.33012   -0.32246   -0.31261   -0.30618
   0.09620    0.10073    0.10573    0.10884    0.11859    0.11923    0.14145    0.14701
   0.15172    0.15603    0.16988    0.17110    0.18279    0.18522    0.19464    0.21514
   0.21970    0.22092    0.22251    0.23672    0.25053    0.25120    0.27383    0.27878
   0.45612    0.45933
 kpt#  61, nband= 50, wtk=  0.00926, kpt= -0.3333  0.0000  0.3333 (reduced coord)
  -1.94156   -1.94120   -1.94097   -1.94063   -0.80256   -0.80153   -0.80032   -0.79840
  -0.79762   -0.79501   -0.79142   -0.79103   -0.79020   -0.78937   -0.78901   -0.78752
  -0.36716   -0.34839   -0.34339   -0.33741   -0.32776   -0.32268   -0.31249   -0.30582
   0.09199    0.09980    0.10369    0.10876    0.11476    0.12286    0.13599    0.14090
   0.14832    0.16523    0.17098    0.17635    0.18697    0.18923    0.19570    0.20211
   0.21552    0.22985    0.23157    0.23695    0.24738    0.25556    0.27468    0.27745
   0.45849    0.46231
 kpt#  62, nband= 50, wtk=  0.00926, kpt= -0.1667  0.0000  0.3333 (reduced coord)
  -1.94160   -1.94122   -1.94091   -1.94061   -0.80325   -0.80235   -0.80087   -0.79773
  -0.79681   -0.79385   -0.79149   -0.79091   -0.79061   -0.79008   -0.78800   -0.78769
  -0.37577   -0.34687   -0.34244   -0.33765   -0.32334   -0.32070   -0.31234   -0.30533
   0.08668    0.09249    0.10130    0.10753    0.11412    0.12557    0.13281    0.13494
   0.14295    0.16631    0.17405    0.18289    0.18430    0.19377    0.19814    0.21071
   0.21661    0.23142    0.23382    0.24425    0.24848    0.25460    0.27501    0.27778
   0.46249    0.46742
 kpt#  63, nband= 50, wtk=  0.00926, kpt=  0.0000  0.1667  0.3333 (reduced coord)
  -1.94158   -1.94124   -1.94089   -1.94064   -0.80305   -0.80201   -0.80141   -0.79840
  -0.79570   -0.79411   -0.79154   -0.79106   -0.79069   -0.78989   -0.78859   -0.78722
  -0.37571   -0.34652   -0.34182   -0.33859   -0.32272   -0.31850   -0.31426   -0.30643
   0.08480    0.09388    0.10197    0.11397    0.11425    0.12519    0.13068    0.13812
   0.13908    0.16577    0.16747    0.17657    0.18612    0.20139    0.20697    0.20838
   0.21715    0.23401    0.23681    0.24023    0.25003    0.25467    0.26721    0.26913
   0.45798    0.46754
 kpt#  64, nband= 50, wtk=  0.00926, kpt=  0.1667  0.1667  0.3333 (reduced coord)
  -1.94157   -1.94123   -1.94091   -1.94064   -0.80335   -0.80262   -0.80106   -0.79784
  -0.79599   -0.79455   -0.79157   -0.79095   -0.79039   -0.78992   -0.78801   -0.78747
  -0.37312   -0.34765   -0.34260   -0.33827   -0.32354   -0.31999   -0.31384   -0.30574
   0.08822    0.09556    0.10250    0.10930    0.11707    0.12711    0.13365    0.13690
   0.14551    0.15886    0.16971    0.17858    0.18563    0.19743    0.20250    0.21098
   0.21854    0.22992    0.23386    0.24245    0.24824    0.25304    0.26608    0.26950
   0.45478    0.46770
 kpt#  65, nband= 50, wtk=  0.00926, kpt=  0.3333  0.1667  0.3333 (reduced coord)
  -1.94153   -1.94121   -1.94095   -1.94065   -0.80352   -0.80279   -0.80141   -0.79883
  -0.79555   -0.79470   -0.79112   -0.79065   -0.79003   -0.78932   -0.78831   -0.78765
  -0.36599   -0.35000   -0.34517   -0.33938   -0.32670   -0.31985   -0.31241   -0.30565
   0.09275    0.10114    0.10548    0.10980    0.11639    0.12802    0.13538    0.14005
   0.15021    0.15797    0.16792    0.17831    0.18769    0.19272    0.19890    0.20804
   0.21628    0.22801    0.23126    0.23727    0.24468    0.25362    0.26593    0.26903
   0.44997    0.46137
 kpt#  66, nband= 50, wtk=  0.00926, kpt=  0.5000  0.1667  0.3333 (reduced coord)
  -1.94151   -1.94120   -1.94098   -1.94065   -0.80332   -0.80281   -0.80088   -0.80080
  -0.79490   -0.79470   -0.79099   -0.79008   -0.78955   -0.78931   -0.78850   -0.78809
  -0.35707   -0.35607   -0.34682   -0.34076   -0.32783   -0.31904   -0.31166   -0.30608
   0.09846    0.09906    0.10626    0.11113    0.11995    0.12488    0.13921    0.14093
   0.15537    0.15736    0.16678    0.16975    0.18703    0.19253    0.19853    0.21542
   0.21770    0.22147    0.22313    0.23616    0.24744    0.25083    0.26636    0.26910
   0.44847    0.45643
 kpt#  67, nband= 50, wtk=  0.00926, kpt= -0.3333  0.1667  0.3333 (reduced coord)
  -1.94153   -1.94121   -1.94095   -1.94065   -0.80342   -0.80270   -0.80151   -0.79887
  -0.79558   -0.79475   -0.79120   -0.79054   -0.79000   -0.78933   -0.78829   -0.78769
  -0.36596   -0.35007   -0.34500   -0.33930   -0.32668   -0.32000   -0.31231   -0.30584
   0.09304    0.10089    0.10545    0.10995    0.11685    0.12724    0.13536    0.14038
   0.14961    0.15804    0.16804    0.17872    0.18763    0.19226    0.19884    0.20882
   0.21575    0.22791    0.23097    0.23772    0.24444    0.25394    0.26705    0.26793
   0.45111    0.46116
 kpt#  68, nband= 50, wtk=  0.00926, kpt= -0.1667  0.1667  0.3333 (reduced coord)
  -1.94157   -1.94123   -1.94091   -1.94064   -0.80326   -0.80251   -0.80120   -0.79788
  -0.79600   -0.79465   -0.79149   -0.79104   -0.79030   -0.78991   -0.78800   -0.78750
  -0.37310   -0.34774   -0.34241   -0.33822   -0.32309   -0.32059   -0.31374   -0.30590
   0.08836    0.09594    0.10206    0.10963    0.11711    0.12638    0.13283    0.13756
   0.14601    0.15906    0.16958    0.17880    0.18523    0.19685    0.20255    0.21080
   0.21904    0.23010    0.23393    0.24248    0.24826    0.25304    0.26694    0.26865
   0.45583    0.46719
 kpt#  69, nband= 50, wtk=  0.00926, kpt=  0.0000  0.3333  0.3333 (reduced coord)
  -1.94149   -1.94128   -1.94088   -1.94070   -0.80185   -0.80158   -0.80027   -0.79989
  -0.79595   -0.79437   -0.79371   -0.79081   -0.78980   -0.78953   -0.78895   -0.78734
  -0.36678   -0.34505   -0.34480   -0.33970   -0.32183   -0.31982   -0.31768   -0.30987
   0.09156    0.10439    0.10753    0.11302    0.11495    0.12800    0.13289    0.14059
   0.14444    0.15813    0.15849    0.17880    0.19275    0.19612    0.20445    0.21118
   0.21683    0.22860    0.23255    0.24047    0.24513    0.24900    0.25487    0.25866
   0.45132    0.46248
 kpt#  70, nband= 50, wtk=  0.00926, kpt=  0.1667  0.3333  0.3333 (reduced coord)
  -1.94148   -1.94127   -1.94089   -1.94071   -0.80325   -0.80264   -0.80170   -0.79873
  -0.79590   -0.79372   -0.79258   -0.79033   -0.78964   -0.78941   -0.78854   -0.78748
  -0.36572   -0.34853   -0.34490   -0.34108   -0.32217   -0.31964   -0.31524   -0.30821
   0.09436    0.10031    0.10800    0.11183    0.12225    0.12780    0.13612    0.13948
   0.14473    0.15244    0.16619    0.18084    0.18757    0.19897    0.20469    0.21113
   0.22057    0.22639    0.23057    0.23750    0.24196    0.24761    0.25392    0.25911
   0.44694    0.45873
 kpt#  71, nband= 50, wtk=  0.00926, kpt=  0.3333  0.3333  0.3333 (reduced coord)
  -1.94146   -1.94127   -1.94091   -1.94071   -0.80444   -0.80397   -0.80315   -0.80104
  -0.79358   -0.79214   -0.79098   -0.79027   -0.78925   -0.78897   -0.78807   -0.78780
  -0.36230   -0.35191   -0.34908   -0.34501   -0.32202   -0.31601   -0.31235   -0.30674
   0.09742    0.10229    0.10795    0.11319    0.12340    0.12798    0.13249    0.13642
   0.15554    0.15922    0.17261    0.17948    0.18831    0.19217    0.20527    0.21045
   0.22101    0.22370    0.22744    0.23436    0.24056    0.24618    0.25080    0.25667
   0.44068    0.45358
 kpt#  72, nband= 50, wtk=  0.00926, kpt=  0.5000  0.3333  0.3333 (reduced coord)
  -1.94144   -1.94126   -1.94092   -1.94071   -0.80470   -0.80447   -0.80317   -0.80292
  -0.79242   -0.79158   -0.79033   -0.79007   -0.78893   -0.78858   -0.78836   -0.78804
  -0.35692   -0.35629   -0.35183   -0.34721   -0.32137   -0.31347   -0.31161   -0.30671
   0.10022    0.10331    0.10782    0.11321    0.12449    0.12729    0.13090    0.13395
   0.16400    0.16453    0.17253    0.17641    0.18869    0.19401    0.20471    0.21299
   0.21398    0.22127    0.22186    0.23823    0.24113    0.24250    0.25167    0.25511
   0.43932    0.45148
 kpt#  73, nband= 50, wtk=  0.00926, kpt= -0.3333  0.3333  0.3333 (reduced coord)
  -1.94146   -1.94127   -1.94091   -1.94071   -0.80435   -0.80391   -0.80320   -0.80113
  -0.79358   -0.79218   -0.79096   -0.79033   -0.78929   -0.78886   -0.78810   -0.78779
  -0.36226   -0.35196   -0.34898   -0.34492   -0.32217   -0.31565   -0.31262   -0.30688
   0.09775    0.10231    0.10787    0.11346    0.12332    0.12693    0.13260    0.13710
   0.15474    0.15906    0.17308    0.17995    0.18832    0.19209    0.20497    0.21068
   0.22065    0.22362    0.22753    0.23441    0.24067    0.24638    0.25084    0.25656
   0.44175    0.45424
 kpt#  74, nband= 50, wtk=  0.00926, kpt= -0.1667  0.3333  0.3333 (reduced coord)
  -1.94148   -1.94127   -1.94089   -1.94071   -0.80311   -0.80259   -0.80180   -0.79882
  -0.79589   -0.79374   -0.79260   -0.79036   -0.78968   -0.78933   -0.78853   -0.78749
  -0.36569   -0.34854   -0.34487   -0.34093   -0.32231   -0.31923   -0.31564   -0.30828
   0.09442    0.10091    0.10798    0.11174    0.12174    0.12714    0.13651    0.13954
   0.14423    0.15283    0.16675    0.18031    0.18813    0.19873    0.20430    0.21066
   0.22080    0.22665    0.23067    0.23783    0.24226    0.24733    0.25391    0.25899
   0.44790    0.45892
 kpt#  75, nband= 50, wtk=  0.00926, kpt=  0.0000  0.5000  0.3333 (reduced coord)
  -1.94137   -1.94137   -1.94085   -1.94076   -0.80123   -0.80100   -0.80014   -0.79983
  -0.79633   -0.79604   -0.79269   -0.79222   -0.78916   -0.78898   -0.78837   -0.78828
  -0.35508   -0.35441   -0.34255   -0.34175   -0.32149   -0.32088   -0.31526   -0.31466
   0.10154    0.10325    0.11250    0.11333    0.11947    0.12091    0.13774    0.13954
   0.14281    0.14598    0.17621    0.17789    0.19750    0.19868    0.20574    0.20685
   0.21050    0.21169    0.23313    0.23466    0.25024    0.25071    0.25116    0.25129
   0.45061    0.45371
 kpt#  76, nband= 50, wtk=  0.00926, kpt=  0.1667  0.5000  0.3333 (reduced coord)
  -1.94137   -1.94136   -1.94086   -1.94076   -0.80289   -0.80279   -0.80106   -0.80067
  -0.79495   -0.79462   -0.79134   -0.79099   -0.78905   -0.78895   -0.78848   -0.78824
  -0.35597   -0.35537   -0.34453   -0.34399   -0.32065   -0.32027   -0.31302   -0.31209
   0.10245    0.10358    0.10862    0.11022    0.12518    0.12674    0.13460    0.13551
   0.14959    0.15119    0.17559    0.17681    0.19746    0.19816    0.20558    0.20652
   0.21337    0.21449    0.23296    0.23398    0.24178    0.24254    0.25434    0.25518
   0.44706    0.44901
 kpt#  77, nband= 50, wtk=  0.00926, kpt=  0.3333  0.5000  0.3333 (reduced coord)
  -1.94136   -1.94136   -1.94086   -1.94077   -0.80448   -0.80440   -0.80335   -0.80291
  -0.79243   -0.79208   -0.78980   -0.78958   -0.78916   -0.78907   -0.78831   -0.78803
  -0.35669   -0.35611   -0.34967   -0.34915   -0.31731   -0.31705   -0.31034   -0.30931
   0.10446    0.10496    0.10782    0.10896    0.12525    0.12685    0.13203    0.13293
   0.16368    0.16455    0.17860    0.18045    0.19009    0.19043    0.20598    0.20795
   0.21552    0.21633    0.22817    0.22946    0.24090    0.24158    0.25042    0.25159
   0.44200    0.44269
 kpt#  78, nband= 50, wtk=  0.00926, kpt=  0.5000  0.5000  0.3333 (reduced coord)
  -1.94136   -1.94135   -1.94087   -1.94077   -0.80488   -0.80460   -0.80446   -0.80430
  -0.79105   -0.79065   -0.78991   -0.78966   -0.78910   -0.78883   -0.78807   -0.78786
  -0.35566   -0.35494   -0.35354   -0.35293   -0.31538   -0.31477   -0.30945   -0.30879
   0.10646    0.10683    0.10752    0.10840    0.12520    0.12693    0.12934    0.13041
   0.17405    0.17571    0.17658    0.17813    0.19458    0.19687    0.19885    0.20011
   0.21414    0.21538    0.22562    0.22717    0.24248    0.24295    0.24836    0.24946
   0.44046    0.44209
 kpt#  79, nband= 50, wtk=  0.00926, kpt= -0.3333  0.5000  0.3333 (reduced coord)
  -1.94136   -1.94136   -1.94086   -1.94077   -0.80472   -0.80424   -0.80315   -0.80304
  -0.79232   -0.79212   -0.78992   -0.78959   -0.78916   -0.78902   -0.78825   -0.78809
  -0.35671   -0.35611   -0.34966   -0.34914   -0.31765   -0.31672   -0.30997   -0.30966
   0.10425    0.10513    0.10802    0.10881    0.12499    0.12722    0.13174    0.13310
   0.16330    0.16485    0.17896    0.18022    0.18964    0.19091    0.20576    0.20808
   0.21507    0.21685    0.22791    0.22964    0.24097    0.24148    0.25051    0.25157
   0.44149    0.44318
 kpt#  80, nband= 50, wtk=  0.00926, kpt= -0.1667  0.5000  0.3333 (reduced coord)
  -1.94137   -1.94136   -1.94085   -1.94076   -0.80310   -0.80266   -0.80091   -0.80074
  -0.79485   -0.79464   -0.79144   -0.79098   -0.78911   -0.78885   -0.78842   -0.78832
  -0.35597   -0.35539   -0.34456   -0.34394   -0.32095   -0.31998   -0.31281   -0.31229
   0.10222    0.10380    0.10910    0.10975    0.12493    0.12700    0.13430    0.13582
   0.14941    0.15130    0.17587    0.17660    0.19709    0.19861    0.20572    0.20626
   0.21344    0.21450    0.23266    0.23419    0.24188    0.24244    0.25430    0.25527
   0.44661    0.44947
 kpt#  81, nband= 50, wtk=  0.00926, kpt=  0.0000 -0.3333  0.3333 (reduced coord)
  -1.94149   -1.94128   -1.94088   -1.94070   -0.80180   -0.80149   -0.80018   -0.80002
  -0.79609   -0.79419   -0.79378   -0.79088   -0.78976   -0.78965   -0.78884   -0.78739
  -0.36651   -0.34519   -0.34450   -0.33974   -0.32155   -0.31977   -0.31802   -0.31036
   0.09290    0.10408    0.10768    0.11310    0.11512    0.12874    0.13207    0.14178
   0.14288    0.15492    0.16047    0.17735    0.19260    0.19773    0.20582    0.21200
   0.21624    0.22721    0.23159    0.24122    0.24488    0.24997    0.25492    0.25802
   0.44901    0.46522
 kpt#  82, nband= 50, wtk=  0.00926, kpt=  0.1667 -0.3333  0.3333 (reduced coord)
  -1.94148   -1.94127   -1.94089   -1.94071   -0.80325   -0.80231   -0.80161   -0.79910
  -0.79604   -0.79366   -0.79252   -0.79024   -0.78979   -0.78942   -0.78843   -0.78755
  -0.36545   -0.34828   -0.34497   -0.34094   -0.32214   -0.31927   -0.31588   -0.30866
   0.09553    0.10073    0.10842    0.11156    0.12101    0.12783    0.13653    0.14038
   0.14366    0.15244    0.16614    0.17955    0.18796    0.19945    0.20393    0.21123
   0.22040    0.22581    0.23002    0.23877    0.24278    0.24754    0.25378    0.25873
   0.44634    0.46146
 kpt#  83, nband= 50, wtk=  0.00926, kpt=  0.3333 -0.3333  0.3333 (reduced coord)
  -1.94146   -1.94127   -1.94091   -1.94071   -0.80443   -0.80373   -0.80303   -0.80131
  -0.79385   -0.79217   -0.79076   -0.79018   -0.78933   -0.78901   -0.78802   -0.78786
  -0.36207   -0.35179   -0.34853   -0.34536   -0.32186   -0.31593   -0.31294   -0.30705
   0.09750    0.10325    0.10818    0.11342    0.12260    0.12741    0.13304    0.13694
   0.15592    0.15853    0.17297    0.18012    0.18669    0.19249    0.20475    0.20991
   0.22092    0.22347    0.22758    0.23454    0.24044    0.24632    0.25065    0.25674
   0.44207    0.45515
 kpt#  84, nband= 50, wtk=  0.00926, kpt=  0.5000 -0.3333  0.3333 (reduced coord)
  -1.94144   -1.94127   -1.94092   -1.94072   -0.80471   -0.80436   -0.80317   -0.80294
  -0.79270   -0.79155   -0.79020   -0.78989   -0.78896   -0.78861   -0.78834   -0.78815
  -0.35703   -0.35592   -0.35120   -0.34773   -0.32099   -0.31404   -0.31184   -0.30676
   0.09975    0.10363    0.10874    0.11368    0.12393    0.12723    0.13109    0.13411
   0.16340    0.16501    0.17407    0.17538    0.18889    0.19371    0.20459    0.21272
   0.21391    0.22070    0.22143    0.23897    0.24031    0.24227    0.25165    0.25486
   0.44114    0.45122
 kpt#  85, nband= 50, wtk=  0.00926, kpt= -0.3333 -0.3333  0.3333 (reduced coord)
  -1.94146   -1.94127   -1.94091   -1.94071   -0.80469   -0.80371   -0.80296   -0.80117
  -0.79374   -0.79219   -0.79074   -0.79017   -0.78935   -0.78905   -0.78800   -0.78791
  -0.36213   -0.35173   -0.34859   -0.34547   -0.32178   -0.31623   -0.31261   -0.30697
   0.09712    0.10324    0.10829    0.11310    0.12282    0.12843    0.13269    0.13643
   0.15676    0.15861    0.17260    0.17955    0.18677    0.19258    0.20491    0.20981
   0.22064    0.22418    0.22741    0.23453    0.24033    0.24616    0.25047    0.25695
   0.44087    0.45504
 kpt#  86, nband= 50, wtk=  0.00926, kpt= -0.1667 -0.3333  0.3333 (reduced coord)
  -1.94148   -1.94127   -1.94089   -1.94071   -0.80354   -0.80230   -0.80151   -0.79894
  -0.79596   -0.79368   -0.79248   -0.79028   -0.78979   -0.78944   -0.78846   -0.78755
  -0.36549   -0.34826   -0.34500   -0.34107   -0.32214   -0.31956   -0.31541   -0.30864
   0.09544    0.10011    0.10869    0.11134    0.12162    0.12861    0.13593    0.14005
   0.14441    0.15223    0.16539    0.18012    0.18749    0.19986    0.20430    0.21168
   0.21996    0.22556    0.23009    0.23844    0.24248    0.24761    0.25388    0.25895
   0.44531    0.46080
 kpt#  87, nband= 50, wtk=  0.00926, kpt=  0.0000 -0.1667  0.3333 (reduced coord)
  -1.94158   -1.94124   -1.94089   -1.94064   -0.80309   -0.80184   -0.80138   -0.79857
  -0.79549   -0.79428   -0.79161   -0.79111   -0.79052   -0.78997   -0.78855   -0.78727
  -0.37557   -0.34623   -0.34179   -0.33856   -0.32277   -0.31867   -0.31427   -0.30680
   0.08567    0.09362    0.10271    0.11402    0.11434    0.12528    0.13131    0.13673
   0.13856    0.16623    0.16713    0.17501    0.18572    0.20175    0.20799    0.20976
   0.21731    0.23209    0.23661    0.24085    0.25018    0.25483    0.26630    0.26977
   0.45706    0.46702
 kpt#  88, nband= 50, wtk=  0.00926, kpt=  0.1667 -0.1667  0.3333 (reduced coord)
  -1.94157   -1.94123   -1.94091   -1.94064   -0.80334   -0.80225   -0.80109   -0.79822
  -0.79605   -0.79451   -0.79156   -0.79094   -0.79032   -0.78994   -0.78796   -0.78755
  -0.37295   -0.34742   -0.34235   -0.33825   -0.32320   -0.32066   -0.31383   -0.30622
   0.08887    0.09595    0.10286    0.10977    0.11650    0.12675    0.13263    0.13819
   0.14536    0.15900    0.16832    0.17902    0.18481    0.19736    0.20249    0.21171
   0.21824    0.22909    0.23430    0.24224    0.24853    0.25407    0.26624    0.26871
   0.45537    0.46660
 kpt#  89, nband= 50, wtk=  0.00926, kpt=  0.3333 -0.1667  0.3333 (reduced coord)
  -1.94153   -1.94121   -1.94095   -1.94065   -0.80342   -0.80255   -0.80138   -0.79909
  -0.79584   -0.79463   -0.79096   -0.79069   -0.78991   -0.78941   -0.78835   -0.78766
  -0.36582   -0.34989   -0.34443   -0.33988   -0.32629   -0.32044   -0.31248   -0.30604
   0.09286    0.10197    0.10584    0.10951    0.11715    0.12641    0.13561    0.14110
   0.15000    0.15756    0.16805    0.17885    0.18720    0.19179    0.19840    0.20858
   0.21614    0.22767    0.23073    0.23799    0.24381    0.25430    0.26686    0.26795
   0.45174    0.46086
 kpt#  90, nband= 50, wtk=  0.00926, kpt=  0.5000 -0.1667  0.3333 (reduced coord)
  -1.94151   -1.94120   -1.94098   -1.94065   -0.80307   -0.80294   -0.80099   -0.80069
  -0.79515   -0.79465   -0.79089   -0.78996   -0.78966   -0.78930   -0.78853   -0.78813
  -0.35705   -0.35581   -0.34618   -0.34144   -0.32725   -0.31967   -0.31183   -0.30622
   0.09846    0.09939    0.10690    0.11084    0.11979    0.12476    0.13994    0.14105
   0.15551    0.15696    0.16693    0.17030    0.18771    0.19073    0.19780    0.21626
   0.21806    0.22190    0.22257    0.23538    0.24684    0.25028    0.26632    0.26942
   0.44999    0.45626
 kpt#  91, nband= 50, wtk=  0.00926, kpt= -0.3333 -0.1667  0.3333 (reduced coord)
  -1.94153   -1.94121   -1.94095   -1.94065   -0.80367   -0.80256   -0.80126   -0.79896
  -0.79573   -0.79462   -0.79096   -0.79076   -0.78990   -0.78941   -0.78836   -0.78768
  -0.36588   -0.34979   -0.34458   -0.33996   -0.32636   -0.32023   -0.31256   -0.30589
   0.09252    0.10210    0.10589    0.10941    0.11670    0.12729    0.13561    0.14076
   0.15060    0.15751    0.16795    0.17841    0.18741    0.19215    0.19831    0.20782
   0.21675    0.22777    0.23100    0.23758    0.24412    0.25391    0.26554    0.26922
   0.45046    0.46091
 kpt#  92, nband= 50, wtk=  0.00926, kpt= -0.1667 -0.1667  0.3333 (reduced coord)
  -1.94157   -1.94123   -1.94091   -1.94064   -0.80357   -0.80229   -0.80096   -0.79807
  -0.79601   -0.79444   -0.79168   -0.79081   -0.79037   -0.79000   -0.78800   -0.78753
  -0.37300   -0.34732   -0.34254   -0.33830   -0.32370   -0.32000   -0.31391   -0.30609
   0.08872    0.09553    0.10328    0.10943    0.11653    0.12749    0.13343    0.13753
   0.14487    0.15886    0.16850    0.17871    0.18527    0.19789    0.20265    0.21156
   0.21783    0.22903    0.23425    0.24208    0.24866    0.25406    0.26512    0.26975
   0.45416    0.46708
 kpt#  93, nband= 50, wtk=  0.00463, kpt=  0.0000  0.0000  0.5000 (reduced coord)
  -1.94155   -1.94129   -1.94089   -1.94062   -0.80107   -0.80090   -0.79976   -0.79954
  -0.79633   -0.79627   -0.79188   -0.79166   -0.78948   -0.78937   -0.78891   -0.78871
  -0.36222   -0.36181   -0.33829   -0.33817   -0.32258   -0.32191   -0.31057   -0.30970
   0.10107    0.10121    0.10921    0.10977    0.11316    0.11370    0.12368    0.12509
   0.15201    0.15243    0.17815    0.17956    0.19842    0.19846    0.20578    0.20584
   0.21182    0.21354    0.23587    0.23621    0.25105    0.25131    0.27714    0.27902
   0.46660    0.46833
 kpt#  94, nband= 50, wtk=  0.00926, kpt=  0.1667  0.0000  0.5000 (reduced coord)
  -1.94154   -1.94127   -1.94091   -1.94062   -0.80130   -0.80116   -0.79971   -0.79952
  -0.79661   -0.79660   -0.79139   -0.79122   -0.78946   -0.78931   -0.78887   -0.78882
  -0.36072   -0.36033   -0.33897   -0.33885   -0.32375   -0.32304   -0.31034   -0.30947
   0.10082    0.10101    0.10648    0.10676    0.11622    0.11683    0.13047    0.13110
   0.15467    0.15486    0.17722    0.17820    0.19262    0.19328    0.20175    0.20191
   0.21491    0.21608    0.23675    0.23690    0.24806    0.24833    0.27615    0.27789
   0.46394    0.46501
 kpt#  95, nband= 50, wtk=  0.00926, kpt=  0.3333  0.0000  0.5000 (reduced coord)
  -1.94152   -1.94123   -1.94096   -1.94064   -0.80163   -0.80149   -0.80012   -0.79991
  -0.79652   -0.79646   -0.79071   -0.79058   -0.79015   -0.79007   -0.78829   -0.78818
  -0.35704   -0.35672   -0.34099   -0.34089   -0.32594   -0.32516   -0.30998   -0.30910
   0.10184    0.10219    0.10632    0.10685    0.11575    0.11622    0.14280    0.14307
   0.16259    0.16279    0.17358    0.17440    0.18389    0.18465    0.19838    0.19862
   0.21902    0.21921    0.22443    0.22471    0.24932    0.24965    0.27521    0.27668
   0.45783    0.45855
 kpt#  96, nband= 50, wtk=  0.00463, kpt=  0.5000  0.0000  0.5000 (reduced coord)
  -1.94152   -1.94120   -1.94099   -1.94065   -0.80169   -0.80150   -0.80064   -0.80038
  -0.79608   -0.79598   -0.79137   -0.79115   -0.78972   -0.78967   -0.78808   -0.78796
  -0.35454   -0.35427   -0.34269   -0.34263   -0.32697   -0.32617   -0.30984   -0.30896
   0.10455    0.10484    0.10839    0.10865    0.11070    0.11131    0.15089    0.15161
   0.16739    0.16775    0.17082    0.17235    0.18016    0.18031    0.19768    0.19848
   0.21206    0.21226    0.22319    0.22328    0.24937    0.24994    0.27486    0.27622
   0.45401    0.45477
 kpt#  97, nband= 50, wtk=  0.00926, kpt=  0.0000  0.1667  0.5000 (reduced coord)
  -1.94152   -1.94128   -1.94090   -1.94064   -0.80125   -0.80106   -0.79942   -0.79918
  -0.79685   -0.79675   -0.79144   -0.79124   -0.79021   -0.78995   -0.78841   -0.78826
  -0.36017   -0.35977   -0.33910   -0.33885   -0.32242   -0.32182   -0.31220   -0.31138
   0.09899    0.10044    0.11254    0.11290    0.11885    0.11976    0.12631    0.12743
   0.14811    0.14899    0.17813    0.17936    0.19472    0.19638    0.20086    0.20220
   0.21733    0.21888    0.23480    0.23686    0.25143    0.25176    0.26655    0.26874
   0.46250    0.46391
 kpt#  98, nband= 50, wtk=  0.00926, kpt=  0.1667  0.1667  0.5000 (reduced coord)
  -1.94151   -1.94127   -1.94091   -1.94065   -0.80249   -0.80204   -0.79960   -0.79872
  -0.79671   -0.79624   -0.79125   -0.79083   -0.78970   -0.78943   -0.78856   -0.78843
  -0.35945   -0.35903   -0.34122   -0.33897   -0.32537   -0.32009   -0.31206   -0.30955
   0.09923    0.10043    0.10822    0.11182    0.11990    0.12176    0.13119    0.13477
   0.14760    0.15558    0.17455    0.17665    0.19126    0.19270    0.20291    0.20682
   0.21432    0.21808    0.23530    0.23641    0.24607    0.24952    0.26581    0.26936
   0.45620    0.46578
 kpt#  99, nband= 50, wtk=  0.00926, kpt=  0.3333  0.1667  0.5000 (reduced coord)
  -1.94150   -1.94124   -1.94095   -1.94066   -0.80341   -0.80303   -0.80106   -0.80021
  -0.79514   -0.79482   -0.79054   -0.79012   -0.78969   -0.78931   -0.78834   -0.78827
  -0.35744   -0.35696   -0.34448   -0.34251   -0.32528   -0.32066   -0.31028   -0.30817
   0.09955    0.10336    0.10927    0.11098    0.11479    0.12294    0.13947    0.14119
   0.15538    0.16574    0.17469    0.17953    0.18103    0.18767    0.20088    0.20711
   0.21294    0.22054    0.22323    0.22930    0.24626    0.24805    0.26646    0.26751
   0.45088    0.45850
 kpt# 100, nband= 50, wtk=  0.00926, kpt=  0.5000  0.1667  0.5000 (reduced coord)
  -1.94149   -1.94122   -1.94097   -1.94067   -0.80354   -0.80326   -0.80163   -0.80141
  -0.79429   -0.79412   -0.79032   -0.79016   -0.78954   -0.78945   -0.78815   -0.78802
  -0.35571   -0.35542   -0.34634   -0.34558   -0.32320   -0.32232   -0.30901   -0.30826
   0.10338    0.10390    0.10997    0.11048    0.11548    0.11622    0.14360    0.14461
   0.16544    0.16614    0.17279    0.17362    0.18840    0.18926    0.20255    0.20341
   0.21317    0.21379    0.21919    0.21983    0.24847    0.24900    0.26606    0.26731
   0.45024    0.45178
 kpt# 101, nband= 50, wtk=  0.00926, kpt= -0.3333  0.1667  0.5000 (reduced coord)
  -1.94150   -1.94124   -1.94095   -1.94066   -0.80325   -0.80292   -0.80126   -0.80022
  -0.79526   -0.79489   -0.79038   -0.78999   -0.78969   -0.78945   -0.78838   -0.78826
  -0.35771   -0.35670   -0.34437   -0.34236   -0.32487   -0.32136   -0.30953   -0.30890
   0.09985    0.10361    0.10906    0.11077    0.11515    0.12224    0.13997    0.14116
   0.15529    0.16499    0.17461    0.18000    0.18126    0.18742    0.20079    0.20744
   0.21267    0.22087    0.22284    0.22955    0.24632    0.24787    0.26618    0.26798
   0.45212    0.45789
 kpt# 102, nband= 50, wtk=  0.00926, kpt= -0.1667  0.1667  0.5000 (reduced coord)
  -1.94151   -1.94127   -1.94091   -1.94065   -0.80226   -0.80195   -0.79986   -0.79869
  -0.79683   -0.79633   -0.79122   -0.79067   -0.78974   -0.78940   -0.78859   -0.78846
  -0.35980   -0.35867   -0.34104   -0.33889   -0.32501   -0.32084   -0.31124   -0.31027
   0.09949    0.10074    0.10821    0.11185    0.11963    0.12091    0.13125    0.13547
   0.14795    0.15491    0.17468    0.17645    0.19042    0.19301    0.20263    0.20748
   0.21362    0.21942    0.23528    0.23638    0.24569    0.24937    0.26711    0.26833
   0.45750    0.46512
 kpt# 103, nband= 50, wtk=  0.00926, kpt=  0.0000  0.3333  0.5000 (reduced coord)
  -1.94145   -1.94129   -1.94089   -1.94071   -0.80134   -0.80111   -0.79960   -0.79938
  -0.79659   -0.79650   -0.79233   -0.79220   -0.78968   -0.78951   -0.78806   -0.78795
  -0.35471   -0.35430   -0.34209   -0.34168   -0.32159   -0.32112   -0.31588   -0.31523
   0.10197    0.10310    0.11285    0.11325    0.12628    0.12715    0.13538    0.13607
   0.14730    0.14809    0.17018    0.17267    0.18822    0.18965    0.20778    0.20915
   0.21954    0.22010    0.23618    0.23770    0.24296    0.24443    0.25038    0.25106
   0.45832    0.45985
 kpt# 104, nband= 50, wtk=  0.00926, kpt=  0.1667  0.3333  0.5000 (reduced coord)
  -1.94144   -1.94129   -1.94090   -1.94072   -0.80319   -0.80261   -0.80114   -0.80014
  -0.79517   -0.79440   -0.79167   -0.79065   -0.78967   -0.78928   -0.78814   -0.78797
  -0.35600   -0.35504   -0.34529   -0.34313   -0.32270   -0.31778   -0.31402   -0.31234
   0.10184    0.10413    0.10982    0.11243    0.12554    0.12839    0.13589    0.13881
   0.14883    0.15561    0.16867    0.17299    0.19100    0.19608    0.20211    0.21405
   0.21553    0.21798    0.22880    0.23552    0.24110    0.24520    0.24830    0.25619
   0.44963    0.46372
 kpt# 105, nband= 50, wtk=  0.00926, kpt=  0.3333  0.3333  0.5000 (reduced coord)
  -1.94144   -1.94128   -1.94091   -1.94072   -0.80485   -0.80443   -0.80321   -0.80243
  -0.79257   -0.79206   -0.79016   -0.78949   -0.78922   -0.78897   -0.78817   -0.78801
  -0.35730   -0.35635   -0.34985   -0.34822   -0.31939   -0.31558   -0.31018   -0.30896
   0.10243    0.10425    0.11084    0.11153    0.12279    0.12960    0.13327    0.13532
   0.16066    0.16856    0.17413    0.17996    0.18710    0.19169    0.20214    0.21074
   0.21593    0.22098    0.22185    0.22812    0.24158    0.24269    0.25026    0.25101
   0.44274    0.45575
 kpt# 106, nband= 50, wtk=  0.00926, kpt=  0.5000  0.3333  0.5000 (reduced coord)
  -1.94143   -1.94127   -1.94091   -1.94072   -0.80532   -0.80500   -0.80398   -0.80371
  -0.79145   -0.79126   -0.78932   -0.78923   -0.78907   -0.78895   -0.78807   -0.78798
  -0.35715   -0.35673   -0.35207   -0.35127   -0.31637   -0.31561   -0.30847   -0.30790
   0.10391    0.10465    0.11086    0.11133    0.12462    0.12534    0.13338    0.13451
   0.16966    0.17074    0.17495    0.17747    0.19309    0.19390    0.20530    0.20578
   0.21613    0.21691    0.22245    0.22343    0.24100    0.24170    0.24899    0.24977
   0.44419    0.44572
 kpt# 107, nband= 50, wtk=  0.00926, kpt= -0.3333  0.3333  0.5000 (reduced coord)
  -1.94144   -1.94128   -1.94091   -1.94072   -0.80467   -0.80434   -0.80339   -0.80249
  -0.79268   -0.79214   -0.79001   -0.78943   -0.78918   -0.78907   -0.78817   -0.78803
  -0.35749   -0.35620   -0.34975   -0.34809   -0.31910   -0.31604   -0.30969   -0.30948
   0.10263    0.10426    0.11114    0.11164    0.12223    0.12871    0.13391    0.13571
   0.16042    0.16754    0.17493    0.18032    0.18680    0.19175    0.20235    0.21003
   0.21585    0.22126    0.22197    0.22858    0.24142    0.24258    0.24982    0.25157
   0.44369    0.45536
 kpt# 108, nband= 50, wtk=  0.00926, kpt= -0.1667  0.3333  0.5000 (reduced coord)
  -1.94144   -1.94129   -1.94090   -1.94072   -0.80297   -0.80252   -0.80135   -0.80017
  -0.79526   -0.79450   -0.79160   -0.79059   -0.78957   -0.78938   -0.78810   -0.78800
  -0.35630   -0.35479   -0.34509   -0.34301   -0.32253   -0.31837   -0.31340   -0.31284
   0.10190    0.10408    0.11038    0.11271    0.12479    0.12769    0.13633    0.13929
   0.14889    0.15463    0.16911    0.17311    0.19100    0.19579    0.20166    0.21338
   0.21641    0.21848    0.22945    0.23568    0.24027    0.24503    0.24887    0.25588
   0.45050    0.46264
 kpt# 109, nband= 50, wtk=  0.00463, kpt=  0.0000  0.5000  0.5000 (reduced coord)
  -1.94136   -1.94135   -1.94087   -1.94077   -0.80084   -0.80075   -0.80048   -0.80046
  -0.79476   -0.79469   -0.79438   -0.79424   -0.78865   -0.78852   -0.78839   -0.78826
  -0.34812   -0.34785   -0.34731   -0.34705   -0.31991   -0.31956   -0.31883   -0.31846
   0.10785    0.10869    0.10889    0.10977    0.13105    0.13164    0.13243    0.13295
   0.15919    0.16031    0.16150    0.16250    0.19659    0.19666    0.19886    0.19902
   0.22588    0.22668    0.22725    0.22816    0.24272    0.24309    0.24384    0.24420
   0.46149    0.46315
 kpt# 110, nband= 50, wtk=  0.00926, kpt=  0.1667  0.5000  0.5000 (reduced coord)
  -1.94136   -1.94135   -1.94087   -1.94077   -0.80279   -0.80257   -0.80195   -0.80178
  -0.79332   -0.79323   -0.79238   -0.79228   -0.78864   -0.78850   -0.78837   -0.78823
  -0.35097   -0.35070   -0.34930   -0.34911   -0.31784   -0.31713   -0.31623   -0.31532
   0.10735    0.10821    0.10878    0.10953    0.12927    0.13007    0.13276    0.13347
   0.16293    0.16360    0.16637    0.16767    0.19903    0.19952    0.20144    0.20175
   0.21554    0.21645    0.22489    0.22532    0.24352    0.24439    0.24729    0.24762
   0.45233    0.45300
 kpt# 111, nband= 50, wtk=  0.00926, kpt=  0.3333  0.5000  0.5000 (reduced coord)
  -1.94136   -1.94135   -1.94087   -1.94077   -0.80488   -0.80465   -0.80425   -0.80408
  -0.79096   -0.79084   -0.79021   -0.79011   -0.78861   -0.78843   -0.78829   -0.78811
  -0.35483   -0.35469   -0.35341   -0.35336   -0.31346   -0.31274   -0.31211   -0.31123
   0.10727    0.10793    0.10817    0.10865    0.12767    0.12881    0.13167    0.13276
   0.17007    0.17074    0.17796    0.17976    0.19414    0.19506    0.19972    0.20043
   0.21514    0.21596    0.22446    0.22513    0.24184    0.24274    0.24383    0.24434
   0.44475    0.44529
 kpt# 112, nband= 50, wtk=  0.00463, kpt=  0.5000  0.5000  0.5000 (reduced coord)
  -1.94136   -1.94135   -1.94087   -1.94077   -0.80562   -0.80538   -0.80522   -0.80509
  -0.78998   -0.78983   -0.78950   -0.78948   -0.78851   -0.78834   -0.78817   -0.78799
  -0.35626   -0.35618   -0.35545   -0.35544   -0.31130   -0.31061   -0.31049   -0.30979
   0.10722    0.10755    0.10799    0.10839    0.12863    0.12961    0.13035    0.13129
   0.17496    0.17537    0.17772    0.17805    0.19705    0.19738    0.19814    0.19827
   0.22087    0.22171    0.22248    0.22320    0.23887    0.23956    0.23993    0.24066
   0.44606    0.44691
