 Fermi (or HOMO) energy (hartree) =   0.27709   Average Vxc (hartree)=  -0.44601
 Eigenvalues (hartree) for nkpt= 112  k points:
 kpt#   1, nband= 50, wtk=  0.00463, kpt=  0.0000  0.0000  0.0000 (reduced coord)
  -1.94365   -1.94299   -1.94296   -1.94295   -0.80521   -0.80521   -0.80487   -0.79323
  -0.79310   -0.79278   -0.79266   -0.79147   -0.79145   -0.78857   -0.78695   -0.78695
  -0.39506   -0.33820   -0.32900   -0.32892   -0.31890   -0.31587   -0.31579   -0.29694
   0.06032    0.06034    0.07172    0.09589    0.10262    0.10269    0.16373    0.16426
   0.16650    0.16702    0.17268    0.17269    0.22326    0.22373    0.22799    0.22851
   0.24911    0.25005    0.25514    0.25530    0.25886    0.26623    0.26674    0.27519
   0.44277    0.44532
 kpt#   2, nband= 50, wtk=  0.00926, kpt=  0.1667  0.0000  0.0000 (reduced coord)
  -1.94360   -1.94301   -1.94298   -1.94295   -0.80434   -0.80412   -0.80410   -0.79409
  -0.79310   -0.79250   -0.79240   -0.79222   -0.79159   -0.78880   -0.78831   -0.78734
  -0.39031   -0.33667   -0.32826   -0.32698   -0.32193   -0.31949   -0.31729   -0.29929
   0.06608    0.07036    0.07105    0.09829    0.10556    0.11779    0.15192    0.15275
   0.16024    0.16242    0.17248    0.17512    0.21831    0.22035    0.22048    0.23614
   0.24628    0.24723    0.25015    0.25811    0.25976    0.26303    0.26714    0.27575
   0.45141    0.45193
 kpt#   3, nband= 50, wtk=  0.00926, kpt=  0.3333  0.0000  0.0000 (reduced coord)
  -1.94348   -1.94313   -1.94298   -1.94296   -0.80207   -0.80195   -0.80100   -0.79630
  -0.79516   -0.79279   -0.79193   -0.79192   -0.79164   -0.79116   -0.78951   -0.78837
  -0.37705   -0.33792   -0.33250   -0.32619   -0.32220   -0.32119   -0.32063   -0.30557
   0.07818    0.08254    0.09886    0.10542    0.11434    0.12551    0.13427    0.13692
   0.14484    0.15229    0.18253    0.18308    0.18601    0.20734    0.21085    0.22863
   0.23689    0.24017    0.25235    0.26350    0.26443    0.26713    0.26980    0.27709
   0.46667    0.46777
 kpt#   4, nband= 50, wtk=  0.00463, kpt=  0.5000  0.0000  0.0000 (reduced coord)
  -1.94331   -1.94329   -1.94298   -1.94296   -0.79922   -0.79921   -0.79862   -0.79861
  -0.79659   -0.79658   -0.79238   -0.79236   -0.79057   -0.79056   -0.78977   -0.78976
  -0.35811   -0.35811   -0.32690   -0.32690   -0.32362   -0.32362   -0.31372   -0.31372
   0.09516    0.09517    0.11092    0.11092    0.11755    0.11755    0.12816    0.12816
   0.14001    0.14001    0.19098    0.19099    0.19456    0.19456    0.19714    0.19715
   0.23740    0.23740    0.26137    0.26137    0.26663    0.26663    0.27630    0.27630
   0.47831    0.47956
 kpt#   5, nband= 50, wtk=  0.00926, kpt=  0.0000  0.1667  0.0000 (reduced coord)
  -1.94360   -1.94301   -1.94298   -1.94295   -0.80435   -0.80412   -0.80410   -0.79412
  -0.79301   -0.79250   -0.79248   -0.79219   -0.79159   -0.78880   -0.78831   -0.78733
  -0.39032   -0.33666   -0.32815   -0.32704   -0.32202   -0.31949   -0.31724   -0.29930
   0.06607    0.07036    0.07103    0.09829    0.10570    0.11768    0.15205    0.15272
   0.16014    0.16252    0.17253    0.17501    0.21817    0.22033    0.22061    0.23711
   0.24511    0.24654    0.25023    0.25837    0.25971    0.26495    0.26581    0.27575
   0.45131    0.45179
 kpt#   6, nband= 50, wtk=  0.00926, kpt=  0.1667  0.1667  0.0000 (reduced coord)
  -1.94356   -1.94301   -1.94300   -1.94297   -0.80347   -0.80347   -0.80341   -0.79394
  -0.79380   -0.79377   -0.79205   -0.79202   -0.79105   -0.79002   -0.78912   -0.78714
  -0.38598   -0.33574   -0.32701   -0.32695   -0.32241   -0.32237   -0.31990   -0.30135
   0.07273    0.07579    0.07580    0.10000    0.10953    0.12850    0.14462    0.14464
   0.15940    0.16487    0.16490    0.17301    0.21380    0.21807    0.22394    0.22407
   0.24656    0.24844    0.25049    0.25062    0.25975    0.25994    0.26792    0.27605
   0.45567    0.45986
 kpt#   7, nband= 50, wtk=  0.00926, kpt=  0.3333  0.1667  0.0000 (reduced coord)
  -1.94344   -1.94312   -1.94300   -1.94298   -0.80171   -0.80145   -0.80101   -0.79641
  -0.79581   -0.79337   -0.79293   -0.79153   -0.79105   -0.79085   -0.78993   -0.78786
  -0.37384   -0.33809   -0.33324   -0.32688   -0.32446   -0.32107   -0.32018   -0.30677
   0.08186    0.09094    0.10215    0.10549    0.11864    0.12417    0.13180    0.13865
   0.14899    0.15881    0.17580    0.17944    0.18913    0.20473    0.20670    0.22947
   0.23111    0.23494    0.25001    0.25250    0.26298    0.26757    0.26955    0.27689
   0.46429    0.47361
 kpt#   8, nband= 50, wtk=  0.00926, kpt=  0.5000  0.1667  0.0000 (reduced coord)
  -1.94329   -1.94327   -1.94300   -1.94298   -0.79919   -0.79918   -0.79889   -0.79888
  -0.79714   -0.79713   -0.79183   -0.79181   -0.79082   -0.79081   -0.78929   -0.78928
  -0.35651   -0.35650   -0.32988   -0.32988   -0.32275   -0.32275   -0.31382   -0.31381
   0.09985    0.09986    0.11417    0.11418    0.11429    0.11429    0.13238    0.13239
   0.14633    0.14633    0.18886    0.18887    0.19013    0.19014    0.19819    0.19819
   0.23270    0.23271    0.25287    0.25288    0.26583    0.26584    0.27568    0.27568
   0.47230    0.47285
 kpt#   9, nband= 50, wtk=  0.00926, kpt= -0.3333  0.1667  0.0000 (reduced coord)
  -1.94344   -1.94312   -1.94300   -1.94298   -0.80171   -0.80145   -0.80101   -0.79641
  -0.79581   -0.79337   -0.79293   -0.79153   -0.79105   -0.79085   -0.78993   -0.78786
  -0.37384   -0.33809   -0.33324   -0.32688   -0.32446   -0.32107   -0.32018   -0.30677
   0.08186    0.09094    0.10215    0.10549    0.11864    0.12417    0.13180    0.13865
   0.14899    0.15881    0.17580    0.17944    0.18913    0.20473    0.20670    0.22947
   0.23111    0.23494    0.25001    0.25250    0.26298    0.26757    0.26955    0.27689
   0.46438    0.47365
 kpt#  10, nband= 50, wtk=  0.00926, kpt= -0.1667  0.1667  0.0000 (reduced coord)
  -1.94356   -1.94301   -1.94300   -1.94297   -0.80347   -0.80347   -0.80341   -0.79394
  -0.79380   -0.79377   -0.79205   -0.79202   -0.79105   -0.79002   -0.78912   -0.78714
  -0.38598   -0.33574   -0.32701   -0.32695   -0.32241   -0.32237   -0.31990   -0.30135
   0.07273    0.07579    0.07580    0.10000    0.10953    0.12850    0.14462    0.14464
   0.15940    0.16487    0.16490    0.17301    0.21380    0.21807    0.22394    0.22407
   0.24656    0.24844    0.25049    0.25062    0.25975    0.25994    0.26792    0.27605
   0.45567    0.45986
 kpt#  11, nband= 50, wtk=  0.00926, kpt=  0.0000  0.3333  0.0000 (reduced coord)
  -1.94348   -1.94313   -1.94298   -1.94296   -0.80207   -0.80196   -0.80099   -0.79632
  -0.79516   -0.79275   -0.79193   -0.79191   -0.79168   -0.79116   -0.78952   -0.78837
  -0.37706   -0.33793   -0.33246   -0.32617   -0.32160   -0.32125   -0.32118   -0.30562
   0.07816    0.08254    0.09884    0.10543    0.11447    0.12555    0.13429    0.13693
   0.14488    0.15233    0.18240    0.18315    0.18593    0.20735    0.21108    0.22856
   0.23638    0.24035    0.25205    0.26433    0.26501    0.26597    0.26994    0.27709
   0.46609    0.46661
 kpt#  12, nband= 50, wtk=  0.00926, kpt=  0.1667  0.3333  0.0000 (reduced coord)
  -1.94344   -1.94312   -1.94300   -1.94298   -0.80171   -0.80145   -0.80101   -0.79641
  -0.79582   -0.79337   -0.79290   -0.79156   -0.79104   -0.79085   -0.78994   -0.78785
  -0.37385   -0.33811   -0.33321   -0.32680   -0.32443   -0.32106   -0.32029   -0.30681
   0.08186    0.09097    0.10211    0.10549    0.11872    0.12416    0.13184    0.13866
   0.14902    0.15886    0.17584    0.17933    0.18906    0.20487    0.20674    0.22947
   0.23105    0.23452    0.25040    0.25244    0.26287    0.26750    0.26967    0.27689
   0.46399    0.47273
 kpt#  13, nband= 50, wtk=  0.00926, kpt=  0.3333  0.3333  0.0000 (reduced coord)
  -1.94335   -1.94309   -1.94309   -1.94301   -0.80079   -0.80079   -0.79982   -0.79839
  -0.79595   -0.79454   -0.79454   -0.79122   -0.79019   -0.79019   -0.78998   -0.78774
  -0.36484   -0.33794   -0.33791   -0.33501   -0.32078   -0.32023   -0.32019   -0.31015
   0.09226    0.10676    0.10963    0.10976    0.12598    0.12610    0.12917    0.13900
   0.16009    0.16010    0.17656    0.17821    0.18905    0.18979    0.20782    0.20794
   0.21458    0.23451    0.23460    0.24023    0.26737    0.26911    0.26918    0.27620
   0.46062    0.46778
 kpt#  14, nband= 50, wtk=  0.00926, kpt=  0.5000  0.3333  0.0000 (reduced coord)
  -1.94323   -1.94321   -1.94306   -1.94304   -0.79995   -0.79995   -0.79922   -0.79921
  -0.79672   -0.79670   -0.79287   -0.79285   -0.78975   -0.78975   -0.78864   -0.78864
  -0.35186   -0.35186   -0.33684   -0.33684   -0.32046   -0.32046   -0.31499   -0.31499
   0.10556    0.10556    0.11000    0.11000    0.13041    0.13042    0.14337    0.14337
   0.15627    0.15627    0.17484    0.17485    0.18725    0.18726    0.20580    0.20580
   0.21038    0.21038    0.23642    0.23643    0.26829    0.26829    0.27424    0.27424
   0.46139    0.46227
 kpt#  15, nband= 50, wtk=  0.00926, kpt= -0.3333  0.3333  0.0000 (reduced coord)
  -1.94335   -1.94309   -1.94309   -1.94301   -0.80079   -0.80079   -0.79982   -0.79839
  -0.79595   -0.79454   -0.79454   -0.79122   -0.79019   -0.79019   -0.78998   -0.78774
  -0.36484   -0.33794   -0.33791   -0.33501   -0.32078   -0.32023   -0.32019   -0.31015
   0.09226    0.10676    0.10963    0.10976    0.12598    0.12610    0.12917    0.13900
   0.16009    0.16010    0.17656    0.17821    0.18905    0.18979    0.20782    0.20794
   0.21458    0.23451    0.23460    0.24023    0.26737    0.26911    0.26918    0.27620
   0.46083    0.46765
 kpt#  16, nband= 50, wtk=  0.00926, kpt= -0.1667  0.3333  0.0000 (reduced coord)
  -1.94344   -1.94312   -1.94300   -1.94298   -0.80171   -0.80145   -0.80101   -0.79641
  -0.79582   -0.79337   -0.79290   -0.79156   -0.79104   -0.79085   -0.78994   -0.78785
  -0.37385   -0.33811   -0.33321   -0.32680   -0.32443   -0.32106   -0.32029   -0.30681
   0.08186    0.09097    0.10211    0.10549    0.11872    0.12416    0.13184    0.13866
   0.14902    0.15886    0.17584    0.17933    0.18906    0.20487    0.20674    0.22947
   0.23105    0.23452    0.25040    0.25244    0.26287    0.26750    0.26967    0.27689
   0.46400    0.47287
 kpt#  17, nband= 50, wtk=  0.00463, kpt=  0.0000  0.5000  0.0000 (reduced coord)
  -1.94331   -1.94329   -1.94298   -1.94296   -0.79923   -0.79922   -0.79862   -0.79861
  -0.79659   -0.79657   -0.79236   -0.79235   -0.79059   -0.79057   -0.78977   -0.78976
  -0.35813   -0.35812   -0.32681   -0.32680   -0.32360   -0.32359   -0.31384   -0.31383
   0.09514    0.09514    0.11098    0.11099    0.11756    0.11757    0.12825    0.12826
   0.13994    0.13995    0.19161    0.19162    0.19385    0.19386    0.19728    0.19730
   0.23713    0.23714    0.26176    0.26177    0.26632    0.26633    0.27634    0.27635
   0.47673    0.47790
 kpt#  18, nband= 50, wtk=  0.00926, kpt=  0.1667  0.5000  0.0000 (reduced coord)
  -1.94329   -1.94327   -1.94300   -1.94298   -0.79919   -0.79918   -0.79890   -0.79888
  -0.79714   -0.79712   -0.79180   -0.79179   -0.79085   -0.79084   -0.78928   -0.78927
  -0.35652   -0.35651   -0.32982   -0.32982   -0.32273   -0.32272   -0.31390   -0.31389
   0.09988    0.09989    0.11416    0.11417    0.11428    0.11429    0.13245    0.13246
   0.14630    0.14630    0.18903    0.18904    0.19023    0.19025    0.19796    0.19797
   0.23249    0.23249    0.25304    0.25305    0.26574    0.26575    0.27571    0.27572
   0.47140    0.47348
 kpt#  19, nband= 50, wtk=  0.00926, kpt=  0.3333  0.5000  0.0000 (reduced coord)
  -1.94323   -1.94321   -1.94306   -1.94304   -0.79995   -0.79995   -0.79922   -0.79921
  -0.79672   -0.79670   -0.79286   -0.79285   -0.78976   -0.78975   -0.78864   -0.78864
  -0.35187   -0.35187   -0.33682   -0.33681   -0.32045   -0.32044   -0.31503   -0.31502
   0.10561    0.10561    0.10997    0.10998    0.13037    0.13038    0.14336    0.14337
   0.15625    0.15626    0.17493    0.17495    0.18738    0.18739    0.20569    0.20570
   0.21020    0.21021    0.23652    0.23654    0.26824    0.26825    0.27425    0.27426
   0.46099    0.46133
 kpt#  20, nband= 50, wtk=  0.00463, kpt=  0.5000  0.5000  0.0000 (reduced coord)
  -1.94316   -1.94314   -1.94314   -1.94311   -0.79998   -0.79998   -0.79998   -0.79998
  -0.79485   -0.79484   -0.79484   -0.79482   -0.78875   -0.78875   -0.78875   -0.78875
  -0.34488   -0.34488   -0.34488   -0.34488   -0.31751   -0.31751   -0.31750   -0.31750
   0.10781    0.10781    0.10781    0.10782    0.15337    0.15337    0.15337    0.15338
   0.15786    0.15786    0.15787    0.15787    0.18936    0.18936    0.18937    0.18937
   0.21900    0.21900    0.21901    0.21902    0.27169    0.27169    0.27169    0.27170
   0.45748    0.45748
 kpt#  21, nband= 50, wtk=  0.00926, kpt=  0.0000  0.0000  0.1667 (reduced coord)
  -1.94360   -1.94303   -1.94295   -1.94295   -0.80443   -0.80442   -0.80387   -0.79399
  -0.79394   -0.79280   -0.79276   -0.79118   -0.79115   -0.78977   -0.78726   -0.78726
  -0.39060   -0.33579   -0.32805   -0.32797   -0.32508   -0.31671   -0.31665   -0.29994
   0.06600    0.06601    0.08180    0.10416    0.10521    0.10726    0.15774    0.15794
   0.16249    0.16258    0.16928    0.16948    0.22310    0.22354    0.23135    0.23183
   0.24070    0.24223    0.24286    0.25885    0.26071    0.26082    0.26717    0.26728
   0.44601    0.45113
 kpt#  22, nband= 50, wtk=  0.00926, kpt=  0.1667  0.0000  0.1667 (reduced coord)
  -1.94356   -1.94303   -1.94299   -1.94296   -0.80361   -0.80348   -0.80330   -0.79505
  -0.79362   -0.79245   -0.79224   -0.79217   -0.79126   -0.79057   -0.78779   -0.78767
  -0.38618   -0.33445   -0.32785   -0.32627   -0.32526   -0.32234   -0.31789   -0.30197
   0.07145    0.07568    0.08042    0.10488    0.10766    0.12342    0.15165    0.15322
   0.15562    0.15785    0.16506    0.16900    0.21702    0.22455    0.22665    0.23247
   0.24257    0.24265    0.24496    0.25024    0.25496    0.26402    0.26408    0.26652
   0.45394    0.45686
 kpt#  23, nband= 50, wtk=  0.00926, kpt=  0.3333  0.0000  0.1667 (reduced coord)
  -1.94344   -1.94312   -1.94301   -1.94297   -0.80171   -0.80136   -0.80084   -0.79709
  -0.79486   -0.79328   -0.79276   -0.79152   -0.79150   -0.79135   -0.78888   -0.78878
  -0.37381   -0.33726   -0.33085   -0.32717   -0.32571   -0.32199   -0.32068   -0.30742
   0.08627    0.08680    0.10247    0.11058    0.11464    0.12922    0.13666    0.14015
   0.14119    0.15642    0.16952    0.17930    0.19523    0.20337    0.21264    0.22998
   0.24121    0.24123    0.24792    0.24876    0.25210    0.26452    0.26634    0.26799
   0.46835    0.46934
 kpt#  24, nband= 50, wtk=  0.00926, kpt=  0.5000  0.0000  0.1667 (reduced coord)
  -1.94329   -1.94327   -1.94300   -1.94298   -0.79949   -0.79948   -0.79819   -0.79817
  -0.79712   -0.79711   -0.79199   -0.79198   -0.79021   -0.79019   -0.79019   -0.79018
  -0.35612   -0.35612   -0.32660   -0.32659   -0.32585   -0.32584   -0.31454   -0.31453
   0.10157    0.10157    0.11067    0.11067    0.12437    0.12438    0.12590    0.12591
   0.14423    0.14423    0.18944    0.18946    0.19394    0.19394    0.19654    0.19654
   0.24083    0.24084    0.25047    0.25047    0.26079    0.26079    0.26836    0.26837
   0.47675    0.47857
 kpt#  25, nband= 50, wtk=  0.00926, kpt= -0.3333  0.0000  0.1667 (reduced coord)
  -1.94344   -1.94312   -1.94301   -1.94297   -0.80171   -0.80136   -0.80084   -0.79709
  -0.79486   -0.79328   -0.79276   -0.79152   -0.79150   -0.79135   -0.78888   -0.78878
  -0.37381   -0.33726   -0.33085   -0.32717   -0.32571   -0.32199   -0.32068   -0.30742
   0.08627    0.08680    0.10247    0.11058    0.11464    0.12922    0.13666    0.14015
   0.14118    0.15642    0.16952    0.17930    0.19523    0.20337    0.21264    0.22998
   0.24121    0.24123    0.24792    0.24877    0.25210    0.26453    0.26633    0.26798
   0.46832    0.46946
 kpt#  26, nband= 50, wtk=  0.00926, kpt= -0.1667  0.0000  0.1667 (reduced coord)
  -1.94356   -1.94303   -1.94299   -1.94296   -0.80361   -0.80348   -0.80330   -0.79505
  -0.79362   -0.79245   -0.79224   -0.79217   -0.79127   -0.79057   -0.78779   -0.78767
  -0.38618   -0.33445   -0.32785   -0.32627   -0.32526   -0.32234   -0.31789   -0.30197
   0.07145    0.07568    0.08042    0.10488    0.10766    0.12342    0.15165    0.15322
   0.15562    0.15785    0.16506    0.16900    0.21702    0.22455    0.22665    0.23247
   0.24257    0.24265    0.24496    0.25024    0.25496    0.26401    0.26408    0.26652
   0.45394    0.45686
 kpt#  27, nband= 50, wtk=  0.00926, kpt=  0.0000  0.1667  0.1667 (reduced coord)
  -1.94356   -1.94303   -1.94299   -1.94296   -0.80362   -0.80348   -0.80330   -0.79507
  -0.79359   -0.79245   -0.79224   -0.79218   -0.79125   -0.79058   -0.78779   -0.78767
  -0.38618   -0.33443   -0.32779   -0.32629   -0.32526   -0.32243   -0.31784   -0.30198
   0.07145    0.07568    0.08041    0.10496    0.10765    0.12338    0.15215    0.15285
   0.15576    0.15766    0.16489    0.16910    0.21688    0.22490    0.22650    0.23306
   0.24181    0.24183    0.24538    0.25079    0.25463    0.26420    0.26457    0.26614
   0.45386    0.45670
 kpt#  28, nband= 50, wtk=  0.00926, kpt=  0.1667  0.1667  0.1667 (reduced coord)
  -1.94352   -1.94303   -1.94300   -1.94299   -0.80300   -0.80295   -0.80282   -0.79447
  -0.79438   -0.79344   -0.79199   -0.79193   -0.79185   -0.79078   -0.78844   -0.78741
  -0.38220   -0.33438   -0.32819   -0.32752   -0.32455   -0.32180   -0.32116   -0.30370
   0.08058    0.08095    0.08163    0.10616    0.11149    0.13348    0.14753    0.14790
   0.15491    0.15949    0.15959    0.16234    0.22061    0.22341    0.22371    0.22420
   0.24203    0.24400    0.24516    0.24968    0.25127    0.25827    0.25911    0.26798
   0.45963    0.46116
 kpt#  29, nband= 50, wtk=  0.00926, kpt=  0.3333  0.1667  0.1667 (reduced coord)
  -1.94341   -1.94311   -1.94302   -1.94300   -0.80169   -0.80162   -0.80112   -0.79591
  -0.79542   -0.79489   -0.79287   -0.79130   -0.79097   -0.79074   -0.78933   -0.78812
  -0.37106   -0.33833   -0.33384   -0.33024   -0.32304   -0.32176   -0.31942   -0.30829
   0.08955    0.09470    0.10549    0.11058    0.11896    0.12881    0.13731    0.13893
   0.14526    0.16129    0.16729    0.16967    0.19529    0.20868    0.21200    0.22998
   0.23203    0.23704    0.24579    0.24823    0.25321    0.25429    0.26382    0.26804
   0.46604    0.47375
 kpt#  30, nband= 50, wtk=  0.00926, kpt=  0.5000  0.1667  0.1667 (reduced coord)
  -1.94327   -1.94325   -1.94302   -1.94300   -0.80072   -0.80071   -0.79827   -0.79826
  -0.79675   -0.79674   -0.79137   -0.79136   -0.79042   -0.79041   -0.78960   -0.78959
  -0.35512   -0.35512   -0.33244   -0.33244   -0.32178   -0.32177   -0.31427   -0.31426
   0.10599    0.10599    0.11258    0.11258    0.12335    0.12335    0.12871    0.12872
   0.15042    0.15043    0.17812    0.17813    0.19630    0.19631    0.20250    0.20251
   0.23471    0.23472    0.24884    0.24884    0.25486    0.25486    0.26722    0.26723
   0.47177    0.47207
 kpt#  31, nband= 50, wtk=  0.00926, kpt= -0.3333  0.1667  0.1667 (reduced coord)
  -1.94341   -1.94311   -1.94302   -1.94300   -0.80169   -0.80162   -0.80112   -0.79591
  -0.79542   -0.79489   -0.79287   -0.79130   -0.79097   -0.79074   -0.78933   -0.78812
  -0.37106   -0.33833   -0.33384   -0.33024   -0.32304   -0.32176   -0.31942   -0.30829
   0.08955    0.09470    0.10549    0.11058    0.11896    0.12881    0.13731    0.13893
   0.14526    0.16129    0.16729    0.16967    0.19529    0.20868    0.21200    0.22998
   0.23203    0.23704    0.24579    0.24823    0.25321    0.25429    0.26382    0.26804
   0.46604    0.47348
 kpt#  32, nband= 50, wtk=  0.00926, kpt= -0.1667  0.1667  0.1667 (reduced coord)
  -1.94352   -1.94303   -1.94300   -1.94299   -0.80300   -0.80295   -0.80282   -0.79447
  -0.79438   -0.79344   -0.79199   -0.79193   -0.79185   -0.79078   -0.78844   -0.78741
  -0.38220   -0.33438   -0.32819   -0.32751   -0.32455   -0.32180   -0.32115   -0.30370
   0.08058    0.08095    0.08163    0.10616    0.11149    0.13348    0.14753    0.14790
   0.15491    0.15949    0.15959    0.16234    0.22061    0.22341    0.22371    0.22420
   0.24203    0.24401    0.24516    0.24968    0.25127    0.25827    0.25911    0.26798
   0.45963    0.46117
 kpt#  33, nband= 50, wtk=  0.00926, kpt=  0.0000  0.3333  0.1667 (reduced coord)
  -1.94344   -1.94312   -1.94301   -1.94297   -0.80171   -0.80136   -0.80083   -0.79710
  -0.79486   -0.79327   -0.79274   -0.79152   -0.79150   -0.79136   -0.78888   -0.78878
  -0.37382   -0.33727   -0.33080   -0.32717   -0.32572   -0.32146   -0.32122   -0.30745
   0.08625    0.08680    0.10246    0.11064    0.11467    0.12925    0.13669    0.14017
   0.14119    0.15651    0.16932    0.17937    0.19523    0.20338    0.21279    0.23000
   0.24027    0.24116    0.24868    0.24955    0.25101    0.26459    0.26634    0.26822
   0.46822    0.46922
 kpt#  34, nband= 50, wtk=  0.00926, kpt=  0.1667  0.3333  0.1667 (reduced coord)
  -1.94341   -1.94311   -1.94302   -1.94300   -0.80169   -0.80162   -0.80111   -0.79591
  -0.79542   -0.79489   -0.79285   -0.79131   -0.79097   -0.79073   -0.78933   -0.78811
  -0.37106   -0.33834   -0.33382   -0.33022   -0.32303   -0.32166   -0.31953   -0.30832
   0.08954    0.09472    0.10547    0.11059    0.11901    0.12876    0.13735    0.13895
   0.14529    0.16143    0.16708    0.16972    0.19530    0.20873    0.21210    0.23022
   0.23169    0.23635    0.24664    0.24836    0.25289    0.25391    0.26405    0.26809
   0.46562    0.47329
 kpt#  35, nband= 50, wtk=  0.00926, kpt=  0.3333  0.3333  0.1667 (reduced coord)
  -1.94332   -1.94309   -1.94309   -1.94303   -0.80159   -0.80156   -0.80153   -0.79777
  -0.79567   -0.79374   -0.79372   -0.79032   -0.79025   -0.79015   -0.78982   -0.78788
  -0.36328   -0.33991   -0.33970   -0.33761   -0.31997   -0.31852   -0.31833   -0.31077
   0.09890    0.11153    0.11191    0.11241    0.12862    0.13114    0.13133    0.14153
   0.15511    0.15604    0.16109    0.17872    0.19133    0.20557    0.21206    0.21288
   0.21876    0.23162    0.23209    0.23587    0.25558    0.26015    0.26126    0.26703
   0.46182    0.46938
 kpt#  36, nband= 50, wtk=  0.00926, kpt=  0.5000  0.3333  0.1667 (reduced coord)
  -1.94322   -1.94320   -1.94307   -1.94305   -0.80168   -0.80168   -0.80020   -0.80020
  -0.79494   -0.79493   -0.79179   -0.79178   -0.78966   -0.78966   -0.78876   -0.78875
  -0.35199   -0.35199   -0.33976   -0.33976   -0.31843   -0.31843   -0.31438   -0.31438
   0.11056    0.11056    0.11399    0.11400    0.13394    0.13394    0.13911    0.13911
   0.15807    0.15808    0.16642    0.16643    0.19893    0.19893    0.20589    0.20589
   0.21456    0.21457    0.23210    0.23211    0.25927    0.25928    0.26551    0.26551
   0.46241    0.46484
 kpt#  37, nband= 50, wtk=  0.00926, kpt= -0.3333  0.3333  0.1667 (reduced coord)
  -1.94332   -1.94309   -1.94309   -1.94303   -0.80159   -0.80156   -0.80153   -0.79777
  -0.79567   -0.79374   -0.79372   -0.79033   -0.79025   -0.79016   -0.78982   -0.78788
  -0.36328   -0.33992   -0.33970   -0.33761   -0.31997   -0.31852   -0.31833   -0.31077
   0.09890    0.11153    0.11191    0.11242    0.12862    0.13114    0.13133    0.14153
   0.15511    0.15604    0.16109    0.17872    0.19133    0.20557    0.21206    0.21288
   0.21876    0.23162    0.23209    0.23587    0.25558    0.26015    0.26126    0.26703
   0.46171    0.46985
 kpt#  38, nband= 50, wtk=  0.00926, kpt= -0.1667  0.3333  0.1667 (reduced coord)
  -1.94341   -1.94311   -1.94302   -1.94300   -0.80169   -0.80162   -0.80111   -0.79591
  -0.79542   -0.79489   -0.79285   -0.79131   -0.79097   -0.79073   -0.78933   -0.78811
  -0.37106   -0.33834   -0.33382   -0.33022   -0.32303   -0.32166   -0.31953   -0.30832
   0.08954    0.09472    0.10547    0.11059    0.11901    0.12876    0.13735    0.13895
   0.14529    0.16143    0.16708    0.16972    0.19530    0.20873    0.21210    0.23022
   0.23169    0.23635    0.24664    0.24835    0.25289    0.25391    0.26405    0.26809
   0.46562    0.47341
 kpt#  39, nband= 50, wtk=  0.00926, kpt=  0.0000  0.5000  0.1667 (reduced coord)
  -1.94329   -1.94327   -1.94300   -1.94298   -0.79949   -0.79948   -0.79819   -0.79818
  -0.79712   -0.79710   -0.79198   -0.79197   -0.79020   -0.79020   -0.79019   -0.79019
  -0.35614   -0.35613   -0.32641   -0.32640   -0.32595   -0.32594   -0.31461   -0.31461
   0.10155    0.10155    0.11072    0.11072    0.12441    0.12442    0.12590    0.12590
   0.14419    0.14420    0.18981    0.18982    0.19376    0.19377    0.19643    0.19645
   0.24041    0.24041    0.25080    0.25081    0.26056    0.26057    0.26857    0.26858
   0.47551    0.47765
 kpt#  40, nband= 50, wtk=  0.00926, kpt=  0.1667  0.5000  0.1667 (reduced coord)
  -1.94327   -1.94325   -1.94302   -1.94300   -0.80072   -0.80071   -0.79827   -0.79826
  -0.79676   -0.79674   -0.79135   -0.79134   -0.79044   -0.79043   -0.78960   -0.78959
  -0.35514   -0.35513   -0.33241   -0.33240   -0.32174   -0.32174   -0.31433   -0.31432
   0.10604    0.10605    0.11254    0.11255    0.12333    0.12333    0.12875    0.12876
   0.15040    0.15041    0.17820    0.17821    0.19645    0.19647    0.20235    0.20236
   0.23443    0.23444    0.24913    0.24914    0.25462    0.25463    0.26735    0.26736
   0.47094    0.47232
 kpt#  41, nband= 50, wtk=  0.00926, kpt=  0.3333  0.5000  0.1667 (reduced coord)
  -1.94322   -1.94320   -1.94307   -1.94305   -0.80168   -0.80168   -0.80020   -0.80020
  -0.79495   -0.79493   -0.79178   -0.79177   -0.78967   -0.78966   -0.78875   -0.78875
  -0.35201   -0.35200   -0.33975   -0.33975   -0.31841   -0.31840   -0.31441   -0.31441
   0.11061    0.11062    0.11396    0.11396    0.13392    0.13393    0.13907    0.13907
   0.15802    0.15803    0.16654    0.16655    0.19913    0.19913    0.20574    0.20574
   0.21437    0.21438    0.23219    0.23220    0.25921    0.25922    0.26557    0.26558
   0.46212    0.46229
 kpt#  42, nband= 50, wtk=  0.00926, kpt=  0.5000  0.5000  0.1667 (reduced coord)
  -1.94315   -1.94314   -1.94313   -1.94311   -0.80151   -0.80151   -0.80151   -0.80151
  -0.79324   -0.79323   -0.79323   -0.79322   -0.78875   -0.78874   -0.78874   -0.78874
  -0.34670   -0.34670   -0.34670   -0.34669   -0.31584   -0.31583   -0.31583   -0.31583
   0.11243    0.11243    0.11243    0.11244    0.15001    0.15002    0.15002    0.15002
   0.15691    0.15691    0.15691    0.15692    0.19967    0.19967    0.19968    0.19968
   0.21509    0.21509    0.21510    0.21510    0.26382    0.26382    0.26383    0.26383
   0.45972    0.45972
 kpt#  43, nband= 50, wtk=  0.00926, kpt= -0.3333  0.5000  0.1667 (reduced coord)
  -1.94322   -1.94320   -1.94307   -1.94305   -0.80168   -0.80168   -0.80020   -0.80020
  -0.79495   -0.79493   -0.79179   -0.79177   -0.78967   -0.78966   -0.78875   -0.78875
  -0.35200   -0.35200   -0.33975   -0.33975   -0.31841   -0.31840   -0.31441   -0.31441
   0.11061    0.11062    0.11396    0.11397    0.13392    0.13393    0.13907    0.13908
   0.15802    0.15803    0.16654    0.16655    0.19913    0.19914    0.20573    0.20574
   0.21437    0.21438    0.23219    0.23220    0.25921    0.25922    0.26557    0.26558
   0.46213    0.46245
 kpt#  44, nband= 50, wtk=  0.00926, kpt= -0.1667  0.5000  0.1667 (reduced coord)
  -1.94327   -1.94325   -1.94302   -1.94300   -0.80072   -0.80071   -0.79827   -0.79826
  -0.79676   -0.79675   -0.79135   -0.79134   -0.79044   -0.79043   -0.78960   -0.78959
  -0.35514   -0.35513   -0.33241   -0.33240   -0.32174   -0.32174   -0.31433   -0.31432
   0.10604    0.10605    0.11255    0.11255    0.12333    0.12333    0.12875    0.12876
   0.15040    0.15041    0.17821    0.17821    0.19646    0.19647    0.20235    0.20236
   0.23443    0.23444    0.24914    0.24914    0.25462    0.25463    0.26735    0.26736
   0.47104    0.47147
 kpt#  45, nband= 50, wtk=  0.00926, kpt=  0.0000 -0.3333  0.1667 (reduced coord)
  -1.94344   -1.94312   -1.94301   -1.94297   -0.80171   -0.80136   -0.80083   -0.79710
  -0.79486   -0.79327   -0.79274   -0.79152   -0.79150   -0.79136   -0.78888   -0.78878
  -0.37382   -0.33727   -0.33080   -0.32717   -0.32572   -0.32146   -0.32122   -0.30745
   0.08625    0.08680    0.10246    0.11064    0.11467    0.12925    0.13669    0.14017
   0.14119    0.15651    0.16932    0.17937    0.19523    0.20338    0.21279    0.23000
   0.24027    0.24116    0.24868    0.24955    0.25101    0.26459    0.26634    0.26822
   0.46822    0.46989
 kpt#  46, nband= 50, wtk=  0.00926, kpt=  0.1667 -0.3333  0.1667 (reduced coord)
  -1.94341   -1.94311   -1.94302   -1.94300   -0.80169   -0.80162   -0.80111   -0.79591
  -0.79542   -0.79489   -0.79285   -0.79131   -0.79097   -0.79073   -0.78933   -0.78811
  -0.37106   -0.33834   -0.33382   -0.33022   -0.32303   -0.32166   -0.31953   -0.30832
   0.08954    0.09472    0.10547    0.11059    0.11901    0.12876    0.13735    0.13895
   0.14529    0.16143    0.16708    0.16972    0.19530    0.20873    0.21210    0.23022
   0.23169    0.23635    0.24664    0.24836    0.25289    0.25391    0.26405    0.26809
   0.46560    0.47312
 kpt#  47, nband= 50, wtk=  0.00926, kpt=  0.3333 -0.3333  0.1667 (reduced coord)
  -1.94332   -1.94309   -1.94309   -1.94303   -0.80159   -0.80156   -0.80153   -0.79777
  -0.79567   -0.79374   -0.79372   -0.79032   -0.79025   -0.79015   -0.78982   -0.78788
  -0.36328   -0.33991   -0.33970   -0.33761   -0.31997   -0.31852   -0.31833   -0.31077
   0.09890    0.11153    0.11191    0.11241    0.12862    0.13114    0.13133    0.14153
   0.15511    0.15604    0.16109    0.17872    0.19133    0.20557    0.21206    0.21288
   0.21876    0.23162    0.23209    0.23587    0.25558    0.26015    0.26126    0.26703
   0.46171    0.46958
 kpt#  48, nband= 50, wtk=  0.00926, kpt=  0.5000 -0.3333  0.1667 (reduced coord)
  -1.94322   -1.94320   -1.94307   -1.94305   -0.80168   -0.80168   -0.80020   -0.80020
  -0.79494   -0.79493   -0.79179   -0.79178   -0.78966   -0.78966   -0.78876   -0.78875
  -0.35199   -0.35199   -0.33976   -0.33976   -0.31843   -0.31843   -0.31438   -0.31438
   0.11056    0.11056    0.11399    0.11400    0.13394    0.13394    0.13911    0.13911
   0.15807    0.15808    0.16642    0.16643    0.19893    0.19893    0.20589    0.20589
   0.21456    0.21457    0.23210    0.23211    0.25927    0.25928    0.26551    0.26551
   0.46240    0.46271
 kpt#  49, nband= 50, wtk=  0.00926, kpt= -0.3333 -0.3333  0.1667 (reduced coord)
  -1.94332   -1.94309   -1.94309   -1.94303   -0.80159   -0.80156   -0.80153   -0.79777
  -0.79567   -0.79374   -0.79372   -0.79033   -0.79025   -0.79016   -0.78982   -0.78788
  -0.36328   -0.33992   -0.33970   -0.33761   -0.31997   -0.31852   -0.31833   -0.31077
   0.09890    0.11153    0.11191    0.11242    0.12862    0.13114    0.13133    0.14153
   0.15511    0.15604    0.16109    0.17872    0.19133    0.20557    0.21206    0.21288
   0.21876    0.23162    0.23209    0.23587    0.25558    0.26015    0.26126    0.26703
   0.46172    0.46976
 kpt#  50, nband= 50, wtk=  0.00926, kpt= -0.1667 -0.3333  0.1667 (reduced coord)
  -1.94341   -1.94311   -1.94302   -1.94300   -0.80169   -0.80162   -0.80111   -0.79591
  -0.79542   -0.79489   -0.79285   -0.79131   -0.79097   -0.79073   -0.78933   -0.78811
  -0.37106   -0.33834   -0.33382   -0.33022   -0.32303   -0.32166   -0.31953   -0.30832
   0.08954    0.09472    0.10547    0.11059    0.11901    0.12876    0.13735    0.13895
   0.14529    0.16143    0.16708    0.16972    0.19530    0.20873    0.21210    0.23022
   0.23169    0.23635    0.24664    0.24835    0.25289    0.25391    0.26405    0.26809
   0.46573    0.47325
 kpt#  51, nband= 50, wtk=  0.00926, kpt=  0.0000 -0.1667  0.1667 (reduced coord)
  -1.94356   -1.94303   -1.94299   -1.94296   -0.80362   -0.80348   -0.80330   -0.79507
  -0.79359   -0.79245   -0.79224   -0.79218   -0.79125   -0.79058   -0.78779   -0.78767
  -0.38618   -0.33443   -0.32779   -0.32629   -0.32526   -0.32243   -0.31784   -0.30198
   0.07145    0.07568    0.08041    0.10496    0.10765    0.12338    0.15215    0.15285
   0.15576    0.15766    0.16489    0.16910    0.21688    0.22490    0.22650    0.23306
   0.24181    0.24183    0.24538    0.25079    0.25463    0.26420    0.26457    0.26614
   0.45386    0.45670
 kpt#  52, nband= 50, wtk=  0.00926, kpt=  0.1667 -0.1667  0.1667 (reduced coord)
  -1.94352   -1.94303   -1.94300   -1.94299   -0.80300   -0.80295   -0.80282   -0.79447
  -0.79438   -0.79344   -0.79199   -0.79193   -0.79185   -0.79078   -0.78844   -0.78741
  -0.38220   -0.33438   -0.32819   -0.32752   -0.32455   -0.32180   -0.32116   -0.30370
   0.08058    0.08095    0.08163    0.10616    0.11149    0.13348    0.14753    0.14790
   0.15491    0.15949    0.15959    0.16234    0.22061    0.22341    0.22371    0.22420
   0.24203    0.24400    0.24516    0.24968    0.25127    0.25827    0.25911    0.26798
   0.45963    0.46117
 kpt#  53, nband= 50, wtk=  0.00926, kpt=  0.3333 -0.1667  0.1667 (reduced coord)
  -1.94341   -1.94311   -1.94302   -1.94300   -0.80169   -0.80162   -0.80112   -0.79591
  -0.79542   -0.79489   -0.79287   -0.79130   -0.79097   -0.79074   -0.78933   -0.78812
  -0.37106   -0.33833   -0.33384   -0.33024   -0.32304   -0.32176   -0.31942   -0.30829
   0.08955    0.09470    0.10549    0.11058    0.11896    0.12881    0.13731    0.13893
   0.14526    0.16129    0.16729    0.16967    0.19529    0.20868    0.21200    0.22998
   0.23203    0.23704    0.24579    0.24823    0.25321    0.25429    0.26382    0.26804
   0.46601    0.47368
 kpt#  54, nband= 50, wtk=  0.00926, kpt=  0.5000 -0.1667  0.1667 (reduced coord)
  -1.94327   -1.94325   -1.94302   -1.94300   -0.80072   -0.80071   -0.79827   -0.79826
  -0.79675   -0.79674   -0.79137   -0.79136   -0.79042   -0.79041   -0.78960   -0.78959
  -0.35512   -0.35512   -0.33244   -0.33244   -0.32178   -0.32177   -0.31427   -0.31426
   0.10599    0.10599    0.11258    0.11258    0.12335    0.12335    0.12871    0.12872
   0.15042    0.15043    0.17812    0.17813    0.19630    0.19631    0.20250    0.20251
   0.23471    0.23472    0.24884    0.24884    0.25486    0.25486    0.26722    0.26723
   0.47178    0.47704
 kpt#  55, nband= 50, wtk=  0.00926, kpt= -0.3333 -0.1667  0.1667 (reduced coord)
  -1.94341   -1.94311   -1.94302   -1.94300   -0.80169   -0.80162   -0.80112   -0.79591
  -0.79542   -0.79489   -0.79287   -0.79130   -0.79097   -0.79074   -0.78933   -0.78812
  -0.37106   -0.33833   -0.33384   -0.33024   -0.32304   -0.32176   -0.31942   -0.30829
   0.08955    0.09470    0.10549    0.11058    0.11896    0.12881    0.13731    0.13893
   0.14526    0.16129    0.16729    0.16967    0.19529    0.20868    0.21200    0.22998
   0.23203    0.23704    0.24579    0.24823    0.25321    0.25429    0.26382    0.26804
   0.46603    0.47365
 kpt#  56, nband= 50, wtk=  0.00926, kpt= -0.1667 -0.1667  0.1667 (reduced coord)
  -1.94352   -1.94303   -1.94300   -1.94299   -0.80300   -0.80295   -0.80282   -0.79447
  -0.79438   -0.79344   -0.79199   -0.79193   -0.79185   -0.79078   -0.78844   -0.78741
  -0.38220   -0.33438   -0.32819   -0.32751   -0.32455   -0.32180   -0.32115   -0.30370
   0.08058    0.08095    0.08163    0.10616    0.11149    0.13348    0.14753    0.14790
   0.15491    0.15949    0.15959    0.16234    0.22061    0.22341    0.22371    0.22420
   0.24203    0.24401    0.24516    0.24968    0.25127    0.25827    0.25911    0.26798
   0.45963    0.46118
 kpt#  57, nband= 50, wtk=  0.00926, kpt=  0.0000  0.0000  0.3333 (reduced coord)
  -1.94348   -1.94315   -1.94295   -1.94295   -0.80227   -0.80227   -0.80109   -0.79624
  -0.79622   -0.79300   -0.79284   -0.79283   -0.79034   -0.79034   -0.78809   -0.78809
  -0.37815   -0.34076   -0.32887   -0.32553   -0.32548   -0.31899   -0.31895   -0.30814
   0.08233    0.08234    0.10969    0.11266    0.11293    0.13463    0.13490    0.13493
   0.14448    0.14482    0.18314    0.18317    0.19834    0.21847    0.21920    0.22026
   0.22496    0.22573    0.24353    0.24367    0.26692    0.26697    0.26869    0.26869
   0.45524    0.46591
 kpt#  58, nband= 50, wtk=  0.00926, kpt=  0.1667  0.0000  0.3333 (reduced coord)
  -1.94345   -1.94314   -1.94299   -1.94297   -0.80187   -0.80149   -0.80098   -0.79708
  -0.79571   -0.79399   -0.79236   -0.79211   -0.79112   -0.79037   -0.78858   -0.78814
  -0.37461   -0.33984   -0.32813   -0.32667   -0.32439   -0.32345   -0.31956   -0.30935
   0.08668    0.09080    0.10441    0.11334    0.11931    0.13360    0.13750    0.14351
   0.14416    0.14725    0.17130    0.17789    0.20175    0.20701    0.22079    0.22337
   0.22964    0.23500    0.23602    0.23882    0.25994    0.26023    0.26486    0.26609
   0.46101    0.46949
 kpt#  59, nband= 50, wtk=  0.00926, kpt=  0.3333  0.0000  0.3333 (reduced coord)
  -1.94335   -1.94311   -1.94308   -1.94300   -0.80065   -0.80059   -0.79938   -0.79852
  -0.79622   -0.79431   -0.79334   -0.79115   -0.79101   -0.79079   -0.78965   -0.78859
  -0.36468   -0.33720   -0.33536   -0.32962   -0.32617   -0.32161   -0.32088   -0.31259
   0.09807    0.10742    0.11152    0.11573    0.11942    0.13158    0.13509    0.14246
   0.15135    0.15643    0.17131    0.17458    0.19226    0.20364    0.21019    0.21617
   0.22032    0.23414    0.23587    0.24296    0.24951    0.25192    0.25771    0.26246
   0.47132    0.47409
 kpt#  60, nband= 50, wtk=  0.00926, kpt=  0.5000  0.0000  0.3333 (reduced coord)
  -1.94323   -1.94321   -1.94306   -1.94304   -0.79980   -0.79979   -0.79866   -0.79865
  -0.79637   -0.79636   -0.79242   -0.79240   -0.79030   -0.79029   -0.78968   -0.78967
  -0.35049   -0.35049   -0.33351   -0.33350   -0.32363   -0.32363   -0.31695   -0.31695
   0.11124    0.11124    0.11862    0.11862    0.12009    0.12009    0.14608    0.14608
   0.14677    0.14678    0.18443    0.18443    0.19128    0.19128    0.20461    0.20461
   0.21649    0.21650    0.24569    0.24569    0.24817    0.24818    0.25748    0.25748
   0.47362    0.47523
 kpt#  61, nband= 50, wtk=  0.00926, kpt= -0.3333  0.0000  0.3333 (reduced coord)
  -1.94335   -1.94311   -1.94308   -1.94300   -0.80065   -0.80059   -0.79938   -0.79852
  -0.79622   -0.79431   -0.79334   -0.79115   -0.79101   -0.79079   -0.78965   -0.78859
  -0.36468   -0.33721   -0.33536   -0.32961   -0.32617   -0.32161   -0.32088   -0.31259
   0.09807    0.10742    0.11152    0.11573    0.11942    0.13157    0.13509    0.14246
   0.15135    0.15643    0.17131    0.17458    0.19226    0.20364    0.21019    0.21617
   0.22032    0.23414    0.23587    0.24296    0.24951    0.25192    0.25771    0.26246
   0.47381    0.47439
 kpt#  62, nband= 50, wtk=  0.00926, kpt= -0.1667  0.0000  0.3333 (reduced coord)
  -1.94345   -1.94314   -1.94299   -1.94297   -0.80187   -0.80149   -0.80098   -0.79708
  -0.79571   -0.79399   -0.79236   -0.79211   -0.79112   -0.79037   -0.78858   -0.78814
  -0.37461   -0.33984   -0.32813   -0.32667   -0.32439   -0.32344   -0.31956   -0.30935
   0.08668    0.09080    0.10441    0.11334    0.11931    0.13360    0.13751    0.14351
   0.14416    0.14725    0.17130    0.17789    0.20175    0.20701    0.22079    0.22337
   0.22964    0.23500    0.23602    0.23882    0.25994    0.26023    0.26486    0.26609
   0.46101    0.46931
 kpt#  63, nband= 50, wtk=  0.00926, kpt=  0.0000  0.1667  0.3333 (reduced coord)
  -1.94345   -1.94314   -1.94299   -1.94297   -0.80187   -0.80149   -0.80098   -0.79709
  -0.79571   -0.79399   -0.79235   -0.79211   -0.79112   -0.79037   -0.78858   -0.78814
  -0.37461   -0.33984   -0.32813   -0.32667   -0.32434   -0.32354   -0.31951   -0.30935
   0.08668    0.09078    0.10436    0.11359    0.11912    0.13369    0.13743    0.14268
   0.14572    0.14650    0.17122    0.17798    0.20162    0.20691    0.22097    0.22347
   0.22990    0.23468    0.23612    0.23862    0.26004    0.26015    0.26495    0.26608
   0.46094    0.46898
 kpt#  64, nband= 50, wtk=  0.00926, kpt=  0.1667  0.1667  0.3333 (reduced coord)
  -1.94342   -1.94313   -1.94300   -1.94300   -0.80178   -0.80172   -0.80111   -0.79586
  -0.79583   -0.79508   -0.79200   -0.79187   -0.79177   -0.79007   -0.78867   -0.78812
  -0.37161   -0.34033   -0.32935   -0.32887   -0.32632   -0.32036   -0.31991   -0.31019
   0.09432    0.09495    0.10363    0.11722    0.11991    0.13686    0.13772    0.14465
   0.14627    0.15231    0.16469    0.16526    0.20533    0.21816    0.21898    0.21988
   0.23210    0.23249    0.23378    0.23664    0.25335    0.25731    0.25769    0.26054
   0.46451    0.47036
 kpt#  65, nband= 50, wtk=  0.00926, kpt=  0.3333  0.1667  0.3333 (reduced coord)
  -1.94333   -1.94311   -1.94308   -1.94302   -0.80179   -0.80140   -0.80125   -0.79747
  -0.79565   -0.79339   -0.79335   -0.79103   -0.79081   -0.79007   -0.78930   -0.78855
  -0.36320   -0.34027   -0.33836   -0.33424   -0.32278   -0.31935   -0.31809   -0.31249
   0.10439    0.10849    0.11374    0.11973    0.12125    0.13523    0.13893    0.14244
   0.15137    0.15215    0.15958    0.17361    0.20125    0.20700    0.21272    0.22146
   0.22577    0.23127    0.23291    0.23573    0.24378    0.24723    0.25054    0.25780
   0.46863    0.47486
 kpt#  66, nband= 50, wtk=  0.00926, kpt=  0.5000  0.1667  0.3333 (reduced coord)
  -1.94322   -1.94320   -1.94307   -1.94305   -0.80165   -0.80164   -0.79980   -0.79980
  -0.79474   -0.79473   -0.79108   -0.79107   -0.79011   -0.79009   -0.78972   -0.78971
  -0.35112   -0.35112   -0.33825   -0.33825   -0.31993   -0.31993   -0.31554   -0.31554
   0.11501    0.11502    0.12080    0.12080    0.12376    0.12376    0.13974    0.13974
   0.15337    0.15337    0.17338    0.17339    0.20200    0.20201    0.20602    0.20603
   0.22107    0.22108    0.23985    0.23986    0.24089    0.24090    0.25473    0.25474
   0.47143    0.47147
 kpt#  67, nband= 50, wtk=  0.00926, kpt= -0.3333  0.1667  0.3333 (reduced coord)
  -1.94333   -1.94311   -1.94308   -1.94302   -0.80179   -0.80140   -0.80125   -0.79747
  -0.79565   -0.79339   -0.79335   -0.79103   -0.79081   -0.79007   -0.78930   -0.78855
  -0.36320   -0.34027   -0.33837   -0.33424   -0.32278   -0.31936   -0.31809   -0.31249
   0.10439    0.10849    0.11374    0.11973    0.12124    0.13523    0.13893    0.14244
   0.15137    0.15215    0.15958    0.17361    0.20125    0.20700    0.21272    0.22146
   0.22577    0.23127    0.23291    0.23573    0.24378    0.24723    0.25054    0.25780
   0.46859    0.47515
 kpt#  68, nband= 50, wtk=  0.00926, kpt= -0.1667  0.1667  0.3333 (reduced coord)
  -1.94342   -1.94313   -1.94300   -1.94300   -0.80178   -0.80172   -0.80111   -0.79586
  -0.79583   -0.79508   -0.79200   -0.79187   -0.79177   -0.79007   -0.78867   -0.78812
  -0.37161   -0.34033   -0.32935   -0.32887   -0.32632   -0.32037   -0.31991   -0.31019
   0.09432    0.09495    0.10363    0.11722    0.11991    0.13686    0.13772    0.14465
   0.14627    0.15231    0.16469    0.16526    0.20533    0.21816    0.21899    0.21988
   0.23211    0.23249    0.23378    0.23664    0.25335    0.25731    0.25769    0.26053
   0.46450    0.46990
 kpt#  69, nband= 50, wtk=  0.00926, kpt=  0.0000  0.3333  0.3333 (reduced coord)
  -1.94335   -1.94311   -1.94308   -1.94300   -0.80064   -0.80058   -0.79935   -0.79855
  -0.79621   -0.79431   -0.79334   -0.79111   -0.79105   -0.79080   -0.78964   -0.78859
  -0.36469   -0.33720   -0.33538   -0.32964   -0.32616   -0.32127   -0.32118   -0.31259
   0.09806    0.10741    0.11150    0.11593    0.11934    0.13170    0.13500    0.14234
   0.15130    0.15641    0.17138    0.17466    0.19224    0.20319    0.21070    0.21606
   0.22029    0.23415    0.23579    0.24282    0.24945    0.25210    0.25789    0.26247
   0.47194    0.47394
 kpt#  70, nband= 50, wtk=  0.00926, kpt=  0.1667  0.3333  0.3333 (reduced coord)
  -1.94333   -1.94311   -1.94308   -1.94302   -0.80180   -0.80140   -0.80124   -0.79746
  -0.79566   -0.79339   -0.79335   -0.79103   -0.79081   -0.79007   -0.78930   -0.78855
  -0.36320   -0.34027   -0.33837   -0.33425   -0.32277   -0.31926   -0.31817   -0.31249
   0.10437    0.10849    0.11376    0.11990    0.12115    0.13514    0.13902    0.14237
   0.15131    0.15215    0.15961    0.17366    0.20103    0.20705    0.21299    0.22141
   0.22556    0.23134    0.23273    0.23568    0.24394    0.24718    0.25070    0.25784
   0.46795    0.47508
 kpt#  71, nband= 50, wtk=  0.00926, kpt=  0.3333  0.3333  0.3333 (reduced coord)
  -1.94326   -1.94311   -1.94309   -1.94308   -0.80277   -0.80272   -0.80271   -0.80009
  -0.79287   -0.79247   -0.79239   -0.79031   -0.79018   -0.78959   -0.78937   -0.78829
  -0.35876   -0.34407   -0.34292   -0.34276   -0.31803   -0.31566   -0.31551   -0.31248
   0.11408    0.11824    0.11885    0.12128    0.12893    0.14073    0.14112    0.14462
   0.14944    0.15056    0.15057    0.18305    0.19363    0.21698    0.21919    0.22012
   0.22211    0.22523    0.22598    0.22735    0.23053    0.24222    0.24370    0.25262
   0.46498    0.47368
 kpt#  72, nband= 50, wtk=  0.00926, kpt=  0.5000  0.3333  0.3333 (reduced coord)
  -1.94319   -1.94317   -1.94310   -1.94308   -0.80330   -0.80329   -0.80213   -0.80212
  -0.79247   -0.79246   -0.79042   -0.79041   -0.78947   -0.78946   -0.78905   -0.78905
  -0.35164   -0.35164   -0.34510   -0.34510   -0.31542   -0.31542   -0.31329   -0.31329
   0.12092    0.12092    0.12322    0.12322    0.13321    0.13321    0.14023    0.14023
   0.15478    0.15478    0.17101    0.17102    0.20145    0.20146    0.21338    0.21338
   0.21968    0.21969    0.22369    0.22370    0.23757    0.23758    0.24973    0.24974
   0.46564    0.46628
 kpt#  73, nband= 50, wtk=  0.00926, kpt= -0.3333  0.3333  0.3333 (reduced coord)
  -1.94326   -1.94311   -1.94309   -1.94308   -0.80277   -0.80272   -0.80271   -0.80009
  -0.79287   -0.79247   -0.79239   -0.79031   -0.79018   -0.78959   -0.78937   -0.78829
  -0.35876   -0.34407   -0.34293   -0.34275   -0.31803   -0.31566   -0.31551   -0.31248
   0.11408    0.11824    0.11885    0.12128    0.12893    0.14073    0.14112    0.14461
   0.14944    0.15056    0.15057    0.18305    0.19363    0.21698    0.21919    0.22012
   0.22211    0.22523    0.22598    0.22735    0.23053    0.24222    0.24369    0.25262
   0.46497    0.47430
 kpt#  74, nband= 50, wtk=  0.00926, kpt= -0.1667  0.3333  0.3333 (reduced coord)
  -1.94333   -1.94311   -1.94308   -1.94302   -0.80180   -0.80140   -0.80124   -0.79746
  -0.79566   -0.79339   -0.79335   -0.79103   -0.79081   -0.79007   -0.78930   -0.78855
  -0.36320   -0.34027   -0.33837   -0.33425   -0.32277   -0.31926   -0.31817   -0.31249
   0.10437    0.10849    0.11376    0.11990    0.12115    0.13514    0.13902    0.14237
   0.15131    0.15215    0.15961    0.17365    0.20103    0.20705    0.21299    0.22141
   0.22556    0.23134    0.23273    0.23568    0.24394    0.24718    0.25070    0.25784
   0.46793    0.47509
 kpt#  75, nband= 50, wtk=  0.00926, kpt=  0.0000  0.5000  0.3333 (reduced coord)
  -1.94323   -1.94321   -1.94306   -1.94304   -0.79979   -0.79978   -0.79865   -0.79865
  -0.79638   -0.79637   -0.79242   -0.79241   -0.79029   -0.79028   -0.78968   -0.78968
  -0.35051   -0.35050   -0.33351   -0.33350   -0.32360   -0.32359   -0.31697   -0.31696
   0.11124    0.11124    0.11920    0.11920    0.11954    0.11954    0.14630    0.14631
   0.14644    0.14645    0.18446    0.18447    0.19144    0.19145    0.20460    0.20461
   0.21623    0.21624    0.24518    0.24519    0.24888    0.24889    0.25743    0.25744
   0.47285    0.47332
 kpt#  76, nband= 50, wtk=  0.00926, kpt=  0.1667  0.5000  0.3333 (reduced coord)
  -1.94322   -1.94320   -1.94307   -1.94305   -0.80165   -0.80164   -0.79979   -0.79979
  -0.79475   -0.79474   -0.79108   -0.79107   -0.79010   -0.79009   -0.78973   -0.78972
  -0.35114   -0.35113   -0.33825   -0.33825   -0.31989   -0.31989   -0.31557   -0.31556
   0.11502    0.11503    0.12092    0.12092    0.12366    0.12367    0.13969    0.13969
   0.15332    0.15333    0.17342    0.17343    0.20243    0.20244    0.20567    0.20568
   0.22082    0.22083    0.23923    0.23924    0.24171    0.24173    0.25474    0.25474
   0.47056    0.47082
 kpt#  77, nband= 50, wtk=  0.00926, kpt=  0.3333  0.5000  0.3333 (reduced coord)
  -1.94319   -1.94317   -1.94310   -1.94308   -0.80330   -0.80330   -0.80212   -0.80212
  -0.79248   -0.79246   -0.79041   -0.79040   -0.78948   -0.78947   -0.78905   -0.78905
  -0.35165   -0.35164   -0.34510   -0.34510   -0.31540   -0.31539   -0.31332   -0.31331
   0.12094    0.12094    0.12322    0.12322    0.13324    0.13324    0.14017    0.14017
   0.15478    0.15478    0.17103    0.17104    0.20153    0.20155    0.21339    0.21340
   0.21931    0.21931    0.22387    0.22389    0.23767    0.23768    0.24975    0.24975
   0.46516    0.46521
 kpt#  78, nband= 50, wtk=  0.00926, kpt=  0.5000  0.5000  0.3333 (reduced coord)
  -1.94315   -1.94313   -1.94313   -1.94311   -0.80349   -0.80348   -0.80348   -0.80348
  -0.79114   -0.79113   -0.79113   -0.79112   -0.78874   -0.78873   -0.78873   -0.78873
  -0.34988   -0.34988   -0.34988   -0.34987   -0.31300   -0.31300   -0.31299   -0.31299
   0.12305    0.12306    0.12306    0.12306    0.14036    0.14036    0.14036    0.14037
   0.16507    0.16507    0.16507    0.16508    0.20580    0.20580    0.20580    0.20581
   0.21472    0.21472    0.21473    0.21473    0.24556    0.24557    0.24557    0.24558
   0.46398    0.46398
 kpt#  79, nband= 50, wtk=  0.00926, kpt= -0.3333  0.5000  0.3333 (reduced coord)
  -1.94319   -1.94317   -1.94310   -1.94308   -0.80330   -0.80329   -0.80212   -0.80212
  -0.79248   -0.79247   -0.79041   -0.79040   -0.78948   -0.78947   -0.78905   -0.78905
  -0.35165   -0.35164   -0.34510   -0.34510   -0.31540   -0.31539   -0.31332   -0.31331
   0.12094    0.12094    0.12322    0.12323    0.13323    0.13324    0.14016    0.14017
   0.15478    0.15478    0.17103    0.17104    0.20154    0.20154    0.21339    0.21340
   0.21930    0.21931    0.22387    0.22388    0.23767    0.23768    0.24974    0.24976
   0.46515    0.46525
 kpt#  80, nband= 50, wtk=  0.00926, kpt= -0.1667  0.5000  0.3333 (reduced coord)
  -1.94322   -1.94320   -1.94307   -1.94305   -0.80165   -0.80164   -0.79980   -0.79979
  -0.79475   -0.79474   -0.79108   -0.79107   -0.79010   -0.79009   -0.78972   -0.78972
  -0.35114   -0.35113   -0.33826   -0.33825   -0.31989   -0.31989   -0.31557   -0.31557
   0.11503    0.11503    0.12092    0.12093    0.12366    0.12367    0.13969    0.13969
   0.15332    0.15333    0.17343    0.17343    0.20243    0.20244    0.20567    0.20567
   0.22082    0.22082    0.23923    0.23924    0.24172    0.24172    0.25473    0.25475
   0.47055    0.47064
 kpt#  81, nband= 50, wtk=  0.00926, kpt=  0.0000 -0.3333  0.3333 (reduced coord)
  -1.94335   -1.94311   -1.94308   -1.94300   -0.80064   -0.80058   -0.79935   -0.79855
  -0.79621   -0.79431   -0.79334   -0.79111   -0.79105   -0.79080   -0.78964   -0.78859
  -0.36469   -0.33720   -0.33538   -0.32964   -0.32616   -0.32127   -0.32118   -0.31259
   0.09806    0.10741    0.11150    0.11593    0.11934    0.13170    0.13500    0.14234
   0.15130    0.15641    0.17138    0.17466    0.19224    0.20319    0.21070    0.21606
   0.22029    0.23415    0.23579    0.24282    0.24945    0.25210    0.25789    0.26247
   0.47131    0.47379
 kpt#  82, nband= 50, wtk=  0.00926, kpt=  0.1667 -0.3333  0.3333 (reduced coord)
  -1.94333   -1.94311   -1.94308   -1.94302   -0.80180   -0.80140   -0.80124   -0.79746
  -0.79566   -0.79339   -0.79335   -0.79103   -0.79081   -0.79007   -0.78930   -0.78855
  -0.36320   -0.34027   -0.33837   -0.33425   -0.32277   -0.31926   -0.31817   -0.31249
   0.10437    0.10849    0.11376    0.11990    0.12115    0.13514    0.13902    0.14237
   0.15131    0.15215    0.15961    0.17366    0.20103    0.20705    0.21299    0.22141
   0.22556    0.23134    0.23273    0.23568    0.24394    0.24718    0.25070    0.25784
   0.46792    0.47525
 kpt#  83, nband= 50, wtk=  0.00926, kpt=  0.3333 -0.3333  0.3333 (reduced coord)
  -1.94326   -1.94311   -1.94309   -1.94308   -0.80277   -0.80272   -0.80271   -0.80009
  -0.79287   -0.79247   -0.79239   -0.79031   -0.79018   -0.78959   -0.78937   -0.78829
  -0.35876   -0.34407   -0.34292   -0.34276   -0.31803   -0.31566   -0.31551   -0.31248
   0.11408    0.11824    0.11885    0.12128    0.12893    0.14073    0.14112    0.14462
   0.14944    0.15056    0.15057    0.18305    0.19363    0.21698    0.21919    0.22012
   0.22211    0.22523    0.22598    0.22735    0.23053    0.24222    0.24370    0.25262
   0.46501    0.47321
 kpt#  84, nband= 50, wtk=  0.00926, kpt=  0.5000 -0.3333  0.3333 (reduced coord)
  -1.94319   -1.94317   -1.94310   -1.94308   -0.80330   -0.80329   -0.80213   -0.80212
  -0.79247   -0.79246   -0.79042   -0.79041   -0.78947   -0.78946   -0.78905   -0.78905
  -0.35164   -0.35164   -0.34510   -0.34510   -0.31542   -0.31542   -0.31329   -0.31329
   0.12092    0.12092    0.12322    0.12322    0.13321    0.13321    0.14023    0.14023
   0.15478    0.15478    0.17101    0.17102    0.20145    0.20146    0.21338    0.21338
   0.21968    0.21969    0.22369    0.22370    0.23757    0.23758    0.24973    0.24974
   0.46565    0.46581
 kpt#  85, nband= 50, wtk=  0.00926, kpt= -0.3333 -0.3333  0.3333 (reduced coord)
  -1.94326   -1.94311   -1.94309   -1.94308   -0.80277   -0.80272   -0.80271   -0.80009
  -0.79287   -0.79247   -0.79239   -0.79031   -0.79018   -0.78959   -0.78937   -0.78829
  -0.35876   -0.34407   -0.34293   -0.34275   -0.31803   -0.31566   -0.31551   -0.31248
   0.11408    0.11824    0.11885    0.12128    0.12893    0.14073    0.14112    0.14461
   0.14944    0.15056    0.15057    0.18305    0.19363    0.21698    0.21919    0.22012
   0.22211    0.22523    0.22598    0.22735    0.23053    0.24222    0.24369    0.25262
   0.46497    0.47296
 kpt#  86, nband= 50, wtk=  0.00926, kpt= -0.1667 -0.3333  0.3333 (reduced coord)
  -1.94333   -1.94311   -1.94308   -1.94302   -0.80180   -0.80140   -0.80124   -0.79746
  -0.79566   -0.79339   -0.79335   -0.79103   -0.79081   -0.79007   -0.78930   -0.78855
  -0.36320   -0.34027   -0.33837   -0.33425   -0.32277   -0.31926   -0.31817   -0.31249
   0.10437    0.10849    0.11376    0.11990    0.12115    0.13514    0.13902    0.14237
   0.15131    0.15215    0.15961    0.17365    0.20103    0.20705    0.21299    0.22141
   0.22556    0.23134    0.23273    0.23568    0.24394    0.24718    0.25070    0.25784
   0.46792    0.47520
 kpt#  87, nband= 50, wtk=  0.00926, kpt=  0.0000 -0.1667  0.3333 (reduced coord)
  -1.94345   -1.94314   -1.94299   -1.94297   -0.80187   -0.80149   -0.80098   -0.79709
  -0.79571   -0.79399   -0.79235   -0.79211   -0.79112   -0.79037   -0.78858   -0.78814
  -0.37461   -0.33984   -0.32813   -0.32667   -0.32434   -0.32354   -0.31951   -0.30935
   0.08668    0.09078    0.10436    0.11359    0.11912    0.13369    0.13743    0.14268
   0.14572    0.14650    0.17122    0.17798    0.20162    0.20691    0.22097    0.22347
   0.22990    0.23468    0.23612    0.23862    0.26004    0.26015    0.26495    0.26608
   0.46094    0.46898
 kpt#  88, nband= 50, wtk=  0.00926, kpt=  0.1667 -0.1667  0.3333 (reduced coord)
  -1.94342   -1.94313   -1.94300   -1.94300   -0.80178   -0.80172   -0.80111   -0.79586
  -0.79583   -0.79508   -0.79200   -0.79187   -0.79177   -0.79007   -0.78867   -0.78812
  -0.37161   -0.34033   -0.32935   -0.32887   -0.32632   -0.32036   -0.31991   -0.31019
   0.09432    0.09495    0.10363    0.11722    0.11991    0.13686    0.13772    0.14465
   0.14627    0.15231    0.16469    0.16526    0.20533    0.21816    0.21898    0.21988
   0.23210    0.23249    0.23378    0.23664    0.25335    0.25731    0.25769    0.26054
   0.46450    0.46991
 kpt#  89, nband= 50, wtk=  0.00926, kpt=  0.3333 -0.1667  0.3333 (reduced coord)
  -1.94333   -1.94311   -1.94308   -1.94302   -0.80179   -0.80140   -0.80125   -0.79747
  -0.79565   -0.79339   -0.79335   -0.79103   -0.79081   -0.79007   -0.78930   -0.78855
  -0.36320   -0.34027   -0.33836   -0.33424   -0.32278   -0.31935   -0.31809   -0.31249
   0.10439    0.10849    0.11374    0.11973    0.12125    0.13523    0.13893    0.14244
   0.15137    0.15215    0.15958    0.17361    0.20125    0.20700    0.21272    0.22146
   0.22577    0.23127    0.23291    0.23573    0.24378    0.24723    0.25054    0.25780
   0.46865    0.47548
 kpt#  90, nband= 50, wtk=  0.00926, kpt=  0.5000 -0.1667  0.3333 (reduced coord)
  -1.94322   -1.94320   -1.94307   -1.94305   -0.80165   -0.80164   -0.79980   -0.79980
  -0.79474   -0.79473   -0.79108   -0.79107   -0.79011   -0.79009   -0.78972   -0.78971
  -0.35112   -0.35112   -0.33825   -0.33825   -0.31993   -0.31993   -0.31554   -0.31554
   0.11501    0.11502    0.12080    0.12080    0.12376    0.12376    0.13974    0.13974
   0.15337    0.15337    0.17338    0.17339    0.20200    0.20201    0.20602    0.20603
   0.22107    0.22108    0.23985    0.23986    0.24089    0.24090    0.25473    0.25474
   0.47145    0.47228
 kpt#  91, nband= 50, wtk=  0.00926, kpt= -0.3333 -0.1667  0.3333 (reduced coord)
  -1.94333   -1.94311   -1.94308   -1.94302   -0.80179   -0.80140   -0.80125   -0.79747
  -0.79565   -0.79339   -0.79335   -0.79103   -0.79081   -0.79007   -0.78930   -0.78855
  -0.36320   -0.34027   -0.33837   -0.33424   -0.32278   -0.31936   -0.31809   -0.31249
   0.10439    0.10849    0.11374    0.11973    0.12124    0.13523    0.13893    0.14244
   0.15137    0.15215    0.15958    0.17361    0.20125    0.20700    0.21272    0.22146
   0.22577    0.23127    0.23291    0.23573    0.24378    0.24723    0.25054    0.25780
   0.46861    0.47562
 kpt#  92, nband= 50, wtk=  0.00926, kpt= -0.1667 -0.1667  0.3333 (reduced coord)
  -1.94342   -1.94313   -1.94300   -1.94300   -0.80178   -0.80172   -0.80111   -0.79586
  -0.79583   -0.79508   -0.79200   -0.79187   -0.79177   -0.79007   -0.78867   -0.78812
  -0.37161   -0.34033   -0.32935   -0.32887   -0.32632   -0.32037   -0.31991   -0.31019
   0.09432    0.09495    0.10363    0.11722    0.11991    0.13686    0.13772    0.14465
   0.14627    0.15231    0.16469    0.16526    0.20533    0.21816    0.21899    0.21988
   0.23211    0.23249    0.23378    0.23664    0.25335    0.25731    0.25769    0.26053
   0.46450    0.46991
 kpt#  93, nband= 50, wtk=  0.00463, kpt=  0.0000  0.0000  0.5000 (reduced coord)
  -1.94332   -1.94332   -1.94295   -1.94295   -0.79928   -0.79928   -0.79927   -0.79927
  -0.79714   -0.79714   -0.79285   -0.79285   -0.78932   -0.78932   -0.78912   -0.78912
  -0.36020   -0.36020   -0.32220   -0.32220   -0.32218   -0.32217   -0.31885   -0.31885
   0.10665    0.10666    0.10720    0.10721    0.12204    0.12204    0.13127    0.13127
   0.15078    0.15078    0.17549    0.17549    0.20297    0.20297    0.20315    0.20315
   0.21822    0.21822    0.24859    0.24859    0.26898    0.26898    0.26964    0.26964
   0.46890    0.48165
 kpt#  94, nband= 50, wtk=  0.00926, kpt=  0.1667  0.0000  0.5000 (reduced coord)
  -1.94329   -1.94329   -1.94298   -1.94298   -0.79955   -0.79955   -0.79862   -0.79861
  -0.79763   -0.79763   -0.79221   -0.79221   -0.78997   -0.78997   -0.78907   -0.78907
  -0.35792   -0.35792   -0.32506   -0.32506   -0.32190   -0.32190   -0.31903   -0.31903
   0.10849    0.10849    0.11383    0.11383    0.12164    0.12164    0.12862    0.12862
   0.15814    0.15814    0.18087    0.18087    0.18980    0.18980    0.19895    0.19895
   0.23025    0.23025    0.24090    0.24090    0.26342    0.26342    0.26413    0.26414
   0.47149    0.47149
 kpt#  95, nband= 50, wtk=  0.00926, kpt=  0.3333  0.0000  0.5000 (reduced coord)
  -1.94323   -1.94323   -1.94304   -1.94304   -0.79983   -0.79983   -0.79867   -0.79867
  -0.79683   -0.79683   -0.79184   -0.79183   -0.79088   -0.79088   -0.78912   -0.78912
  -0.35150   -0.35150   -0.33262   -0.33261   -0.32120   -0.32120   -0.31953   -0.31953
   0.11157    0.11157    0.11858    0.11858    0.13009    0.13009    0.13095    0.13095
   0.16958    0.16958    0.17597    0.17598    0.18981    0.18981    0.19636    0.19636
   0.21735    0.21735    0.24066    0.24066    0.24950    0.24951    0.25811    0.25811
   0.47370    0.47513
 kpt#  96, nband= 50, wtk=  0.00463, kpt=  0.5000  0.0000  0.5000 (reduced coord)
  -1.94316   -1.94314   -1.94314   -1.94311   -0.79955   -0.79955   -0.79954   -0.79954
  -0.79437   -0.79436   -0.79436   -0.79434   -0.78972   -0.78972   -0.78971   -0.78971
  -0.34234   -0.34233   -0.34233   -0.34233   -0.32034   -0.32033   -0.32033   -0.32033
   0.11495    0.11495    0.11495    0.11495    0.13680    0.13681    0.13682    0.13682
   0.17746    0.17746    0.17747    0.17747    0.18699    0.18699    0.18700    0.18700
   0.22218    0.22218    0.22219    0.22219    0.25293    0.25294    0.25294    0.25295
   0.47387    0.47389
 kpt#  97, nband= 50, wtk=  0.00926, kpt=  0.0000  0.1667  0.5000 (reduced coord)
  -1.94329   -1.94329   -1.94298   -1.94298   -0.79954   -0.79954   -0.79863   -0.79862
  -0.79763   -0.79763   -0.79221   -0.79221   -0.78998   -0.78998   -0.78907   -0.78907
  -0.35792   -0.35792   -0.32509   -0.32509   -0.32187   -0.32187   -0.31903   -0.31902
   0.10842    0.10842    0.11390    0.11390    0.12168    0.12168    0.12862    0.12862
   0.15796    0.15796    0.18099    0.18099    0.18975    0.18975    0.19899    0.19899
   0.23024    0.23024    0.24090    0.24090    0.26342    0.26342    0.26416    0.26416
   0.47125    0.47125
 kpt#  98, nband= 50, wtk=  0.00926, kpt=  0.1667  0.1667  0.5000 (reduced coord)
  -1.94327   -1.94327   -1.94300   -1.94300   -0.80086   -0.80085   -0.79896   -0.79775
  -0.79681   -0.79680   -0.79180   -0.79179   -0.79087   -0.78942   -0.78918   -0.78901
  -0.35667   -0.35609   -0.32963   -0.32958   -0.31962   -0.31957   -0.31929   -0.31819
   0.11109    0.11122    0.11930    0.11943    0.12053    0.12317    0.12518    0.13243
   0.15490    0.17015    0.17500    0.17500    0.18453    0.18474    0.20906    0.20916
   0.23043    0.23046    0.23219    0.24201    0.25531    0.25700    0.25708    0.26022
   0.46770    0.47885
 kpt#  99, nband= 50, wtk=  0.00926, kpt=  0.3333  0.1667  0.5000 (reduced coord)
  -1.94322   -1.94321   -1.94306   -1.94305   -0.80189   -0.80131   -0.80067   -0.79914
  -0.79499   -0.79419   -0.79201   -0.79086   -0.79067   -0.79021   -0.78918   -0.78899
  -0.35240   -0.35141   -0.33743   -0.33678   -0.31894   -0.31842   -0.31756   -0.31723
   0.11424    0.11733    0.12060    0.12062    0.12924    0.13013    0.13321    0.13910
   0.15749    0.16147    0.16593    0.18345    0.19496    0.19569    0.20326    0.20857
   0.21227    0.22652    0.23580    0.23591    0.24132    0.24577    0.24700    0.25601
   0.46803    0.47974
 kpt# 100, nband= 50, wtk=  0.00926, kpt=  0.5000  0.1667  0.5000 (reduced coord)
  -1.94315   -1.94314   -1.94313   -1.94311   -0.80181   -0.80180   -0.80062   -0.80061
  -0.79342   -0.79341   -0.79185   -0.79184   -0.78985   -0.78983   -0.78953   -0.78952
  -0.34561   -0.34561   -0.34457   -0.34457   -0.31844   -0.31844   -0.31686   -0.31686
   0.11786    0.11787    0.12029    0.12029    0.13409    0.13410    0.13904    0.13905
   0.16573    0.16574    0.17289    0.17290    0.19780    0.19780    0.20339    0.20339
   0.21810    0.21811    0.21961    0.21961    0.24358    0.24358    0.25198    0.25199
   0.47108    0.47583
 kpt# 101, nband= 50, wtk=  0.00926, kpt= -0.3333  0.1667  0.5000 (reduced coord)
  -1.94322   -1.94321   -1.94306   -1.94305   -0.80189   -0.80131   -0.80067   -0.79914
  -0.79499   -0.79419   -0.79201   -0.79086   -0.79067   -0.79021   -0.78918   -0.78899
  -0.35240   -0.35141   -0.33743   -0.33678   -0.31894   -0.31842   -0.31756   -0.31723
   0.11424    0.11733    0.12060    0.12062    0.12924    0.13013    0.13321    0.13910
   0.15749    0.16147    0.16593    0.18345    0.19496    0.19569    0.20326    0.20857
   0.21227    0.22652    0.23580    0.23591    0.24132    0.24577    0.24700    0.25601
   0.46802    0.47906
 kpt# 102, nband= 50, wtk=  0.00926, kpt= -0.1667  0.1667  0.5000 (reduced coord)
  -1.94327   -1.94327   -1.94300   -1.94300   -0.80086   -0.80085   -0.79896   -0.79775
  -0.79681   -0.79680   -0.79180   -0.79179   -0.79087   -0.78942   -0.78918   -0.78901
  -0.35667   -0.35609   -0.32963   -0.32958   -0.31962   -0.31957   -0.31929   -0.31819
   0.11109    0.11122    0.11930    0.11943    0.12053    0.12317    0.12518    0.13243
   0.15490    0.17015    0.17500    0.17500    0.18453    0.18474    0.20906    0.20916
   0.23043    0.23046    0.23219    0.24201    0.25531    0.25700    0.25708    0.26022
   0.46770    0.47938
 kpt# 103, nband= 50, wtk=  0.00926, kpt=  0.0000  0.3333  0.5000 (reduced coord)
  -1.94323   -1.94323   -1.94304   -1.94304   -0.79982   -0.79982   -0.79867   -0.79867
  -0.79684   -0.79684   -0.79184   -0.79184   -0.79088   -0.79088   -0.78912   -0.78912
  -0.35151   -0.35150   -0.33264   -0.33264   -0.32117   -0.32117   -0.31952   -0.31952
   0.11154    0.11154    0.11865    0.11865    0.13014    0.13014    0.13093    0.13093
   0.16927    0.16927    0.17598    0.17598    0.18975    0.18975    0.19663    0.19664
   0.21733    0.21733    0.24071    0.24071    0.24950    0.24950    0.25816    0.25816
   0.47326    0.47421
 kpt# 104, nband= 50, wtk=  0.00926, kpt=  0.1667  0.3333  0.5000 (reduced coord)
  -1.94322   -1.94321   -1.94306   -1.94305   -0.80189   -0.80130   -0.80067   -0.79914
  -0.79500   -0.79419   -0.79201   -0.79087   -0.79066   -0.79021   -0.78918   -0.78899
  -0.35240   -0.35142   -0.33741   -0.33682   -0.31893   -0.31837   -0.31758   -0.31723
   0.11416    0.11739    0.12064    0.12066    0.12919    0.13012    0.13322    0.13923
   0.15745    0.16134    0.16592    0.18283    0.19562    0.19578    0.20333    0.20836
   0.21221    0.22648    0.23585    0.23599    0.24148    0.24565    0.24701    0.25607
   0.46739    0.47886
 kpt# 105, nband= 50, wtk=  0.00926, kpt=  0.3333  0.3333  0.5000 (reduced coord)
  -1.94318   -1.94318   -1.94309   -1.94308   -0.80324   -0.80324   -0.80278   -0.80136
  -0.79186   -0.79185   -0.79133   -0.79031   -0.79030   -0.78970   -0.78890   -0.78880
  -0.35246   -0.35128   -0.34416   -0.34413   -0.31628   -0.31440   -0.31437   -0.31418
   0.12326    0.12336    0.12442    0.12442    0.13212    0.13527    0.13858    0.13869
   0.15565    0.15567    0.16247    0.19011    0.19485    0.19586    0.21525    0.21860
   0.21941    0.22245    0.22304    0.22840    0.23147    0.23499    0.23522    0.24783
   0.46622    0.47417
 kpt# 106, nband= 50, wtk=  0.00926, kpt=  0.5000  0.3333  0.5000 (reduced coord)
  -1.94315   -1.94313   -1.94313   -1.94311   -0.80379   -0.80378   -0.80303   -0.80302
  -0.79124   -0.79124   -0.79004   -0.79003   -0.78951   -0.78951   -0.78913   -0.78913
  -0.34982   -0.34982   -0.34909   -0.34908   -0.31413   -0.31413   -0.31285   -0.31285
   0.12589    0.12589    0.12914    0.12915    0.13296    0.13297    0.13666    0.13667
   0.16398    0.16398    0.17248    0.17248    0.20468    0.20468    0.20495    0.20496
   0.21963    0.21964    0.22341    0.22342    0.22808    0.22809    0.24366    0.24366
   0.46738    0.46752
 kpt# 107, nband= 50, wtk=  0.00926, kpt= -0.3333  0.3333  0.5000 (reduced coord)
  -1.94318   -1.94318   -1.94309   -1.94308   -0.80324   -0.80324   -0.80278   -0.80136
  -0.79186   -0.79185   -0.79133   -0.79031   -0.79030   -0.78970   -0.78890   -0.78880
  -0.35246   -0.35128   -0.34416   -0.34413   -0.31628   -0.31440   -0.31437   -0.31418
   0.12326    0.12336    0.12442    0.12442    0.13212    0.13527    0.13858    0.13869
   0.15565    0.15567    0.16247    0.19011    0.19485    0.19586    0.21525    0.21860
   0.21941    0.22245    0.22304    0.22840    0.23147    0.23499    0.23522    0.24783
   0.46617    0.47393
 kpt# 108, nband= 50, wtk=  0.00926, kpt= -0.1667  0.3333  0.5000 (reduced coord)
  -1.94322   -1.94321   -1.94306   -1.94305   -0.80189   -0.80130   -0.80067   -0.79914
  -0.79500   -0.79419   -0.79201   -0.79087   -0.79066   -0.79021   -0.78918   -0.78899
  -0.35240   -0.35142   -0.33741   -0.33682   -0.31893   -0.31837   -0.31758   -0.31723
   0.11416    0.11739    0.12064    0.12066    0.12919    0.13012    0.13322    0.13923
   0.15745    0.16134    0.16592    0.18283    0.19562    0.19578    0.20333    0.20836
   0.21221    0.22648    0.23585    0.23599    0.24148    0.24565    0.24701    0.25607
   0.46739    0.47886
 kpt# 109, nband= 50, wtk=  0.00463, kpt=  0.0000  0.5000  0.5000 (reduced coord)
  -1.94316   -1.94314   -1.94314   -1.94311   -0.79955   -0.79955   -0.79953   -0.79953
  -0.79438   -0.79437   -0.79437   -0.79435   -0.78972   -0.78972   -0.78971   -0.78971
  -0.34236   -0.34235   -0.34235   -0.34235   -0.32032   -0.32031   -0.32031   -0.32031
   0.11496    0.11497    0.11497    0.11497    0.13680    0.13680    0.13682    0.13682
   0.17725    0.17725    0.17726    0.17727    0.18710    0.18710    0.18710    0.18711
   0.22226    0.22226    0.22226    0.22227    0.25296    0.25297    0.25297    0.25297
   0.47357    0.47358
 kpt# 110, nband= 50, wtk=  0.00926, kpt=  0.1667  0.5000  0.5000 (reduced coord)
  -1.94315   -1.94314   -1.94313   -1.94311   -0.80181   -0.80180   -0.80061   -0.80061
  -0.79343   -0.79342   -0.79185   -0.79185   -0.78985   -0.78983   -0.78953   -0.78952
  -0.34561   -0.34560   -0.34460   -0.34460   -0.31841   -0.31841   -0.31687   -0.31686
   0.11785    0.11786    0.12032    0.12032    0.13409    0.13410    0.13906    0.13907
   0.16565    0.16566    0.17283    0.17284    0.19758    0.19758    0.20350    0.20351
   0.21802    0.21802    0.21988    0.21988    0.24359    0.24360    0.25202    0.25203
   0.47025    0.47057
 kpt# 111, nband= 50, wtk=  0.00926, kpt=  0.3333  0.5000  0.5000 (reduced coord)
  -1.94315   -1.94313   -1.94313   -1.94311   -0.80379   -0.80378   -0.80303   -0.80302
  -0.79124   -0.79124   -0.79003   -0.79002   -0.78952   -0.78951   -0.78913   -0.78912
  -0.34981   -0.34981   -0.34910   -0.34910   -0.31411   -0.31411   -0.31286   -0.31286
   0.12585    0.12586    0.12914    0.12914    0.13300    0.13300    0.13670    0.13671
   0.16394    0.16395    0.17247    0.17248    0.20446    0.20447    0.20505    0.20506
   0.21957    0.21957    0.22357    0.22358    0.22816    0.22817    0.24364    0.24365
   0.46659    0.46661
 kpt# 112, nband= 50, wtk=  0.00463, kpt=  0.5000  0.5000  0.5000 (reduced coord)
  -1.94315   -1.94313   -1.94313   -1.94311   -0.80426   -0.80425   -0.80425   -0.80425
  -0.79031   -0.79030   -0.79030   -0.79029   -0.78873   -0.78873   -0.78873   -0.78873
  -0.35131   -0.35131   -0.35130   -0.35130   -0.31176   -0.31176   -0.31176   -0.31176
   0.12940    0.12941    0.12941    0.12941    0.13656    0.13656    0.13657    0.13657
   0.17042    0.17043    0.17043    0.17044    0.20004    0.20004    0.20005    0.20005
   0.22089    0.22090    0.22091    0.22091    0.23533    0.23534    0.23534    0.23534
   0.46594    0.46596
