 Fermi (or HOMO) energy (hartree) =   0.28564   Average Vxc (hartree)=  -0.44615
 Eigenvalues (hartree) for nkpt= 112  k points:
 kpt#   1, nband= 50, wtk=  0.00463, kpt=  0.0000  0.0000  0.0000 (reduced coord)
  -1.94397   -1.94291   -1.94257   -1.94168   -0.80733   -0.80676   -0.80629   -0.79598
  -0.79406   -0.79383   -0.79348   -0.79339   -0.79204   -0.78834   -0.78818   -0.78766
  -0.39806   -0.34560   -0.34358   -0.33728   -0.31625   -0.31115   -0.30930   -0.30573
   0.06583    0.06703    0.07578    0.09764    0.10555    0.10793    0.15826    0.15971
   0.16149    0.16372    0.17449    0.18367    0.19501    0.20237    0.21381    0.21554
   0.22881    0.22956    0.23100    0.23548    0.25126    0.26498    0.28426    0.28564
   0.45572    0.46224
 kpt#   2, nband= 50, wtk=  0.00926, kpt=  0.1667  0.0000  0.0000 (reduced coord)
  -1.94395   -1.94291   -1.94258   -1.94168   -0.80656   -0.80582   -0.80548   -0.79598
  -0.79488   -0.79455   -0.79328   -0.79314   -0.79208   -0.78943   -0.78862   -0.78803
  -0.39365   -0.34470   -0.34245   -0.33619   -0.31727   -0.31696   -0.30980   -0.30664
   0.06953    0.07483    0.07524    0.09968    0.10128    0.12371    0.14875    0.15031
   0.15484    0.16475    0.17281    0.18043    0.18882    0.20680    0.21146    0.22006
   0.22783    0.23176    0.23561    0.24164    0.24919    0.25442    0.28288    0.28404
   0.45887    0.46884
 kpt#   3, nband= 50, wtk=  0.00926, kpt=  0.3333  0.0000  0.0000 (reduced coord)
  -1.94392   -1.94289   -1.94262   -1.94170   -0.80456   -0.80389   -0.80265   -0.79756
  -0.79645   -0.79518   -0.79367   -0.79299   -0.79226   -0.79134   -0.78933   -0.78892
  -0.38223   -0.34357   -0.33985   -0.33378   -0.32966   -0.31944   -0.31179   -0.30863
   0.07589    0.07828    0.09803    0.10436    0.10670    0.12314    0.13380    0.13607
   0.15849    0.16070    0.16627    0.17350    0.19254    0.19967    0.20509    0.21749
   0.22732    0.23400    0.23922    0.24315    0.24474    0.25720    0.28008    0.28220
   0.45580    0.45676
 kpt#   4, nband= 50, wtk=  0.00463, kpt=  0.5000  0.0000  0.0000 (reduced coord)
  -1.94390   -1.94287   -1.94265   -1.94170   -0.80281   -0.80245   -0.79944   -0.79935
  -0.79783   -0.79696   -0.79506   -0.79288   -0.79202   -0.79098   -0.78990   -0.78959
  -0.37320   -0.34653   -0.33830   -0.33555   -0.33239   -0.32084   -0.31303   -0.30975
   0.08101    0.08334    0.10630    0.10911    0.11114    0.12238    0.12676    0.12730
   0.15113    0.16398    0.16870    0.17891    0.18017    0.18639    0.20723    0.22240
   0.22368    0.23156    0.23847    0.24417    0.24846    0.25956    0.27769    0.28285
   0.45162    0.45254
 kpt#   5, nband= 50, wtk=  0.00926, kpt=  0.0000  0.1667  0.0000 (reduced coord)
  -1.94395   -1.94290   -1.94259   -1.94169   -0.80632   -0.80595   -0.80568   -0.79685
  -0.79427   -0.79401   -0.79373   -0.79321   -0.79168   -0.78905   -0.78865   -0.78839
  -0.39359   -0.34452   -0.34385   -0.33724   -0.31979   -0.31267   -0.30948   -0.30648
   0.07116    0.07285    0.07612    0.09865    0.11000    0.11741    0.14817    0.15531
   0.15855    0.16409    0.16690    0.18553    0.18954    0.20223    0.21387    0.21808
   0.22347    0.23058    0.23218    0.23937    0.24341    0.26266    0.28263    0.28380
   0.45409    0.46380
 kpt#   6, nband= 50, wtk=  0.00926, kpt=  0.1667  0.1667  0.0000 (reduced coord)
  -1.94393   -1.94289   -1.94261   -1.94169   -0.80577   -0.80528   -0.80483   -0.79697
  -0.79514   -0.79443   -0.79337   -0.79310   -0.79170   -0.79042   -0.78898   -0.78818
  -0.38958   -0.34369   -0.34318   -0.33624   -0.32047   -0.31823   -0.30978   -0.30715
   0.07235    0.07974    0.08006    0.10045    0.10562    0.12862    0.14252    0.15000
   0.15671    0.15791    0.17131    0.18247    0.18327    0.20420    0.21213    0.21522
   0.22719    0.23236    0.23357    0.24274    0.24610    0.25077    0.28167    0.28218
   0.45368    0.46621
 kpt#   7, nband= 50, wtk=  0.00926, kpt=  0.3333  0.1667  0.0000 (reduced coord)
  -1.94391   -1.94287   -1.94264   -1.94171   -0.80435   -0.80336   -0.80256   -0.79850
  -0.79622   -0.79488   -0.79474   -0.79314   -0.79174   -0.79097   -0.78974   -0.78875
  -0.37920   -0.34255   -0.34184   -0.33406   -0.32983   -0.32178   -0.31160   -0.30871
   0.07749    0.08460    0.10064    0.10702    0.10765    0.12542    0.13199    0.13745
   0.15891    0.15995    0.16799    0.17498    0.18841    0.19814    0.20458    0.21236
   0.22585    0.23137    0.23611    0.23940    0.24779    0.25070    0.27818    0.28142
   0.45062    0.45963
 kpt#   8, nband= 50, wtk=  0.00926, kpt=  0.5000  0.1667  0.0000 (reduced coord)
  -1.94389   -1.94286   -1.94266   -1.94171   -0.80312   -0.80186   -0.79998   -0.79989
  -0.79795   -0.79745   -0.79424   -0.79314   -0.79164   -0.79036   -0.79020   -0.78950
  -0.37108   -0.34510   -0.34109   -0.33525   -0.33279   -0.32243   -0.31276   -0.30965
   0.08454    0.08639    0.10757    0.11079    0.11201    0.12365    0.12540    0.13349
   0.15437    0.16285    0.17031    0.17495    0.18318    0.18422    0.20717    0.21704
   0.22342    0.22881    0.23244    0.24092    0.24926    0.25309    0.27583    0.28189
   0.45069    0.45569
 kpt#   9, nband= 50, wtk=  0.00926, kpt= -0.3333  0.1667  0.0000 (reduced coord)
  -1.94391   -1.94287   -1.94264   -1.94171   -0.80425   -0.80329   -0.80261   -0.79867
  -0.79622   -0.79483   -0.79469   -0.79302   -0.79187   -0.79125   -0.78973   -0.78853
  -0.37914   -0.34259   -0.34195   -0.33386   -0.32983   -0.32179   -0.31162   -0.30879
   0.07716    0.08523    0.10072    0.10707    0.10803    0.12474    0.13197    0.13671
   0.15890    0.15982    0.16764    0.17517    0.18862    0.19859    0.20512    0.21240
   0.22628    0.23139    0.23617    0.23964    0.24768    0.24963    0.27827    0.28138
   0.45301    0.46030
 kpt#  10, nband= 50, wtk=  0.00926, kpt= -0.1667  0.1667  0.0000 (reduced coord)
  -1.94393   -1.94289   -1.94261   -1.94169   -0.80571   -0.80509   -0.80501   -0.79715
  -0.79505   -0.79432   -0.79334   -0.79308   -0.79166   -0.79083   -0.78900   -0.78794
  -0.38954   -0.34374   -0.34327   -0.33606   -0.32046   -0.31817   -0.30986   -0.30722
   0.07200    0.07985    0.08056    0.10033    0.10617    0.12786    0.14230    0.14945
   0.15662    0.15773    0.17169    0.18260    0.18327    0.20442    0.21246    0.21567
   0.22652    0.23305    0.23441    0.24329    0.24582    0.24914    0.28165    0.28224
   0.45520    0.46688
 kpt#  11, nband= 50, wtk=  0.00926, kpt=  0.0000  0.3333  0.0000 (reduced coord)
  -1.94391   -1.94285   -1.94267   -1.94171   -0.80412   -0.80387   -0.80346   -0.79903
  -0.79618   -0.79379   -0.79368   -0.79332   -0.79138   -0.79111   -0.78957   -0.78918
  -0.38127   -0.34942   -0.34188   -0.33757   -0.32413   -0.31669   -0.30982   -0.30815
   0.07395    0.08537    0.09887    0.10138    0.11640    0.13279    0.13689    0.14045
   0.14065    0.16123    0.17066    0.17753    0.19031    0.19417    0.20586    0.20867
   0.21413    0.22331    0.23711    0.24170    0.25299    0.26211    0.27949    0.28059
   0.44865    0.45877
 kpt#  12, nband= 50, wtk=  0.00926, kpt=  0.1667  0.3333  0.0000 (reduced coord)
  -1.94390   -1.94284   -1.94267   -1.94171   -0.80406   -0.80359   -0.80291   -0.79886
  -0.79678   -0.79526   -0.79310   -0.79297   -0.79172   -0.79094   -0.78986   -0.78885
  -0.37833   -0.34914   -0.34104   -0.33670   -0.32492   -0.32108   -0.30990   -0.30843
   0.07602    0.09277    0.09952    0.10237    0.11386    0.12981    0.13766    0.14281
   0.14391    0.16236    0.17174    0.17931    0.18654    0.18874    0.19805    0.21264
   0.21521    0.22833    0.23499    0.24079    0.25221    0.25331    0.27884    0.27976
   0.44613    0.45697
 kpt#  13, nband= 50, wtk=  0.00926, kpt=  0.3333  0.3333  0.0000 (reduced coord)
  -1.94388   -1.94283   -1.94269   -1.94173   -0.80363   -0.80292   -0.80116   -0.79987
  -0.79770   -0.79597   -0.79476   -0.79248   -0.79122   -0.79073   -0.79006   -0.78876
  -0.37080   -0.34848   -0.33988   -0.33505   -0.32998   -0.32614   -0.31114   -0.30927
   0.08310    0.10009    0.10207    0.11182    0.11584    0.12375    0.13277    0.14291
   0.14736    0.16220    0.17343    0.17842    0.18633    0.18972    0.19646    0.20543
   0.21905    0.22318    0.23451    0.23721    0.24266    0.24913    0.27577    0.27910
   0.44318    0.45512
 kpt#  14, nband= 50, wtk=  0.00926, kpt=  0.5000  0.3333  0.0000 (reduced coord)
  -1.94387   -1.94283   -1.94269   -1.94173   -0.80338   -0.80141   -0.80078   -0.80046
  -0.79899   -0.79624   -0.79490   -0.79301   -0.79125   -0.79012   -0.78975   -0.78915
  -0.36522   -0.34813   -0.34134   -0.33473   -0.33348   -0.32656   -0.31202   -0.30983
   0.08993    0.09801    0.10490    0.11599    0.11873    0.12260    0.13008    0.14439
   0.15226    0.16198    0.16426    0.17565    0.18228    0.19302    0.20399    0.20919
   0.21398    0.22523    0.22818    0.22987    0.24242    0.24770    0.27380    0.27869
   0.44626    0.44970
 kpt#  15, nband= 50, wtk=  0.00926, kpt= -0.3333  0.3333  0.0000 (reduced coord)
  -1.94388   -1.94284   -1.94268   -1.94173   -0.80345   -0.80289   -0.80116   -0.80013
  -0.79762   -0.79595   -0.79479   -0.79241   -0.79119   -0.79095   -0.79024   -0.78849
  -0.37069   -0.34858   -0.33996   -0.33489   -0.32999   -0.32613   -0.31116   -0.30933
   0.08325    0.10044    0.10189    0.11179    0.11664    0.12374    0.13174    0.14212
   0.14676    0.16168    0.17387    0.17823    0.18725    0.18983    0.19751    0.20644
   0.21892    0.22258    0.23471    0.23674    0.24216    0.24895    0.27587    0.27905
   0.44524    0.45501
 kpt#  16, nband= 50, wtk=  0.00926, kpt= -0.1667  0.3333  0.0000 (reduced coord)
  -1.94390   -1.94284   -1.94267   -1.94171   -0.80400   -0.80345   -0.80294   -0.79919
  -0.79665   -0.79500   -0.79314   -0.79293   -0.79215   -0.79085   -0.79000   -0.78858
  -0.37825   -0.34922   -0.34109   -0.33659   -0.32487   -0.32105   -0.30997   -0.30850
   0.07613    0.09268    0.09953    0.10269    0.11460    0.12943    0.13655    0.14220
   0.14357    0.16271    0.17127    0.17924    0.18646    0.19028    0.19886    0.21246
   0.21563    0.22778    0.23554    0.24020    0.25191    0.25308    0.27891    0.27976
   0.44760    0.45674
 kpt#  17, nband= 50, wtk=  0.00463, kpt=  0.0000  0.5000  0.0000 (reduced coord)
  -1.94388   -1.94278   -1.94274   -1.94172   -0.80193   -0.80183   -0.80164   -0.80141
  -0.79709   -0.79630   -0.79349   -0.79340   -0.79118   -0.79070   -0.79034   -0.78981
  -0.36473   -0.36422   -0.33941   -0.33881   -0.32184   -0.32148   -0.30991   -0.30914
   0.08245    0.08404    0.11325    0.11418    0.12521    0.12685    0.13363    0.13632
   0.13934    0.13955    0.17857    0.17884    0.18095    0.18160    0.20903    0.20961
   0.21054    0.21310    0.23979    0.24202    0.26085    0.26120    0.27809    0.27924
   0.44718    0.44943
 kpt#  18, nband= 50, wtk=  0.00926, kpt=  0.1667  0.5000  0.0000 (reduced coord)
  -1.94388   -1.94279   -1.94274   -1.94172   -0.80266   -0.80246   -0.80066   -0.80015
  -0.79818   -0.79754   -0.79266   -0.79260   -0.79170   -0.79106   -0.79008   -0.78948
  -0.36323   -0.36269   -0.33866   -0.33800   -0.32440   -0.32395   -0.31004   -0.30916
   0.08567    0.08727    0.11293    0.11354    0.12349    0.12576    0.13167    0.13343
   0.14958    0.15043    0.17376    0.17619    0.18187    0.18313    0.19999    0.20163
   0.21817    0.22068    0.23752    0.23929    0.25564    0.25590    0.27762    0.27857
   0.44555    0.44681
 kpt#  19, nband= 50, wtk=  0.00926, kpt=  0.3333  0.5000  0.0000 (reduced coord)
  -1.94386   -1.94280   -1.94272   -1.94174   -0.80305   -0.80269   -0.80012   -0.79967
  -0.79883   -0.79813   -0.79354   -0.79281   -0.79116   -0.79078   -0.78957   -0.78906
  -0.35961   -0.35898   -0.33743   -0.33660   -0.32945   -0.32868   -0.31078   -0.30978
   0.09275    0.09409    0.11101    0.11198    0.12601    0.12679    0.13358    0.13421
   0.15639    0.15744    0.16998    0.17241    0.18322    0.18485    0.20446    0.20640
   0.21141    0.21330    0.23518    0.23643    0.24458    0.24560    0.27569    0.27669
   0.44320    0.44489
 kpt#  20, nband= 50, wtk=  0.00463, kpt=  0.5000  0.5000  0.0000 (reduced coord)
  -1.94386   -1.94281   -1.94271   -1.94175   -0.80306   -0.80253   -0.80092   -0.80060
  -0.79763   -0.79698   -0.79474   -0.79392   -0.79053   -0.79020   -0.78947   -0.78896
  -0.35726   -0.35661   -0.33764   -0.33636   -0.33188   -0.33052   -0.31135   -0.31032
   0.09800    0.09867    0.10702    0.10837    0.13146    0.13296    0.13509    0.13596
   0.14938    0.15226    0.17025    0.17072    0.19176    0.19306    0.20301    0.20452
   0.21434    0.21597    0.22463    0.22525    0.24203    0.24320    0.27425    0.27568
   0.44618    0.44778
 kpt#  21, nband= 50, wtk=  0.00926, kpt=  0.0000  0.0000  0.1667 (reduced coord)
  -1.94395   -1.94292   -1.94257   -1.94169   -0.80656   -0.80594   -0.80532   -0.79624
  -0.79528   -0.79383   -0.79348   -0.79309   -0.79219   -0.78945   -0.78844   -0.78801
  -0.39354   -0.34555   -0.34192   -0.33654   -0.31663   -0.31517   -0.31266   -0.30615
   0.06993    0.07116    0.08548    0.09495    0.11033    0.11390    0.14650    0.15194
   0.16009    0.16767    0.17535    0.18732    0.18920    0.19977    0.21055    0.21244
   0.22139    0.23388    0.23489    0.23986    0.25252    0.26414    0.27259    0.27913
   0.45665    0.46246
 kpt#  22, nband= 50, wtk=  0.00926, kpt=  0.1667  0.0000  0.1667 (reduced coord)
  -1.94393   -1.94291   -1.94258   -1.94169   -0.80597   -0.80527   -0.80450   -0.79629
  -0.79607   -0.79397   -0.79360   -0.79298   -0.79216   -0.79063   -0.78858   -0.78817
  -0.38956   -0.34560   -0.34054   -0.33561   -0.31947   -0.31741   -0.31376   -0.30679
   0.07246    0.07729    0.08608    0.09673    0.10823    0.12525    0.14229    0.14952
   0.15625    0.16074    0.17350    0.18313    0.18620    0.20118    0.21279    0.21540
   0.22284    0.23147    0.23358    0.24475    0.25193    0.25454    0.27330    0.27808
   0.45701    0.46536
 kpt#  23, nband= 50, wtk=  0.00926, kpt=  0.3333  0.0000  0.1667 (reduced coord)
  -1.94391   -1.94289   -1.94263   -1.94170   -0.80451   -0.80338   -0.80241   -0.79804
  -0.79694   -0.79512   -0.79399   -0.79293   -0.79196   -0.79141   -0.78946   -0.78880
  -0.37931   -0.34518   -0.33866   -0.33446   -0.33001   -0.31874   -0.31473   -0.30865
   0.07824    0.08230    0.10215    0.10577    0.10979    0.12423    0.13392    0.14139
   0.15429    0.15700    0.16743    0.17677    0.19204    0.19481    0.20278    0.21937
   0.22359    0.22769    0.23814    0.24319    0.24595    0.25798    0.27030    0.27798
   0.45093    0.45374
 kpt#  24, nband= 50, wtk=  0.00926, kpt=  0.5000  0.0000  0.1667 (reduced coord)
  -1.94389   -1.94287   -1.94265   -1.94171   -0.80317   -0.80234   -0.80030   -0.79850
  -0.79831   -0.79781   -0.79383   -0.79275   -0.79167   -0.79101   -0.79021   -0.78942
  -0.37140   -0.34620   -0.33922   -0.33802   -0.33111   -0.31903   -0.31539   -0.30984
   0.08254    0.08560    0.10654    0.11216    0.11389    0.12693    0.13136    0.13152
   0.14925    0.16177    0.16598    0.17685    0.18189    0.18252    0.20899    0.22088
   0.22480    0.23033    0.23337    0.24362    0.24543    0.26024    0.26760    0.27837
   0.44611    0.44955
 kpt#  25, nband= 50, wtk=  0.00926, kpt= -0.3333  0.0000  0.1667 (reduced coord)
  -1.94391   -1.94289   -1.94263   -1.94170   -0.80453   -0.80334   -0.80245   -0.79803
  -0.79689   -0.79510   -0.79399   -0.79294   -0.79222   -0.79110   -0.78939   -0.78896
  -0.37931   -0.34518   -0.33868   -0.33444   -0.33001   -0.31873   -0.31475   -0.30865
   0.07829    0.08221    0.10214    0.10576    0.10977    0.12434    0.13394    0.14132
   0.15420    0.15711    0.16745    0.17675    0.19208    0.19475    0.20283    0.21936
   0.22355    0.22768    0.23817    0.24344    0.24574    0.25796    0.27028    0.27801
   0.45064    0.45385
 kpt#  26, nband= 50, wtk=  0.00926, kpt= -0.1667  0.0000  0.1667 (reduced coord)
  -1.94393   -1.94291   -1.94258   -1.94169   -0.80602   -0.80517   -0.80457   -0.79623
  -0.79608   -0.79398   -0.79366   -0.79292   -0.79226   -0.79048   -0.78846   -0.78837
  -0.38956   -0.34561   -0.34052   -0.33561   -0.31945   -0.31743   -0.31375   -0.30680
   0.07248    0.07727    0.08608    0.09669    0.10819    0.12530    0.14231    0.14954
   0.15627    0.16074    0.17347    0.18317    0.18623    0.20113    0.21280    0.21539
   0.22274    0.23151    0.23362    0.24486    0.25160    0.25474    0.27332    0.27810
   0.45674    0.46534
 kpt#  27, nband= 50, wtk=  0.00926, kpt=  0.0000  0.1667  0.1667 (reduced coord)
  -1.94393   -1.94291   -1.94259   -1.94170   -0.80567   -0.80522   -0.80488   -0.79738
  -0.79509   -0.79410   -0.79335   -0.79314   -0.79175   -0.79081   -0.78877   -0.78802
  -0.38944   -0.34503   -0.34247   -0.33664   -0.31988   -0.31508   -0.31375   -0.30649
   0.07444    0.07958    0.08230    0.09968    0.11203    0.12026    0.14582    0.14830
   0.15844    0.15982    0.17119    0.18677    0.18795    0.19763    0.21368    0.21712
   0.21873    0.22937    0.23110    0.24214    0.24399    0.26171    0.27278    0.27765
   0.45470    0.46474
 kpt#  28, nband= 50, wtk=  0.00926, kpt=  0.1667  0.1667  0.1667 (reduced coord)
  -1.94392   -1.94290   -1.94261   -1.94170   -0.80562   -0.80463   -0.80406   -0.79721
  -0.79592   -0.79439   -0.79366   -0.79278   -0.79177   -0.79150   -0.78861   -0.78829
  -0.38588   -0.34557   -0.34134   -0.33614   -0.32027   -0.31953   -0.31382   -0.30669
   0.07705    0.08266    0.08704    0.10102    0.10988    0.12781    0.14185    0.14708
   0.15534    0.15878    0.16940    0.17730    0.18964    0.20306    0.21225    0.21362
   0.22222    0.22841    0.23419    0.24028    0.24641    0.25234    0.27267    0.27732
   0.45234    0.46691
 kpt#  29, nband= 50, wtk=  0.00926, kpt=  0.3333  0.1667  0.1667 (reduced coord)
  -1.94390   -1.94287   -1.94264   -1.94171   -0.80480   -0.80317   -0.80264   -0.79806
  -0.79662   -0.79632   -0.79388   -0.79254   -0.79159   -0.79127   -0.78918   -0.78893
  -0.37675   -0.34552   -0.34104   -0.33688   -0.32782   -0.31995   -0.31407   -0.30814
   0.08159    0.08659    0.10366    0.10920    0.11048    0.12550    0.13557    0.14087
   0.15384    0.15784    0.16326    0.17779    0.18959    0.19748    0.20456    0.21609
   0.22144    0.22705    0.23604    0.23860    0.24356    0.25181    0.26957    0.27737
   0.44545    0.45551
 kpt#  30, nband= 50, wtk=  0.00926, kpt=  0.5000  0.1667  0.1667 (reduced coord)
  -1.94389   -1.94286   -1.94266   -1.94172   -0.80362   -0.80323   -0.80057   -0.79940
  -0.79784   -0.79733   -0.79341   -0.79245   -0.79124   -0.79065   -0.79014   -0.78940
  -0.36975   -0.34635   -0.34152   -0.34071   -0.32932   -0.31931   -0.31434   -0.30932
   0.08687    0.08776    0.10944    0.11104    0.11422    0.12839    0.13267    0.13648
   0.15098    0.15729    0.16823    0.17023    0.18411    0.18797    0.20876    0.22033
   0.22120    0.22791    0.23225    0.23763    0.24226    0.25470    0.26753    0.27725
   0.44364    0.44770
 kpt#  31, nband= 50, wtk=  0.00926, kpt= -0.3333  0.1667  0.1667 (reduced coord)
  -1.94390   -1.94287   -1.94264   -1.94171   -0.80452   -0.80341   -0.80273   -0.79769
  -0.79688   -0.79625   -0.79406   -0.79243   -0.79194   -0.79104   -0.78928   -0.78877
  -0.37669   -0.34565   -0.34089   -0.33693   -0.32772   -0.31996   -0.31405   -0.30827
   0.08125    0.08700    0.10391    0.10933    0.11083    0.12494    0.13537    0.14012
   0.15345    0.15827    0.16298    0.17820    0.18975    0.19774    0.20480    0.21624
   0.22175    0.22675    0.23571    0.23917    0.24366    0.25122    0.26940    0.27749
   0.44716    0.45453
 kpt#  32, nband= 50, wtk=  0.00926, kpt= -0.1667  0.1667  0.1667 (reduced coord)
  -1.94392   -1.94290   -1.94261   -1.94170   -0.80542   -0.80462   -0.80427   -0.79722
  -0.79567   -0.79436   -0.79397   -0.79268   -0.79221   -0.79117   -0.78872   -0.78814
  -0.38584   -0.34573   -0.34123   -0.33604   -0.32028   -0.31948   -0.31386   -0.30680
   0.07681    0.08276    0.08731    0.10137    0.10990    0.12737    0.14118    0.14692
   0.15519    0.15875    0.16993    0.17748    0.18968    0.20275    0.21243    0.21415
   0.22172    0.22871    0.23484    0.24086    0.24545    0.25207    0.27253    0.27745
   0.45350    0.46573
 kpt#  33, nband= 50, wtk=  0.00926, kpt=  0.0000  0.3333  0.1667 (reduced coord)
  -1.94389   -1.94285   -1.94266   -1.94172   -0.80381   -0.80347   -0.80294   -0.79958
  -0.79607   -0.79449   -0.79421   -0.79316   -0.79174   -0.79097   -0.78959   -0.78887
  -0.37803   -0.34821   -0.34299   -0.33777   -0.32370   -0.31708   -0.31382   -0.30838
   0.08172    0.08925    0.10273    0.10336    0.11685    0.12647    0.13811    0.13919
   0.14766    0.16245    0.16689    0.17865    0.18841    0.19375    0.20655    0.20809
   0.21740    0.22207    0.22791    0.23543    0.25201    0.26133    0.27214    0.27460
   0.45048    0.46130
 kpt#  34, nband= 50, wtk=  0.00926, kpt=  0.1667  0.3333  0.1667 (reduced coord)
  -1.94389   -1.94285   -1.94267   -1.94172   -0.80455   -0.80345   -0.80255   -0.79887
  -0.79653   -0.79613   -0.79348   -0.79249   -0.79176   -0.79088   -0.78920   -0.78907
  -0.37566   -0.34901   -0.34251   -0.33786   -0.32375   -0.32086   -0.31278   -0.30793
   0.08302    0.09463    0.10254    0.10660    0.11466    0.12774    0.13797    0.14248
   0.14722    0.16052    0.16534    0.18036    0.18486    0.19582    0.20188    0.21111
   0.21743    0.22355    0.22928    0.23320    0.24903    0.25522    0.27122    0.27451
   0.44675    0.45896
 kpt#  35, nband= 50, wtk=  0.00926, kpt=  0.3333  0.3333  0.1667 (reduced coord)
  -1.94387   -1.94284   -1.94268   -1.94173   -0.80472   -0.80340   -0.80276   -0.79955
  -0.79745   -0.79523   -0.79372   -0.79215   -0.79116   -0.79051   -0.78954   -0.78894
  -0.36952   -0.34950   -0.34371   -0.34015   -0.32560   -0.32209   -0.31214   -0.30838
   0.08797    0.09959    0.10769    0.11194    0.11690    0.12516    0.13849    0.14241
   0.14712    0.15768    0.16445    0.18363    0.18655    0.19545    0.20180    0.20475
   0.21659    0.22046    0.22969    0.23367    0.24173    0.24902    0.26855    0.27441
   0.44037    0.45682
 kpt#  36, nband= 50, wtk=  0.00926, kpt=  0.5000  0.3333  0.1667 (reduced coord)
  -1.94386   -1.94283   -1.94269   -1.94174   -0.80437   -0.80352   -0.80249   -0.80142
  -0.79666   -0.79506   -0.79340   -0.79249   -0.79085   -0.78998   -0.78976   -0.78919
  -0.36492   -0.34918   -0.34599   -0.34297   -0.32636   -0.32075   -0.31218   -0.30908
   0.09266    0.09975    0.10847    0.11545    0.11830    0.12494    0.13772    0.14484
   0.14764    0.16006    0.16247    0.17496    0.18832    0.19602    0.20231    0.21174
   0.21198    0.22133    0.22482    0.22925    0.24126    0.24770    0.26751    0.27414
   0.43981    0.44657
 kpt#  37, nband= 50, wtk=  0.00926, kpt= -0.3333  0.3333  0.1667 (reduced coord)
  -1.94387   -1.94284   -1.94268   -1.94173   -0.80439   -0.80351   -0.80307   -0.79940
  -0.79743   -0.79501   -0.79409   -0.79209   -0.79123   -0.79027   -0.78999   -0.78864
  -0.36943   -0.34967   -0.34354   -0.34019   -0.32556   -0.32209   -0.31210   -0.30851
   0.08804    0.09976    0.10740    0.11227    0.11743    0.12518    0.13763    0.14180
   0.14677    0.15724    0.16441    0.18408    0.18721    0.19571    0.20216    0.20562
   0.21647    0.22037    0.22958    0.23293    0.24173    0.24890    0.26842    0.27455
   0.44179    0.45435
 kpt#  38, nband= 50, wtk=  0.00926, kpt= -0.1667  0.3333  0.1667 (reduced coord)
  -1.94389   -1.94285   -1.94267   -1.94172   -0.80425   -0.80352   -0.80283   -0.79884
  -0.79636   -0.79603   -0.79375   -0.79243   -0.79210   -0.79060   -0.78951   -0.78874
  -0.37559   -0.34918   -0.34237   -0.33783   -0.32373   -0.32083   -0.31280   -0.30803
   0.08309    0.09464    0.10256    0.10675    0.11525    0.12743    0.13685    0.14227
   0.14672    0.16068    0.16576    0.18048    0.18499    0.19647    0.20208    0.21084
   0.21779    0.22437    0.22867    0.23274    0.24866    0.25538    0.27106    0.27467
   0.44788    0.45896
 kpt#  39, nband= 50, wtk=  0.00926, kpt=  0.0000  0.5000  0.1667 (reduced coord)
  -1.94388   -1.94279   -1.94273   -1.94172   -0.80207   -0.80176   -0.80145   -0.80131
  -0.79739   -0.79678   -0.79343   -0.79339   -0.79097   -0.79066   -0.79018   -0.78984
  -0.36262   -0.36213   -0.34035   -0.33982   -0.32169   -0.32130   -0.31170   -0.31101
   0.08984    0.09152    0.11249    0.11375    0.12096    0.12232    0.13711    0.13983
   0.14551    0.14595    0.17266    0.17569    0.18105    0.18258    0.20901    0.21017
   0.21263    0.21563    0.23013    0.23209    0.25899    0.25945    0.27194    0.27299
   0.44938    0.45226
 kpt#  40, nband= 50, wtk=  0.00926, kpt=  0.1667  0.5000  0.1667 (reduced coord)
  -1.94387   -1.94280   -1.94273   -1.94173   -0.80350   -0.80310   -0.80057   -0.80015
  -0.79801   -0.79736   -0.79251   -0.79240   -0.79121   -0.79074   -0.79027   -0.78943
  -0.36187   -0.36132   -0.34066   -0.33985   -0.32329   -0.32304   -0.31076   -0.31017
   0.09232    0.09367    0.11092    0.11205    0.12366    0.12540    0.13636    0.13801
   0.15089    0.15231    0.16685    0.16899    0.18668    0.18699    0.20362    0.20469
   0.21746    0.21937    0.22852    0.22987    0.25484    0.25529    0.27129    0.27205
   0.44711    0.44871
 kpt#  41, nband= 50, wtk=  0.00926, kpt=  0.3333  0.5000  0.1667 (reduced coord)
  -1.94386   -1.94281   -1.94272   -1.94174   -0.80420   -0.80397   -0.80191   -0.80163
  -0.79648   -0.79614   -0.79252   -0.79184   -0.79108   -0.79075   -0.78966   -0.78901
  -0.35964   -0.35909   -0.34290   -0.34201   -0.32417   -0.32385   -0.31030   -0.30962
   0.09777    0.09879    0.11066    0.11160    0.12486    0.12650    0.13755    0.13931
   0.15415    0.15589    0.16783    0.17007    0.19106    0.19254    0.20034    0.20215
   0.21292    0.21410    0.22799    0.22846    0.24664    0.24752    0.26999    0.27060
   0.44324    0.44421
 kpt#  42, nband= 50, wtk=  0.00926, kpt=  0.5000  0.5000  0.1667 (reduced coord)
  -1.94385   -1.94281   -1.94271   -1.94175   -0.80421   -0.80381   -0.80305   -0.80282
  -0.79524   -0.79485   -0.79339   -0.79274   -0.79053   -0.79017   -0.78946   -0.78893
  -0.35789   -0.35737   -0.34501   -0.34445   -0.32364   -0.32321   -0.31059   -0.30976
   0.10158    0.10210    0.10941    0.11057    0.12760    0.12896    0.13516    0.13588
   0.15666    0.15892    0.16912    0.17036    0.19512    0.19685    0.20118    0.20345
   0.21003    0.21144    0.22185    0.22224    0.24370    0.24503    0.26935    0.27047
   0.44266    0.44498
 kpt#  43, nband= 50, wtk=  0.00926, kpt= -0.3333  0.5000  0.1667 (reduced coord)
  -1.94386   -1.94281   -1.94272   -1.94174   -0.80427   -0.80396   -0.80189   -0.80159
  -0.79664   -0.79597   -0.79238   -0.79201   -0.79115   -0.79063   -0.78958   -0.78913
  -0.35964   -0.35909   -0.34268   -0.34226   -0.32427   -0.32371   -0.31040   -0.30954
   0.09760    0.09895    0.11066    0.11157    0.12515    0.12621    0.13806    0.13873
   0.15471    0.15539    0.16855    0.16940    0.19079    0.19284    0.20016    0.20233
   0.21324    0.21382    0.22772    0.22866    0.24655    0.24761    0.26990    0.27072
   0.44251    0.44481
 kpt#  44, nband= 50, wtk=  0.00926, kpt= -0.1667  0.5000  0.1667 (reduced coord)
  -1.94387   -1.94280   -1.94273   -1.94173   -0.80342   -0.80324   -0.80059   -0.80006
  -0.79794   -0.79740   -0.79258   -0.79236   -0.79129   -0.79062   -0.79007   -0.78965
  -0.36183   -0.36136   -0.34048   -0.34006   -0.32343   -0.32286   -0.31087   -0.31007
   0.09209    0.09391    0.11109    0.11184    0.12363    0.12546    0.13616    0.13819
   0.15095    0.15218    0.16724    0.16870    0.18645    0.18717    0.20340    0.20507
   0.21736    0.21939    0.22862    0.22975    0.25494    0.25515    0.27129    0.27209
   0.44661    0.44918
 kpt#  45, nband= 50, wtk=  0.00926, kpt=  0.0000 -0.3333  0.1667 (reduced coord)
  -1.94389   -1.94285   -1.94266   -1.94172   -0.80393   -0.80357   -0.80273   -0.79956
  -0.79598   -0.79454   -0.79409   -0.79305   -0.79161   -0.79133   -0.78938   -0.78912
  -0.37795   -0.34810   -0.34280   -0.33751   -0.32384   -0.31715   -0.31402   -0.30873
   0.08205    0.08964    0.10304    0.10396    0.11637    0.12683    0.13855    0.13961
   0.14612    0.16040    0.16600    0.18002    0.19000    0.19278    0.20770    0.20990
   0.21426    0.22232    0.22753    0.23648    0.25191    0.26115    0.27149    0.27483
   0.44844    0.46431
 kpt#  46, nband= 50, wtk=  0.00926, kpt=  0.1667 -0.3333  0.1667 (reduced coord)
  -1.94389   -1.94285   -1.94267   -1.94172   -0.80427   -0.80366   -0.80265   -0.79878
  -0.79660   -0.79585   -0.79349   -0.79231   -0.79221   -0.79093   -0.78948   -0.78874
  -0.37553   -0.34889   -0.34232   -0.33755   -0.32397   -0.32083   -0.31323   -0.30816
   0.08322    0.09524    0.10313    0.10689    0.11526    0.12648    0.13808    0.14294
   0.14550    0.15973    0.16508    0.18108    0.18552    0.19700    0.20150    0.20937
   0.21787    0.22411    0.22939    0.23315    0.24862    0.25561    0.27054    0.27473
   0.44615    0.46039
 kpt#  47, nband= 50, wtk=  0.00926, kpt=  0.3333 -0.3333  0.1667 (reduced coord)
  -1.94387   -1.94284   -1.94268   -1.94173   -0.80449   -0.80364   -0.80280   -0.79936
  -0.79749   -0.79503   -0.79400   -0.79188   -0.79123   -0.79069   -0.78995   -0.78859
  -0.36943   -0.34927   -0.34331   -0.34000   -0.32573   -0.32241   -0.31287   -0.30818
   0.08808    0.10071    0.10727    0.11210    0.11800    0.12469    0.13732    0.14175
   0.14708    0.15788    0.16471    0.18390    0.18739    0.19552    0.20209    0.20305
   0.21596    0.22204    0.22980    0.23297    0.24118    0.24931    0.26819    0.27418
   0.44141    0.45481
 kpt#  48, nband= 50, wtk=  0.00926, kpt=  0.5000 -0.3333  0.1667 (reduced coord)
  -1.94386   -1.94283   -1.94269   -1.94174   -0.80456   -0.80348   -0.80228   -0.80137
  -0.79674   -0.79509   -0.79339   -0.79220   -0.79098   -0.79018   -0.78974   -0.78919
  -0.36500   -0.34883   -0.34575   -0.34252   -0.32655   -0.32131   -0.31306   -0.30850
   0.09276    0.10062    0.10851    0.11490    0.11840    0.12482    0.13730    0.14529
   0.14806    0.16046    0.16230    0.17588    0.18894    0.19369    0.20320    0.21072
   0.21113    0.22184    0.22491    0.22967    0.24118    0.24744    0.26721    0.27362
   0.44048    0.44706
 kpt#  49, nband= 50, wtk=  0.00926, kpt= -0.3333 -0.3333  0.1667 (reduced coord)
  -1.94387   -1.94284   -1.94268   -1.94173   -0.80485   -0.80350   -0.80253   -0.79947
  -0.79752   -0.79519   -0.79361   -0.79200   -0.79126   -0.79041   -0.78994   -0.78886
  -0.36953   -0.34909   -0.34344   -0.34004   -0.32574   -0.32235   -0.31293   -0.30806
   0.08797    0.10051    0.10749    0.11180    0.11749    0.12471    0.13823    0.14228
   0.14747    0.15834    0.16473    0.18359    0.18660    0.19519    0.20148    0.20271
   0.21607    0.22199    0.22997    0.23352    0.24128    0.24942    0.26835    0.27406
   0.43984    0.45610
 kpt#  50, nband= 50, wtk=  0.00926, kpt= -0.1667 -0.3333  0.1667 (reduced coord)
  -1.94389   -1.94285   -1.94267   -1.94172   -0.80462   -0.80356   -0.80241   -0.79878
  -0.79653   -0.79614   -0.79324   -0.79240   -0.79191   -0.79094   -0.78943   -0.78902
  -0.37560   -0.34872   -0.34243   -0.33763   -0.32400   -0.32079   -0.31324   -0.30805
   0.08311    0.09522    0.10316    0.10670    0.11462    0.12690    0.13914    0.14295
   0.14622    0.15950    0.16470    0.18102    0.18534    0.19636    0.20140    0.20961
   0.21771    0.22328    0.23006    0.23335    0.24900    0.25543    0.27074    0.27460
   0.44497    0.46042
 kpt#  51, nband= 50, wtk=  0.00926, kpt=  0.0000 -0.1667  0.1667 (reduced coord)
  -1.94393   -1.94291   -1.94259   -1.94170   -0.80593   -0.80495   -0.80487   -0.79741
  -0.79488   -0.79410   -0.79340   -0.79312   -0.79201   -0.79051   -0.78869   -0.78830
  -0.38938   -0.34472   -0.34229   -0.33662   -0.32016   -0.31501   -0.31373   -0.30698
   0.07484    0.07971    0.08209    0.10122    0.11181    0.11973    0.14635    0.14840
   0.15681    0.15817    0.17152    0.18666    0.18891    0.19981    0.21121    0.21798
   0.21915    0.22721    0.23292    0.24138    0.24490    0.26178    0.27234    0.27748
   0.45394    0.46423
 kpt#  52, nband= 50, wtk=  0.00926, kpt=  0.1667 -0.1667  0.1667 (reduced coord)
  -1.94392   -1.94290   -1.94261   -1.94170   -0.80553   -0.80463   -0.80413   -0.79725
  -0.79560   -0.79444   -0.79373   -0.79281   -0.79202   -0.79139   -0.78873   -0.78820
  -0.38579   -0.34524   -0.34124   -0.33591   -0.32081   -0.31933   -0.31386   -0.30718
   0.07680    0.08304    0.08752    0.10250    0.10956    0.12711    0.14183    0.14631
   0.15457    0.15798    0.17005    0.17805    0.18969    0.20373    0.21082    0.21381
   0.22234    0.22766    0.23525    0.24103    0.24602    0.25238    0.27223    0.27713
   0.45247    0.46563
 kpt#  53, nband= 50, wtk=  0.00926, kpt=  0.3333 -0.1667  0.1667 (reduced coord)
  -1.94390   -1.94287   -1.94264   -1.94171   -0.80454   -0.80357   -0.80252   -0.79771
  -0.79683   -0.79627   -0.79398   -0.79232   -0.79184   -0.79135   -0.78934   -0.78873
  -0.37666   -0.34515   -0.34076   -0.33660   -0.32816   -0.32021   -0.31449   -0.30824
   0.08105    0.08776    0.10396    0.10967    0.11093    0.12460    0.13539    0.14003
   0.15386    0.15832    0.16322    0.17778    0.19016    0.19794    0.20368    0.21505
   0.22140    0.22813    0.23485    0.23889    0.24430    0.25164    0.26922    0.27704
   0.44683    0.45549
 kpt#  54, nband= 50, wtk=  0.00926, kpt=  0.5000 -0.1667  0.1667 (reduced coord)
  -1.94389   -1.94286   -1.94266   -1.94172   -0.80373   -0.80323   -0.80044   -0.79925
  -0.79794   -0.79735   -0.79327   -0.79245   -0.79149   -0.79052   -0.78994   -0.78969
  -0.36976   -0.34607   -0.34118   -0.34019   -0.32975   -0.31976   -0.31504   -0.30898
   0.08703    0.08816    0.10950    0.11106    0.11394    0.12867    0.13303    0.13599
   0.15088    0.15853    0.16757    0.17041    0.18562    0.18649    0.20901    0.21923
   0.22014    0.22852    0.23147    0.23789    0.24292    0.25474    0.26722    0.27678
   0.44434    0.44819
 kpt#  55, nband= 50, wtk=  0.00926, kpt= -0.3333 -0.1667  0.1667 (reduced coord)
  -1.94390   -1.94287   -1.94264   -1.94171   -0.80486   -0.80333   -0.80243   -0.79807
  -0.79665   -0.79615   -0.79383   -0.79245   -0.79193   -0.79098   -0.78934   -0.78899
  -0.37673   -0.34500   -0.34091   -0.33659   -0.32821   -0.32018   -0.31452   -0.30812
   0.08135    0.08731    0.10369    0.10947    0.11057    0.12541    0.13558    0.14063
   0.15433    0.15796    0.16341    0.17742    0.19003    0.19758    0.20334    0.21534
   0.22087    0.22829    0.23531    0.23838    0.24408    0.25224    0.26940    0.27693
   0.44506    0.45628
 kpt#  56, nband= 50, wtk=  0.00926, kpt= -0.1667 -0.1667  0.1667 (reduced coord)
  -1.94392   -1.94290   -1.94261   -1.94170   -0.80577   -0.80448   -0.80409   -0.79720
  -0.79580   -0.79443   -0.79349   -0.79279   -0.79213   -0.79114   -0.78870   -0.78844
  -0.38584   -0.34509   -0.34133   -0.33605   -0.32080   -0.31937   -0.31382   -0.30707
   0.07705    0.08295    0.08720    0.10208    0.10951    0.12765    0.14248    0.14658
   0.15463    0.15800    0.16957    0.17793    0.18970    0.20385    0.21064    0.21362
   0.22249    0.22735    0.23498    0.24022    0.24684    0.25271    0.27241    0.27701
   0.45110    0.46593
 kpt#  57, nband= 50, wtk=  0.00926, kpt=  0.0000  0.0000  0.3333 (reduced coord)
  -1.94391   -1.94295   -1.94257   -1.94171   -0.80440   -0.80375   -0.80271   -0.79814
  -0.79701   -0.79457   -0.79407   -0.79324   -0.79158   -0.79111   -0.78925   -0.78889
  -0.38110   -0.34977   -0.33796   -0.33499   -0.32265   -0.31768   -0.31610   -0.31025
   0.08160    0.08240    0.09552    0.11152    0.11764    0.12422    0.12704    0.13927
   0.14233    0.17014    0.18293    0.18681    0.19109    0.19174    0.19605    0.21171
   0.21428    0.22948    0.23989    0.24655    0.25053    0.25803    0.26307    0.26638
   0.45868    0.46271
 kpt#  58, nband= 50, wtk=  0.00926, kpt=  0.1667  0.0000  0.3333 (reduced coord)
  -1.94390   -1.94293   -1.94258   -1.94171   -0.80422   -0.80369   -0.80213   -0.79830
  -0.79757   -0.79495   -0.79377   -0.79311   -0.79185   -0.79107   -0.78950   -0.78873
  -0.37830   -0.35004   -0.33778   -0.33463   -0.32388   -0.31961   -0.31670   -0.30984
   0.08073    0.08882    0.09673    0.10862    0.11841    0.12486    0.13351    0.13921
   0.14750    0.16650    0.17340    0.18361    0.18854    0.19559    0.20156    0.20469
   0.21921    0.22581    0.23499    0.24879    0.25293    0.25551    0.25983    0.26611
   0.45257    0.45598
 kpt#  59, nband= 50, wtk=  0.00926, kpt=  0.3333  0.0000  0.3333 (reduced coord)
  -1.94389   -1.94289   -1.94263   -1.94172   -0.80396   -0.80310   -0.80084   -0.79940
  -0.79820   -0.79600   -0.79356   -0.79263   -0.79167   -0.79078   -0.79035   -0.78874
  -0.37128   -0.35049   -0.33773   -0.33553   -0.32906   -0.32054   -0.31634   -0.31028
   0.08386    0.09412    0.10071    0.11399    0.11967    0.12424    0.13677    0.14172
   0.15264    0.16198    0.16982    0.17517    0.18544    0.19293    0.19873    0.21000
   0.21596    0.22372    0.23241    0.24606    0.24809    0.25268    0.25953    0.26722
   0.44162    0.44629
 kpt#  60, nband= 50, wtk=  0.00926, kpt=  0.5000  0.0000  0.3333 (reduced coord)
  -1.94388   -1.94286   -1.94266   -1.94172   -0.80379   -0.80252   -0.80052   -0.79940
  -0.79894   -0.79666   -0.79354   -0.79211   -0.79145   -0.79131   -0.79002   -0.78915
  -0.36632   -0.35068   -0.33973   -0.33751   -0.32978   -0.32076   -0.31578   -0.31091
   0.08818    0.09249    0.10480    0.11757    0.11878    0.12388    0.13657    0.14747
   0.15422    0.16318    0.17063    0.17130    0.17722    0.17952    0.21030    0.21061
   0.21882    0.21931    0.23523    0.24040    0.24579    0.24779    0.26121    0.26814
   0.43682    0.44220
 kpt#  61, nband= 50, wtk=  0.00926, kpt= -0.3333  0.0000  0.3333 (reduced coord)
  -1.94389   -1.94289   -1.94263   -1.94172   -0.80395   -0.80317   -0.80081   -0.79943
  -0.79812   -0.79599   -0.79362   -0.79262   -0.79175   -0.79070   -0.79020   -0.78888
  -0.37129   -0.35048   -0.33775   -0.33551   -0.32904   -0.32056   -0.31635   -0.31028
   0.08386    0.09406    0.10072    0.11401    0.11958    0.12440    0.13669    0.14175
   0.15269    0.16185    0.16999    0.17514    0.18532    0.19298    0.19871    0.21014
   0.21587    0.22378    0.23239    0.24622    0.24788    0.25267    0.25950    0.26728
   0.44147    0.44632
 kpt#  62, nband= 50, wtk=  0.00926, kpt= -0.1667  0.0000  0.3333 (reduced coord)
  -1.94390   -1.94293   -1.94258   -1.94171   -0.80428   -0.80364   -0.80214   -0.79827
  -0.79759   -0.79495   -0.79368   -0.79316   -0.79196   -0.79093   -0.78940   -0.78888
  -0.37830   -0.35004   -0.33782   -0.33457   -0.32386   -0.31964   -0.31670   -0.30984
   0.08075    0.08878    0.09676    0.10858    0.11827    0.12502    0.13341    0.13938
   0.14745    0.16662    0.17333    0.18363    0.18854    0.19554    0.20158    0.20469
   0.21909    0.22591    0.23504    0.24884    0.25270    0.25546    0.25999    0.26612
   0.45229    0.45608
 kpt#  63, nband= 50, wtk=  0.00926, kpt=  0.0000  0.1667  0.3333 (reduced coord)
  -1.94389   -1.94292   -1.94259   -1.94172   -0.80402   -0.80312   -0.80268   -0.79916
  -0.79669   -0.79501   -0.79355   -0.79332   -0.79215   -0.79118   -0.78954   -0.78848
  -0.37792   -0.34914   -0.33920   -0.33638   -0.32157   -0.31992   -0.31638   -0.31054
   0.08589    0.08875    0.09833    0.11191    0.11777    0.12640    0.12843    0.14111
   0.14246    0.16326    0.18004    0.18447    0.18831    0.19034    0.20112    0.21417
   0.21659    0.22306    0.23288    0.24334    0.24808    0.25608    0.26004    0.26602
   0.45682    0.46498
 kpt#  64, nband= 50, wtk=  0.00926, kpt=  0.1667  0.1667  0.3333 (reduced coord)
  -1.94389   -1.94291   -1.94261   -1.94172   -0.80463   -0.80349   -0.80219   -0.79852
  -0.79720   -0.79567   -0.79351   -0.79278   -0.79179   -0.79127   -0.78927   -0.78864
  -0.37565   -0.34994   -0.33999   -0.33679   -0.32230   -0.31975   -0.31738   -0.30937
   0.08551    0.09364    0.10005    0.10956    0.11937    0.12583    0.13342    0.14257
   0.14639    0.15905    0.17219    0.17901    0.19201    0.19678    0.20364    0.20812
   0.21740    0.22246    0.23376    0.24089    0.24602    0.25253    0.25922    0.26684
   0.44897    0.46076
 kpt#  65, nband= 50, wtk=  0.00926, kpt=  0.3333  0.1667  0.3333 (reduced coord)
  -1.94388   -1.94288   -1.94264   -1.94173   -0.80494   -0.80388   -0.80212   -0.79954
  -0.79728   -0.79539   -0.79294   -0.79236   -0.79127   -0.79093   -0.78967   -0.78879
  -0.36988   -0.35119   -0.34203   -0.33992   -0.32471   -0.31857   -0.31591   -0.30922
   0.08809    0.09729    0.10511    0.11373    0.11925    0.12612    0.14012    0.14106
   0.15153    0.15548    0.16603    0.17886    0.18722    0.19513    0.20058    0.21135
   0.21985    0.22209    0.22850    0.23766    0.24301    0.25252    0.25458    0.26725
   0.43821    0.44772
 kpt#  66, nband= 50, wtk=  0.00926, kpt=  0.5000  0.1667  0.3333 (reduced coord)
  -1.94387   -1.94285   -1.94267   -1.94173   -0.80468   -0.80419   -0.80176   -0.80117
  -0.79673   -0.79537   -0.79247   -0.79193   -0.79089   -0.79083   -0.79008   -0.78908
  -0.36572   -0.35173   -0.34425   -0.34241   -0.32504   -0.31758   -0.31498   -0.30983
   0.09341    0.09404    0.10841    0.11720    0.11868    0.12541    0.13948    0.14780
   0.15093    0.15868    0.16226    0.17511    0.18459    0.18602    0.20845    0.21238
   0.21942    0.22166    0.23110    0.23501    0.23773    0.24932    0.25657    0.26714
   0.43451    0.44086
 kpt#  67, nband= 50, wtk=  0.00926, kpt= -0.3333  0.1667  0.3333 (reduced coord)
  -1.94388   -1.94288   -1.94264   -1.94173   -0.80461   -0.80405   -0.80239   -0.79935
  -0.79704   -0.79575   -0.79308   -0.79223   -0.79152   -0.79071   -0.78937   -0.78901
  -0.36985   -0.35116   -0.34208   -0.33988   -0.32464   -0.31837   -0.31607   -0.30938
   0.08802    0.09712    0.10544    0.11417    0.11910    0.12636    0.13982    0.14012
   0.15189    0.15513    0.16548    0.18000    0.18729    0.19503    0.20063    0.21187
   0.21952    0.22185    0.22815    0.23856    0.24288    0.25236    0.25427    0.26743
   0.43914    0.44688
 kpt#  68, nband= 50, wtk=  0.00926, kpt= -0.1667  0.1667  0.3333 (reduced coord)
  -1.94389   -1.94291   -1.94261   -1.94172   -0.80434   -0.80354   -0.80252   -0.79821
  -0.79713   -0.79604   -0.79337   -0.79289   -0.79209   -0.79093   -0.78919   -0.78872
  -0.37562   -0.34994   -0.34013   -0.33657   -0.32230   -0.31955   -0.31756   -0.30952
   0.08544    0.09357    0.10021    0.10996    0.11927    0.12586    0.13272    0.14278
   0.14608    0.15918    0.17206    0.17952    0.19172    0.19641    0.20388    0.20792
   0.21804    0.22240    0.23370    0.24168    0.24541    0.25262    0.25910    0.26680
   0.44993    0.45944
 kpt#  69, nband= 50, wtk=  0.00926, kpt=  0.0000  0.3333  0.3333 (reduced coord)
  -1.94387   -1.94286   -1.94266   -1.94173   -0.80306   -0.80243   -0.80145   -0.80075
  -0.79694   -0.79566   -0.79497   -0.79307   -0.79157   -0.79065   -0.79004   -0.78864
  -0.36905   -0.34698   -0.34516   -0.33960   -0.32218   -0.31889   -0.31809   -0.31221
   0.09592    0.10540    0.10615    0.11451    0.11797    0.12698    0.13350    0.13588
   0.14930    0.15766    0.17053    0.17515    0.18374    0.19831    0.19890    0.20760
   0.21153    0.22135    0.22352    0.22920    0.24782    0.25493    0.25899    0.26350
   0.45469    0.47103
 kpt#  70, nband= 50, wtk=  0.00926, kpt=  0.1667  0.3333  0.3333 (reduced coord)
  -1.94387   -1.94286   -1.94266   -1.94174   -0.80461   -0.80340   -0.80250   -0.79994
  -0.79663   -0.79571   -0.79367   -0.79217   -0.79141   -0.79062   -0.78972   -0.78875
  -0.36819   -0.34926   -0.34620   -0.34129   -0.32049   -0.32016   -0.31640   -0.31005
   0.09561    0.10579    0.10897    0.11483    0.11936    0.12651    0.13506    0.14025
   0.14931    0.15536    0.16373    0.17903    0.18653    0.19919    0.20112    0.20968
   0.21114    0.22059    0.22252    0.22688    0.24401    0.25102    0.25830    0.26491
   0.44761    0.46439
 kpt#  71, nband= 50, wtk=  0.00926, kpt=  0.3333  0.3333  0.3333 (reduced coord)
  -1.94386   -1.94284   -1.94268   -1.94174   -0.80579   -0.80480   -0.80393   -0.80211
  -0.79482   -0.79387   -0.79236   -0.79160   -0.79107   -0.79025   -0.78934   -0.78893
  -0.36560   -0.35209   -0.34945   -0.34606   -0.32014   -0.31641   -0.31371   -0.30847
   0.09711    0.10611    0.11495    0.11654    0.11894    0.12589    0.13494    0.14402
   0.14797    0.16079    0.16368    0.17940    0.18739    0.19756    0.20327    0.20619
   0.21336    0.21782    0.22166    0.22834    0.23832    0.24944    0.25380    0.26402
   0.43692    0.45097
 kpt#  72, nband= 50, wtk=  0.00926, kpt=  0.5000  0.3333  0.3333 (reduced coord)
  -1.94386   -1.94283   -1.94269   -1.94174   -0.80587   -0.80551   -0.80423   -0.80367
  -0.79385   -0.79317   -0.79183   -0.79155   -0.79053   -0.78996   -0.78961   -0.78900
  -0.36341   -0.35316   -0.35106   -0.34959   -0.31911   -0.31425   -0.31283   -0.30849
   0.09968    0.10569    0.11596    0.11704    0.11908    0.12633    0.13471    0.14124
   0.15442    0.15983    0.16779    0.17670    0.18996    0.19403    0.20341    0.20661
   0.21507    0.21636    0.21964    0.22809    0.23517    0.25082    0.25124    0.26345
   0.43377    0.44137
 kpt#  73, nband= 50, wtk=  0.00926, kpt= -0.3333  0.3333  0.3333 (reduced coord)
  -1.94386   -1.94284   -1.94268   -1.94174   -0.80542   -0.80494   -0.80426   -0.80199
  -0.79467   -0.79384   -0.79270   -0.79162   -0.79115   -0.79006   -0.78936   -0.78887
  -0.36556   -0.35223   -0.34915   -0.34620   -0.32011   -0.31632   -0.31374   -0.30863
   0.09713    0.10606    0.11518    0.11670    0.11885    0.12620    0.13425    0.14396
   0.14797    0.16015    0.16369    0.17951    0.18808    0.19703    0.20371    0.20633
   0.21361    0.21786    0.22173    0.22836    0.23797    0.24970    0.25338    0.26417
   0.43768    0.45010
 kpt#  74, nband= 50, wtk=  0.00926, kpt= -0.1667  0.3333  0.3333 (reduced coord)
  -1.94387   -1.94286   -1.94266   -1.94174   -0.80422   -0.80341   -0.80304   -0.79963
  -0.79695   -0.79528   -0.79395   -0.79207   -0.79180   -0.79036   -0.78966   -0.78874
  -0.36815   -0.34948   -0.34591   -0.34132   -0.32030   -0.32024   -0.31650   -0.31017
   0.09563    0.10574    0.10915    0.11516    0.11902    0.12666    0.13437    0.14032
   0.14914    0.15536    0.16394    0.17928    0.18651    0.19859    0.20063    0.20953
   0.21251    0.22087    0.22252    0.22693    0.24337    0.25150    0.25832    0.26470
   0.44830    0.46355
 kpt#  75, nband= 50, wtk=  0.00926, kpt=  0.0000  0.5000  0.3333 (reduced coord)
  -1.94386   -1.94281   -1.94272   -1.94174   -0.80220   -0.80199   -0.80119   -0.80109
  -0.79733   -0.79694   -0.79422   -0.79403   -0.79079   -0.79036   -0.78980   -0.78950
  -0.35696   -0.35652   -0.34362   -0.34324   -0.32102   -0.32057   -0.31568   -0.31514
   0.10718    0.10914    0.11582    0.11664    0.11713    0.11800    0.14258    0.14589
   0.14849    0.14952    0.16459    0.16639    0.18649    0.18752    0.20140    0.20334
   0.21113    0.21351    0.22335    0.22493    0.25371    0.25455    0.25810    0.25904
   0.45641    0.45970
 kpt#  76, nband= 50, wtk=  0.00926, kpt=  0.1667  0.5000  0.3333 (reduced coord)
  -1.94386   -1.94281   -1.94271   -1.94174   -0.80411   -0.80366   -0.80207   -0.80162
  -0.79621   -0.79581   -0.79282   -0.79266   -0.79058   -0.79045   -0.78996   -0.78926
  -0.35793   -0.35743   -0.34571   -0.34490   -0.32046   -0.32035   -0.31302   -0.31275
   0.10668    0.10795    0.11319    0.11457    0.12318    0.12419    0.14311    0.14432
   0.14808    0.14984    0.16545    0.16693    0.18985    0.19029    0.20328    0.20467
   0.20975    0.21130    0.22284    0.22325    0.24939    0.25005    0.25952    0.26029
   0.45192    0.45392
 kpt#  77, nband= 50, wtk=  0.00926, kpt=  0.3333  0.5000  0.3333 (reduced coord)
  -1.94385   -1.94281   -1.94271   -1.94175   -0.80567   -0.80533   -0.80420   -0.80396
  -0.79381   -0.79356   -0.79150   -0.79113   -0.79057   -0.79038   -0.78975   -0.78893
  -0.35886   -0.35849   -0.35037   -0.34938   -0.31756   -0.31735   -0.31022   -0.31002
   0.10807    0.10871    0.11349    0.11442    0.12421    0.12580    0.13767    0.13885
   0.15645    0.15833    0.17087    0.17233    0.18996    0.19116    0.20134    0.20285
   0.20913    0.21006    0.22185    0.22252    0.24587    0.24657    0.25743    0.25809
   0.44398    0.44545
 kpt#  78, nband= 50, wtk=  0.00926, kpt=  0.5000  0.5000  0.3333 (reduced coord)
  -1.94385   -1.94281   -1.94271   -1.94175   -0.80596   -0.80574   -0.80537   -0.80516
  -0.79265   -0.79238   -0.79150   -0.79109   -0.79050   -0.78993   -0.78943   -0.78886
  -0.35874   -0.35831   -0.35295   -0.35236   -0.31561   -0.31528   -0.30965   -0.30919
   0.10965    0.11003    0.11412    0.11501    0.12450    0.12644    0.13275    0.13393
   0.16601    0.16837    0.16926    0.17139    0.19431    0.19487    0.19602    0.19783
   0.20934    0.21018    0.22008    0.22132    0.24420    0.24542    0.25691    0.25755
   0.44106    0.44308
 kpt#  79, nband= 50, wtk=  0.00926, kpt= -0.3333  0.5000  0.3333 (reduced coord)
  -1.94385   -1.94281   -1.94271   -1.94175   -0.80565   -0.80541   -0.80421   -0.80389
  -0.79391   -0.79341   -0.79146   -0.79122   -0.79086   -0.79002   -0.78956   -0.78919
  -0.35901   -0.35835   -0.34995   -0.34982   -0.31758   -0.31730   -0.31038   -0.30988
   0.10794    0.10883    0.11339    0.11449    0.12404    0.12599    0.13750    0.13903
   0.15594    0.15885    0.17120    0.17207    0.18952    0.19159    0.20113    0.20290
   0.20930    0.21009    0.22136    0.22292    0.24586    0.24650    0.25768    0.25793
   0.44387    0.44553
 kpt#  80, nband= 50, wtk=  0.00926, kpt= -0.1667  0.5000  0.3333 (reduced coord)
  -1.94386   -1.94281   -1.94271   -1.94174   -0.80404   -0.80381   -0.80201   -0.80161
  -0.79622   -0.79573   -0.79289   -0.79266   -0.79082   -0.79009   -0.78972   -0.78960
  -0.35792   -0.35746   -0.34547   -0.34515   -0.32065   -0.32011   -0.31315   -0.31264
   0.10654    0.10804    0.11349    0.11428    0.12295    0.12447    0.14294    0.14418
   0.14790    0.15028    0.16582    0.16661    0.18945    0.19068    0.20309    0.20489
   0.20967    0.21148    0.22216    0.22381    0.24910    0.25028    0.25960    0.26026
   0.45158    0.45432
 kpt#  81, nband= 50, wtk=  0.00926, kpt=  0.0000 -0.3333  0.3333 (reduced coord)
  -1.94387   -1.94286   -1.94266   -1.94173   -0.80323   -0.80249   -0.80124   -0.80069
  -0.79690   -0.79559   -0.79499   -0.79306   -0.79142   -0.79110   -0.78963   -0.78893
  -0.36894   -0.34685   -0.34508   -0.33919   -0.32242   -0.31910   -0.31805   -0.31262
   0.09690    0.10579    0.10653    0.11499    0.11716    0.12642    0.13390    0.13726
   0.14697    0.15610    0.17294    0.17346    0.18489    0.19797    0.19954    0.20624
   0.21216    0.22190    0.22251    0.22929    0.24802    0.25527    0.25861    0.26348
   0.45262    0.47122
 kpt#  82, nband= 50, wtk=  0.00926, kpt=  0.1667 -0.3333  0.3333 (reduced coord)
  -1.94387   -1.94286   -1.94266   -1.94174   -0.80430   -0.80349   -0.80287   -0.79958
  -0.79700   -0.79520   -0.79389   -0.79214   -0.79151   -0.79089   -0.78924   -0.78901
  -0.36808   -0.34907   -0.34595   -0.34112   -0.32071   -0.31994   -0.31694   -0.31036
   0.09589    0.10667    0.10959    0.11557    0.11864    0.12531    0.13498    0.14209
   0.14794    0.15458    0.16356    0.18024    0.18591    0.19844    0.20057    0.20812
   0.21240    0.22091    0.22234    0.22774    0.24349    0.25160    0.25845    0.26464
   0.44663    0.46418
 kpt#  83, nband= 50, wtk=  0.00926, kpt=  0.3333 -0.3333  0.3333 (reduced coord)
  -1.94386   -1.94284   -1.94268   -1.94174   -0.80551   -0.80497   -0.80411   -0.80198
  -0.79478   -0.79373   -0.79248   -0.79163   -0.79100   -0.79056   -0.78937   -0.78879
  -0.36562   -0.35171   -0.34894   -0.34626   -0.32007   -0.31664   -0.31430   -0.30850
   0.09696    0.10712    0.11518    0.11715    0.11896    0.12517    0.13452    0.14355
   0.14994    0.15970    0.16344    0.18004    0.18755    0.19550    0.20359    0.20613
   0.21256    0.21864    0.22168    0.22889    0.23760    0.24978    0.25345    0.26405
   0.43724    0.45108
 kpt#  84, nband= 50, wtk=  0.00926, kpt=  0.5000 -0.3333  0.3333 (reduced coord)
  -1.94386   -1.94283   -1.94269   -1.94174   -0.80600   -0.80549   -0.80411   -0.80364
  -0.79394   -0.79307   -0.79167   -0.79136   -0.79060   -0.79034   -0.78948   -0.78910
  -0.36358   -0.35257   -0.35073   -0.34973   -0.31909   -0.31477   -0.31339   -0.30814
   0.09960    0.10628    0.11617    0.11795    0.11895    0.12574    0.13421    0.14063
   0.15570    0.16179    0.16694    0.17577    0.19177    0.19243    0.20344    0.20556
   0.21382    0.21666    0.21984    0.22816    0.23553    0.25050    0.25103    0.26313
   0.43450    0.44189
 kpt#  85, nband= 50, wtk=  0.00926, kpt= -0.3333 -0.3333  0.3333 (reduced coord)
  -1.94386   -1.94284   -1.94268   -1.94174   -0.80587   -0.80486   -0.80381   -0.80205
  -0.79485   -0.79379   -0.79217   -0.79163   -0.79096   -0.79046   -0.78938   -0.78906
  -0.36567   -0.35155   -0.34917   -0.34624   -0.32007   -0.31666   -0.31433   -0.30835
   0.09693    0.10708    0.11499    0.11712    0.11891    0.12489    0.13527    0.14349
   0.14990    0.16037    0.16356    0.18002    0.18676    0.19616    0.20258    0.20666
   0.21224    0.21848    0.22164    0.22872    0.23803    0.24947    0.25396    0.26392
   0.43644    0.45175
 kpt#  86, nband= 50, wtk=  0.00926, kpt= -0.1667 -0.3333  0.3333 (reduced coord)
  -1.94387   -1.94286   -1.94266   -1.94174   -0.80469   -0.80348   -0.80239   -0.79986
  -0.79665   -0.79558   -0.79361   -0.79218   -0.79122   -0.79097   -0.78941   -0.78908
  -0.36813   -0.34884   -0.34624   -0.34114   -0.32084   -0.31983   -0.31690   -0.31024
   0.09583    0.10660    0.10953    0.11522    0.11897    0.12519    0.13567    0.14184
   0.14808    0.15474    0.16334    0.18011    0.18591    0.19889    0.20135    0.20798
   0.21135    0.22039    0.22240    0.22771    0.24406    0.25106    0.25859    0.26483
   0.44583    0.46511
 kpt#  87, nband= 50, wtk=  0.00926, kpt=  0.0000 -0.1667  0.3333 (reduced coord)
  -1.94389   -1.94292   -1.94259   -1.94172   -0.80429   -0.80282   -0.80270   -0.79909
  -0.79665   -0.79498   -0.79366   -0.79341   -0.79180   -0.79138   -0.78936   -0.78877
  -0.37785   -0.34898   -0.33898   -0.33594   -0.32188   -0.32049   -0.31610   -0.31093
   0.08656    0.08887    0.09880    0.11245    0.11701    0.12572    0.12912    0.14096
   0.14196    0.16287    0.18250    0.18305    0.18804    0.19032    0.19977    0.21304
   0.21772    0.22554    0.23097    0.24199    0.24919    0.25661    0.26018    0.26558
   0.45623    0.46435
 kpt#  88, nband= 50, wtk=  0.00926, kpt=  0.1667 -0.1667  0.3333 (reduced coord)
  -1.94389   -1.94291   -1.94261   -1.94172   -0.80448   -0.80342   -0.80249   -0.79819
  -0.79693   -0.79616   -0.79345   -0.79294   -0.79179   -0.79116   -0.78913   -0.78884
  -0.37557   -0.34966   -0.33984   -0.33641   -0.32252   -0.31996   -0.31760   -0.30974
   0.08557    0.09410    0.10060    0.11041    0.11900    0.12496    0.13371    0.14179
   0.14667    0.15963    0.17128    0.17919    0.19190    0.19717    0.20323    0.20738
   0.21747    0.22226    0.23288    0.24209    0.24617    0.25338    0.25906    0.26630
   0.44925    0.45975
 kpt#  89, nband= 50, wtk=  0.00926, kpt=  0.3333 -0.1667  0.3333 (reduced coord)
  -1.94388   -1.94288   -1.94264   -1.94173   -0.80463   -0.80407   -0.80235   -0.79932
  -0.79687   -0.79590   -0.79289   -0.79236   -0.79127   -0.79101   -0.78963   -0.78883
  -0.36986   -0.35075   -0.34171   -0.33988   -0.32477   -0.31876   -0.31649   -0.30932
   0.08791    0.09769    0.10591    0.11401    0.11955    0.12563    0.13931    0.14098
   0.15221    0.15635    0.16466    0.17897    0.18749    0.19429    0.20138    0.21225
   0.21806    0.22148    0.22793    0.23871    0.24319    0.25253    0.25440    0.26714
   0.43916    0.44754
 kpt#  90, nband= 50, wtk=  0.00926, kpt=  0.5000 -0.1667  0.3333 (reduced coord)
  -1.94387   -1.94285   -1.94267   -1.94173   -0.80468   -0.80425   -0.80182   -0.80103
  -0.79645   -0.79562   -0.79232   -0.79178   -0.79124   -0.79091   -0.78982   -0.78929
  -0.36581   -0.35127   -0.34418   -0.34201   -0.32521   -0.31820   -0.31541   -0.30955
   0.09373    0.09407    0.10856    0.11755    0.11856    0.12510    0.14004    0.14754
   0.15159    0.16021    0.16100    0.17419    0.18443    0.18621    0.20971    0.21202
   0.21964    0.22018    0.22982    0.23507    0.23850    0.24862    0.25678    0.26701
   0.43528    0.44119
 kpt#  91, nband= 50, wtk=  0.00926, kpt= -0.3333 -0.1667  0.3333 (reduced coord)
  -1.94388   -1.94288   -1.94264   -1.94173   -0.80497   -0.80395   -0.80206   -0.79952
  -0.79704   -0.79549   -0.79292   -0.79235   -0.79136   -0.79077   -0.78974   -0.78896
  -0.36990   -0.35078   -0.34156   -0.34004   -0.32478   -0.31896   -0.31635   -0.30916
   0.08797    0.09776    0.10559    0.11361    0.11965    0.12554    0.13970    0.14172
   0.15192    0.15669    0.16522    0.17788    0.18746    0.19437    0.20114    0.21185
   0.21858    0.22157    0.22835    0.23786    0.24318    0.25270    0.25467    0.26702
   0.43811    0.44828
 kpt#  92, nband= 50, wtk=  0.00926, kpt= -0.1667 -0.1667  0.3333 (reduced coord)
  -1.94389   -1.94291   -1.94261   -1.94172   -0.80478   -0.80339   -0.80218   -0.79851
  -0.79701   -0.79567   -0.79360   -0.79281   -0.79167   -0.79125   -0.78917   -0.78894
  -0.37561   -0.34966   -0.33970   -0.33663   -0.32248   -0.32014   -0.31747   -0.30960
   0.08564    0.09411    0.10047    0.10997    0.11886    0.12521    0.13437    0.14175
   0.14679    0.15956    0.17146    0.17873    0.19214    0.19748    0.20299    0.20774
   0.21661    0.22250    0.23298    0.24126    0.24662    0.25321    0.25937    0.26633
   0.44806    0.46102
 kpt#  93, nband= 50, wtk=  0.00463, kpt=  0.0000  0.0000  0.5000 (reduced coord)
  -1.94388   -1.94296   -1.94256   -1.94172   -0.80161   -0.80145   -0.80116   -0.80091
  -0.79758   -0.79711   -0.79417   -0.79398   -0.79077   -0.79031   -0.79029   -0.78982
  -0.36450   -0.36389   -0.33516   -0.33447   -0.32185   -0.32176   -0.31510   -0.31491
   0.09145    0.09188    0.10455    0.10487    0.12572    0.12611    0.12904    0.12982
   0.14960    0.15048    0.17739    0.17832    0.19331    0.19459    0.20681    0.20878
   0.21318    0.21470    0.24364    0.24427    0.25210    0.25287    0.26235    0.26326
   0.45967    0.46265
 kpt#  94, nband= 50, wtk=  0.00926, kpt=  0.1667  0.0000  0.5000 (reduced coord)
  -1.94388   -1.94294   -1.94258   -1.94172   -0.80245   -0.80230   -0.80030   -0.80015
  -0.79809   -0.79779   -0.79335   -0.79329   -0.79104   -0.79078   -0.78997   -0.78972
  -0.36334   -0.36273   -0.33561   -0.33497   -0.32340   -0.32330   -0.31427   -0.31414
   0.09084    0.09121    0.10619    0.10643    0.12549    0.12622    0.13430    0.13510
   0.15323    0.15362    0.17446    0.17550    0.18666    0.18740    0.20619    0.20773
   0.21817    0.21859    0.23946    0.23962    0.25337    0.25408    0.26024    0.26096
   0.45037    0.45171
 kpt#  95, nband= 50, wtk=  0.00926, kpt=  0.3333  0.0000  0.5000 (reduced coord)
  -1.94387   -1.94289   -1.94263   -1.94173   -0.80331   -0.80312   -0.80005   -0.79980
  -0.79817   -0.79792   -0.79273   -0.79217   -0.79164   -0.79154   -0.78961   -0.78934
  -0.36072   -0.36010   -0.33694   -0.33645   -0.32565   -0.32560   -0.31330   -0.31322
   0.09282    0.09327    0.10754    0.10778    0.12312    0.12420    0.14469    0.14549
   0.16007    0.16052    0.16910    0.17070    0.18235    0.18283    0.20150    0.20244
   0.22040    0.22089    0.23289    0.23339    0.24978    0.25062    0.26039    0.26084
   0.43973    0.44054
 kpt#  96, nband= 50, wtk=  0.00463, kpt=  0.5000  0.0000  0.5000 (reduced coord)
  -1.94387   -1.94286   -1.94266   -1.94173   -0.80363   -0.80342   -0.80041   -0.80007
  -0.79764   -0.79714   -0.79344   -0.79270   -0.79118   -0.79108   -0.78955   -0.78922
  -0.35920   -0.35858   -0.33791   -0.33752   -0.32655   -0.32645   -0.31300   -0.31293
   0.09612    0.09692    0.10611    0.10678    0.12063    0.12189    0.14915    0.15017
   0.16437    0.16512    0.16590    0.16761    0.18846    0.18999    0.19345    0.19402
   0.21548    0.21651    0.23334    0.23453    0.24627    0.24671    0.26109    0.26149
   0.43540    0.43612
 kpt#  97, nband= 50, wtk=  0.00926, kpt=  0.0000  0.1667  0.5000 (reduced coord)
  -1.94388   -1.94293   -1.94259   -1.94172   -0.80197   -0.80148   -0.80107   -0.80072
  -0.79783   -0.79747   -0.79369   -0.79359   -0.79136   -0.79089   -0.78981   -0.78938
  -0.36257   -0.36195   -0.33710   -0.33635   -0.32151   -0.32136   -0.31584   -0.31554
   0.09626    0.09692    0.10743    0.10785    0.12552    0.12660    0.13140    0.13200
   0.14859    0.14948    0.17360    0.17432    0.19539    0.19657    0.20036    0.20196
   0.21786    0.21819    0.23885    0.23954    0.24921    0.25008    0.25963    0.26016
   0.45989    0.46239
 kpt#  98, nband= 50, wtk=  0.00926, kpt=  0.1667  0.1667  0.5000 (reduced coord)
  -1.94387   -1.94292   -1.94261   -1.94173   -0.80353   -0.80301   -0.80034   -0.80018
  -0.79770   -0.79716   -0.79334   -0.79281   -0.79129   -0.79053   -0.78987   -0.78946
  -0.36213   -0.36133   -0.33860   -0.33771   -0.32310   -0.32099   -0.31538   -0.31295
   0.09529    0.09578    0.10839    0.11019    0.12387    0.13013    0.13426    0.13616
   0.15067    0.15388    0.16687    0.17311    0.18968    0.19143    0.20594    0.20803
   0.21600    0.21875    0.23617    0.23911    0.24250    0.25057    0.25618    0.26302
   0.44706    0.45782
 kpt#  99, nband= 50, wtk=  0.00926, kpt=  0.3333  0.1667  0.5000 (reduced coord)
  -1.94387   -1.94288   -1.94264   -1.94173   -0.80464   -0.80430   -0.80155   -0.80131
  -0.79640   -0.79562   -0.79260   -0.79173   -0.79138   -0.79070   -0.78968   -0.78927
  -0.36079   -0.35987   -0.34193   -0.34130   -0.32212   -0.32148   -0.31297   -0.31162
   0.09591    0.09897    0.10715    0.11330    0.12295    0.12651    0.13839    0.14679
   0.15582    0.15930    0.16625    0.17382    0.18486    0.18774    0.20115    0.20852
   0.21789    0.22093    0.22754    0.23496    0.24000    0.24783    0.25850    0.25892
   0.43626    0.44347
 kpt# 100, nband= 50, wtk=  0.00926, kpt=  0.5000  0.1667  0.5000 (reduced coord)
  -1.94387   -1.94285   -1.94267   -1.94173   -0.80493   -0.80466   -0.80234   -0.80199
  -0.79551   -0.79492   -0.79251   -0.79177   -0.79101   -0.79082   -0.78953   -0.78916
  -0.35971   -0.35902   -0.34390   -0.34339   -0.32131   -0.32106   -0.31200   -0.31168
   0.10036    0.10089    0.10853    0.10896    0.12212    0.12346    0.14234    0.14342
   0.16429    0.16572    0.16777    0.16960    0.18869    0.18924    0.19957    0.20041
   0.21746    0.21872    0.22854    0.22978    0.24140    0.24267    0.25901    0.25926
   0.43430    0.43516
 kpt# 101, nband= 50, wtk=  0.00926, kpt= -0.3333  0.1667  0.5000 (reduced coord)
  -1.94387   -1.94288   -1.94264   -1.94173   -0.80447   -0.80427   -0.80184   -0.80114
  -0.79641   -0.79585   -0.79212   -0.79201   -0.79152   -0.79071   -0.78959   -0.78924
  -0.36134   -0.35919   -0.34240   -0.34091   -0.32196   -0.32143   -0.31301   -0.31186
   0.09559    0.09926    0.10730    0.11354    0.12381    0.12554    0.13758    0.14692
   0.15612    0.15940    0.16535    0.17466    0.18463    0.18770    0.20197    0.20774
   0.21852    0.22124    0.22706    0.23437    0.24067    0.24729    0.25873    0.25906
   0.43710    0.44262
 kpt# 102, nband= 50, wtk=  0.00926, kpt= -0.1667  0.1667  0.5000 (reduced coord)
  -1.94387   -1.94292   -1.94260   -1.94173   -0.80327   -0.80304   -0.80048   -0.80014
  -0.79792   -0.79725   -0.79315   -0.79279   -0.79142   -0.79053   -0.78989   -0.78937
  -0.36269   -0.36066   -0.33920   -0.33713   -0.32305   -0.32080   -0.31545   -0.31321
   0.09524    0.09569    0.10858    0.11051    0.12377    0.12917    0.13497    0.13626
   0.15113    0.15316    0.16655    0.17331    0.18978    0.19079    0.20594    0.20816
   0.21683    0.21917    0.23569    0.23940    0.24236    0.24999    0.25685    0.26278
   0.44815    0.45616
 kpt# 103, nband= 50, wtk=  0.00926, kpt=  0.0000  0.3333  0.5000 (reduced coord)
  -1.94386   -1.94287   -1.94265   -1.94174   -0.80228   -0.80190   -0.80103   -0.80074
  -0.79759   -0.79730   -0.79402   -0.79391   -0.79122   -0.79083   -0.78950   -0.78913
  -0.35725   -0.35658   -0.34246   -0.34169   -0.32055   -0.32027   -0.31743   -0.31703
   0.10587    0.10633    0.11641    0.11726    0.12470    0.12560    0.13813    0.13847
   0.14728    0.14817    0.16856    0.16990    0.18046    0.18316    0.20345    0.20491
   0.21999    0.22134    0.22614    0.22788    0.24388    0.24432    0.25688    0.25744
   0.46142    0.46296
 kpt# 104, nband= 50, wtk=  0.00926, kpt=  0.1667  0.3333  0.5000 (reduced coord)
  -1.94386   -1.94286   -1.94266   -1.94174   -0.80429   -0.80357   -0.80202   -0.80154
  -0.79591   -0.79566   -0.79341   -0.79247   -0.79104   -0.79057   -0.78956   -0.78915
  -0.35856   -0.35714   -0.34499   -0.34425   -0.31950   -0.31911   -0.31613   -0.31327
   0.10273    0.10846    0.11634    0.11702    0.12355    0.13038    0.13771    0.13929
   0.14977    0.15242    0.16393    0.16537    0.18674    0.19207    0.20396    0.20699
   0.21646    0.21905    0.22287    0.22366    0.24136    0.24664    0.25140    0.26204
   0.44788    0.46644
 kpt# 105, nband= 50, wtk=  0.00926, kpt=  0.3333  0.3333  0.5000 (reduced coord)
  -1.94386   -1.94284   -1.94268   -1.94174   -0.80602   -0.80550   -0.80397   -0.80367
  -0.79355   -0.79320   -0.79213   -0.79123   -0.79082   -0.79019   -0.78947   -0.78905
  -0.35987   -0.35855   -0.34971   -0.34900   -0.31671   -0.31606   -0.31213   -0.31040
   0.10521    0.10580    0.11695    0.12112    0.12193    0.13028    0.13243    0.13501
   0.15932    0.16144    0.16606    0.17039    0.18974    0.19249    0.20428    0.20588
   0.21230    0.21715    0.22193    0.22248    0.23726    0.24445    0.25244    0.25786
   0.43627    0.44825
 kpt# 106, nband= 50, wtk=  0.00926, kpt=  0.5000  0.3333  0.5000 (reduced coord)
  -1.94385   -1.94283   -1.94269   -1.94175   -0.80648   -0.80615   -0.80497   -0.80461
  -0.79265   -0.79220   -0.79148   -0.79097   -0.79070   -0.79016   -0.78935   -0.78885
  -0.35994   -0.35919   -0.35204   -0.35141   -0.31471   -0.31449   -0.31036   -0.31001
   0.10717    0.10735    0.11839    0.11890    0.12410    0.12557    0.13108    0.13214
   0.16444    0.16519    0.17211    0.17293    0.19197    0.19254    0.19852    0.19975
   0.21714    0.21762    0.22327    0.22408    0.23620    0.23714    0.25489    0.25506
   0.43552    0.43603
 kpt# 107, nband= 50, wtk=  0.00926, kpt= -0.3333  0.3333  0.5000 (reduced coord)
  -1.94386   -1.94284   -1.94268   -1.94174   -0.80571   -0.80553   -0.80439   -0.80348
  -0.79361   -0.79328   -0.79178   -0.79139   -0.79106   -0.79027   -0.78940   -0.78887
  -0.36040   -0.35785   -0.34970   -0.34912   -0.31670   -0.31583   -0.31214   -0.31070
   0.10523    0.10571    0.11720    0.12146    0.12215    0.12931    0.13233    0.13508
   0.15884    0.16202    0.16626    0.17021    0.18970    0.19228    0.20383    0.20572
   0.21263    0.21786    0.22223    0.22286    0.23619    0.24465    0.25297    0.25757
   0.43668    0.44761
 kpt# 108, nband= 50, wtk=  0.00926, kpt= -0.1667  0.3333  0.5000 (reduced coord)
  -1.94386   -1.94286   -1.94266   -1.94174   -0.80394   -0.80364   -0.80239   -0.80139
  -0.79605   -0.79571   -0.79325   -0.79242   -0.79121   -0.79069   -0.78947   -0.78905
  -0.35911   -0.35644   -0.34497   -0.34434   -0.31938   -0.31901   -0.31619   -0.31351
   0.10274    0.10830    0.11648    0.11731    0.12328    0.13045    0.13755    0.13963
   0.14996    0.15160    0.16407    0.16545    0.18658    0.19159    0.20388    0.20687
   0.21700    0.21904    0.22331    0.22462    0.24020    0.24666    0.25203    0.26168
   0.44841    0.46414
 kpt# 109, nband= 50, wtk=  0.00463, kpt=  0.0000  0.5000  0.5000 (reduced coord)
  -1.94385   -1.94282   -1.94271   -1.94175   -0.80214   -0.80204   -0.80136   -0.80124
  -0.79620   -0.79584   -0.79567   -0.79545   -0.79051   -0.79016   -0.78965   -0.78931
  -0.35010   -0.34974   -0.34931   -0.34893   -0.31938   -0.31912   -0.31876   -0.31851
   0.11314    0.11351    0.11449    0.11488    0.13631    0.13649    0.13778    0.13807
   0.15200    0.15260    0.15426    0.15483    0.18901    0.18969    0.19087    0.19153
   0.22004    0.22022    0.22227    0.22239    0.24905    0.24978    0.25035    0.25109
   0.46699    0.46836
 kpt# 110, nband= 50, wtk=  0.00926, kpt=  0.1667  0.5000  0.5000 (reduced coord)
  -1.94385   -1.94282   -1.94271   -1.94175   -0.80397   -0.80347   -0.80324   -0.80269
  -0.79460   -0.79432   -0.79386   -0.79362   -0.79049   -0.79009   -0.78962   -0.78924
  -0.35294   -0.35220   -0.35139   -0.35060   -0.31757   -0.31731   -0.31593   -0.31541
   0.11046    0.11091    0.11834    0.11850    0.13350    0.13389    0.13577    0.13600
   0.15523    0.15586    0.15821    0.15851    0.19243    0.19325    0.19491    0.19520
   0.21618    0.21648    0.21832    0.21878    0.24572    0.24675    0.25399    0.25478
   0.45686    0.45775
 kpt# 111, nband= 50, wtk=  0.00926, kpt=  0.3333  0.5000  0.5000 (reduced coord)
  -1.94385   -1.94281   -1.94271   -1.94175   -0.80600   -0.80564   -0.80541   -0.80503
  -0.79226   -0.79210   -0.79185   -0.79158   -0.79036   -0.78982   -0.78951   -0.78902
  -0.35665   -0.35593   -0.35534   -0.35459   -0.31337   -0.31312   -0.31202   -0.31154
   0.11214    0.11233    0.11738    0.11758    0.12873    0.12932    0.13291    0.13377
   0.16207    0.16338    0.16686    0.16768    0.19363    0.19425    0.19552    0.19620
   0.21400    0.21464    0.21709    0.21791    0.24454    0.24544    0.25149    0.25223
   0.44653    0.44721
 kpt# 112, nband= 50, wtk=  0.00463, kpt=  0.5000  0.5000  0.5000 (reduced coord)
  -1.94385   -1.94281   -1.94271   -1.94175   -0.80667   -0.80657   -0.80622   -0.80603
  -0.79151   -0.79133   -0.79110   -0.79095   -0.79014   -0.78958   -0.78936   -0.78882
  -0.35796   -0.35743   -0.35721   -0.35668   -0.31107   -0.31087   -0.31065   -0.31040
   0.11495    0.11513    0.11557    0.11572    0.12765    0.12825    0.13011    0.13064
   0.16685    0.16767    0.17041    0.17113    0.19208    0.19305    0.19395    0.19496
   0.21610    0.21667    0.21758    0.21805    0.24579    0.24645    0.24696    0.24750
   0.44491    0.44578
