 Fermi (or HOMO) energy (hartree) =   0.27670   Average Vxc (hartree)=  -0.44595
 Eigenvalues (hartree) for nkpt= 112  k points:
 kpt#   1, nband= 50, wtk=  0.00463, kpt=  0.0000  0.0000  0.0000 (reduced coord)
  -1.94317   -1.94250   -1.94247   -1.94247   -0.80506   -0.80497   -0.80468   -0.79360
  -0.79287   -0.79252   -0.79187   -0.79145   -0.79124   -0.78815   -0.78670   -0.78668
  -0.39519   -0.33820   -0.32981   -0.32878   -0.31888   -0.31643   -0.31557   -0.29837
   0.06058    0.06085    0.07215    0.09600    0.10317    0.10397    0.16071    0.16369
   0.16654    0.16943    0.17209    0.17212    0.21887    0.22417    0.22431    0.22920
   0.24462    0.25325    0.25326    0.25372    0.25457    0.26577    0.26913    0.27517
   0.44588    0.44608
 kpt#   2, nband= 50, wtk=  0.00926, kpt=  0.1667  0.0000  0.0000 (reduced coord)
  -1.94312   -1.94252   -1.94250   -1.94247   -0.80412   -0.80394   -0.80393   -0.79385
  -0.79339   -0.79245   -0.79197   -0.79168   -0.79138   -0.78839   -0.78806   -0.78708
  -0.39044   -0.33675   -0.32925   -0.32712   -0.32148   -0.31952   -0.31759   -0.30052
   0.06651    0.07064    0.07148    0.09838    0.10469    0.11996    0.15010    0.15245
   0.16111    0.16114    0.17197    0.17576    0.21445    0.21981    0.22000    0.23067
   0.24806    0.24824    0.25018    0.25649    0.25729    0.25933    0.26999    0.27558
   0.45266    0.45461
 kpt#   3, nband= 50, wtk=  0.00926, kpt=  0.3333  0.0000  0.0000 (reduced coord)
  -1.94299   -1.94265   -1.94249   -1.94248   -0.80187   -0.80176   -0.80082   -0.79607
  -0.79506   -0.79290   -0.79177   -0.79168   -0.79107   -0.79092   -0.78910   -0.78811
  -0.37715   -0.33820   -0.33282   -0.32635   -0.32421   -0.32130   -0.31914   -0.30626
   0.07823    0.08260    0.09898    0.10542    0.11339    0.12466    0.13410    0.13642
   0.14460    0.15345    0.18206    0.18348    0.18484    0.20646    0.20876    0.22942
   0.23606    0.23732    0.25394    0.25776    0.26459    0.26853    0.26973    0.27663
   0.46744    0.47130
 kpt#   4, nband= 50, wtk=  0.00463, kpt=  0.5000  0.0000  0.0000 (reduced coord)
  -1.94282   -1.94282   -1.94249   -1.94248   -0.79901   -0.79900   -0.79847   -0.79847
  -0.79638   -0.79637   -0.79232   -0.79231   -0.79012   -0.79011   -0.78952   -0.78951
  -0.35822   -0.35822   -0.32771   -0.32771   -0.32383   -0.32383   -0.31363   -0.31363
   0.09465    0.09466    0.11070    0.11070    0.11747    0.11747    0.12751    0.12751
   0.13975    0.13976    0.18872    0.18873    0.19548    0.19548    0.19823    0.19824
   0.23606    0.23606    0.25836    0.25836    0.26826    0.26827    0.27540    0.27540
   0.47936    0.48196
 kpt#   5, nband= 50, wtk=  0.00926, kpt=  0.0000  0.1667  0.0000 (reduced coord)
  -1.94312   -1.94252   -1.94250   -1.94247   -0.80419   -0.80394   -0.80386   -0.79421
  -0.79278   -0.79244   -0.79222   -0.79169   -0.79137   -0.78841   -0.78807   -0.78706
  -0.39046   -0.33664   -0.32803   -0.32788   -0.32252   -0.31948   -0.31703   -0.30067
   0.06637    0.07073    0.07125    0.09839    0.10615    0.11886    0.15145    0.15211
   0.16010    0.16229    0.17255    0.17458    0.21447    0.21855    0.22101    0.23774
   0.24136    0.24140    0.24887    0.25825    0.26007    0.26539    0.26690    0.27558
   0.45111    0.45347
 kpt#   6, nband= 50, wtk=  0.00926, kpt=  0.1667  0.1667  0.0000 (reduced coord)
  -1.94308   -1.94252   -1.94252   -1.94250   -0.80331   -0.80324   -0.80322   -0.79387
  -0.79384   -0.79353   -0.79180   -0.79151   -0.79088   -0.78977   -0.78872   -0.78688
  -0.38611   -0.33579   -0.32794   -0.32730   -0.32247   -0.32202   -0.31993   -0.30252
   0.07292    0.07598    0.07603    0.10009    0.10915    0.13019    0.14407    0.14427
   0.15859    0.16448    0.16473    0.17339    0.21078    0.21715    0.22187    0.22300
   0.24224    0.24876    0.24968    0.24989    0.25902    0.26120    0.26840    0.27578
   0.45507    0.46197
 kpt#   7, nband= 50, wtk=  0.00926, kpt=  0.3333  0.1667  0.0000 (reduced coord)
  -1.94296   -1.94264   -1.94252   -1.94250   -0.80152   -0.80125   -0.80084   -0.79629
  -0.79557   -0.79313   -0.79297   -0.79102   -0.79095   -0.79061   -0.78949   -0.78760
  -0.37395   -0.33827   -0.33350   -0.32780   -0.32475   -0.32119   -0.31976   -0.30747
   0.08172    0.09069    0.10224    0.10550    0.11782    0.12393    0.13158    0.13828
   0.14843    0.15977    0.17478    0.18045    0.18783    0.20283    0.20572    0.22756
   0.23172    0.23488    0.24757    0.25192    0.26363    0.26773    0.26837    0.27633
   0.46385    0.47484
 kpt#   8, nband= 50, wtk=  0.00926, kpt=  0.5000  0.1667  0.0000 (reduced coord)
  -1.94280   -1.94279   -1.94251   -1.94250   -0.79904   -0.79903   -0.79869   -0.79869
  -0.79691   -0.79690   -0.79181   -0.79181   -0.79033   -0.79032   -0.78904   -0.78903
  -0.35660   -0.35660   -0.33048   -0.33048   -0.32300   -0.32300   -0.31390   -0.31390
   0.09885    0.09885    0.11414    0.11414    0.11466    0.11467    0.13166    0.13166
   0.14599    0.14600    0.18776    0.18776    0.18845    0.18845    0.20048    0.20049
   0.23170    0.23170    0.25136    0.25136    0.26613    0.26614    0.27473    0.27473
   0.47222    0.47276
 kpt#   9, nband= 50, wtk=  0.00926, kpt= -0.3333  0.1667  0.0000 (reduced coord)
  -1.94296   -1.94264   -1.94252   -1.94250   -0.80152   -0.80125   -0.80084   -0.79629
  -0.79557   -0.79313   -0.79297   -0.79102   -0.79095   -0.79061   -0.78949   -0.78760
  -0.37395   -0.33827   -0.33350   -0.32780   -0.32475   -0.32119   -0.31976   -0.30747
   0.08172    0.09069    0.10224    0.10550    0.11782    0.12393    0.13158    0.13828
   0.14843    0.15977    0.17478    0.18045    0.18783    0.20283    0.20572    0.22756
   0.23172    0.23488    0.24757    0.25192    0.26363    0.26773    0.26837    0.27633
   0.46385    0.47460
 kpt#  10, nband= 50, wtk=  0.00926, kpt= -0.1667  0.1667  0.0000 (reduced coord)
  -1.94308   -1.94252   -1.94252   -1.94250   -0.80331   -0.80324   -0.80322   -0.79387
  -0.79384   -0.79353   -0.79180   -0.79151   -0.79088   -0.78977   -0.78872   -0.78688
  -0.38611   -0.33579   -0.32794   -0.32730   -0.32247   -0.32202   -0.31993   -0.30252
   0.07292    0.07598    0.07603    0.10009    0.10915    0.13019    0.14407    0.14427
   0.15859    0.16448    0.16473    0.17339    0.21078    0.21715    0.22187    0.22300
   0.24224    0.24876    0.24968    0.24989    0.25902    0.26120    0.26840    0.27578
   0.45507    0.46200
 kpt#  11, nband= 50, wtk=  0.00926, kpt=  0.0000  0.3333  0.0000 (reduced coord)
  -1.94299   -1.94265   -1.94249   -1.94248   -0.80190   -0.80181   -0.80076   -0.79623
  -0.79505   -0.79252   -0.79171   -0.79167   -0.79140   -0.79082   -0.78918   -0.78809
  -0.37725   -0.33832   -0.33240   -0.32607   -0.32251   -0.32114   -0.32108   -0.30683
   0.07798    0.08260    0.09869    0.10554    0.11489    0.12514    0.13429    0.13660
   0.14504    0.15386    0.18206    0.18282    0.18398    0.20675    0.21123    0.22845
   0.23183    0.23671    0.25223    0.26316    0.26455    0.26665    0.27006    0.27670
   0.46133    0.46752
 kpt#  12, nband= 50, wtk=  0.00926, kpt=  0.1667  0.3333  0.0000 (reduced coord)
  -1.94296   -1.94264   -1.94251   -1.94250   -0.80155   -0.80128   -0.80079   -0.79628
  -0.79571   -0.79312   -0.79266   -0.79130   -0.79086   -0.79052   -0.78960   -0.78758
  -0.37402   -0.33849   -0.33322   -0.32697   -0.32436   -0.32107   -0.32081   -0.30786
   0.08162    0.09108    0.10173    0.10558    0.11870    0.12376    0.13205    0.13849
   0.14881    0.16039    0.17519    0.17915    0.18711    0.20429    0.20623    0.22732
   0.23082    0.23089    0.25136    0.25148    0.26232    0.26703    0.26969    0.27636
   0.46020    0.46758
 kpt#  13, nband= 50, wtk=  0.00926, kpt=  0.3333  0.3333  0.0000 (reduced coord)
  -1.94287   -1.94261   -1.94261   -1.94253   -0.80062   -0.80060   -0.79965   -0.79825
  -0.79570   -0.79438   -0.79429   -0.79100   -0.78995   -0.78987   -0.78968   -0.78748
  -0.36497   -0.33831   -0.33798   -0.33516   -0.32093   -0.32073   -0.32024   -0.31084
   0.09179    0.10675    0.10839    0.10972    0.12568    0.12702    0.12848    0.13892
   0.15914    0.15921    0.17630    0.18005    0.18658    0.18917    0.20654    0.20788
   0.21400    0.23417    0.23516    0.24009    0.26654    0.26797    0.26882    0.27543
   0.45857    0.46448
 kpt#  14, nband= 50, wtk=  0.00926, kpt=  0.5000  0.3333  0.0000 (reduced coord)
  -1.94274   -1.94273   -1.94257   -1.94257   -0.79979   -0.79979   -0.79905   -0.79905
  -0.79646   -0.79645   -0.79265   -0.79265   -0.78946   -0.78946   -0.78839   -0.78839
  -0.35194   -0.35194   -0.33714   -0.33713   -0.32079   -0.32079   -0.31530   -0.31530
   0.10460    0.10460    0.10993    0.10993    0.13061    0.13061    0.14275    0.14275
   0.15581    0.15581    0.17299    0.17300    0.18657    0.18657    0.20724    0.20724
   0.21063    0.21063    0.23592    0.23592    0.26754    0.26754    0.27320    0.27320
   0.46091    0.46204
 kpt#  15, nband= 50, wtk=  0.00926, kpt= -0.3333  0.3333  0.0000 (reduced coord)
  -1.94287   -1.94261   -1.94261   -1.94253   -0.80062   -0.80060   -0.79965   -0.79825
  -0.79570   -0.79438   -0.79429   -0.79100   -0.78995   -0.78987   -0.78968   -0.78748
  -0.36497   -0.33831   -0.33798   -0.33516   -0.32093   -0.32073   -0.32024   -0.31084
   0.09179    0.10675    0.10839    0.10972    0.12568    0.12702    0.12848    0.13892
   0.15914    0.15921    0.17630    0.18005    0.18658    0.18917    0.20654    0.20788
   0.21400    0.23417    0.23516    0.24009    0.26654    0.26797    0.26882    0.27543
   0.45859    0.46432
 kpt#  16, nband= 50, wtk=  0.00926, kpt= -0.1667  0.3333  0.0000 (reduced coord)
  -1.94296   -1.94264   -1.94251   -1.94250   -0.80155   -0.80128   -0.80079   -0.79628
  -0.79571   -0.79312   -0.79266   -0.79130   -0.79086   -0.79052   -0.78960   -0.78758
  -0.37402   -0.33849   -0.33322   -0.32697   -0.32436   -0.32107   -0.32081   -0.30786
   0.08162    0.09108    0.10173    0.10558    0.11870    0.12376    0.13205    0.13849
   0.14881    0.16039    0.17519    0.17915    0.18711    0.20429    0.20623    0.22732
   0.23082    0.23089    0.25136    0.25148    0.26232    0.26703    0.26969    0.27636
   0.46020    0.46736
 kpt#  17, nband= 50, wtk=  0.00463, kpt=  0.0000  0.5000  0.0000 (reduced coord)
  -1.94282   -1.94282   -1.94249   -1.94249   -0.79908   -0.79908   -0.79848   -0.79848
  -0.79634   -0.79634   -0.79214   -0.79214   -0.79028   -0.79028   -0.78947   -0.78947
  -0.35840   -0.35839   -0.32670   -0.32669   -0.32352   -0.32352   -0.31488   -0.31487
   0.09437    0.09437    0.11141    0.11141    0.11767    0.11767    0.12858    0.12858
   0.13904    0.13906    0.19245    0.19246    0.19358    0.19360    0.19712    0.19713
   0.23314    0.23315    0.26153    0.26153    0.26598    0.26599    0.27590    0.27591
   0.46761    0.46792
 kpt#  18, nband= 50, wtk=  0.00926, kpt=  0.1667  0.5000  0.0000 (reduced coord)
  -1.94280   -1.94280   -1.94251   -1.94251   -0.79904   -0.79904   -0.79876   -0.79876
  -0.79687   -0.79687   -0.79157   -0.79157   -0.79056   -0.79056   -0.78900   -0.78900
  -0.35676   -0.35676   -0.32979   -0.32979   -0.32272   -0.32272   -0.31479   -0.31478
   0.09913    0.09914    0.11403    0.11404    0.11465    0.11465    0.13248    0.13249
   0.14569    0.14570    0.18937    0.18937    0.18956    0.18957    0.19829    0.19830
   0.22942    0.22942    0.25314    0.25314    0.26513    0.26513    0.27515    0.27516
   0.46463    0.46618
 kpt#  19, nband= 50, wtk=  0.00926, kpt=  0.3333  0.5000  0.0000 (reduced coord)
  -1.94274   -1.94274   -1.94257   -1.94257   -0.79979   -0.79979   -0.79906   -0.79906
  -0.79646   -0.79646   -0.79260   -0.79259   -0.78951   -0.78951   -0.78837   -0.78837
  -0.35206   -0.35206   -0.33689   -0.33688   -0.32059   -0.32059   -0.31566   -0.31566
   0.10513    0.10514    0.10968    0.10968    0.13022    0.13022    0.14266    0.14267
   0.15568    0.15569    0.17402    0.17403    0.18795    0.18796    0.20612    0.20614
   0.20882    0.20882    0.23701    0.23702    0.26708    0.26709    0.27339    0.27340
   0.45785    0.45810
 kpt#  20, nband= 50, wtk=  0.00463, kpt=  0.5000  0.5000  0.0000 (reduced coord)
  -1.94266   -1.94266   -1.94265   -1.94265   -0.79982   -0.79982   -0.79982   -0.79981
  -0.79459   -0.79459   -0.79459   -0.79459   -0.78850   -0.78850   -0.78850   -0.78850
  -0.34501   -0.34501   -0.34500   -0.34500   -0.31789   -0.31789   -0.31788   -0.31788
   0.10745    0.10745    0.10745    0.10745    0.15237    0.15237    0.15238    0.15238
   0.15710    0.15710    0.15711    0.15711    0.18957    0.18957    0.18958    0.18958
   0.21954    0.21954    0.21955    0.21955    0.27062    0.27062    0.27062    0.27062
   0.45639    0.45640
 kpt#  21, nband= 50, wtk=  0.00926, kpt=  0.0000  0.0000  0.1667 (reduced coord)
  -1.94312   -1.94255   -1.94247   -1.94247   -0.80427   -0.80420   -0.80368   -0.79417
  -0.79371   -0.79254   -0.79216   -0.79124   -0.79094   -0.78927   -0.78701   -0.78700
  -0.39073   -0.33584   -0.32879   -0.32787   -0.32512   -0.31722   -0.31647   -0.30119
   0.06626    0.06644    0.08217    0.10116    0.10567    0.11127    0.15566    0.15771
   0.16144    0.16251    0.16874    0.17078    0.22002    0.22412    0.22686    0.23172
   0.23872    0.23895    0.24516    0.25864    0.25896    0.26028    0.26673    0.26784
   0.44904    0.45186
 kpt#  22, nband= 50, wtk=  0.00926, kpt=  0.1667  0.0000  0.1667 (reduced coord)
  -1.94308   -1.94254   -1.94252   -1.94248   -0.80341   -0.80330   -0.80311   -0.79488
  -0.79365   -0.79222   -0.79219   -0.79165   -0.79113   -0.79010   -0.78749   -0.78742
  -0.38630   -0.33459   -0.32875   -0.32643   -0.32529   -0.32198   -0.31816   -0.30305
   0.07172    0.07594    0.08077    0.10330    0.10800    0.12567    0.14878    0.15366
   0.15424    0.15899    0.16582    0.16862    0.21624    0.21983    0.22670    0.22887
   0.24104    0.24113    0.24602    0.25040    0.25666    0.26204    0.26237    0.26787
   0.45702    0.45756
 kpt#  23, nband= 50, wtk=  0.00926, kpt=  0.3333  0.0000  0.1667 (reduced coord)
  -1.94296   -1.94263   -1.94253   -1.94249   -0.80152   -0.80120   -0.80066   -0.79686
  -0.79477   -0.79307   -0.79276   -0.79126   -0.79125   -0.79086   -0.78856   -0.78850
  -0.37391   -0.33754   -0.33131   -0.32747   -0.32569   -0.32364   -0.31942   -0.30807
   0.08625    0.08680    0.10240    0.10955    0.11459    0.12831    0.13623    0.13988
   0.14127    0.15705    0.17065    0.17836    0.19355    0.20233    0.21131    0.22977
   0.23827    0.24126    0.24552    0.24702    0.25626    0.26379    0.26627    0.26679
   0.46986    0.47156
 kpt#  24, nband= 50, wtk=  0.00926, kpt=  0.5000  0.0000  0.1667 (reduced coord)
  -1.94280   -1.94279   -1.94251   -1.94251   -0.79935   -0.79935   -0.79799   -0.79798
  -0.79690   -0.79689   -0.79186   -0.79186   -0.78995   -0.78995   -0.78978   -0.78977
  -0.35624   -0.35624   -0.32774   -0.32773   -0.32562   -0.32561   -0.31453   -0.31453
   0.10089    0.10089    0.11018    0.11018    0.12397    0.12397    0.12615    0.12615
   0.14395    0.14396    0.18680    0.18680    0.19341    0.19342    0.19896    0.19896
   0.23959    0.23959    0.24835    0.24835    0.26227    0.26227    0.26726    0.26726
   0.47756    0.47915
 kpt#  25, nband= 50, wtk=  0.00926, kpt= -0.3333  0.0000  0.1667 (reduced coord)
  -1.94296   -1.94263   -1.94253   -1.94249   -0.80152   -0.80120   -0.80066   -0.79686
  -0.79477   -0.79307   -0.79277   -0.79126   -0.79125   -0.79086   -0.78856   -0.78850
  -0.37391   -0.33754   -0.33131   -0.32746   -0.32569   -0.32364   -0.31942   -0.30807
   0.08625    0.08680    0.10240    0.10956    0.11459    0.12831    0.13623    0.13989
   0.14127    0.15705    0.17065    0.17836    0.19355    0.20233    0.21131    0.22978
   0.23827    0.24126    0.24552    0.24702    0.25626    0.26380    0.26627    0.26679
   0.46969    0.47288
 kpt#  26, nband= 50, wtk=  0.00926, kpt= -0.1667  0.0000  0.1667 (reduced coord)
  -1.94308   -1.94254   -1.94252   -1.94248   -0.80341   -0.80330   -0.80311   -0.79488
  -0.79365   -0.79222   -0.79219   -0.79165   -0.79113   -0.79010   -0.78749   -0.78742
  -0.38630   -0.33459   -0.32875   -0.32643   -0.32529   -0.32198   -0.31816   -0.30305
   0.07172    0.07594    0.08077    0.10330    0.10800    0.12567    0.14878    0.15366
   0.15424    0.15898    0.16582    0.16862    0.21624    0.21983    0.22670    0.22887
   0.24104    0.24113    0.24602    0.25040    0.25666    0.26204    0.26237    0.26787
   0.45702    0.45756
 kpt#  27, nband= 50, wtk=  0.00926, kpt=  0.0000  0.1667  0.1667 (reduced coord)
  -1.94308   -1.94254   -1.94252   -1.94248   -0.80347   -0.80323   -0.80311   -0.79503
  -0.79344   -0.79221   -0.79218   -0.79173   -0.79104   -0.79021   -0.78749   -0.78740
  -0.38633   -0.33447   -0.32816   -0.32659   -0.32531   -0.32296   -0.31762   -0.30315
   0.07168    0.07595    0.08058    0.10406    0.10810    0.12526    0.15092    0.15270
   0.15583    0.15713    0.16391    0.16970    0.21504    0.22190    0.22649    0.23341
   0.23560    0.23829    0.24606    0.25326    0.25347    0.26412    0.26567    0.26569
   0.45576    0.45609
 kpt#  28, nband= 50, wtk=  0.00926, kpt=  0.1667  0.1667  0.1667 (reduced coord)
  -1.94304   -1.94254   -1.94252   -1.94252   -0.80288   -0.80271   -0.80264   -0.79448
  -0.79410   -0.79337   -0.79185   -0.79164   -0.79134   -0.79056   -0.78810   -0.78715
  -0.38233   -0.33448   -0.32934   -0.32710   -0.32462   -0.32266   -0.32052   -0.30472
   0.08024    0.08154    0.08174    0.10539    0.11148    0.13523    0.14614    0.14779
   0.15415    0.15912    0.16000    0.16260    0.21754    0.22130    0.22257    0.22354
   0.23723    0.24121    0.24659    0.25011    0.25357    0.25660    0.26046    0.26813
   0.45860    0.46353
 kpt#  29, nband= 50, wtk=  0.00926, kpt=  0.3333  0.1667  0.1667 (reduced coord)
  -1.94293   -1.94263   -1.94254   -1.94252   -0.80153   -0.80144   -0.80094   -0.79567
  -0.79539   -0.79456   -0.79282   -0.79100   -0.79059   -0.79058   -0.78894   -0.78786
  -0.37117   -0.33857   -0.33409   -0.33065   -0.32321   -0.32256   -0.31892   -0.30891
   0.08933    0.09440    0.10536    0.11004    0.11855    0.12861    0.13705    0.13862
   0.14495    0.16128    0.16880    0.16886    0.19366    0.20734    0.21060    0.22817
   0.23257    0.23676    0.24238    0.24678    0.25511    0.25605    0.26281    0.26764
   0.46507    0.47441
 kpt#  30, nband= 50, wtk=  0.00926, kpt=  0.5000  0.1667  0.1667 (reduced coord)
  -1.94278   -1.94277   -1.94253   -1.94252   -0.80056   -0.80056   -0.79813   -0.79812
  -0.79649   -0.79648   -0.79131   -0.79131   -0.78995   -0.78995   -0.78935   -0.78934
  -0.35524   -0.35524   -0.33285   -0.33285   -0.32219   -0.32219   -0.31433   -0.31433
   0.10468    0.10468    0.11254    0.11254    0.12372    0.12372    0.12839    0.12839
   0.15015    0.15015    0.17685    0.17685    0.19518    0.19519    0.20389    0.20390
   0.23387    0.23388    0.24615    0.24616    0.25659    0.25659    0.26646    0.26646
   0.47138    0.47164
 kpt#  31, nband= 50, wtk=  0.00926, kpt= -0.3333  0.1667  0.1667 (reduced coord)
  -1.94293   -1.94263   -1.94254   -1.94252   -0.80153   -0.80144   -0.80094   -0.79567
  -0.79539   -0.79456   -0.79282   -0.79099   -0.79059   -0.79058   -0.78894   -0.78786
  -0.37117   -0.33857   -0.33410   -0.33065   -0.32320   -0.32256   -0.31892   -0.30891
   0.08933    0.09440    0.10536    0.11004    0.11855    0.12861    0.13705    0.13862
   0.14494    0.16128    0.16880    0.16886    0.19366    0.20734    0.21060    0.22817
   0.23258    0.23676    0.24238    0.24678    0.25511    0.25605    0.26281    0.26764
   0.46507    0.47502
 kpt#  32, nband= 50, wtk=  0.00926, kpt= -0.1667  0.1667  0.1667 (reduced coord)
  -1.94304   -1.94254   -1.94252   -1.94252   -0.80288   -0.80271   -0.80264   -0.79448
  -0.79410   -0.79337   -0.79185   -0.79164   -0.79134   -0.79056   -0.78810   -0.78715
  -0.38233   -0.33448   -0.32934   -0.32710   -0.32462   -0.32267   -0.32052   -0.30472
   0.08024    0.08154    0.08174    0.10539    0.11148    0.13523    0.14614    0.14779
   0.15415    0.15912    0.16000    0.16260    0.21754    0.22130    0.22257    0.22354
   0.23723    0.24122    0.24659    0.25011    0.25357    0.25660    0.26046    0.26812
   0.45860    0.46355
 kpt#  33, nband= 50, wtk=  0.00926, kpt=  0.0000  0.3333  0.1667 (reduced coord)
  -1.94296   -1.94264   -1.94253   -1.94249   -0.80154   -0.80122   -0.80060   -0.79698
  -0.79475   -0.79302   -0.79259   -0.79132   -0.79122   -0.79098   -0.78856   -0.78849
  -0.37401   -0.33768   -0.33078   -0.32739   -0.32580   -0.32199   -0.32104   -0.30844
   0.08607    0.08679    0.10220    0.11016    0.11503    0.12866    0.13669    0.14011
   0.14134    0.15809    0.16833    0.17918    0.19360    0.20257    0.21284    0.22987
   0.23397    0.23726    0.24905    0.25086    0.25116    0.26411    0.26727    0.26876
   0.46378    0.46927
 kpt#  34, nband= 50, wtk=  0.00926, kpt=  0.1667  0.3333  0.1667 (reduced coord)
  -1.94293   -1.94263   -1.94253   -1.94252   -0.80156   -0.80145   -0.80088   -0.79578
  -0.79533   -0.79460   -0.79263   -0.79112   -0.79056   -0.79054   -0.78899   -0.78785
  -0.37124   -0.33875   -0.33386   -0.33042   -0.32314   -0.32163   -0.31993   -0.30918
   0.08926    0.09460    0.10514    0.11015    0.11906    0.12816    0.13750    0.13892
   0.14527    0.16265    0.16665    0.16926    0.19378    0.20799    0.21163    0.22870
   0.23067    0.23122    0.24743    0.24837    0.25311    0.25314    0.26506    0.26828
   0.46110    0.46845
 kpt#  35, nband= 50, wtk=  0.00926, kpt=  0.3333  0.3333  0.1667 (reduced coord)
  -1.94284   -1.94261   -1.94261   -1.94255   -0.80149   -0.80141   -0.80129   -0.79761
  -0.79543   -0.79359   -0.79345   -0.79019   -0.79008   -0.78976   -0.78943   -0.78763
  -0.36343   -0.34043   -0.33965   -0.33775   -0.32020   -0.31907   -0.31829   -0.31133
   0.09836    0.11042    0.11120    0.11258    0.12810    0.13064    0.13223    0.14151
   0.15338    0.15636    0.16074    0.17980    0.19021    0.20416    0.21004    0.21285
   0.21783    0.23105    0.23285    0.23582    0.25525    0.25847    0.26213    0.26673
   0.45897    0.46555
 kpt#  36, nband= 50, wtk=  0.00926, kpt=  0.5000  0.3333  0.1667 (reduced coord)
  -1.94273   -1.94272   -1.94258   -1.94258   -0.80152   -0.80152   -0.80004   -0.80003
  -0.79469   -0.79469   -0.79159   -0.79159   -0.78935   -0.78935   -0.78850   -0.78850
  -0.35212   -0.35212   -0.34001   -0.34001   -0.31886   -0.31885   -0.31459   -0.31459
   0.10948    0.10948    0.11374    0.11375    0.13368    0.13369    0.13924    0.13924
   0.15769    0.15769    0.16519    0.16519    0.19732    0.19732    0.20695    0.20695
   0.21498    0.21498    0.23155    0.23155    0.25886    0.25886    0.26480    0.26480
   0.46125    0.46348
 kpt#  37, nband= 50, wtk=  0.00926, kpt= -0.3333  0.3333  0.1667 (reduced coord)
  -1.94284   -1.94261   -1.94261   -1.94255   -0.80148   -0.80141   -0.80129   -0.79761
  -0.79543   -0.79359   -0.79345   -0.79019   -0.79008   -0.78976   -0.78943   -0.78763
  -0.36343   -0.34043   -0.33965   -0.33775   -0.32020   -0.31908   -0.31828   -0.31133
   0.09836    0.11042    0.11120    0.11259    0.12810    0.13064    0.13223    0.14151
   0.15338    0.15636    0.16074    0.17980    0.19021    0.20416    0.21004    0.21285
   0.21783    0.23105    0.23285    0.23582    0.25525    0.25847    0.26213    0.26673
   0.45896    0.46567
 kpt#  38, nband= 50, wtk=  0.00926, kpt= -0.1667  0.3333  0.1667 (reduced coord)
  -1.94293   -1.94263   -1.94253   -1.94252   -0.80156   -0.80145   -0.80088   -0.79578
  -0.79534   -0.79460   -0.79263   -0.79112   -0.79056   -0.79054   -0.78899   -0.78785
  -0.37124   -0.33875   -0.33386   -0.33042   -0.32314   -0.32163   -0.31993   -0.30918
   0.08926    0.09460    0.10514    0.11015    0.11907    0.12816    0.13750    0.13892
   0.14527    0.16265    0.16665    0.16926    0.19378    0.20799    0.21163    0.22870
   0.23067    0.23122    0.24742    0.24836    0.25311    0.25314    0.26506    0.26828
   0.46111    0.46983
 kpt#  39, nband= 50, wtk=  0.00926, kpt=  0.0000  0.5000  0.1667 (reduced coord)
  -1.94280   -1.94280   -1.94251   -1.94251   -0.79933   -0.79933   -0.79804   -0.79804
  -0.79688   -0.79688   -0.79180   -0.79180   -0.78990   -0.78990   -0.78987   -0.78987
  -0.35643   -0.35643   -0.32655   -0.32655   -0.32585   -0.32584   -0.31536   -0.31536
   0.10073    0.10074    0.11074    0.11074    0.12438    0.12438    0.12617    0.12617
   0.14358    0.14359    0.18918    0.18920    0.19407    0.19408    0.19686    0.19687
   0.23562    0.23562    0.25093    0.25093    0.26034    0.26034    0.26945    0.26946
   0.46754    0.46755
 kpt#  40, nband= 50, wtk=  0.00926, kpt=  0.1667  0.5000  0.1667 (reduced coord)
  -1.94278   -1.94278   -1.94253   -1.94253   -0.80058   -0.80058   -0.79805   -0.79805
  -0.79658   -0.79658   -0.79114   -0.79114   -0.79015   -0.79015   -0.78929   -0.78929
  -0.35540   -0.35540   -0.33247   -0.33247   -0.32179   -0.32178   -0.31501   -0.31501
   0.10522    0.10523    0.11222    0.11223    0.12353    0.12353    0.12881    0.12881
   0.14988    0.14989    0.17776    0.17777    0.19683    0.19684    0.20232    0.20232
   0.23096    0.23097    0.24835    0.24835    0.25497    0.25497    0.26781    0.26782
   0.46429    0.46430
 kpt#  41, nband= 50, wtk=  0.00926, kpt=  0.3333  0.5000  0.1667 (reduced coord)
  -1.94273   -1.94273   -1.94258   -1.94258   -0.80153   -0.80153   -0.80001   -0.80001
  -0.79473   -0.79473   -0.79153   -0.79152   -0.78942   -0.78942   -0.78847   -0.78847
  -0.35222   -0.35222   -0.33986   -0.33986   -0.31858   -0.31858   -0.31494   -0.31493
   0.11010    0.11010    0.11336    0.11337    0.13370    0.13371    0.13869    0.13870
   0.15711    0.15712    0.16656    0.16657    0.19919    0.19919    0.20559    0.20560
   0.21301    0.21301    0.23252    0.23253    0.25825    0.25825    0.26547    0.26548
   0.45844    0.45844
 kpt#  42, nband= 50, wtk=  0.00926, kpt=  0.5000  0.5000  0.1667 (reduced coord)
  -1.94266   -1.94266   -1.94265   -1.94265   -0.80135   -0.80135   -0.80135   -0.80135
  -0.79299   -0.79299   -0.79299   -0.79299   -0.78849   -0.78849   -0.78848   -0.78848
  -0.34686   -0.34686   -0.34686   -0.34686   -0.31617   -0.31617   -0.31617   -0.31617
   0.11196    0.11196    0.11196    0.11196    0.14853    0.14853    0.14854    0.14854
   0.15724    0.15725    0.15725    0.15725    0.19899    0.19899    0.19900    0.19900
   0.21577    0.21577    0.21578    0.21578    0.26305    0.26305    0.26306    0.26306
   0.45831    0.45831
 kpt#  43, nband= 50, wtk=  0.00926, kpt= -0.3333  0.5000  0.1667 (reduced coord)
  -1.94273   -1.94273   -1.94258   -1.94258   -0.80153   -0.80153   -0.80001   -0.80001
  -0.79473   -0.79473   -0.79153   -0.79152   -0.78942   -0.78942   -0.78847   -0.78847
  -0.35222   -0.35222   -0.33986   -0.33986   -0.31858   -0.31858   -0.31494   -0.31493
   0.11010    0.11010    0.11337    0.11337    0.13370    0.13371    0.13869    0.13870
   0.15711    0.15711    0.16656    0.16657    0.19918    0.19919    0.20559    0.20560
   0.21301    0.21301    0.23252    0.23253    0.25825    0.25825    0.26547    0.26547
   0.45844    0.45853
 kpt#  44, nband= 50, wtk=  0.00926, kpt= -0.1667  0.5000  0.1667 (reduced coord)
  -1.94278   -1.94278   -1.94253   -1.94253   -0.80058   -0.80058   -0.79805   -0.79805
  -0.79658   -0.79658   -0.79114   -0.79114   -0.79015   -0.79015   -0.78929   -0.78929
  -0.35540   -0.35540   -0.33247   -0.33247   -0.32178   -0.32178   -0.31501   -0.31501
   0.10522    0.10523    0.11222    0.11223    0.12353    0.12353    0.12881    0.12881
   0.14988    0.14989    0.17776    0.17777    0.19683    0.19685    0.20232    0.20233
   0.23096    0.23097    0.24835    0.24835    0.25497    0.25497    0.26781    0.26782
   0.46429    0.46432
 kpt#  45, nband= 50, wtk=  0.00926, kpt=  0.0000 -0.3333  0.1667 (reduced coord)
  -1.94296   -1.94264   -1.94253   -1.94249   -0.80154   -0.80122   -0.80060   -0.79698
  -0.79475   -0.79302   -0.79259   -0.79132   -0.79122   -0.79098   -0.78856   -0.78849
  -0.37401   -0.33768   -0.33078   -0.32739   -0.32580   -0.32199   -0.32104   -0.30844
   0.08607    0.08679    0.10220    0.11016    0.11503    0.12866    0.13669    0.14011
   0.14134    0.15809    0.16833    0.17918    0.19360    0.20257    0.21284    0.22987
   0.23397    0.23726    0.24905    0.25086    0.25116    0.26411    0.26727    0.26876
   0.46365    0.46938
 kpt#  46, nband= 50, wtk=  0.00926, kpt=  0.1667 -0.3333  0.1667 (reduced coord)
  -1.94293   -1.94263   -1.94253   -1.94252   -0.80156   -0.80145   -0.80088   -0.79578
  -0.79533   -0.79460   -0.79263   -0.79112   -0.79056   -0.79054   -0.78899   -0.78785
  -0.37124   -0.33875   -0.33386   -0.33042   -0.32314   -0.32163   -0.31993   -0.30918
   0.08926    0.09460    0.10514    0.11015    0.11906    0.12816    0.13750    0.13892
   0.14527    0.16265    0.16665    0.16926    0.19378    0.20799    0.21163    0.22870
   0.23067    0.23122    0.24743    0.24837    0.25311    0.25314    0.26506    0.26828
   0.46110    0.46812
 kpt#  47, nband= 50, wtk=  0.00926, kpt=  0.3333 -0.3333  0.1667 (reduced coord)
  -1.94284   -1.94261   -1.94261   -1.94255   -0.80149   -0.80141   -0.80129   -0.79761
  -0.79543   -0.79359   -0.79345   -0.79019   -0.79008   -0.78976   -0.78943   -0.78763
  -0.36343   -0.34043   -0.33965   -0.33775   -0.32020   -0.31907   -0.31829   -0.31133
   0.09836    0.11042    0.11120    0.11258    0.12810    0.13064    0.13223    0.14151
   0.15338    0.15636    0.16074    0.17980    0.19021    0.20416    0.21004    0.21285
   0.21783    0.23105    0.23285    0.23582    0.25525    0.25847    0.26213    0.26673
   0.45896    0.46558
 kpt#  48, nband= 50, wtk=  0.00926, kpt=  0.5000 -0.3333  0.1667 (reduced coord)
  -1.94273   -1.94272   -1.94258   -1.94258   -0.80152   -0.80152   -0.80004   -0.80003
  -0.79469   -0.79469   -0.79159   -0.79159   -0.78935   -0.78935   -0.78850   -0.78850
  -0.35212   -0.35212   -0.34001   -0.34001   -0.31886   -0.31885   -0.31459   -0.31459
   0.10948    0.10948    0.11374    0.11375    0.13368    0.13369    0.13924    0.13924
   0.15769    0.15769    0.16519    0.16519    0.19732    0.19732    0.20695    0.20695
   0.21498    0.21498    0.23155    0.23155    0.25886    0.25886    0.26480    0.26480
   0.46134    0.46153
 kpt#  49, nband= 50, wtk=  0.00926, kpt= -0.3333 -0.3333  0.1667 (reduced coord)
  -1.94284   -1.94261   -1.94261   -1.94255   -0.80148   -0.80141   -0.80129   -0.79761
  -0.79543   -0.79359   -0.79345   -0.79019   -0.79008   -0.78976   -0.78943   -0.78763
  -0.36343   -0.34043   -0.33965   -0.33775   -0.32020   -0.31908   -0.31828   -0.31133
   0.09836    0.11042    0.11120    0.11259    0.12810    0.13064    0.13223    0.14151
   0.15338    0.15636    0.16074    0.17980    0.19021    0.20416    0.21004    0.21285
   0.21783    0.23105    0.23285    0.23582    0.25525    0.25847    0.26213    0.26673
   0.45897    0.46761
 kpt#  50, nband= 50, wtk=  0.00926, kpt= -0.1667 -0.3333  0.1667 (reduced coord)
  -1.94293   -1.94263   -1.94253   -1.94252   -0.80156   -0.80145   -0.80088   -0.79578
  -0.79534   -0.79460   -0.79263   -0.79112   -0.79056   -0.79054   -0.78899   -0.78785
  -0.37124   -0.33875   -0.33386   -0.33042   -0.32314   -0.32163   -0.31993   -0.30918
   0.08926    0.09460    0.10514    0.11015    0.11907    0.12816    0.13750    0.13892
   0.14527    0.16265    0.16665    0.16926    0.19378    0.20799    0.21163    0.22870
   0.23067    0.23122    0.24742    0.24836    0.25311    0.25314    0.26506    0.26828
   0.46110    0.46819
 kpt#  51, nband= 50, wtk=  0.00926, kpt=  0.0000 -0.1667  0.1667 (reduced coord)
  -1.94308   -1.94254   -1.94252   -1.94248   -0.80347   -0.80323   -0.80311   -0.79503
  -0.79344   -0.79221   -0.79218   -0.79173   -0.79104   -0.79021   -0.78749   -0.78740
  -0.38633   -0.33447   -0.32816   -0.32659   -0.32531   -0.32296   -0.31762   -0.30315
   0.07168    0.07595    0.08058    0.10406    0.10810    0.12526    0.15092    0.15270
   0.15583    0.15713    0.16391    0.16970    0.21504    0.22190    0.22649    0.23341
   0.23560    0.23829    0.24606    0.25326    0.25347    0.26412    0.26567    0.26569
   0.45576    0.45609
 kpt#  52, nband= 50, wtk=  0.00926, kpt=  0.1667 -0.1667  0.1667 (reduced coord)
  -1.94304   -1.94254   -1.94252   -1.94252   -0.80288   -0.80271   -0.80264   -0.79448
  -0.79410   -0.79337   -0.79185   -0.79164   -0.79134   -0.79056   -0.78810   -0.78715
  -0.38233   -0.33448   -0.32934   -0.32710   -0.32462   -0.32266   -0.32052   -0.30472
   0.08024    0.08154    0.08174    0.10539    0.11148    0.13523    0.14614    0.14779
   0.15415    0.15912    0.16000    0.16260    0.21754    0.22130    0.22257    0.22354
   0.23723    0.24121    0.24659    0.25011    0.25357    0.25660    0.26046    0.26813
   0.45860    0.46353
 kpt#  53, nband= 50, wtk=  0.00926, kpt=  0.3333 -0.1667  0.1667 (reduced coord)
  -1.94293   -1.94263   -1.94254   -1.94252   -0.80153   -0.80144   -0.80094   -0.79567
  -0.79539   -0.79456   -0.79282   -0.79100   -0.79059   -0.79058   -0.78894   -0.78786
  -0.37117   -0.33857   -0.33409   -0.33065   -0.32321   -0.32256   -0.31892   -0.30891
   0.08933    0.09440    0.10536    0.11004    0.11855    0.12861    0.13705    0.13862
   0.14495    0.16128    0.16880    0.16886    0.19366    0.20734    0.21060    0.22817
   0.23257    0.23676    0.24238    0.24678    0.25511    0.25605    0.26281    0.26764
   0.46507    0.47420
 kpt#  54, nband= 50, wtk=  0.00926, kpt=  0.5000 -0.1667  0.1667 (reduced coord)
  -1.94278   -1.94277   -1.94253   -1.94252   -0.80056   -0.80056   -0.79813   -0.79812
  -0.79649   -0.79648   -0.79131   -0.79131   -0.78995   -0.78995   -0.78935   -0.78934
  -0.35524   -0.35524   -0.33285   -0.33285   -0.32219   -0.32219   -0.31433   -0.31433
   0.10468    0.10468    0.11254    0.11254    0.12372    0.12372    0.12839    0.12839
   0.15015    0.15015    0.17685    0.17685    0.19518    0.19519    0.20389    0.20390
   0.23387    0.23388    0.24615    0.24616    0.25659    0.25659    0.26646    0.26646
   0.47138    0.47389
 kpt#  55, nband= 50, wtk=  0.00926, kpt= -0.3333 -0.1667  0.1667 (reduced coord)
  -1.94293   -1.94263   -1.94254   -1.94252   -0.80153   -0.80144   -0.80094   -0.79567
  -0.79539   -0.79456   -0.79282   -0.79099   -0.79059   -0.79058   -0.78894   -0.78786
  -0.37117   -0.33857   -0.33410   -0.33065   -0.32320   -0.32256   -0.31892   -0.30891
   0.08933    0.09440    0.10536    0.11004    0.11855    0.12861    0.13705    0.13862
   0.14494    0.16128    0.16880    0.16886    0.19366    0.20734    0.21060    0.22817
   0.23258    0.23676    0.24238    0.24678    0.25511    0.25605    0.26281    0.26764
   0.46507    0.47469
 kpt#  56, nband= 50, wtk=  0.00926, kpt= -0.1667 -0.1667  0.1667 (reduced coord)
  -1.94304   -1.94254   -1.94252   -1.94252   -0.80288   -0.80271   -0.80264   -0.79448
  -0.79410   -0.79337   -0.79185   -0.79164   -0.79134   -0.79056   -0.78810   -0.78715
  -0.38233   -0.33448   -0.32934   -0.32710   -0.32462   -0.32267   -0.32052   -0.30472
   0.08024    0.08154    0.08174    0.10539    0.11148    0.13523    0.14614    0.14779
   0.15415    0.15912    0.16000    0.16260    0.21754    0.22130    0.22257    0.22354
   0.23723    0.24122    0.24659    0.25011    0.25357    0.25660    0.26046    0.26812
   0.45860    0.46366
 kpt#  57, nband= 50, wtk=  0.00926, kpt=  0.0000  0.0000  0.3333 (reduced coord)
  -1.94300   -1.94267   -1.94247   -1.94247   -0.80210   -0.80206   -0.80089   -0.79618
  -0.79600   -0.79284   -0.79257   -0.79246   -0.79011   -0.79005   -0.78784   -0.78784
  -0.37826   -0.34084   -0.32909   -0.32609   -0.32548   -0.31938   -0.31894   -0.30902
   0.08245    0.08252    0.10981    0.11048    0.11331    0.13414    0.13455    0.13553
   0.14285    0.14688    0.18255    0.18294    0.19724    0.21453    0.21979    0.22082
   0.22319    0.22900    0.24095    0.24260    0.26523    0.26585    0.26828    0.26831
   0.45784    0.46659
 kpt#  58, nband= 50, wtk=  0.00926, kpt=  0.1667  0.0000  0.3333 (reduced coord)
  -1.94297   -1.94265   -1.94251   -1.94249   -0.80171   -0.80131   -0.80079   -0.79688
  -0.79558   -0.79384   -0.79212   -0.79173   -0.79091   -0.79007   -0.78835   -0.78785
  -0.37472   -0.33996   -0.32834   -0.32734   -0.32473   -0.32318   -0.31974   -0.31013
   0.08661    0.09098    0.10460    0.11130    0.11964    0.13246    0.13749    0.14153
   0.14368    0.15099    0.17118    0.17733    0.20053    0.20596    0.22038    0.22171
   0.22814    0.23419    0.23686    0.23809    0.25953    0.25989    0.26335    0.26574
   0.46352    0.47026
 kpt#  59, nband= 50, wtk=  0.00926, kpt=  0.3333  0.0000  0.3333 (reduced coord)
  -1.94287   -1.94262   -1.94260   -1.94252   -0.80052   -0.80042   -0.79939   -0.79812
  -0.79608   -0.79412   -0.79312   -0.79100   -0.79057   -0.79052   -0.78941   -0.78828
  -0.36480   -0.33746   -0.33565   -0.32996   -0.32638   -0.32257   -0.32022   -0.31312
   0.09793    0.10717    0.11099    0.11412    0.11935    0.13065    0.13527    0.14252
   0.15104    0.15628    0.17291    0.17383    0.19145    0.20139    0.20870    0.21647
   0.21893    0.23372    0.23631    0.24298    0.24974    0.25113    0.25719    0.26194
   0.47316    0.47506
 kpt#  60, nband= 50, wtk=  0.00926, kpt=  0.5000  0.0000  0.3333 (reduced coord)
  -1.94274   -1.94273   -1.94257   -1.94257   -0.79969   -0.79969   -0.79853   -0.79852
  -0.79610   -0.79609   -0.79218   -0.79217   -0.79007   -0.79006   -0.78933   -0.78932
  -0.35064   -0.35064   -0.33389   -0.33389   -0.32395   -0.32395   -0.31710   -0.31710
   0.11073    0.11074    0.11638    0.11638    0.12128    0.12128    0.14526    0.14526
   0.14746    0.14747    0.18289    0.18289    0.18976    0.18976    0.20574    0.20574
   0.21657    0.21657    0.24532    0.24533    0.24702    0.24702    0.25765    0.25765
   0.47436    0.47640
 kpt#  61, nband= 50, wtk=  0.00926, kpt= -0.3333  0.0000  0.3333 (reduced coord)
  -1.94287   -1.94262   -1.94260   -1.94252   -0.80052   -0.80042   -0.79939   -0.79812
  -0.79608   -0.79412   -0.79312   -0.79100   -0.79057   -0.79052   -0.78941   -0.78828
  -0.36480   -0.33746   -0.33565   -0.32995   -0.32638   -0.32257   -0.32022   -0.31312
   0.09793    0.10716    0.11100    0.11412    0.11935    0.13065    0.13527    0.14252
   0.15104    0.15628    0.17291    0.17383    0.19145    0.20140    0.20870    0.21647
   0.21893    0.23372    0.23631    0.24298    0.24974    0.25113    0.25719    0.26194
   0.47363    0.47514
 kpt#  62, nband= 50, wtk=  0.00926, kpt= -0.1667  0.0000  0.3333 (reduced coord)
  -1.94297   -1.94265   -1.94251   -1.94249   -0.80171   -0.80131   -0.80079   -0.79688
  -0.79558   -0.79384   -0.79212   -0.79173   -0.79091   -0.79007   -0.78835   -0.78785
  -0.37472   -0.33996   -0.32834   -0.32734   -0.32473   -0.32318   -0.31974   -0.31013
   0.08661    0.09098    0.10460    0.11130    0.11964    0.13246    0.13749    0.14153
   0.14368    0.15099    0.17118    0.17733    0.20053    0.20596    0.22038    0.22171
   0.22815    0.23419    0.23686    0.23809    0.25953    0.25989    0.26335    0.26574
   0.46351    0.47015
 kpt#  63, nband= 50, wtk=  0.00926, kpt=  0.0000  0.1667  0.3333 (reduced coord)
  -1.94297   -1.94265   -1.94251   -1.94248   -0.80170   -0.80129   -0.80078   -0.79696
  -0.79554   -0.79381   -0.79208   -0.79177   -0.79090   -0.79016   -0.78831   -0.78785
  -0.37474   -0.33995   -0.32832   -0.32728   -0.32431   -0.32413   -0.31927   -0.31015
   0.08672    0.09076    0.10398    0.11395    0.11781    0.13349    0.13672    0.14040
   0.14510    0.15040    0.17042    0.17824    0.19928    0.20510    0.22224    0.22247
   0.23007    0.23453    0.23532    0.23583    0.25898    0.26052    0.26438    0.26572
   0.46280    0.46685
 kpt#  64, nband= 50, wtk=  0.00926, kpt=  0.1667  0.1667  0.3333 (reduced coord)
  -1.94293   -1.94264   -1.94252   -1.94252   -0.80168   -0.80147   -0.80093   -0.79576
  -0.79558   -0.79490   -0.79179   -0.79169   -0.79134   -0.78987   -0.78834   -0.78787
  -0.37175   -0.34047   -0.33028   -0.32863   -0.32652   -0.32104   -0.31946   -0.31091
   0.09342    0.09564    0.10345    0.11548    0.12044    0.13533    0.13833    0.14341
   0.14478    0.15604    0.16381    0.16563    0.20288    0.21499    0.21931    0.22035
   0.23000    0.23111    0.23535    0.23544    0.25378    0.25614    0.25805    0.26045
   0.46404    0.47074
 kpt#  65, nband= 50, wtk=  0.00926, kpt=  0.3333  0.1667  0.3333 (reduced coord)
  -1.94285   -1.94262   -1.94261   -1.94254   -0.80165   -0.80124   -0.80110   -0.79730
  -0.79541   -0.79319   -0.79316   -0.79084   -0.79039   -0.78990   -0.78894   -0.78827
  -0.36334   -0.34049   -0.33868   -0.33450   -0.32304   -0.32001   -0.31780   -0.31297
   0.10404    0.10805    0.11316    0.11779    0.12171    0.13466    0.13883    0.14247
   0.15084    0.15194    0.15922    0.17517    0.19985    0.20552    0.21013    0.22139
   0.22414    0.23057    0.23371    0.23684    0.24358    0.24586    0.25173    0.25736
   0.46660    0.47807
 kpt#  66, nband= 50, wtk=  0.00926, kpt=  0.5000  0.1667  0.3333 (reduced coord)
  -1.94273   -1.94272   -1.94258   -1.94258   -0.80150   -0.80150   -0.79965   -0.79965
  -0.79449   -0.79449   -0.79093   -0.79092   -0.78981   -0.78980   -0.78937   -0.78937
  -0.35129   -0.35129   -0.33854   -0.33854   -0.32037   -0.32036   -0.31565   -0.31565
   0.11429    0.11429    0.11914    0.11914    0.12425    0.12425    0.13991    0.13991
   0.15324    0.15325    0.17237    0.17237    0.19948    0.19949    0.20782    0.20782
   0.22071    0.22071    0.23918    0.23919    0.24071    0.24071    0.25475    0.25475
   0.47057    0.47060
 kpt#  67, nband= 50, wtk=  0.00926, kpt= -0.3333  0.1667  0.3333 (reduced coord)
  -1.94285   -1.94262   -1.94261   -1.94254   -0.80165   -0.80124   -0.80110   -0.79730
  -0.79541   -0.79319   -0.79316   -0.79084   -0.79039   -0.78990   -0.78894   -0.78827
  -0.36334   -0.34049   -0.33868   -0.33449   -0.32304   -0.32001   -0.31780   -0.31297
   0.10404    0.10805    0.11316    0.11779    0.12171    0.13466    0.13883    0.14247
   0.15084    0.15194    0.15922    0.17517    0.19985    0.20552    0.21013    0.22139
   0.22414    0.23056    0.23372    0.23684    0.24358    0.24586    0.25172    0.25736
   0.46658    0.47572
 kpt#  68, nband= 50, wtk=  0.00926, kpt= -0.1667  0.1667  0.3333 (reduced coord)
  -1.94293   -1.94264   -1.94252   -1.94252   -0.80168   -0.80147   -0.80093   -0.79576
  -0.79558   -0.79490   -0.79179   -0.79169   -0.79134   -0.78987   -0.78834   -0.78787
  -0.37175   -0.34047   -0.33028   -0.32863   -0.32652   -0.32104   -0.31946   -0.31091
   0.09342    0.09564    0.10345    0.11548    0.12044    0.13533    0.13833    0.14341
   0.14478    0.15604    0.16381    0.16563    0.20288    0.21498    0.21931    0.22035
   0.23000    0.23111    0.23535    0.23544    0.25378    0.25614    0.25805    0.26045
   0.46404    0.47067
 kpt#  69, nband= 50, wtk=  0.00926, kpt=  0.0000  0.3333  0.3333 (reduced coord)
  -1.94287   -1.94262   -1.94260   -1.94252   -0.80046   -0.80040   -0.79917   -0.79840
  -0.79601   -0.79415   -0.79318   -0.79083   -0.79071   -0.79066   -0.78930   -0.78828
  -0.36491   -0.33741   -0.33586   -0.33014   -0.32625   -0.32137   -0.32101   -0.31319
   0.09778    0.10703    0.11081    0.11612    0.11868    0.13207    0.13431    0.14133
   0.15035    0.15602    0.17357    0.17466    0.19127    0.19827    0.21195    0.21581
   0.21832    0.23400    0.23545    0.24137    0.24950    0.25303    0.25889    0.26207
   0.46738    0.47163
 kpt#  70, nband= 50, wtk=  0.00926, kpt=  0.1667  0.3333  0.3333 (reduced coord)
  -1.94285   -1.94262   -1.94260   -1.94254   -0.80167   -0.80123   -0.80103   -0.79726
  -0.79551   -0.79322   -0.79316   -0.79080   -0.79042   -0.78992   -0.78892   -0.78826
  -0.36341   -0.34046   -0.33879   -0.33456   -0.32293   -0.31922   -0.31841   -0.31304
   0.10387    0.10809    0.11336    0.11863    0.12175    0.13390    0.13953    0.14179
   0.15016    0.15192    0.15953    0.17564    0.19784    0.20619    0.21255    0.22102
   0.22198    0.23132    0.23196    0.23596    0.24521    0.24628    0.25273    0.25780
   0.46218    0.47083
 kpt#  71, nband= 50, wtk=  0.00926, kpt=  0.3333  0.3333  0.3333 (reduced coord)
  -1.94278   -1.94262   -1.94261   -1.94261   -0.80267   -0.80256   -0.80251   -0.79991
  -0.79266   -0.79238   -0.79209   -0.79017   -0.78972   -0.78954   -0.78889   -0.78803
  -0.35895   -0.34426   -0.34342   -0.34278   -0.31831   -0.31611   -0.31549   -0.31287
   0.11340    0.11668    0.11896    0.12038    0.12863    0.13936    0.14113    0.14425
   0.14852    0.15025    0.15204    0.18395    0.19272    0.21331    0.21530    0.21949
   0.22138    0.22470    0.22748    0.22808    0.23237    0.24111    0.24583    0.25254
   0.45980    0.47205
 kpt#  72, nband= 50, wtk=  0.00926, kpt=  0.5000  0.3333  0.3333 (reduced coord)
  -1.94270   -1.94269   -1.94262   -1.94261   -0.80315   -0.80314   -0.80197   -0.80197
  -0.79223   -0.79223   -0.79027   -0.79027   -0.78911   -0.78911   -0.78877   -0.78877
  -0.35183   -0.35183   -0.34533   -0.34533   -0.31584   -0.31584   -0.31344   -0.31344
   0.12000    0.12000    0.12238    0.12238    0.13234    0.13234    0.14042    0.14042
   0.15474    0.15474    0.17060    0.17060    0.20064    0.20065    0.21234    0.21234
   0.21999    0.21999    0.22315    0.22315    0.23792    0.23792    0.24976    0.24976
   0.46347    0.46360
 kpt#  73, nband= 50, wtk=  0.00926, kpt= -0.3333  0.3333  0.3333 (reduced coord)
  -1.94278   -1.94262   -1.94261   -1.94261   -0.80267   -0.80256   -0.80251   -0.79991
  -0.79266   -0.79238   -0.79209   -0.79017   -0.78972   -0.78954   -0.78889   -0.78803
  -0.35895   -0.34426   -0.34342   -0.34278   -0.31830   -0.31611   -0.31548   -0.31287
   0.11340    0.11668    0.11896    0.12038    0.12863    0.13936    0.14113    0.14425
   0.14852    0.15025    0.15204    0.18395    0.19272    0.21331    0.21530    0.21949
   0.22138    0.22470    0.22748    0.22808    0.23237    0.24111    0.24583    0.25254
   0.45979    0.46802
 kpt#  74, nband= 50, wtk=  0.00926, kpt= -0.1667  0.3333  0.3333 (reduced coord)
  -1.94285   -1.94262   -1.94260   -1.94254   -0.80167   -0.80123   -0.80103   -0.79726
  -0.79551   -0.79322   -0.79316   -0.79080   -0.79042   -0.78992   -0.78892   -0.78826
  -0.36341   -0.34046   -0.33879   -0.33456   -0.32292   -0.31922   -0.31841   -0.31304
   0.10387    0.10809    0.11336    0.11863    0.12175    0.13390    0.13953    0.14179
   0.15016    0.15192    0.15953    0.17564    0.19784    0.20619    0.21255    0.22102
   0.22199    0.23132    0.23196    0.23595    0.24521    0.24628    0.25272    0.25780
   0.46218    0.47090
 kpt#  75, nband= 50, wtk=  0.00926, kpt=  0.0000  0.5000  0.3333 (reduced coord)
  -1.94274   -1.94274   -1.94257   -1.94257   -0.79962   -0.79962   -0.79846   -0.79846
  -0.79621   -0.79621   -0.79227   -0.79227   -0.78994   -0.78994   -0.78938   -0.78938
  -0.35085   -0.35085   -0.33386   -0.33386   -0.32355   -0.32355   -0.31731   -0.31731
   0.11073    0.11074    0.11901    0.11901    0.11909    0.11910    0.14576    0.14577
   0.14580    0.14581    0.18329    0.18330    0.19142    0.19143    0.20557    0.20558
   0.21398    0.21398    0.24260    0.24260    0.25196    0.25197    0.25724    0.25724
   0.46789    0.46794
 kpt#  76, nband= 50, wtk=  0.00926, kpt=  0.1667  0.5000  0.3333 (reduced coord)
  -1.94273   -1.94273   -1.94258   -1.94258   -0.80150   -0.80150   -0.79958   -0.79958
  -0.79459   -0.79458   -0.79093   -0.79093   -0.78975   -0.78975   -0.78940   -0.78939
  -0.35145   -0.35144   -0.33850   -0.33850   -0.31995   -0.31995   -0.31594   -0.31593
   0.11440    0.11440    0.12015    0.12015    0.12364    0.12364    0.13933    0.13933
   0.15274    0.15274    0.17283    0.17283    0.20284    0.20285    0.20526    0.20527
   0.21823    0.21824    0.23709    0.23710    0.24471    0.24471    0.25496    0.25496
   0.46415    0.46416
 kpt#  77, nband= 50, wtk=  0.00926, kpt=  0.3333  0.5000  0.3333 (reduced coord)
  -1.94270   -1.94269   -1.94261   -1.94261   -0.80315   -0.80315   -0.80194   -0.80194
  -0.79228   -0.79228   -0.79020   -0.79019   -0.78920   -0.78919   -0.78873   -0.78873
  -0.35190   -0.35189   -0.34530   -0.34530   -0.31556   -0.31556   -0.31368   -0.31368
   0.12016    0.12016    0.12240    0.12240    0.13268    0.13268    0.13979    0.13980
   0.15465    0.15465    0.17083    0.17084    0.20150    0.20151    0.21238    0.21239
   0.21678    0.21678    0.22447    0.22447    0.23887    0.23887    0.24989    0.24990
   0.45970    0.45970
 kpt#  78, nband= 50, wtk=  0.00926, kpt=  0.5000  0.5000  0.3333 (reduced coord)
  -1.94266   -1.94266   -1.94265   -1.94265   -0.80333   -0.80333   -0.80333   -0.80333
  -0.79091   -0.79091   -0.79091   -0.79090   -0.78845   -0.78845   -0.78845   -0.78845
  -0.35009   -0.35009   -0.35008   -0.35008   -0.31328   -0.31328   -0.31327   -0.31327
   0.12229    0.12230    0.12230    0.12230    0.13952    0.13952    0.13953    0.13953
   0.16522    0.16522    0.16523    0.16523    0.20471    0.20471    0.20471    0.20472
   0.21491    0.21491    0.21491    0.21491    0.24563    0.24563    0.24563    0.24563
   0.46185    0.46185
 kpt#  79, nband= 50, wtk=  0.00926, kpt= -0.3333  0.5000  0.3333 (reduced coord)
  -1.94270   -1.94269   -1.94261   -1.94261   -0.80315   -0.80315   -0.80194   -0.80194
  -0.79228   -0.79228   -0.79020   -0.79019   -0.78919   -0.78919   -0.78873   -0.78873
  -0.35190   -0.35189   -0.34530   -0.34530   -0.31556   -0.31556   -0.31368   -0.31368
   0.12015    0.12016    0.12240    0.12240    0.13268    0.13268    0.13979    0.13979
   0.15465    0.15465    0.17084    0.17084    0.20150    0.20151    0.21238    0.21239
   0.21677    0.21678    0.22446    0.22447    0.23887    0.23888    0.24990    0.24990
   0.45970    0.45970
 kpt#  80, nband= 50, wtk=  0.00926, kpt= -0.1667  0.5000  0.3333 (reduced coord)
  -1.94273   -1.94273   -1.94258   -1.94258   -0.80150   -0.80150   -0.79958   -0.79958
  -0.79459   -0.79458   -0.79093   -0.79093   -0.78975   -0.78975   -0.78940   -0.78939
  -0.35145   -0.35144   -0.33850   -0.33850   -0.31995   -0.31995   -0.31594   -0.31594
   0.11440    0.11441    0.12015    0.12015    0.12364    0.12364    0.13933    0.13933
   0.15274    0.15274    0.17283    0.17283    0.20284    0.20285    0.20526    0.20527
   0.21823    0.21824    0.23709    0.23710    0.24470    0.24471    0.25496    0.25496
   0.46415    0.46416
 kpt#  81, nband= 50, wtk=  0.00926, kpt=  0.0000 -0.3333  0.3333 (reduced coord)
  -1.94287   -1.94262   -1.94260   -1.94252   -0.80046   -0.80040   -0.79917   -0.79840
  -0.79601   -0.79415   -0.79318   -0.79083   -0.79071   -0.79066   -0.78930   -0.78828
  -0.36491   -0.33741   -0.33586   -0.33014   -0.32625   -0.32137   -0.32101   -0.31319
   0.09778    0.10703    0.11081    0.11612    0.11868    0.13207    0.13431    0.14133
   0.15035    0.15602    0.17357    0.17466    0.19127    0.19827    0.21195    0.21581
   0.21832    0.23400    0.23545    0.24137    0.24950    0.25303    0.25889    0.26207
   0.46734    0.47165
 kpt#  82, nband= 50, wtk=  0.00926, kpt=  0.1667 -0.3333  0.3333 (reduced coord)
  -1.94285   -1.94262   -1.94260   -1.94254   -0.80167   -0.80123   -0.80103   -0.79726
  -0.79551   -0.79322   -0.79316   -0.79080   -0.79042   -0.78992   -0.78892   -0.78826
  -0.36341   -0.34046   -0.33879   -0.33456   -0.32293   -0.31922   -0.31841   -0.31304
   0.10387    0.10809    0.11336    0.11863    0.12175    0.13390    0.13953    0.14179
   0.15016    0.15192    0.15953    0.17564    0.19784    0.20619    0.21255    0.22102
   0.22198    0.23132    0.23196    0.23596    0.24521    0.24628    0.25273    0.25780
   0.46218    0.47079
 kpt#  83, nband= 50, wtk=  0.00926, kpt=  0.3333 -0.3333  0.3333 (reduced coord)
  -1.94278   -1.94262   -1.94261   -1.94261   -0.80267   -0.80256   -0.80251   -0.79991
  -0.79266   -0.79238   -0.79209   -0.79017   -0.78972   -0.78954   -0.78889   -0.78803
  -0.35895   -0.34426   -0.34342   -0.34278   -0.31831   -0.31611   -0.31549   -0.31287
   0.11340    0.11668    0.11896    0.12038    0.12863    0.13936    0.14113    0.14425
   0.14852    0.15025    0.15204    0.18395    0.19272    0.21331    0.21530    0.21949
   0.22138    0.22470    0.22748    0.22808    0.23237    0.24111    0.24583    0.25254
   0.45980    0.46789
 kpt#  84, nband= 50, wtk=  0.00926, kpt=  0.5000 -0.3333  0.3333 (reduced coord)
  -1.94270   -1.94269   -1.94262   -1.94261   -0.80315   -0.80314   -0.80197   -0.80197
  -0.79223   -0.79223   -0.79027   -0.79027   -0.78911   -0.78911   -0.78877   -0.78877
  -0.35183   -0.35183   -0.34533   -0.34533   -0.31584   -0.31584   -0.31344   -0.31344
   0.12000    0.12000    0.12238    0.12238    0.13234    0.13234    0.14042    0.14042
   0.15474    0.15474    0.17060    0.17060    0.20064    0.20065    0.21234    0.21234
   0.21999    0.21999    0.22315    0.22315    0.23792    0.23792    0.24976    0.24976
   0.46348    0.46798
 kpt#  85, nband= 50, wtk=  0.00926, kpt= -0.3333 -0.3333  0.3333 (reduced coord)
  -1.94278   -1.94262   -1.94261   -1.94261   -0.80267   -0.80256   -0.80251   -0.79991
  -0.79266   -0.79238   -0.79209   -0.79017   -0.78972   -0.78954   -0.78889   -0.78803
  -0.35895   -0.34426   -0.34342   -0.34278   -0.31830   -0.31611   -0.31548   -0.31287
   0.11340    0.11668    0.11896    0.12038    0.12863    0.13936    0.14113    0.14425
   0.14852    0.15025    0.15204    0.18395    0.19272    0.21331    0.21530    0.21949
   0.22138    0.22470    0.22748    0.22808    0.23237    0.24111    0.24583    0.25254
   0.45980    0.46794
 kpt#  86, nband= 50, wtk=  0.00926, kpt= -0.1667 -0.3333  0.3333 (reduced coord)
  -1.94285   -1.94262   -1.94260   -1.94254   -0.80167   -0.80123   -0.80103   -0.79726
  -0.79551   -0.79322   -0.79316   -0.79080   -0.79042   -0.78992   -0.78892   -0.78826
  -0.36341   -0.34046   -0.33879   -0.33456   -0.32292   -0.31922   -0.31841   -0.31304
   0.10387    0.10809    0.11336    0.11863    0.12175    0.13390    0.13953    0.14179
   0.15016    0.15192    0.15953    0.17564    0.19784    0.20619    0.21255    0.22102
   0.22199    0.23132    0.23196    0.23595    0.24521    0.24628    0.25272    0.25780
   0.46218    0.47072
 kpt#  87, nband= 50, wtk=  0.00926, kpt=  0.0000 -0.1667  0.3333 (reduced coord)
  -1.94297   -1.94265   -1.94251   -1.94248   -0.80170   -0.80129   -0.80078   -0.79696
  -0.79554   -0.79381   -0.79208   -0.79177   -0.79090   -0.79016   -0.78831   -0.78785
  -0.37474   -0.33995   -0.32832   -0.32728   -0.32431   -0.32413   -0.31927   -0.31015
   0.08672    0.09076    0.10398    0.11395    0.11781    0.13349    0.13672    0.14040
   0.14510    0.15040    0.17042    0.17824    0.19928    0.20510    0.22224    0.22247
   0.23007    0.23453    0.23532    0.23583    0.25898    0.26052    0.26438    0.26572
   0.46280    0.46685
 kpt#  88, nband= 50, wtk=  0.00926, kpt=  0.1667 -0.1667  0.3333 (reduced coord)
  -1.94293   -1.94264   -1.94252   -1.94252   -0.80168   -0.80147   -0.80093   -0.79576
  -0.79558   -0.79490   -0.79179   -0.79169   -0.79134   -0.78987   -0.78834   -0.78787
  -0.37175   -0.34047   -0.33028   -0.32863   -0.32652   -0.32104   -0.31946   -0.31091
   0.09342    0.09564    0.10345    0.11548    0.12044    0.13533    0.13833    0.14341
   0.14478    0.15604    0.16381    0.16563    0.20288    0.21499    0.21931    0.22035
   0.23000    0.23111    0.23535    0.23544    0.25378    0.25614    0.25805    0.26045
   0.46403    0.47071
 kpt#  89, nband= 50, wtk=  0.00926, kpt=  0.3333 -0.1667  0.3333 (reduced coord)
  -1.94285   -1.94262   -1.94261   -1.94254   -0.80165   -0.80124   -0.80110   -0.79730
  -0.79541   -0.79319   -0.79316   -0.79084   -0.79039   -0.78990   -0.78894   -0.78827
  -0.36334   -0.34049   -0.33868   -0.33450   -0.32304   -0.32001   -0.31780   -0.31297
   0.10404    0.10805    0.11316    0.11779    0.12171    0.13466    0.13883    0.14247
   0.15084    0.15194    0.15922    0.17517    0.19985    0.20552    0.21013    0.22139
   0.22414    0.23057    0.23371    0.23684    0.24358    0.24586    0.25173    0.25736
   0.46659    0.47535
 kpt#  90, nband= 50, wtk=  0.00926, kpt=  0.5000 -0.1667  0.3333 (reduced coord)
  -1.94273   -1.94272   -1.94258   -1.94258   -0.80150   -0.80150   -0.79965   -0.79965
  -0.79449   -0.79449   -0.79093   -0.79092   -0.78981   -0.78980   -0.78937   -0.78937
  -0.35129   -0.35129   -0.33854   -0.33854   -0.32037   -0.32036   -0.31565   -0.31565
   0.11429    0.11429    0.11914    0.11914    0.12425    0.12425    0.13991    0.13991
   0.15324    0.15325    0.17237    0.17237    0.19948    0.19949    0.20782    0.20782
   0.22071    0.22071    0.23918    0.23919    0.24071    0.24071    0.25475    0.25475
   0.47057    0.47091
 kpt#  91, nband= 50, wtk=  0.00926, kpt= -0.3333 -0.1667  0.3333 (reduced coord)
  -1.94285   -1.94262   -1.94261   -1.94254   -0.80165   -0.80124   -0.80110   -0.79730
  -0.79541   -0.79319   -0.79316   -0.79084   -0.79039   -0.78990   -0.78894   -0.78827
  -0.36334   -0.34049   -0.33868   -0.33449   -0.32304   -0.32001   -0.31780   -0.31297
   0.10404    0.10805    0.11316    0.11779    0.12171    0.13466    0.13883    0.14247
   0.15084    0.15194    0.15922    0.17517    0.19985    0.20552    0.21013    0.22139
   0.22414    0.23056    0.23372    0.23684    0.24358    0.24586    0.25172    0.25736
   0.46658    0.47565
 kpt#  92, nband= 50, wtk=  0.00926, kpt= -0.1667 -0.1667  0.3333 (reduced coord)
  -1.94293   -1.94264   -1.94252   -1.94252   -0.80168   -0.80147   -0.80093   -0.79576
  -0.79558   -0.79490   -0.79179   -0.79169   -0.79134   -0.78987   -0.78834   -0.78787
  -0.37175   -0.34047   -0.33028   -0.32863   -0.32652   -0.32104   -0.31946   -0.31091
   0.09342    0.09564    0.10345    0.11548    0.12044    0.13533    0.13833    0.14341
   0.14478    0.15604    0.16381    0.16563    0.20288    0.21498    0.21931    0.22035
   0.23000    0.23111    0.23535    0.23544    0.25378    0.25614    0.25805    0.26045
   0.46403    0.47067
 kpt#  93, nband= 50, wtk=  0.00463, kpt=  0.0000  0.0000  0.5000 (reduced coord)
  -1.94284   -1.94283   -1.94247   -1.94247   -0.79914   -0.79914   -0.79907   -0.79907
  -0.79693   -0.79693   -0.79256   -0.79256   -0.78907   -0.78907   -0.78890   -0.78890
  -0.36029   -0.36029   -0.32255   -0.32254   -0.32229   -0.32228   -0.31936   -0.31936
   0.10645    0.10645    0.10705    0.10705    0.12149    0.12149    0.12980    0.12980
   0.15054    0.15055    0.17767    0.17767    0.20090    0.20090    0.20247    0.20248
   0.21975    0.21976    0.24656    0.24656    0.26749    0.26749    0.26921    0.26921
   0.47048    0.47053
 kpt#  94, nband= 50, wtk=  0.00926, kpt=  0.1667  0.0000  0.5000 (reduced coord)
  -1.94281   -1.94281   -1.94250   -1.94250   -0.79948   -0.79948   -0.79833   -0.79833
  -0.79744   -0.79744   -0.79192   -0.79192   -0.78974   -0.78974   -0.78881   -0.78881
  -0.35803   -0.35802   -0.32545   -0.32545   -0.32197   -0.32196   -0.31951   -0.31951
   0.10805    0.10805    0.11380    0.11380    0.12059    0.12059    0.12811    0.12811
   0.15773    0.15773    0.18257    0.18257    0.18888    0.18888    0.19833    0.19834
   0.23041    0.23041    0.23909    0.23909    0.26239    0.26239    0.26371    0.26371
   0.47301    0.47309
 kpt#  95, nband= 50, wtk=  0.00926, kpt=  0.3333  0.0000  0.5000 (reduced coord)
  -1.94274   -1.94274   -1.94256   -1.94256   -0.79975   -0.79975   -0.79852   -0.79852
  -0.79655   -0.79655   -0.79159   -0.79159   -0.79059   -0.79059   -0.78884   -0.78884
  -0.35165   -0.35165   -0.33294   -0.33293   -0.32135   -0.32135   -0.31992   -0.31992
   0.11120    0.11120    0.11761    0.11762    0.12960    0.12960    0.13076    0.13077
   0.16922    0.16922    0.17529    0.17530    0.18959    0.18960    0.19662    0.19662
   0.21694    0.21694    0.23935    0.23936    0.25005    0.25005    0.25739    0.25739
   0.47478    0.47550
 kpt#  96, nband= 50, wtk=  0.00463, kpt=  0.5000  0.0000  0.5000 (reduced coord)
  -1.94266   -1.94266   -1.94265   -1.94265   -0.79943   -0.79943   -0.79943   -0.79943
  -0.79410   -0.79409   -0.79409   -0.79409   -0.78943   -0.78943   -0.78943   -0.78943
  -0.34256   -0.34256   -0.34256   -0.34256   -0.32060   -0.32060   -0.32060   -0.32060
   0.11442    0.11443    0.11443    0.11443    0.13629    0.13629    0.13630    0.13630
   0.17606    0.17606    0.17606    0.17606    0.18742    0.18742    0.18743    0.18743
   0.22227    0.22227    0.22227    0.22227    0.25253    0.25253    0.25253    0.25254
   0.47429    0.47429
 kpt#  97, nband= 50, wtk=  0.00926, kpt=  0.0000  0.1667  0.5000 (reduced coord)
  -1.94281   -1.94281   -1.94250   -1.94250   -0.79938   -0.79937   -0.79844   -0.79844
  -0.79742   -0.79742   -0.79191   -0.79191   -0.78982   -0.78982   -0.78876   -0.78876
  -0.35805   -0.35805   -0.32574   -0.32574   -0.32167   -0.32167   -0.31948   -0.31948
   0.10744    0.10744    0.11448    0.11448    0.12109    0.12109    0.12812    0.12812
   0.15604    0.15604    0.18367    0.18367    0.18842    0.18842    0.19875    0.19875
   0.23031    0.23031    0.23913    0.23913    0.26244    0.26244    0.26395    0.26395
   0.47064    0.47064
 kpt#  98, nband= 50, wtk=  0.00926, kpt=  0.1667  0.1667  0.5000 (reduced coord)
  -1.94279   -1.94279   -1.94252   -1.94252   -0.80073   -0.80067   -0.79879   -0.79754
  -0.79665   -0.79656   -0.79151   -0.79149   -0.79070   -0.78922   -0.78887   -0.78871
  -0.35676   -0.35628   -0.33025   -0.32971   -0.31995   -0.31965   -0.31938   -0.31868
   0.10966    0.11098    0.11901    0.11981    0.12036    0.12191    0.12531    0.13194
   0.15417    0.16742    0.17436    0.17438    0.18619    0.18794    0.20752    0.20858
   0.23031    0.23034    0.23061    0.24030    0.25540    0.25605    0.25694    0.26000
   0.46581    0.48229
 kpt#  99, nband= 50, wtk=  0.00926, kpt=  0.3333  0.1667  0.5000 (reduced coord)
  -1.94273   -1.94273   -1.94258   -1.94257   -0.80174   -0.80119   -0.80052   -0.79897
  -0.79474   -0.79400   -0.79180   -0.79054   -0.79038   -0.78998   -0.78888   -0.78871
  -0.35252   -0.35165   -0.33785   -0.33694   -0.31923   -0.31874   -0.31766   -0.31759
   0.11395    0.11637    0.11968    0.11983    0.12923    0.12984    0.13282    0.13812
   0.15755    0.16107    0.16568    0.18205    0.19553    0.19620    0.20208    0.20815
   0.21242    0.22582    0.23433    0.23496    0.24141    0.24672    0.24724    0.25530
   0.46612    0.47771
 kpt# 100, nband= 50, wtk=  0.00926, kpt=  0.5000  0.1667  0.5000 (reduced coord)
  -1.94266   -1.94266   -1.94265   -1.94265   -0.80167   -0.80167   -0.80048   -0.80048
  -0.79318   -0.79318   -0.79164   -0.79164   -0.78952   -0.78952   -0.78924   -0.78924
  -0.34584   -0.34584   -0.34479   -0.34479   -0.31872   -0.31872   -0.31712   -0.31712
   0.11730    0.11730    0.11979    0.11979    0.13333    0.13333    0.13835    0.13835
   0.16554    0.16554    0.17226    0.17226    0.19760    0.19760    0.20226    0.20226
   0.21867    0.21867    0.21974    0.21974    0.24328    0.24328    0.25162    0.25163
   0.47019    0.47212
 kpt# 101, nband= 50, wtk=  0.00926, kpt= -0.3333  0.1667  0.5000 (reduced coord)
  -1.94273   -1.94273   -1.94258   -1.94257   -0.80174   -0.80119   -0.80052   -0.79897
  -0.79474   -0.79400   -0.79180   -0.79054   -0.79038   -0.78998   -0.78888   -0.78871
  -0.35252   -0.35165   -0.33785   -0.33694   -0.31923   -0.31874   -0.31766   -0.31759
   0.11395    0.11637    0.11968    0.11983    0.12923    0.12984    0.13282    0.13812
   0.15755    0.16107    0.16568    0.18205    0.19553    0.19620    0.20208    0.20815
   0.21242    0.22582    0.23433    0.23496    0.24141    0.24672    0.24724    0.25530
   0.46612    0.47729
 kpt# 102, nband= 50, wtk=  0.00926, kpt= -0.1667  0.1667  0.5000 (reduced coord)
  -1.94279   -1.94279   -1.94252   -1.94252   -0.80073   -0.80067   -0.79879   -0.79754
  -0.79665   -0.79656   -0.79151   -0.79149   -0.79070   -0.78922   -0.78887   -0.78871
  -0.35676   -0.35628   -0.33025   -0.32971   -0.31995   -0.31965   -0.31938   -0.31868
   0.10966    0.11098    0.11901    0.11981    0.12036    0.12191    0.12531    0.13194
   0.15417    0.16742    0.17436    0.17438    0.18619    0.18794    0.20752    0.20858
   0.23031    0.23034    0.23061    0.24030    0.25540    0.25605    0.25694    0.26000
   0.46581    0.48259
 kpt# 103, nband= 50, wtk=  0.00926, kpt=  0.0000  0.3333  0.5000 (reduced coord)
  -1.94274   -1.94274   -1.94256   -1.94256   -0.79965   -0.79965   -0.79847   -0.79847
  -0.79667   -0.79666   -0.79169   -0.79169   -0.79058   -0.79057   -0.78880   -0.78880
  -0.35174   -0.35174   -0.33319   -0.33319   -0.32107   -0.32107   -0.31982   -0.31982
   0.11084    0.11084    0.11840    0.11840    0.13013    0.13013    0.13059    0.13060
   0.16609    0.16609    0.17525    0.17525    0.18897    0.18898    0.19934    0.19934
   0.21663    0.21663    0.23988    0.23988    0.25004    0.25005    0.25787    0.25787
   0.47057    0.47115
 kpt# 104, nband= 50, wtk=  0.00926, kpt=  0.1667  0.3333  0.5000 (reduced coord)
  -1.94273   -1.94273   -1.94258   -1.94257   -0.80175   -0.80111   -0.80051   -0.79893
  -0.79486   -0.79397   -0.79187   -0.79057   -0.79034   -0.79002   -0.78885   -0.78867
  -0.35252   -0.35176   -0.33758   -0.33743   -0.31910   -0.31819   -0.31789   -0.31766
   0.11308    0.11706    0.12018    0.12026    0.12870    0.12968    0.13297    0.13950
   0.15701    0.15965    0.16552    0.17754    0.19711    0.20056    0.20280    0.20596
   0.21161    0.22536    0.23466    0.23578    0.24298    0.24611    0.24688    0.25598
   0.46201    0.47339
 kpt# 105, nband= 50, wtk=  0.00926, kpt=  0.3333  0.3333  0.5000 (reduced coord)
  -1.94270   -1.94270   -1.94261   -1.94261   -0.80310   -0.80307   -0.80264   -0.80118
  -0.79175   -0.79164   -0.79115   -0.78999   -0.78991   -0.78949   -0.78858   -0.78849
  -0.35257   -0.35160   -0.34456   -0.34427   -0.31644   -0.31476   -0.31459   -0.31441
   0.12200    0.12305    0.12369    0.12370    0.13153    0.13493    0.13720    0.13825
   0.15609    0.15620    0.16173    0.18689    0.19605    0.19643    0.21374    0.21646
   0.21838    0.22215    0.22471    0.22738    0.23148    0.23508    0.23740    0.24779
   0.45953    0.46887
 kpt# 106, nband= 50, wtk=  0.00926, kpt=  0.5000  0.3333  0.5000 (reduced coord)
  -1.94266   -1.94266   -1.94265   -1.94265   -0.80364   -0.80364   -0.80287   -0.80287
  -0.79103   -0.79103   -0.78994   -0.78994   -0.78909   -0.78909   -0.78883   -0.78883
  -0.35005   -0.35005   -0.34930   -0.34930   -0.31440   -0.31440   -0.31310   -0.31310
   0.12528    0.12528    0.12838    0.12838    0.13223    0.13223    0.13571    0.13571
   0.16406    0.16406    0.17242    0.17242    0.20383    0.20383    0.20402    0.20402
   0.21946    0.21946    0.22358    0.22358    0.22815    0.22815    0.24385    0.24385
   0.46439    0.46447
 kpt# 107, nband= 50, wtk=  0.00926, kpt= -0.3333  0.3333  0.5000 (reduced coord)
  -1.94270   -1.94270   -1.94261   -1.94261   -0.80310   -0.80307   -0.80264   -0.80118
  -0.79175   -0.79164   -0.79115   -0.78999   -0.78991   -0.78949   -0.78858   -0.78849
  -0.35257   -0.35160   -0.34456   -0.34427   -0.31644   -0.31476   -0.31459   -0.31441
   0.12200    0.12305    0.12369    0.12370    0.13153    0.13493    0.13720    0.13825
   0.15609    0.15620    0.16173    0.18689    0.19605    0.19643    0.21374    0.21646
   0.21838    0.22215    0.22471    0.22738    0.23148    0.23508    0.23740    0.24779
   0.45953    0.46889
 kpt# 108, nband= 50, wtk=  0.00926, kpt= -0.1667  0.3333  0.5000 (reduced coord)
  -1.94273   -1.94273   -1.94258   -1.94257   -0.80175   -0.80111   -0.80051   -0.79893
  -0.79486   -0.79397   -0.79187   -0.79057   -0.79034   -0.79002   -0.78885   -0.78867
  -0.35252   -0.35176   -0.33758   -0.33743   -0.31910   -0.31819   -0.31789   -0.31766
   0.11308    0.11706    0.12018    0.12026    0.12870    0.12968    0.13297    0.13950
   0.15701    0.15965    0.16552    0.17754    0.19711    0.20056    0.20280    0.20596
   0.21161    0.22536    0.23466    0.23578    0.24298    0.24611    0.24688    0.25598
   0.46201    0.47332
 kpt# 109, nband= 50, wtk=  0.00463, kpt=  0.0000  0.5000  0.5000 (reduced coord)
  -1.94266   -1.94266   -1.94265   -1.94265   -0.79936   -0.79936   -0.79935   -0.79935
  -0.79420   -0.79420   -0.79420   -0.79420   -0.78940   -0.78940   -0.78940   -0.78940
  -0.34274   -0.34274   -0.34274   -0.34274   -0.32040   -0.32040   -0.32040   -0.32039
   0.11464    0.11464    0.11464    0.11464    0.13631    0.13631    0.13632    0.13633
   0.17406    0.17406    0.17406    0.17407    0.18823    0.18824    0.18824    0.18824
   0.22311    0.22311    0.22312    0.22312    0.25287    0.25287    0.25287    0.25288
   0.47131    0.47132
 kpt# 110, nband= 50, wtk=  0.00926, kpt=  0.1667  0.5000  0.5000 (reduced coord)
  -1.94266   -1.94266   -1.94265   -1.94265   -0.80166   -0.80166   -0.80041   -0.80041
  -0.79330   -0.79329   -0.79165   -0.79165   -0.78953   -0.78952   -0.78920   -0.78919
  -0.34577   -0.34577   -0.34510   -0.34509   -0.31836   -0.31836   -0.31721   -0.31720
   0.11721    0.11721    0.12011    0.12012    0.13347    0.13348    0.13856    0.13856
   0.16457    0.16457    0.17155    0.17155    0.19557    0.19557    0.20345    0.20346
   0.21771    0.21772    0.22237    0.22238    0.24347    0.24348    0.25209    0.25209
   0.46446    0.46448
 kpt# 111, nband= 50, wtk=  0.00926, kpt=  0.3333  0.5000  0.5000 (reduced coord)
  -1.94266   -1.94266   -1.94265   -1.94265   -0.80364   -0.80364   -0.80285   -0.80285
  -0.79109   -0.79109   -0.78987   -0.78986   -0.78916   -0.78915   -0.78879   -0.78879
  -0.34994   -0.34994   -0.34948   -0.34947   -0.31419   -0.31419   -0.31324   -0.31324
   0.12491    0.12491    0.12827    0.12827    0.13272    0.13273    0.13605    0.13605
   0.16360    0.16361    0.17237    0.17237    0.20181    0.20181    0.20499    0.20500
   0.21871    0.21871    0.22460    0.22461    0.22934    0.22934    0.24376    0.24377
   0.46004    0.46004
 kpt# 112, nband= 50, wtk=  0.00463, kpt=  0.5000  0.5000  0.5000 (reduced coord)
  -1.94266   -1.94266   -1.94265   -1.94265   -0.80410   -0.80410   -0.80410   -0.80410
  -0.79011   -0.79011   -0.79010   -0.79010   -0.78842   -0.78842   -0.78841   -0.78841
  -0.35153   -0.35153   -0.35153   -0.35153   -0.31202   -0.31202   -0.31202   -0.31202
   0.12849    0.12849    0.12849    0.12849    0.13587    0.13587    0.13587    0.13587
   0.17057    0.17057    0.17058    0.17058    0.19929    0.19929    0.19930    0.19930
   0.22030    0.22030    0.22031    0.22031    0.23586    0.23586    0.23586    0.23587
   0.46336    0.46336
