 Fermi (or HOMO) energy (hartree) =   0.28025   Average Vxc (hartree)=  -0.44584
 Eigenvalues (hartree) for nkpt= 112  k points:
 kpt#   1, nband= 50, wtk=  0.00463, kpt=  0.0000  0.0000  0.0000 (reduced coord)
  -1.94300   -1.94227   -1.94219   -1.94215   -0.80683   -0.80585   -0.80576   -0.79544
  -0.79289   -0.79285   -0.79260   -0.79245   -0.79190   -0.78771   -0.78748   -0.78707
  -0.39858   -0.34373   -0.34303   -0.33656   -0.31706   -0.31234   -0.31102   -0.30694
   0.06596    0.06707    0.07516    0.09728    0.10491    0.10569    0.15945    0.15976
   0.15992    0.16480    0.17612    0.19166    0.19252    0.20236    0.21626    0.21697
   0.22811    0.23416    0.23503    0.23679    0.24848    0.26511    0.28004    0.28025
   0.45581    0.46343
 kpt#   2, nband= 50, wtk=  0.00926, kpt=  0.1667  0.0000  0.0000 (reduced coord)
  -1.94296   -1.94231   -1.94219   -1.94216   -0.80610   -0.80507   -0.80477   -0.79564
  -0.79391   -0.79318   -0.79232   -0.79223   -0.79184   -0.78883   -0.78801   -0.78743
  -0.39421   -0.34244   -0.34210   -0.33550   -0.31885   -0.31792   -0.31088   -0.30806
   0.06968    0.07374    0.07479    0.09918    0.10044    0.12263    0.15009    0.15051
   0.15537    0.16278    0.17530    0.18619    0.18792    0.20743    0.21319    0.22116
   0.23152    0.23520    0.23893    0.24365    0.24776    0.25248    0.27689    0.27917
   0.46064    0.46906
 kpt#   3, nband= 50, wtk=  0.00926, kpt=  0.3333  0.0000  0.0000 (reduced coord)
  -1.94286   -1.94241   -1.94219   -1.94216   -0.80421   -0.80330   -0.80181   -0.79698
  -0.79582   -0.79361   -0.79233   -0.79227   -0.79156   -0.79126   -0.78875   -0.78839
  -0.38291   -0.34044   -0.33941   -0.33316   -0.33218   -0.31993   -0.31252   -0.31068
   0.07562    0.07658    0.09701    0.10478    0.10556    0.12122    0.13580    0.13634
   0.15942    0.16172    0.16441    0.18023    0.19094    0.20542    0.20989    0.21508
   0.22871    0.23911    0.24089    0.24237    0.24744    0.25435    0.27490    0.27584
   0.45739    0.46180
 kpt#   4, nband= 50, wtk=  0.00463, kpt=  0.5000  0.0000  0.0000 (reduced coord)
  -1.94278   -1.94249   -1.94219   -1.94216   -0.80268   -0.80192   -0.79871   -0.79842
  -0.79715   -0.79579   -0.79362   -0.79227   -0.79125   -0.79035   -0.78930   -0.78927
  -0.37407   -0.34406   -0.33750   -0.33735   -0.33194   -0.32108   -0.31356   -0.31229
   0.08098    0.08112    0.10723    0.10825    0.10879    0.11896    0.12752    0.12860
   0.15228    0.16316    0.17516    0.17885    0.18584    0.18980    0.21272    0.21764
   0.22880    0.22993    0.24110    0.24323    0.25182    0.25660    0.27383    0.27625
   0.45246    0.45959
 kpt#   5, nband= 50, wtk=  0.00926, kpt=  0.0000  0.1667  0.0000 (reduced coord)
  -1.94295   -1.94227   -1.94224   -1.94216   -0.80574   -0.80521   -0.80502   -0.79649
  -0.79330   -0.79280   -0.79274   -0.79265   -0.79126   -0.78826   -0.78805   -0.78778
  -0.39400   -0.34356   -0.34218   -0.33655   -0.32103   -0.31268   -0.31231   -0.30760
   0.07123    0.07227    0.07608    0.09890    0.10818    0.11669    0.14755    0.15300
   0.15839    0.16684    0.16757    0.18811    0.19300    0.20095    0.21683    0.22057
   0.22691    0.23084    0.23708    0.23773    0.24325    0.26353    0.27823    0.27834
   0.45446    0.46388
 kpt#   6, nband= 50, wtk=  0.00926, kpt=  0.1667  0.1667  0.0000 (reduced coord)
  -1.94291   -1.94231   -1.94224   -1.94217   -0.80523   -0.80460   -0.80407   -0.79678
  -0.79378   -0.79371   -0.79233   -0.79217   -0.79117   -0.79006   -0.78839   -0.78739
  -0.39002   -0.34297   -0.34129   -0.33538   -0.32162   -0.31959   -0.31124   -0.30850
   0.07108    0.07959    0.08044    0.10043    0.10515    0.12729    0.14213    0.15107
   0.15511    0.15761    0.17267    0.18230    0.18930    0.20241    0.21485    0.21876
   0.23093    0.23442    0.23660    0.24234    0.24710    0.24995    0.27587    0.27729
   0.45583    0.46515
 kpt#   7, nband= 50, wtk=  0.00926, kpt=  0.3333  0.1667  0.0000 (reduced coord)
  -1.94281   -1.94240   -1.94223   -1.94218   -0.80391   -0.80285   -0.80166   -0.79803
  -0.79568   -0.79369   -0.79346   -0.79217   -0.79105   -0.79074   -0.78920   -0.78800
  -0.37975   -0.34143   -0.33973   -0.33322   -0.33199   -0.32252   -0.31252   -0.31068
   0.07548    0.08537    0.09938    0.10668    0.10816    0.12352    0.13273    0.13898
   0.15833    0.15863    0.16780    0.18053    0.18855    0.20230    0.20970    0.21019
   0.22709    0.23589    0.23902    0.23980    0.24780    0.24949    0.27424    0.27429
   0.45571    0.45948
 kpt#   8, nband= 50, wtk=  0.00926, kpt=  0.5000  0.1667  0.0000 (reduced coord)
  -1.94274   -1.94247   -1.94222   -1.94218   -0.80290   -0.80141   -0.79925   -0.79911
  -0.79690   -0.79666   -0.79291   -0.79230   -0.79096   -0.78976   -0.78960   -0.78905
  -0.37184   -0.34280   -0.34042   -0.33681   -0.33246   -0.32256   -0.31343   -0.31211
   0.08212    0.08705    0.10570    0.10997    0.11328    0.12209    0.12587    0.13391
   0.15417    0.16138    0.17715    0.17723    0.18022    0.19239    0.21215    0.21375
   0.22514    0.22775    0.23815    0.23935    0.25098    0.25169    0.27239    0.27523
   0.45592    0.45752
 kpt#   9, nband= 50, wtk=  0.00926, kpt= -0.3333  0.1667  0.0000 (reduced coord)
  -1.94281   -1.94240   -1.94223   -1.94218   -0.80391   -0.80285   -0.80166   -0.79803
  -0.79568   -0.79369   -0.79345   -0.79217   -0.79105   -0.79074   -0.78920   -0.78800
  -0.37975   -0.34143   -0.33973   -0.33322   -0.33199   -0.32252   -0.31252   -0.31068
   0.07548    0.08538    0.09938    0.10667    0.10816    0.12351    0.13274    0.13897
   0.15833    0.15863    0.16780    0.18053    0.18855    0.20230    0.20970    0.21019
   0.22710    0.23589    0.23903    0.23980    0.24779    0.24948    0.27425    0.27429
   0.45573    0.45949
 kpt#  10, nband= 50, wtk=  0.00926, kpt= -0.1667  0.1667  0.0000 (reduced coord)
  -1.94291   -1.94231   -1.94224   -1.94217   -0.80523   -0.80460   -0.80407   -0.79678
  -0.79378   -0.79370   -0.79233   -0.79217   -0.79117   -0.79006   -0.78839   -0.78739
  -0.39002   -0.34298   -0.34129   -0.33537   -0.32162   -0.31959   -0.31125   -0.30850
   0.07108    0.07959    0.08044    0.10043    0.10515    0.12729    0.14213    0.15106
   0.15511    0.15761    0.17268    0.18230    0.18929    0.20241    0.21485    0.21876
   0.23091    0.23443    0.23660    0.24235    0.24709    0.24994    0.27587    0.27729
   0.45585    0.46517
 kpt#  11, nband= 50, wtk=  0.00926, kpt=  0.0000  0.3333  0.0000 (reduced coord)
  -1.94280   -1.94239   -1.94226   -1.94217   -0.80366   -0.80280   -0.80278   -0.79880
  -0.79554   -0.79368   -0.79247   -0.79235   -0.79046   -0.79020   -0.78889   -0.78856
  -0.38138   -0.34852   -0.34009   -0.33683   -0.32593   -0.31716   -0.31202   -0.30928
   0.07383    0.08492    0.10049    0.10074    0.11631    0.13030    0.13264    0.13881
   0.14246    0.16076    0.17296    0.17970    0.19470    0.19479    0.20805    0.20860
   0.21574    0.22305    0.24290    0.24630    0.25212    0.26303    0.27475    0.27481
   0.45048    0.46104
 kpt#  12, nband= 50, wtk=  0.00926, kpt=  0.1667  0.3333  0.0000 (reduced coord)
  -1.94277   -1.94238   -1.94229   -1.94219   -0.80345   -0.80291   -0.80199   -0.79887
  -0.79569   -0.79479   -0.79236   -0.79191   -0.79089   -0.79022   -0.78930   -0.78801
  -0.37844   -0.34844   -0.33933   -0.33578   -0.32648   -0.32188   -0.31167   -0.30981
   0.07542    0.09201    0.10124    0.10273    0.11473    0.12782    0.13362    0.14168
   0.14284    0.16429    0.17175    0.18258    0.18772    0.19233    0.19666    0.21527
   0.21742    0.22921    0.23988    0.24398    0.25247    0.25350    0.27385    0.27427
   0.44869    0.45768
 kpt#  13, nband= 50, wtk=  0.00926, kpt=  0.3333  0.3333  0.0000 (reduced coord)
  -1.94269   -1.94236   -1.94234   -1.94222   -0.80300   -0.80243   -0.80034   -0.79957
  -0.79700   -0.79493   -0.79397   -0.79155   -0.79024   -0.79009   -0.78968   -0.78792
  -0.37104   -0.34804   -0.33801   -0.33421   -0.33122   -0.32691   -0.31240   -0.31116
   0.08156    0.10155    0.10237    0.11111    0.11735    0.12426    0.12929    0.14305
   0.14616    0.16058    0.17733    0.17741    0.18841    0.19222    0.19575    0.21033
   0.21809    0.22613    0.23790    0.23955    0.24312    0.24997    0.27137    0.27250
   0.44626    0.45386
 kpt#  14, nband= 50, wtk=  0.00926, kpt=  0.5000  0.3333  0.0000 (reduced coord)
  -1.94263   -1.94242   -1.94233   -1.94224   -0.80298   -0.80083   -0.80043   -0.80007
  -0.79752   -0.79561   -0.79394   -0.79211   -0.79043   -0.78949   -0.78889   -0.78862
  -0.36566   -0.34775   -0.33957   -0.33506   -0.33392   -0.32652   -0.31304   -0.31205
   0.08734    0.10095    0.10308    0.11791    0.11974    0.12397    0.12582    0.14361
   0.15207    0.15950    0.16802    0.17922    0.18016    0.19954    0.20330    0.20996
   0.21307    0.22577    0.22984    0.23386    0.24440    0.24977    0.26928    0.27178
   0.44735    0.45344
 kpt#  15, nband= 50, wtk=  0.00926, kpt= -0.3333  0.3333  0.0000 (reduced coord)
  -1.94269   -1.94236   -1.94234   -1.94222   -0.80300   -0.80243   -0.80034   -0.79957
  -0.79700   -0.79492   -0.79397   -0.79156   -0.79024   -0.79009   -0.78969   -0.78792
  -0.37104   -0.34804   -0.33801   -0.33421   -0.33122   -0.32691   -0.31240   -0.31116
   0.08156    0.10155    0.10237    0.11111    0.11736    0.12426    0.12928    0.14304
   0.14616    0.16058    0.17733    0.17742    0.18842    0.19222    0.19576    0.21033
   0.21808    0.22612    0.23791    0.23955    0.24311    0.24997    0.27138    0.27250
   0.44628    0.45381
 kpt#  16, nband= 50, wtk=  0.00926, kpt= -0.1667  0.3333  0.0000 (reduced coord)
  -1.94277   -1.94238   -1.94229   -1.94219   -0.80345   -0.80290   -0.80199   -0.79887
  -0.79569   -0.79479   -0.79236   -0.79191   -0.79089   -0.79022   -0.78930   -0.78801
  -0.37844   -0.34844   -0.33933   -0.33577   -0.32648   -0.32188   -0.31167   -0.30981
   0.07543    0.09201    0.10124    0.10273    0.11473    0.12782    0.13362    0.14168
   0.14283    0.16429    0.17176    0.18258    0.18772    0.19233    0.19667    0.21527
   0.21742    0.22920    0.23988    0.24398    0.25247    0.25349    0.27385    0.27427
   0.44871    0.45767
 kpt#  17, nband= 50, wtk=  0.00463, kpt=  0.0000  0.5000  0.0000 (reduced coord)
  -1.94263   -1.94256   -1.94225   -1.94218   -0.80140   -0.80137   -0.80040   -0.80036
  -0.79688   -0.79685   -0.79227   -0.79223   -0.78989   -0.78984   -0.78959   -0.78954
  -0.36412   -0.36406   -0.33800   -0.33797   -0.32283   -0.32280   -0.31103   -0.31099
   0.08383    0.08386    0.11344    0.11350    0.12342    0.12345    0.13169    0.13174
   0.14187    0.14194    0.18150    0.18160    0.18220    0.18222    0.21054    0.21058
   0.21249    0.21255    0.24684    0.24690    0.26104    0.26106    0.27315    0.27317
   0.45056    0.45056
 kpt#  18, nband= 50, wtk=  0.00926, kpt=  0.1667  0.5000  0.0000 (reduced coord)
  -1.94261   -1.94254   -1.94228   -1.94220   -0.80192   -0.80189   -0.79959   -0.79956
  -0.79760   -0.79759   -0.79182   -0.79182   -0.79038   -0.79035   -0.78911   -0.78908
  -0.36266   -0.36261   -0.33729   -0.33726   -0.32513   -0.32511   -0.31119   -0.31116
   0.08674    0.08677    0.11417    0.11423    0.12216    0.12217    0.13109    0.13113
   0.14955    0.14957    0.17813    0.17819    0.18316    0.18318    0.20119    0.20122
   0.22137    0.22143    0.24340    0.24343    0.25569    0.25569    0.27289    0.27291
   0.44795    0.44798
 kpt#  19, nband= 50, wtk=  0.00926, kpt=  0.3333  0.5000  0.0000 (reduced coord)
  -1.94256   -1.94248   -1.94233   -1.94225   -0.80230   -0.80229   -0.79967   -0.79966
  -0.79738   -0.79733   -0.79254   -0.79249   -0.79001   -0.79000   -0.78862   -0.78861
  -0.35920   -0.35915   -0.33607   -0.33605   -0.32965   -0.32962   -0.31194   -0.31192
   0.09282    0.09286    0.11392    0.11395    0.12417    0.12421    0.13317    0.13320
   0.15711    0.15712    0.17040    0.17045    0.18557    0.18564    0.20613    0.20614
   0.21561    0.21568    0.23863    0.23864    0.24634    0.24634    0.27052    0.27056
   0.44494    0.44504
 kpt#  20, nband= 50, wtk=  0.00463, kpt=  0.5000  0.5000  0.0000 (reduced coord)
  -1.94252   -1.94244   -1.94237   -1.94229   -0.80231   -0.80230   -0.80036   -0.80035
  -0.79619   -0.79614   -0.79372   -0.79366   -0.78946   -0.78946   -0.78853   -0.78852
  -0.35699   -0.35693   -0.33623   -0.33622   -0.33145   -0.33142   -0.31250   -0.31248
   0.09629    0.09633    0.11184    0.11185    0.12839    0.12843    0.13579    0.13581
   0.15335    0.15340    0.16865    0.16868    0.19140    0.19146    0.20679    0.20689
   0.21859    0.21859    0.22487    0.22492    0.24634    0.24636    0.26853    0.26859
   0.44559    0.44665
 kpt#  21, nband= 50, wtk=  0.00926, kpt=  0.0000  0.0000  0.1667 (reduced coord)
  -1.94296   -1.94233   -1.94218   -1.94215   -0.80604   -0.80505   -0.80478   -0.79585
  -0.79404   -0.79321   -0.79255   -0.79209   -0.79175   -0.78881   -0.78773   -0.78739
  -0.39407   -0.34317   -0.34194   -0.33577   -0.31768   -0.31753   -0.31253   -0.30779
   0.07029    0.07121    0.08444    0.09600    0.10822    0.11281    0.14818    0.15178
   0.15894    0.16832    0.17568    0.18711    0.19470    0.20125    0.21260    0.21443
   0.22350    0.23272    0.23974    0.24124    0.25013    0.26381    0.26851    0.27411
   0.45840    0.46431
 kpt#  22, nband= 50, wtk=  0.00926, kpt=  0.1667  0.0000  0.1667 (reduced coord)
  -1.94292   -1.94235   -1.94219   -1.94216   -0.80548   -0.80427   -0.80409   -0.79589
  -0.79511   -0.79290   -0.79243   -0.79223   -0.79181   -0.78996   -0.78777   -0.78773
  -0.39011   -0.34350   -0.34009   -0.33484   -0.32180   -0.31815   -0.31384   -0.30873
   0.07248    0.07911    0.08265    0.09738    0.10718    0.12406    0.14473    0.15014
   0.15333    0.16239    0.17504    0.18100    0.19319    0.20218    0.21447    0.21792
   0.22360    0.23411    0.23694    0.24510    0.24992    0.25212    0.26941    0.27416
   0.46083    0.46820
 kpt#  23, nband= 50, wtk=  0.00926, kpt=  0.3333  0.0000  0.1667 (reduced coord)
  -1.94282   -1.94243   -1.94220   -1.94217   -0.80396   -0.80278   -0.80176   -0.79715
  -0.79646   -0.79412   -0.79276   -0.79214   -0.79150   -0.79068   -0.78877   -0.78835
  -0.37994   -0.34270   -0.33786   -0.33454   -0.33135   -0.31959   -0.31505   -0.31107
   0.07810    0.08199    0.10020    0.10501    0.10979    0.12233    0.13590    0.14290
   0.15406    0.15888    0.16699    0.17968    0.19326    0.20024    0.20561    0.21745
   0.22579    0.22874    0.24132    0.24316    0.24596    0.25509    0.26547    0.27452
   0.45660    0.46145
 kpt#  24, nband= 50, wtk=  0.00926, kpt=  0.5000  0.0000  0.1667 (reduced coord)
  -1.94275   -1.94249   -1.94220   -1.94217   -0.80242   -0.80224   -0.79932   -0.79786
  -0.79770   -0.79678   -0.79264   -0.79200   -0.79078   -0.79040   -0.78969   -0.78897
  -0.37215   -0.34268   -0.34170   -0.33717   -0.33065   -0.31997   -0.31579   -0.31249
   0.08217    0.08498    0.10645    0.11073    0.11178    0.12622    0.12969    0.13473
   0.14933    0.16291    0.17164    0.17514    0.18307    0.18995    0.21472    0.21874
   0.22654    0.22846    0.23418    0.24265    0.24847    0.25707    0.26341    0.27472
   0.45251    0.45810
 kpt#  25, nband= 50, wtk=  0.00926, kpt= -0.3333  0.0000  0.1667 (reduced coord)
  -1.94282   -1.94243   -1.94220   -1.94217   -0.80396   -0.80278   -0.80176   -0.79715
  -0.79646   -0.79412   -0.79275   -0.79214   -0.79150   -0.79068   -0.78877   -0.78835
  -0.37995   -0.34270   -0.33786   -0.33455   -0.33135   -0.31959   -0.31504   -0.31107
   0.07811    0.08199    0.10020    0.10500    0.10979    0.12233    0.13590    0.14290
   0.15406    0.15889    0.16700    0.17968    0.19326    0.20024    0.20561    0.21746
   0.22579    0.22874    0.24133    0.24317    0.24595    0.25510    0.26547    0.27452
   0.45661    0.46151
 kpt#  26, nband= 50, wtk=  0.00926, kpt= -0.1667  0.0000  0.1667 (reduced coord)
  -1.94292   -1.94235   -1.94219   -1.94216   -0.80548   -0.80427   -0.80409   -0.79589
  -0.79512   -0.79289   -0.79243   -0.79224   -0.79181   -0.78995   -0.78777   -0.78773
  -0.39012   -0.34350   -0.34009   -0.33484   -0.32181   -0.31815   -0.31383   -0.30873
   0.07248    0.07910    0.08264    0.09738    0.10718    0.12406    0.14473    0.15015
   0.15333    0.16239    0.17504    0.18100    0.19319    0.20218    0.21447    0.21792
   0.22360    0.23412    0.23693    0.24510    0.24993    0.25212    0.26941    0.27416
   0.46089    0.46803
 kpt#  27, nband= 50, wtk=  0.00926, kpt=  0.0000  0.1667  0.1667 (reduced coord)
  -1.94291   -1.94232   -1.94223   -1.94216   -0.80524   -0.80440   -0.80415   -0.79707
  -0.79374   -0.79342   -0.79266   -0.79197   -0.79154   -0.78986   -0.78805   -0.78755
  -0.38983   -0.34283   -0.34199   -0.33577   -0.32131   -0.31739   -0.31377   -0.30823
   0.07476    0.07966    0.08149    0.10115    0.11011    0.11967    0.14599    0.14699
   0.15857    0.15918    0.17111    0.18576    0.19204    0.20321    0.21411    0.22020
   0.22119    0.22945    0.23307    0.24312    0.24372    0.26214    0.26871    0.27235
   0.45600    0.46544
 kpt#  28, nband= 50, wtk=  0.00926, kpt=  0.1667  0.1667  0.1667 (reduced coord)
  -1.94287   -1.94234   -1.94223   -1.94217   -0.80502   -0.80380   -0.80356   -0.79693
  -0.79479   -0.79326   -0.79297   -0.79180   -0.79144   -0.79069   -0.78803   -0.78764
  -0.38629   -0.34382   -0.34037   -0.33520   -0.32202   -0.32090   -0.31441   -0.30860
   0.07681    0.08310    0.08588    0.10229    0.10900    0.12664    0.14271    0.14739
   0.15348    0.15791    0.17095    0.17729    0.19555    0.20314    0.21321    0.21675
   0.22600    0.22988    0.23537    0.24102    0.24558    0.25128    0.26880    0.27289
   0.45559    0.46654
 kpt#  29, nband= 50, wtk=  0.00926, kpt=  0.3333  0.1667  0.1667 (reduced coord)
  -1.94278   -1.94241   -1.94223   -1.94219   -0.80415   -0.80277   -0.80189   -0.79721
  -0.79635   -0.79518   -0.79275   -0.79153   -0.79103   -0.79068   -0.78870   -0.78824
  -0.37724   -0.34350   -0.33985   -0.33702   -0.32860   -0.32109   -0.31516   -0.31010
   0.08031    0.08772    0.10191    0.10904    0.11088    0.12396    0.13689    0.14231
   0.15339    0.15694    0.16424    0.17961    0.19267    0.20200    0.20652    0.21391
   0.22443    0.22985    0.23530    0.24051    0.24378    0.24963    0.26540    0.27328
   0.45177    0.46313
 kpt#  30, nband= 50, wtk=  0.00926, kpt=  0.5000  0.1667  0.1667 (reduced coord)
  -1.94271   -1.94247   -1.94223   -1.94220   -0.80322   -0.80265   -0.79969   -0.79878
  -0.79700   -0.79664   -0.79215   -0.79156   -0.79060   -0.78983   -0.78947   -0.78917
  -0.37040   -0.34337   -0.34220   -0.34056   -0.32924   -0.32032   -0.31571   -0.31119
   0.08590    0.08803    0.10858    0.11136    0.11194    0.13071    0.13192    0.13586
   0.15034    0.16007    0.16730    0.17420    0.18520    0.19404    0.21185    0.21828
   0.22391    0.22745    0.23374    0.23571    0.24430    0.25265    0.26421    0.27282
   0.45030    0.45541
 kpt#  31, nband= 50, wtk=  0.00926, kpt= -0.3333  0.1667  0.1667 (reduced coord)
  -1.94278   -1.94241   -1.94223   -1.94219   -0.80414   -0.80277   -0.80190   -0.79720
  -0.79635   -0.79518   -0.79274   -0.79152   -0.79103   -0.79068   -0.78870   -0.78824
  -0.37724   -0.34350   -0.33984   -0.33702   -0.32859   -0.32109   -0.31516   -0.31010
   0.08031    0.08772    0.10191    0.10904    0.11088    0.12396    0.13687    0.14231
   0.15339    0.15695    0.16424    0.17962    0.19268    0.20201    0.20652    0.21392
   0.22443    0.22983    0.23531    0.24052    0.24377    0.24963    0.26540    0.27328
   0.45178    0.46190
 kpt#  32, nband= 50, wtk=  0.00926, kpt= -0.1667  0.1667  0.1667 (reduced coord)
  -1.94287   -1.94234   -1.94223   -1.94217   -0.80502   -0.80381   -0.80356   -0.79693
  -0.79479   -0.79326   -0.79297   -0.79180   -0.79144   -0.79069   -0.78803   -0.78764
  -0.38629   -0.34383   -0.34037   -0.33520   -0.32203   -0.32089   -0.31440   -0.30859
   0.07681    0.08310    0.08588    0.10229    0.10900    0.12663    0.14270    0.14739
   0.15347    0.15793    0.17096    0.17729    0.19555    0.20314    0.21321    0.21676
   0.22599    0.22990    0.23538    0.24102    0.24556    0.25129    0.26879    0.27289
   0.45561    0.46654
 kpt#  33, nband= 50, wtk=  0.00926, kpt=  0.0000  0.3333  0.1667 (reduced coord)
  -1.94277   -1.94237   -1.94230   -1.94219   -0.80329   -0.80296   -0.80182   -0.79931
  -0.79541   -0.79432   -0.79293   -0.79177   -0.79073   -0.79057   -0.78887   -0.78839
  -0.37812   -0.34728   -0.34147   -0.33678   -0.32548   -0.31757   -0.31572   -0.30984
   0.08156    0.08899    0.10213    0.10535    0.11625    0.12442    0.13716    0.13802
   0.14625    0.16284    0.16619    0.18055    0.19335    0.19348    0.20975    0.21094
   0.21730    0.22241    0.22940    0.24147    0.25169    0.26182    0.26837    0.26965
   0.45139    0.46317
 kpt#  34, nband= 50, wtk=  0.00926, kpt=  0.1667  0.3333  0.1667 (reduced coord)
  -1.94274   -1.94236   -1.94232   -1.94220   -0.80378   -0.80293   -0.80190   -0.79851
  -0.79586   -0.79514   -0.79266   -0.79140   -0.79100   -0.79024   -0.78878   -0.78825
  -0.37574   -0.34814   -0.34120   -0.33692   -0.32528   -0.32145   -0.31445   -0.30945
   0.08263    0.09347    0.10444    0.10737    0.11497    0.12563    0.13737    0.14054
   0.14488    0.16092    0.16688    0.18153    0.18662    0.19892    0.20263    0.21197
   0.21970    0.22720    0.22952    0.23769    0.24932    0.25471    0.26717    0.27004
   0.44885    0.45972
 kpt#  35, nband= 50, wtk=  0.00926, kpt=  0.3333  0.3333  0.1667 (reduced coord)
  -1.94267   -1.94238   -1.94234   -1.94223   -0.80402   -0.80292   -0.80219   -0.79899
  -0.79658   -0.79424   -0.79307   -0.79108   -0.79022   -0.78980   -0.78942   -0.78808
  -0.36973   -0.34876   -0.34231   -0.34008   -0.32581   -0.32294   -0.31396   -0.30980
   0.08671    0.10108    0.10770    0.11137    0.11803    0.12510    0.13667    0.14092
   0.14716    0.15673    0.16670    0.18432    0.18890    0.19618    0.20228    0.20715
   0.21808    0.22402    0.23167    0.23535    0.24169    0.24863    0.26443    0.26982
   0.44431    0.45525
 kpt#  36, nband= 50, wtk=  0.00926, kpt=  0.5000  0.3333  0.1667 (reduced coord)
  -1.94261   -1.94242   -1.94233   -1.94225   -0.80397   -0.80288   -0.80174   -0.80085
  -0.79565   -0.79458   -0.79244   -0.79133   -0.79009   -0.78947   -0.78896   -0.78872
  -0.36535   -0.34857   -0.34429   -0.34333   -0.32632   -0.32145   -0.31406   -0.31042
   0.09100    0.10227    0.10741    0.11580    0.11754    0.12716    0.13377    0.14537
   0.14676    0.16066    0.16412    0.17903    0.18778    0.19844    0.20262    0.21174
   0.21377    0.22305    0.22484    0.23254    0.24145    0.24810    0.26396    0.26896
   0.44369    0.45199
 kpt#  37, nband= 50, wtk=  0.00926, kpt= -0.3333  0.3333  0.1667 (reduced coord)
  -1.94267   -1.94238   -1.94234   -1.94223   -0.80401   -0.80292   -0.80220   -0.79899
  -0.79659   -0.79423   -0.79308   -0.79107   -0.79022   -0.78980   -0.78942   -0.78808
  -0.36973   -0.34877   -0.34230   -0.34008   -0.32581   -0.32294   -0.31396   -0.30980
   0.08671    0.10108    0.10770    0.11137    0.11804    0.12510    0.13667    0.14091
   0.14716    0.15672    0.16670    0.18433    0.18891    0.19619    0.20229    0.20715
   0.21807    0.22402    0.23167    0.23535    0.24169    0.24863    0.26443    0.26982
   0.44433    0.45508
 kpt#  38, nband= 50, wtk=  0.00926, kpt= -0.1667  0.3333  0.1667 (reduced coord)
  -1.94274   -1.94236   -1.94232   -1.94220   -0.80378   -0.80293   -0.80191   -0.79850
  -0.79586   -0.79513   -0.79267   -0.79139   -0.79100   -0.79024   -0.78879   -0.78825
  -0.37574   -0.34815   -0.34120   -0.33692   -0.32529   -0.32146   -0.31445   -0.30945
   0.08263    0.09347    0.10444    0.10737    0.11498    0.12562    0.13736    0.14054
   0.14488    0.16092    0.16688    0.18153    0.18663    0.19892    0.20264    0.21196
   0.21970    0.22719    0.22953    0.23769    0.24931    0.25472    0.26717    0.27003
   0.44886    0.45976
 kpt#  39, nband= 50, wtk=  0.00926, kpt=  0.0000  0.5000  0.1667 (reduced coord)
  -1.94261   -1.94253   -1.94228   -1.94220   -0.80154   -0.80151   -0.80030   -0.80028
  -0.79699   -0.79697   -0.79212   -0.79209   -0.78987   -0.78984   -0.78963   -0.78959
  -0.36205   -0.36200   -0.33914   -0.33911   -0.32258   -0.32255   -0.31270   -0.31267
   0.09103    0.09106    0.11209    0.11214    0.12010    0.12012    0.13679    0.13684
   0.14648    0.14653    0.17609    0.17612    0.18301    0.18311    0.21035    0.21038
   0.21587    0.21591    0.23561    0.23567    0.25948    0.25951    0.26840    0.26842
   0.45219    0.45225
 kpt#  40, nband= 50, wtk=  0.00926, kpt=  0.1667  0.5000  0.1667 (reduced coord)
  -1.94259   -1.94251   -1.94230   -1.94222   -0.80267   -0.80264   -0.79985   -0.79983
  -0.79700   -0.79696   -0.79153   -0.79151   -0.79010   -0.79008   -0.78928   -0.78925
  -0.36131   -0.36126   -0.33950   -0.33947   -0.32393   -0.32391   -0.31191   -0.31188
   0.09306    0.09309    0.11099    0.11103    0.12397    0.12398    0.13561    0.13564
   0.15098    0.15101    0.16963    0.16965    0.18833    0.18838    0.20506    0.20508
   0.22025    0.22029    0.23371    0.23376    0.25508    0.25510    0.26731    0.26734
   0.44912    0.44918
 kpt#  41, nband= 50, wtk=  0.00926, kpt=  0.3333  0.5000  0.1667 (reduced coord)
  -1.94254   -1.94247   -1.94234   -1.94227   -0.80347   -0.80345   -0.80130   -0.80129
  -0.79540   -0.79536   -0.79157   -0.79153   -0.78996   -0.78994   -0.78871   -0.78869
  -0.35923   -0.35919   -0.34200   -0.34198   -0.32425   -0.32424   -0.31148   -0.31145
   0.09763    0.09766    0.11235    0.11238    0.12534    0.12537    0.13663    0.13668
   0.15565    0.15568    0.16844    0.16847    0.19297    0.19301    0.20231    0.20232
   0.21639    0.21643    0.23150    0.23153    0.24710    0.24712    0.26574    0.26577
   0.44472    0.44481
 kpt#  42, nband= 50, wtk=  0.00926, kpt=  0.5000  0.5000  0.1667 (reduced coord)
  -1.94251   -1.94243   -1.94238   -1.94230   -0.80344   -0.80344   -0.80238   -0.80236
  -0.79408   -0.79404   -0.79246   -0.79242   -0.78946   -0.78946   -0.78856   -0.78855
  -0.35765   -0.35760   -0.34427   -0.34425   -0.32350   -0.32348   -0.31171   -0.31169
   0.10031    0.10034    0.11367    0.11369    0.12548    0.12553    0.13471    0.13476
   0.15904    0.15908    0.17019    0.17021    0.19438    0.19442    0.20369    0.20375
   0.21415    0.21419    0.22417    0.22423    0.24559    0.24563    0.26526    0.26530
   0.44428    0.44441
 kpt#  43, nband= 50, wtk=  0.00926, kpt= -0.3333  0.5000  0.1667 (reduced coord)
  -1.94254   -1.94247   -1.94234   -1.94227   -0.80347   -0.80345   -0.80130   -0.80130
  -0.79541   -0.79536   -0.79156   -0.79153   -0.78995   -0.78994   -0.78871   -0.78870
  -0.35924   -0.35919   -0.34200   -0.34198   -0.32426   -0.32424   -0.31147   -0.31145
   0.09763    0.09766    0.11235    0.11237    0.12534    0.12537    0.13665    0.13668
   0.15565    0.15568    0.16844    0.16847    0.19297    0.19301    0.20230    0.20232
   0.21638    0.21642    0.23150    0.23153    0.24710    0.24712    0.26574    0.26577
   0.44472    0.44481
 kpt#  44, nband= 50, wtk=  0.00926, kpt= -0.1667  0.5000  0.1667 (reduced coord)
  -1.94259   -1.94251   -1.94230   -1.94222   -0.80267   -0.80264   -0.79985   -0.79983
  -0.79700   -0.79697   -0.79152   -0.79151   -0.79011   -0.79008   -0.78928   -0.78926
  -0.36131   -0.36126   -0.33950   -0.33947   -0.32394   -0.32391   -0.31190   -0.31188
   0.09305    0.09309    0.11099    0.11103    0.12397    0.12399    0.13561    0.13564
   0.15098    0.15101    0.16963    0.16964    0.18833    0.18838    0.20507    0.20508
   0.22024    0.22028    0.23371    0.23376    0.25509    0.25510    0.26731    0.26733
   0.44913    0.44917
 kpt#  45, nband= 50, wtk=  0.00926, kpt=  0.0000 -0.3333  0.1667 (reduced coord)
  -1.94277   -1.94237   -1.94230   -1.94219   -0.80329   -0.80295   -0.80183   -0.79931
  -0.79541   -0.79432   -0.79294   -0.79176   -0.79073   -0.79056   -0.78888   -0.78840
  -0.37812   -0.34727   -0.34146   -0.33680   -0.32549   -0.31755   -0.31573   -0.30982
   0.08154    0.08899    0.10214    0.10533    0.11627    0.12441    0.13718    0.13799
   0.14627    0.16283    0.16620    0.18058    0.19339    0.19349    0.20971    0.21094
   0.21729    0.22239    0.22935    0.24153    0.25169    0.26183    0.26837    0.26964
   0.45142    0.46331
 kpt#  46, nband= 50, wtk=  0.00926, kpt=  0.1667 -0.3333  0.1667 (reduced coord)
  -1.94274   -1.94236   -1.94232   -1.94220   -0.80377   -0.80295   -0.80191   -0.79851
  -0.79586   -0.79512   -0.79267   -0.79139   -0.79101   -0.79024   -0.78879   -0.78825
  -0.37575   -0.34814   -0.34119   -0.33694   -0.32529   -0.32145   -0.31446   -0.30943
   0.08262    0.09346    0.10444    0.10737    0.11500    0.12562    0.13739    0.14052
   0.14487    0.16092    0.16688    0.18152    0.18667    0.19894    0.20261    0.21198
   0.21968    0.22717    0.22950    0.23772    0.24931    0.25471    0.26718    0.27003
   0.44890    0.45965
 kpt#  47, nband= 50, wtk=  0.00926, kpt=  0.3333 -0.3333  0.1667 (reduced coord)
  -1.94267   -1.94238   -1.94234   -1.94223   -0.80401   -0.80294   -0.80219   -0.79899
  -0.79658   -0.79423   -0.79309   -0.79107   -0.79022   -0.78979   -0.78944   -0.78807
  -0.36974   -0.34876   -0.34230   -0.34010   -0.32579   -0.32295   -0.31397   -0.30979
   0.08670    0.10106    0.10769    0.11135    0.11804    0.12514    0.13667    0.14095
   0.14712    0.15673    0.16668    0.18434    0.18893    0.19620    0.20227    0.20717
   0.21806    0.22401    0.23165    0.23536    0.24169    0.24861    0.26444    0.26982
   0.44435    0.45505
 kpt#  48, nband= 50, wtk=  0.00926, kpt=  0.5000 -0.3333  0.1667 (reduced coord)
  -1.94261   -1.94242   -1.94233   -1.94225   -0.80397   -0.80289   -0.80174   -0.80085
  -0.79564   -0.79459   -0.79244   -0.79130   -0.79011   -0.78947   -0.78897   -0.78871
  -0.36535   -0.34857   -0.34429   -0.34333   -0.32631   -0.32144   -0.31406   -0.31041
   0.09100    0.10225    0.10740    0.11578    0.11752    0.12721    0.13376    0.14542
   0.14674    0.16069    0.16411    0.17903    0.18780    0.19848    0.20260    0.21171
   0.21376    0.22298    0.22484    0.23257    0.24146    0.24811    0.26397    0.26895
   0.44369    0.45250
 kpt#  49, nband= 50, wtk=  0.00926, kpt= -0.3333 -0.3333  0.1667 (reduced coord)
  -1.94267   -1.94238   -1.94234   -1.94223   -0.80401   -0.80293   -0.80220   -0.79899
  -0.79658   -0.79423   -0.79308   -0.79106   -0.79022   -0.78980   -0.78943   -0.78807
  -0.36974   -0.34876   -0.34229   -0.34010   -0.32580   -0.32294   -0.31397   -0.30978
   0.08670    0.10105    0.10770    0.11134    0.11804    0.12514    0.13668    0.14095
   0.14713    0.15673    0.16668    0.18434    0.18892    0.19620    0.20227    0.20717
   0.21806    0.22400    0.23166    0.23536    0.24169    0.24862    0.26444    0.26982
   0.44433    0.45664
 kpt#  50, nband= 50, wtk=  0.00926, kpt= -0.1667 -0.3333  0.1667 (reduced coord)
  -1.94274   -1.94236   -1.94232   -1.94220   -0.80377   -0.80294   -0.80191   -0.79850
  -0.79586   -0.79513   -0.79266   -0.79139   -0.79101   -0.79024   -0.78879   -0.78825
  -0.37575   -0.34814   -0.34119   -0.33695   -0.32529   -0.32145   -0.31446   -0.30942
   0.08261    0.09346    0.10444    0.10737    0.11499    0.12563    0.13739    0.14052
   0.14488    0.16092    0.16688    0.18152    0.18667    0.19894    0.20261    0.21198
   0.21968    0.22717    0.22949    0.23772    0.24932    0.25472    0.26717    0.27003
   0.44888    0.45981
 kpt#  51, nband= 50, wtk=  0.00926, kpt=  0.0000 -0.1667  0.1667 (reduced coord)
  -1.94291   -1.94232   -1.94223   -1.94216   -0.80523   -0.80440   -0.80416   -0.79707
  -0.79374   -0.79342   -0.79267   -0.79197   -0.79155   -0.78985   -0.78805   -0.78756
  -0.38983   -0.34282   -0.34199   -0.33579   -0.32131   -0.31740   -0.31376   -0.30821
   0.07476    0.07966    0.08149    0.10114    0.11012    0.11967    0.14598    0.14698
   0.15856    0.15921    0.17113    0.18580    0.19205    0.20322    0.21407    0.22017
   0.22117    0.22938    0.23308    0.24316    0.24376    0.26215    0.26871    0.27235
   0.45599    0.46545
 kpt#  52, nband= 50, wtk=  0.00926, kpt=  0.1667 -0.1667  0.1667 (reduced coord)
  -1.94287   -1.94234   -1.94223   -1.94217   -0.80502   -0.80381   -0.80356   -0.79693
  -0.79479   -0.79325   -0.79297   -0.79181   -0.79144   -0.79069   -0.78803   -0.78764
  -0.38630   -0.34382   -0.34037   -0.33521   -0.32201   -0.32091   -0.31441   -0.30858
   0.07679    0.08311    0.08588    0.10229    0.10901    0.12663    0.14270    0.14739
   0.15345    0.15794    0.17098    0.17731    0.19557    0.20314    0.21321    0.21675
   0.22596    0.22985    0.23538    0.24103    0.24559    0.25127    0.26880    0.27289
   0.45562    0.46652
 kpt#  53, nband= 50, wtk=  0.00926, kpt=  0.3333 -0.1667  0.1667 (reduced coord)
  -1.94278   -1.94241   -1.94223   -1.94219   -0.80414   -0.80278   -0.80190   -0.79721
  -0.79635   -0.79517   -0.79274   -0.79153   -0.79103   -0.79068   -0.78871   -0.78824
  -0.37725   -0.34349   -0.33985   -0.33704   -0.32858   -0.32109   -0.31516   -0.31008
   0.08029    0.08772    0.10189    0.10905    0.11088    0.12397    0.13689    0.14230
   0.15340    0.15694    0.16422    0.17964    0.19268    0.20201    0.20653    0.21393
   0.22444    0.22981    0.23530    0.24051    0.24375    0.24964    0.26541    0.27329
   0.45179    0.46166
 kpt#  54, nband= 50, wtk=  0.00926, kpt=  0.5000 -0.1667  0.1667 (reduced coord)
  -1.94271   -1.94247   -1.94223   -1.94220   -0.80322   -0.80265   -0.79969   -0.79878
  -0.79700   -0.79663   -0.79213   -0.79157   -0.79060   -0.78982   -0.78948   -0.78917
  -0.37040   -0.34338   -0.34220   -0.34057   -0.32923   -0.32032   -0.31572   -0.31118
   0.08589    0.08802    0.10855    0.11136    0.11193    0.13072    0.13194    0.13587
   0.15034    0.16009    0.16730    0.17420    0.18521    0.19404    0.21185    0.21827
   0.22388    0.22745    0.23374    0.23570    0.24429    0.25267    0.26421    0.27283
   0.45032    0.45540
 kpt#  55, nband= 50, wtk=  0.00926, kpt= -0.3333 -0.1667  0.1667 (reduced coord)
  -1.94278   -1.94241   -1.94223   -1.94219   -0.80414   -0.80277   -0.80190   -0.79721
  -0.79635   -0.79518   -0.79274   -0.79153   -0.79103   -0.79068   -0.78871   -0.78824
  -0.37725   -0.34349   -0.33985   -0.33704   -0.32858   -0.32109   -0.31516   -0.31008
   0.08030    0.08771    0.10189    0.10905    0.11087    0.12397    0.13689    0.14231
   0.15340    0.15694    0.16423    0.17963    0.19268    0.20200    0.20653    0.21394
   0.22443    0.22983    0.23529    0.24050    0.24375    0.24965    0.26541    0.27328
   0.45178    0.46238
 kpt#  56, nband= 50, wtk=  0.00926, kpt= -0.1667 -0.1667  0.1667 (reduced coord)
  -1.94287   -1.94234   -1.94223   -1.94217   -0.80502   -0.80381   -0.80356   -0.79693
  -0.79479   -0.79326   -0.79295   -0.79181   -0.79144   -0.79068   -0.78803   -0.78764
  -0.38630   -0.34382   -0.34037   -0.33521   -0.32202   -0.32091   -0.31440   -0.30857
   0.07679    0.08311    0.08587    0.10229    0.10901    0.12663    0.14270    0.14739
   0.15346    0.15794    0.17097    0.17730    0.19557    0.20315    0.21321    0.21674
   0.22597    0.22985    0.23538    0.24103    0.24559    0.25129    0.26880    0.27288
   0.45561    0.46667
 kpt#  57, nband= 50, wtk=  0.00926, kpt=  0.0000  0.0000  0.3333 (reduced coord)
  -1.94283   -1.94247   -1.94218   -1.94215   -0.80387   -0.80290   -0.80218   -0.79778
  -0.79594   -0.79422   -0.79329   -0.79209   -0.79073   -0.79044   -0.78848   -0.78827
  -0.38161   -0.34871   -0.33750   -0.33403   -0.32386   -0.31847   -0.31650   -0.31217
   0.08191    0.08302    0.09679    0.11053    0.11544    0.12515    0.12833    0.14008
   0.14109    0.17024    0.18081    0.18453    0.19174    0.19616    0.19940    0.21484
   0.21540    0.23403    0.23967    0.24738    0.24894    0.25551    0.26123    0.26195
   0.46444    0.46662
 kpt#  58, nband= 50, wtk=  0.00926, kpt=  0.1667  0.0000  0.3333 (reduced coord)
  -1.94280   -1.94247   -1.94219   -1.94216   -0.80369   -0.80269   -0.80179   -0.79759
  -0.79688   -0.79454   -0.79291   -0.79195   -0.79118   -0.79027   -0.78870   -0.78817
  -0.37879   -0.34893   -0.33728   -0.33359   -0.32513   -0.31943   -0.31798   -0.31203
   0.08109    0.09047    0.09802    0.10537    0.11701    0.12487    0.13634    0.14104
   0.14513    0.16684    0.17362    0.18377    0.18740    0.19950    0.20267    0.20979
   0.21887    0.22722    0.23574    0.24898    0.25039    0.25317    0.25974    0.26256
   0.46118    0.46489
 kpt#  59, nband= 50, wtk=  0.00926, kpt=  0.3333  0.0000  0.3333 (reduced coord)
  -1.94272   -1.94249   -1.94222   -1.94219   -0.80321   -0.80225   -0.80054   -0.79856
  -0.79711   -0.79624   -0.79232   -0.79162   -0.79116   -0.78981   -0.78970   -0.78818
  -0.37175   -0.34944   -0.33711   -0.33446   -0.32947   -0.32061   -0.31795   -0.31295
   0.08378    0.09602    0.10102    0.11308    0.11679    0.12376    0.13978    0.14278
   0.15508    0.15990    0.17235    0.17666    0.18571    0.19440    0.19865    0.21153
   0.21461    0.22464    0.23567    0.24490    0.24711    0.25115    0.25690    0.26565
   0.45341    0.45822
 kpt#  60, nband= 50, wtk=  0.00926, kpt=  0.5000  0.0000  0.3333 (reduced coord)
  -1.94267   -1.94251   -1.94223   -1.94220   -0.80288   -0.80194   -0.79942   -0.79882
  -0.79842   -0.79672   -0.79227   -0.79129   -0.79069   -0.79056   -0.78927   -0.78861
  -0.36675   -0.34992   -0.33921   -0.33644   -0.32937   -0.32090   -0.31776   -0.31369
   0.08700    0.09452    0.10387    0.11645    0.11892    0.12687    0.13905    0.14197
   0.16105    0.16464    0.16974    0.17133    0.17865    0.18069    0.20708    0.21020
   0.22007    0.22172    0.23776    0.24177    0.24448    0.24563    0.25767    0.26679
   0.44997    0.45409
 kpt#  61, nband= 50, wtk=  0.00926, kpt= -0.3333  0.0000  0.3333 (reduced coord)
  -1.94272   -1.94249   -1.94222   -1.94219   -0.80321   -0.80225   -0.80055   -0.79856
  -0.79711   -0.79624   -0.79232   -0.79161   -0.79116   -0.78981   -0.78970   -0.78819
  -0.37175   -0.34944   -0.33710   -0.33447   -0.32947   -0.32061   -0.31796   -0.31295
   0.08378    0.09601    0.10102    0.11308    0.11679    0.12376    0.13978    0.14278
   0.15509    0.15991    0.17235    0.17667    0.18571    0.19439    0.19865    0.21153
   0.21460    0.22464    0.23567    0.24490    0.24711    0.25115    0.25691    0.26565
   0.45342    0.45824
 kpt#  62, nband= 50, wtk=  0.00926, kpt= -0.1667  0.0000  0.3333 (reduced coord)
  -1.94280   -1.94247   -1.94219   -1.94216   -0.80368   -0.80269   -0.80179   -0.79759
  -0.79689   -0.79454   -0.79290   -0.79196   -0.79117   -0.79026   -0.78871   -0.78818
  -0.37879   -0.34893   -0.33728   -0.33359   -0.32514   -0.31943   -0.31798   -0.31203
   0.08109    0.09046    0.09802    0.10536    0.11701    0.12486    0.13634    0.14104
   0.14513    0.16685    0.17362    0.18377    0.18741    0.19949    0.20268    0.20978
   0.21887    0.22720    0.23575    0.24898    0.25039    0.25317    0.25973    0.26255
   0.46120    0.46485
 kpt#  63, nband= 50, wtk=  0.00926, kpt=  0.0000  0.1667  0.3333 (reduced coord)
  -1.94278   -1.94245   -1.94222   -1.94217   -0.80364   -0.80222   -0.80205   -0.79881
  -0.79548   -0.79477   -0.79243   -0.79243   -0.79106   -0.79068   -0.78879   -0.78802
  -0.37829   -0.34811   -0.33835   -0.33534   -0.32283   -0.32144   -0.31656   -0.31242
   0.08661    0.08903    0.09901    0.11155    0.11556    0.12714    0.12916    0.13946
   0.14321    0.16410    0.17929    0.18203    0.18731    0.19761    0.20193    0.21477
   0.22023    0.22608    0.23332    0.24309    0.24819    0.25441    0.25902    0.26165
   0.46060    0.46792
 kpt#  64, nband= 50, wtk=  0.00926, kpt=  0.1667  0.1667  0.3333 (reduced coord)
  -1.94276   -1.94245   -1.94223   -1.94219   -0.80398   -0.80255   -0.80198   -0.79783
  -0.79627   -0.79525   -0.79248   -0.79197   -0.79092   -0.79052   -0.78842   -0.78828
  -0.37600   -0.34889   -0.33916   -0.33579   -0.32350   -0.32064   -0.31824   -0.31132
   0.08583    0.09543    0.10004    0.10808    0.11761    0.12565    0.13591    0.14296
   0.14488    0.15987    0.17167    0.17913    0.19145    0.20098    0.20599    0.21164
   0.21660    0.22390    0.23357    0.24201    0.24507    0.25086    0.25903    0.26294
   0.45588    0.46770
 kpt#  65, nband= 50, wtk=  0.00926, kpt=  0.3333  0.1667  0.3333 (reduced coord)
  -1.94269   -1.94247   -1.94224   -1.94221   -0.80415   -0.80319   -0.80171   -0.79864
  -0.79636   -0.79537   -0.79178   -0.79139   -0.79060   -0.79013   -0.78895   -0.78832
  -0.37026   -0.35017   -0.34127   -0.33909   -0.32485   -0.31953   -0.31748   -0.31124
   0.08798    0.09906    0.10527    0.11273    0.11763    0.12602    0.14120    0.14241
   0.15219    0.15685    0.16536    0.17918    0.18972    0.19691    0.20029    0.21380
   0.21888    0.22341    0.22913    0.23796    0.24226    0.25038    0.25310    0.26520
   0.44857    0.45804
 kpt#  66, nband= 50, wtk=  0.00926, kpt=  0.5000  0.1667  0.3333 (reduced coord)
  -1.94264   -1.94249   -1.94225   -1.94223   -0.80380   -0.80376   -0.80095   -0.80044
  -0.79615   -0.79501   -0.79126   -0.79092   -0.79032   -0.79000   -0.78932   -0.78874
  -0.36615   -0.35092   -0.34363   -0.34130   -0.32486   -0.31865   -0.31681   -0.31172
   0.09256    0.09532    0.10757    0.11692    0.11878    0.12748    0.14083    0.14643
   0.15200    0.16174    0.16184    0.17376    0.18624    0.18889    0.20842    0.21172
   0.22113    0.22200    0.23291    0.23331    0.23834    0.24776    0.25368    0.26539
   0.44627    0.45124
 kpt#  67, nband= 50, wtk=  0.00926, kpt= -0.3333  0.1667  0.3333 (reduced coord)
  -1.94269   -1.94247   -1.94224   -1.94222   -0.80414   -0.80319   -0.80172   -0.79864
  -0.79635   -0.79538   -0.79178   -0.79138   -0.79060   -0.79014   -0.78895   -0.78833
  -0.37026   -0.35017   -0.34127   -0.33909   -0.32485   -0.31952   -0.31749   -0.31123
   0.08798    0.09905    0.10528    0.11273    0.11763    0.12602    0.14118    0.14241
   0.15220    0.15685    0.16536    0.17919    0.18973    0.19690    0.20030    0.21380
   0.21888    0.22340    0.22912    0.23797    0.24226    0.25038    0.25310    0.26520
   0.44860    0.45802
 kpt#  68, nband= 50, wtk=  0.00926, kpt= -0.1667  0.1667  0.3333 (reduced coord)
  -1.94276   -1.94245   -1.94222   -1.94219   -0.80397   -0.80255   -0.80199   -0.79783
  -0.79627   -0.79526   -0.79247   -0.79197   -0.79093   -0.79052   -0.78842   -0.78828
  -0.37601   -0.34889   -0.33916   -0.33579   -0.32350   -0.32064   -0.31824   -0.31131
   0.08583    0.09543    0.10003    0.10808    0.11761    0.12565    0.13590    0.14296
   0.14488    0.15988    0.17168    0.17914    0.19146    0.20098    0.20598    0.21163
   0.21661    0.22390    0.23357    0.24201    0.24507    0.25087    0.25902    0.26293
   0.45591    0.46777
 kpt#  69, nband= 50, wtk=  0.00926, kpt=  0.0000  0.3333  0.3333 (reduced coord)
  -1.94267   -1.94240   -1.94233   -1.94222   -0.80251   -0.80217   -0.80045   -0.80032
  -0.79660   -0.79431   -0.79400   -0.79163   -0.79060   -0.79057   -0.78935   -0.78824
  -0.36912   -0.34616   -0.34435   -0.33879   -0.32367   -0.31993   -0.31858   -0.31369
   0.09601    0.10474    0.10582    0.11453    0.11644    0.12644    0.13317    0.13639
   0.14842    0.15776    0.17095    0.17362    0.18957    0.19780    0.20136    0.20952
   0.21362    0.22289    0.22329    0.23182    0.24866    0.25351    0.25851    0.26031
   0.45557    0.46896
 kpt#  70, nband= 50, wtk=  0.00926, kpt=  0.1667  0.3333  0.3333 (reduced coord)
  -1.94265   -1.94240   -1.94233   -1.94224   -0.80384   -0.80278   -0.80228   -0.79922
  -0.79625   -0.79411   -0.79295   -0.79107   -0.79051   -0.79027   -0.78896   -0.78838
  -0.36826   -0.34845   -0.34552   -0.34070   -0.32156   -0.32067   -0.31759   -0.31151
   0.09599    0.10385    0.10998    0.11495    0.11831    0.12588    0.13491    0.14056
   0.14805    0.15482    0.16494    0.18053    0.18767    0.20135    0.20274    0.21024
   0.21379    0.22032    0.22379    0.22964    0.24473    0.24996    0.25751    0.26154
   0.45040    0.46441
 kpt#  71, nband= 50, wtk=  0.00926, kpt=  0.3333  0.3333  0.3333 (reduced coord)
  -1.94260   -1.94242   -1.94233   -1.94227   -0.80502   -0.80419   -0.80349   -0.80141
  -0.79401   -0.79301   -0.79155   -0.79060   -0.79008   -0.78976   -0.78880   -0.78846
  -0.36576   -0.35131   -0.34879   -0.34575   -0.32018   -0.31750   -0.31511   -0.30982
   0.09684    0.10743    0.11370    0.11689    0.11897    0.12548    0.13379    0.14381
   0.14891    0.15957    0.16625    0.18100    0.18752    0.19654    0.20496    0.20863
   0.21487    0.22016    0.22205    0.23038    0.23724    0.24825    0.25203    0.26146
   0.44276    0.45755
 kpt#  72, nband= 50, wtk=  0.00926, kpt=  0.5000  0.3333  0.3333 (reduced coord)
  -1.94256   -1.94245   -1.94233   -1.94228   -0.80527   -0.80489   -0.80343   -0.80309
  -0.79294   -0.79274   -0.79063   -0.79042   -0.78963   -0.78947   -0.78900   -0.78877
  -0.36372   -0.35251   -0.35032   -0.34923   -0.31909   -0.31542   -0.31433   -0.30963
   0.09971    0.10616    0.11524    0.11816    0.11863    0.12722    0.13262    0.14158
   0.15388    0.16302    0.16797    0.17700    0.19209    0.19445    0.20120    0.20921
   0.21592    0.21823    0.22118    0.22948    0.23406    0.24927    0.24941    0.26112
   0.44125    0.44781
 kpt#  73, nband= 50, wtk=  0.00926, kpt= -0.3333  0.3333  0.3333 (reduced coord)
  -1.94260   -1.94242   -1.94233   -1.94227   -0.80501   -0.80420   -0.80350   -0.80141
  -0.79401   -0.79300   -0.79155   -0.79059   -0.79008   -0.78976   -0.78880   -0.78847
  -0.36576   -0.35132   -0.34879   -0.34575   -0.32018   -0.31750   -0.31511   -0.30981
   0.09683    0.10742    0.11370    0.11690    0.11896    0.12547    0.13378    0.14381
   0.14891    0.15956    0.16625    0.18101    0.18754    0.19653    0.20496    0.20863
   0.21487    0.22016    0.22205    0.23038    0.23723    0.24826    0.25203    0.26146
   0.44278    0.45751
 kpt#  74, nband= 50, wtk=  0.00926, kpt= -0.1667  0.3333  0.3333 (reduced coord)
  -1.94265   -1.94240   -1.94233   -1.94224   -0.80383   -0.80278   -0.80229   -0.79921
  -0.79625   -0.79410   -0.79296   -0.79106   -0.79051   -0.79027   -0.78896   -0.78838
  -0.36826   -0.34846   -0.34552   -0.34070   -0.32156   -0.32067   -0.31759   -0.31150
   0.09599    0.10384    0.10997    0.11495    0.11830    0.12588    0.13490    0.14056
   0.14805    0.15483    0.16494    0.18055    0.18767    0.20134    0.20274    0.21024
   0.21379    0.22032    0.22380    0.22964    0.24472    0.24997    0.25751    0.26154
   0.45042    0.46440
 kpt#  75, nband= 50, wtk=  0.00926, kpt=  0.0000  0.5000  0.3333 (reduced coord)
  -1.94254   -1.94246   -1.94235   -1.94227   -0.80165   -0.80163   -0.80063   -0.80062
  -0.79634   -0.79630   -0.79279   -0.79274   -0.78985   -0.78984   -0.78928   -0.78926
  -0.35647   -0.35642   -0.34287   -0.34283   -0.32169   -0.32167   -0.31642   -0.31639
   0.10728    0.10731    0.11563    0.11566    0.11574    0.11575    0.14513    0.14520
   0.14827    0.14831    0.16710    0.16715    0.18756    0.18767    0.20530    0.20533
   0.21336    0.21338    0.22694    0.22699    0.25448    0.25452    0.25597    0.25600
   0.45779    0.45787
 kpt#  76, nband= 50, wtk=  0.00926, kpt=  0.1667  0.5000  0.3333 (reduced coord)
  -1.94253   -1.94245   -1.94236   -1.94228   -0.80330   -0.80328   -0.80140   -0.80138
  -0.79506   -0.79501   -0.79164   -0.79161   -0.78972   -0.78970   -0.78932   -0.78929
  -0.35741   -0.35737   -0.34492   -0.34489   -0.32101   -0.32099   -0.31401   -0.31399
   0.10691    0.10692    0.11249    0.11253    0.12294    0.12296    0.14370    0.14373
   0.14897    0.14902    0.16698    0.16703    0.19163    0.19170    0.20471    0.20475
   0.21292    0.21293    0.22616    0.22620    0.24924    0.24927    0.25768    0.25769
   0.45298    0.45306
 kpt#  77, nband= 50, wtk=  0.00926, kpt=  0.3333  0.5000  0.3333 (reduced coord)
  -1.94250   -1.94243   -1.94238   -1.94231   -0.80486   -0.80484   -0.80353   -0.80352
  -0.79274   -0.79269   -0.79039   -0.79037   -0.78975   -0.78973   -0.78895   -0.78892
  -0.35848   -0.35844   -0.34961   -0.34959   -0.31785   -0.31783   -0.31131   -0.31129
   0.10799    0.10801    0.11430    0.11434    0.12463    0.12467    0.13646    0.13654
   0.15899    0.15903    0.17143    0.17147    0.19117    0.19121    0.20228    0.20231
   0.21287    0.21291    0.22480    0.22484    0.24553    0.24554    0.25526    0.25527
   0.44577    0.44585
 kpt#  78, nband= 50, wtk=  0.00926, kpt=  0.5000  0.5000  0.3333 (reduced coord)
  -1.94248   -1.94241   -1.94240   -1.94232   -0.80514   -0.80513   -0.80474   -0.80472
  -0.79153   -0.79149   -0.79052   -0.79048   -0.78949   -0.78947   -0.78868   -0.78867
  -0.35844   -0.35839   -0.35233   -0.35230   -0.31580   -0.31578   -0.31063   -0.31061
   0.10934    0.10937    0.11671    0.11673    0.12383    0.12389    0.13198    0.13206
   0.16752    0.16756    0.17207    0.17210    0.19434    0.19439    0.19615    0.19619
   0.21328    0.21335    0.22296    0.22302    0.24373    0.24377    0.25520    0.25524
   0.44388    0.44399
 kpt#  79, nband= 50, wtk=  0.00926, kpt= -0.3333  0.5000  0.3333 (reduced coord)
  -1.94250   -1.94243   -1.94238   -1.94231   -0.80485   -0.80484   -0.80353   -0.80352
  -0.79274   -0.79270   -0.79039   -0.79036   -0.78975   -0.78972   -0.78895   -0.78893
  -0.35848   -0.35844   -0.34962   -0.34959   -0.31786   -0.31783   -0.31131   -0.31128
   0.10799    0.10801    0.11430    0.11433    0.12463    0.12467    0.13647    0.13653
   0.15899    0.15903    0.17144    0.17146    0.19117    0.19120    0.20229    0.20230
   0.21288    0.21291    0.22479    0.22484    0.24553    0.24554    0.25525    0.25527
   0.44578    0.44585
 kpt#  80, nband= 50, wtk=  0.00926, kpt= -0.1667  0.5000  0.3333 (reduced coord)
  -1.94253   -1.94245   -1.94236   -1.94228   -0.80330   -0.80328   -0.80139   -0.80139
  -0.79506   -0.79502   -0.79163   -0.79160   -0.78972   -0.78970   -0.78931   -0.78930
  -0.35742   -0.35737   -0.34493   -0.34489   -0.32101   -0.32099   -0.31401   -0.31399
   0.10691    0.10692    0.11249    0.11253    0.12295    0.12296    0.14370    0.14373
   0.14897    0.14902    0.16699    0.16702    0.19163    0.19170    0.20471    0.20474
   0.21292    0.21293    0.22616    0.22619    0.24925    0.24928    0.25767    0.25768
   0.45299    0.45305
 kpt#  81, nband= 50, wtk=  0.00926, kpt=  0.0000 -0.3333  0.3333 (reduced coord)
  -1.94267   -1.94240   -1.94233   -1.94222   -0.80251   -0.80217   -0.80045   -0.80032
  -0.79660   -0.79431   -0.79399   -0.79161   -0.79060   -0.79059   -0.78934   -0.78824
  -0.36913   -0.34614   -0.34435   -0.33881   -0.32368   -0.31994   -0.31856   -0.31368
   0.09601    0.10470    0.10583    0.11451    0.11647    0.12644    0.13312    0.13640
   0.14842    0.15781    0.17096    0.17367    0.18956    0.19784    0.20133    0.20952
   0.21355    0.22287    0.22329    0.23186    0.24863    0.25353    0.25853    0.26030
   0.45561    0.46859
 kpt#  82, nband= 50, wtk=  0.00926, kpt=  0.1667 -0.3333  0.3333 (reduced coord)
  -1.94265   -1.94240   -1.94233   -1.94224   -0.80382   -0.80280   -0.80228   -0.79921
  -0.79625   -0.79409   -0.79297   -0.79106   -0.79050   -0.79028   -0.78895   -0.78839
  -0.36827   -0.34844   -0.34552   -0.34072   -0.32157   -0.32066   -0.31760   -0.31149
   0.09599    0.10381    0.10998    0.11496    0.11831    0.12588    0.13490    0.14055
   0.14805    0.15485    0.16495    0.18056    0.18769    0.20133    0.20276    0.21024
   0.21378    0.22030    0.22377    0.22966    0.24471    0.24999    0.25751    0.26153
   0.45045    0.46437
 kpt#  83, nband= 50, wtk=  0.00926, kpt=  0.3333 -0.3333  0.3333 (reduced coord)
  -1.94260   -1.94242   -1.94233   -1.94227   -0.80500   -0.80421   -0.80349   -0.80141
  -0.79401   -0.79299   -0.79155   -0.79061   -0.79006   -0.78977   -0.78881   -0.78845
  -0.36577   -0.35131   -0.34879   -0.34577   -0.32017   -0.31750   -0.31512   -0.30980
   0.09683    0.10739    0.11369    0.11689    0.11897    0.12550    0.13381    0.14381
   0.14892    0.15957    0.16624    0.18101    0.18756    0.19649    0.20500    0.20865
   0.21485    0.22013    0.22205    0.23038    0.23724    0.24823    0.25202    0.26148
   0.44279    0.45746
 kpt#  84, nband= 50, wtk=  0.00926, kpt=  0.5000 -0.3333  0.3333 (reduced coord)
  -1.94256   -1.94245   -1.94233   -1.94228   -0.80526   -0.80490   -0.80345   -0.80308
  -0.79295   -0.79273   -0.79062   -0.79040   -0.78964   -0.78947   -0.78901   -0.78876
  -0.36372   -0.35251   -0.35032   -0.34924   -0.31908   -0.31542   -0.31433   -0.30961
   0.09972    0.10614    0.11521    0.11812    0.11861    0.12730    0.13265    0.14156
   0.15391    0.16303    0.16796    0.17702    0.19210    0.19447    0.20120    0.20919
   0.21591    0.21818    0.22119    0.22950    0.23408    0.24926    0.24938    0.26115
   0.44124    0.44782
 kpt#  85, nband= 50, wtk=  0.00926, kpt= -0.3333 -0.3333  0.3333 (reduced coord)
  -1.94260   -1.94242   -1.94233   -1.94227   -0.80501   -0.80421   -0.80349   -0.80141
  -0.79402   -0.79300   -0.79154   -0.79061   -0.79007   -0.78977   -0.78881   -0.78846
  -0.36577   -0.35131   -0.34879   -0.34577   -0.32017   -0.31750   -0.31512   -0.30980
   0.09683    0.10739    0.11369    0.11688    0.11897    0.12550    0.13381    0.14381
   0.14892    0.15957    0.16625    0.18101    0.18754    0.19650    0.20500    0.20866
   0.21485    0.22012    0.22205    0.23038    0.23724    0.24825    0.25202    0.26147
   0.44277    0.45743
 kpt#  86, nband= 50, wtk=  0.00926, kpt= -0.1667 -0.3333  0.3333 (reduced coord)
  -1.94265   -1.94240   -1.94233   -1.94224   -0.80382   -0.80280   -0.80228   -0.79921
  -0.79626   -0.79410   -0.79295   -0.79106   -0.79049   -0.79029   -0.78896   -0.78839
  -0.36827   -0.34844   -0.34551   -0.34072   -0.32157   -0.32066   -0.31759   -0.31149
   0.09598    0.10381    0.10999    0.11495    0.11831    0.12588    0.13491    0.14055
   0.14805    0.15485    0.16495    0.18055    0.18769    0.20133    0.20275    0.21024
   0.21377    0.22030    0.22376    0.22965    0.24472    0.25000    0.25750    0.26153
   0.45043    0.46435
 kpt#  87, nband= 50, wtk=  0.00926, kpt=  0.0000 -0.1667  0.3333 (reduced coord)
  -1.94278   -1.94245   -1.94222   -1.94217   -0.80364   -0.80222   -0.80205   -0.79881
  -0.79548   -0.79477   -0.79243   -0.79242   -0.79105   -0.79069   -0.78879   -0.78802
  -0.37829   -0.34810   -0.33835   -0.33536   -0.32284   -0.32145   -0.31654   -0.31241
   0.08661    0.08903    0.09898    0.11155    0.11558    0.12714    0.12914    0.13945
   0.14322    0.16414    0.17928    0.18208    0.18734    0.19756    0.20195    0.21471
   0.22020    0.22613    0.23324    0.24312    0.24821    0.25444    0.25903    0.26164
   0.46058    0.46795
 kpt#  88, nband= 50, wtk=  0.00926, kpt=  0.1667 -0.1667  0.3333 (reduced coord)
  -1.94276   -1.94245   -1.94223   -1.94219   -0.80397   -0.80256   -0.80199   -0.79783
  -0.79626   -0.79525   -0.79248   -0.79196   -0.79093   -0.79052   -0.78842   -0.78828
  -0.37601   -0.34888   -0.33916   -0.33580   -0.32350   -0.32065   -0.31823   -0.31130
   0.08582    0.09545    0.10000    0.10809    0.11762    0.12565    0.13589    0.14295
   0.14489    0.15988    0.17170    0.17914    0.19147    0.20101    0.20597    0.21163
   0.21657    0.22388    0.23355    0.24203    0.24508    0.25087    0.25903    0.26294
   0.45590    0.46768
 kpt#  89, nband= 50, wtk=  0.00926, kpt=  0.3333 -0.1667  0.3333 (reduced coord)
  -1.94269   -1.94247   -1.94224   -1.94221   -0.80414   -0.80320   -0.80172   -0.79864
  -0.79634   -0.79538   -0.79177   -0.79139   -0.79060   -0.79014   -0.78895   -0.78832
  -0.37026   -0.35017   -0.34127   -0.33910   -0.32485   -0.31953   -0.31748   -0.31122
   0.08796    0.09904    0.10527    0.11274    0.11762    0.12604    0.14118    0.14245
   0.15219    0.15684    0.16536    0.17921    0.18974    0.19689    0.20030    0.21382
   0.21887    0.22340    0.22912    0.23798    0.24224    0.25036    0.25310    0.26522
   0.44859    0.45803
 kpt#  90, nband= 50, wtk=  0.00926, kpt=  0.5000 -0.1667  0.3333 (reduced coord)
  -1.94264   -1.94249   -1.94225   -1.94223   -0.80380   -0.80375   -0.80097   -0.80043
  -0.79614   -0.79502   -0.79125   -0.79091   -0.79033   -0.79001   -0.78931   -0.78874
  -0.36616   -0.35092   -0.34364   -0.34130   -0.32485   -0.31866   -0.31682   -0.31171
   0.09255    0.09533    0.10754    0.11690    0.11877    0.12752    0.14087    0.14642
   0.15199    0.16175    0.16184    0.17377    0.18625    0.18889    0.20843    0.21170
   0.22114    0.22197    0.23291    0.23333    0.23830    0.24773    0.25368    0.26541
   0.44627    0.45124
 kpt#  91, nband= 50, wtk=  0.00926, kpt= -0.3333 -0.1667  0.3333 (reduced coord)
  -1.94269   -1.94247   -1.94224   -1.94222   -0.80414   -0.80320   -0.80172   -0.79865
  -0.79634   -0.79538   -0.79178   -0.79138   -0.79060   -0.79015   -0.78895   -0.78833
  -0.37027   -0.35017   -0.34127   -0.33910   -0.32485   -0.31953   -0.31748   -0.31122
   0.08797    0.09904    0.10527    0.11273    0.11761    0.12603    0.14118    0.14245
   0.15220    0.15685    0.16536    0.17919    0.18974    0.19689    0.20030    0.21382
   0.21887    0.22340    0.22912    0.23797    0.24224    0.25036    0.25311    0.26522
   0.44858    0.45802
 kpt#  92, nband= 50, wtk=  0.00926, kpt= -0.1667 -0.1667  0.3333 (reduced coord)
  -1.94276   -1.94245   -1.94222   -1.94219   -0.80397   -0.80256   -0.80198   -0.79783
  -0.79626   -0.79526   -0.79247   -0.79196   -0.79093   -0.79052   -0.78842   -0.78828
  -0.37601   -0.34888   -0.33916   -0.33580   -0.32351   -0.32065   -0.31823   -0.31130
   0.08582    0.09544    0.10000    0.10808    0.11762    0.12565    0.13590    0.14296
   0.14489    0.15988    0.17170    0.17913    0.19148    0.20102    0.20598    0.21162
   0.21657    0.22387    0.23355    0.24204    0.24508    0.25088    0.25902    0.26293
   0.45589    0.46781
 kpt#  93, nband= 50, wtk=  0.00463, kpt=  0.0000  0.0000  0.5000 (reduced coord)
  -1.94266   -1.94264   -1.94217   -1.94215   -0.80085   -0.80084   -0.80048   -0.80047
  -0.79683   -0.79682   -0.79310   -0.79308   -0.78965   -0.78964   -0.78944   -0.78943
  -0.36441   -0.36440   -0.33383   -0.33382   -0.32177   -0.32176   -0.31700   -0.31699
   0.09284    0.09284    0.10506    0.10507    0.12605    0.12606    0.12945    0.12945
   0.14888    0.14889    0.17962    0.17964    0.19042    0.19044    0.20985    0.20986
   0.21880    0.21882    0.24427    0.24429    0.25106    0.25107    0.25993    0.25994
   0.46793    0.46794
 kpt#  94, nband= 50, wtk=  0.00926, kpt=  0.1667  0.0000  0.5000 (reduced coord)
  -1.94264   -1.94262   -1.94219   -1.94216   -0.80163   -0.80162   -0.79961   -0.79959
  -0.79751   -0.79750   -0.79242   -0.79240   -0.79001   -0.78999   -0.78922   -0.78921
  -0.36320   -0.36320   -0.33421   -0.33420   -0.32339   -0.32338   -0.31631   -0.31630
   0.09194    0.09195    0.10733    0.10734    0.12602    0.12603    0.13382    0.13383
   0.15290    0.15292    0.17547    0.17548    0.18742    0.18743    0.20812    0.20813
   0.22083    0.22084    0.24024    0.24025    0.25176    0.25176    0.25839    0.25840
   0.46176    0.46179
 kpt#  95, nband= 50, wtk=  0.00926, kpt=  0.3333  0.0000  0.5000 (reduced coord)
  -1.94261   -1.94259   -1.94222   -1.94220   -0.80236   -0.80235   -0.79884   -0.79883
  -0.79820   -0.79819   -0.79153   -0.79152   -0.79073   -0.79072   -0.78880   -0.78879
  -0.36046   -0.36045   -0.33549   -0.33549   -0.32565   -0.32564   -0.31570   -0.31569
   0.09304    0.09304    0.10965    0.10966    0.12364    0.12365    0.14567    0.14568
   0.16102    0.16103    0.16908    0.16909    0.18395    0.18396    0.19964    0.19965
   0.22347    0.22348    0.23367    0.23368    0.24921    0.24921    0.25870    0.25871
   0.45342    0.45344
 kpt#  96, nband= 50, wtk=  0.00463, kpt=  0.5000  0.0000  0.5000 (reduced coord)
  -1.94259   -1.94257   -1.94224   -1.94222   -0.80262   -0.80262   -0.79928   -0.79928
  -0.79756   -0.79754   -0.79201   -0.79199   -0.79033   -0.79033   -0.78869   -0.78869
  -0.35887   -0.35886   -0.33652   -0.33652   -0.32645   -0.32645   -0.31556   -0.31555
   0.09515    0.09516    0.10965    0.10966    0.12153    0.12154    0.15413    0.15414
   0.16229    0.16230    0.16914    0.16914    0.18423    0.18426    0.19216    0.19216
   0.21851    0.21852    0.23589    0.23590    0.24712    0.24713    0.25833    0.25834
   0.44960    0.44962
 kpt#  97, nband= 50, wtk=  0.00926, kpt=  0.0000  0.1667  0.5000 (reduced coord)
  -1.94262   -1.94261   -1.94221   -1.94218   -0.80128   -0.80127   -0.80022   -0.80021
  -0.79695   -0.79695   -0.79259   -0.79258   -0.79036   -0.79035   -0.78899   -0.78898
  -0.36241   -0.36239   -0.33583   -0.33583   -0.32149   -0.32148   -0.31751   -0.31750
   0.09773    0.09773    0.10702    0.10704    0.12585    0.12586    0.13203    0.13204
   0.14755    0.14756    0.17719    0.17722    0.19355    0.19359    0.20200    0.20203
   0.22203    0.22206    0.23955    0.23961    0.24941    0.24943    0.25719    0.25720
   0.46602    0.46607
 kpt#  98, nband= 50, wtk=  0.00926, kpt=  0.1667  0.1667  0.5000 (reduced coord)
  -1.94261   -1.94259   -1.94222   -1.94219   -0.80269   -0.80248   -0.79992   -0.79943
  -0.79692   -0.79684   -0.79224   -0.79188   -0.79037   -0.78983   -0.78909   -0.78903
  -0.36244   -0.36120   -0.33802   -0.33632   -0.32359   -0.32112   -0.31693   -0.31488
   0.09558    0.09723    0.10908    0.10993    0.12399    0.12749    0.13484    0.13719
   0.14961    0.15248    0.16902    0.17476    0.19071    0.19242    0.20526    0.20654
   0.21977    0.22252    0.23659    0.23939    0.24238    0.24885    0.25423    0.26066
   0.45608    0.46720
 kpt#  99, nband= 50, wtk=  0.00926, kpt=  0.3333  0.1667  0.5000 (reduced coord)
  -1.94258   -1.94256   -1.94225   -1.94222   -0.80372   -0.80368   -0.80109   -0.80043
  -0.79568   -0.79563   -0.79140   -0.79087   -0.79034   -0.79013   -0.78886   -0.78881
  -0.36105   -0.35967   -0.34129   -0.34000   -0.32254   -0.32158   -0.31474   -0.31367
   0.09529    0.10018    0.10840    0.11420    0.12328    0.12491    0.13990    0.14875
   0.15670    0.15700    0.16473    0.17697    0.18641    0.18680    0.19900    0.20850
   0.22207    0.22235    0.22742    0.23585    0.23978    0.24572    0.25649    0.25761
   0.44812    0.45509
 kpt# 100, nband= 50, wtk=  0.00926, kpt=  0.5000  0.1667  0.5000 (reduced coord)
  -1.94256   -1.94255   -1.94227   -1.94224   -0.80404   -0.80403   -0.80147   -0.80144
  -0.79493   -0.79491   -0.79107   -0.79105   -0.79010   -0.79009   -0.78875   -0.78874
  -0.35941   -0.35941   -0.34268   -0.34267   -0.32137   -0.32136   -0.31386   -0.31384
   0.09947    0.09949    0.11118    0.11122    0.12257    0.12258    0.14617    0.14619
   0.16505    0.16506    0.16729    0.16731    0.18778    0.18780    0.19928    0.19933
   0.21955    0.21959    0.23102    0.23104    0.24185    0.24186    0.25691    0.25693
   0.44704    0.44707
 kpt# 101, nband= 50, wtk=  0.00926, kpt= -0.3333  0.1667  0.5000 (reduced coord)
  -1.94258   -1.94256   -1.94225   -1.94222   -0.80371   -0.80369   -0.80109   -0.80043
  -0.79567   -0.79564   -0.79139   -0.79087   -0.79034   -0.79014   -0.78886   -0.78881
  -0.36105   -0.35968   -0.34129   -0.34000   -0.32254   -0.32158   -0.31474   -0.31367
   0.09529    0.10018    0.10840    0.11420    0.12329    0.12490    0.13989    0.14875
   0.15671    0.15700    0.16473    0.17696    0.18642    0.18680    0.19901    0.20849
   0.22207    0.22236    0.22742    0.23584    0.23978    0.24571    0.25648    0.25762
   0.44813    0.45509
 kpt# 102, nband= 50, wtk=  0.00926, kpt= -0.1667  0.1667  0.5000 (reduced coord)
  -1.94261   -1.94259   -1.94222   -1.94219   -0.80268   -0.80248   -0.79992   -0.79943
  -0.79692   -0.79684   -0.79224   -0.79187   -0.79037   -0.78983   -0.78909   -0.78903
  -0.36244   -0.36120   -0.33802   -0.33632   -0.32359   -0.32111   -0.31693   -0.31488
   0.09558    0.09722    0.10909    0.10993    0.12399    0.12749    0.13484    0.13719
   0.14961    0.15249    0.16902    0.17476    0.19071    0.19241    0.20525    0.20654
   0.21977    0.22253    0.23659    0.23939    0.24237    0.24885    0.25424    0.26066
   0.45610    0.46719
 kpt# 103, nband= 50, wtk=  0.00926, kpt=  0.0000  0.3333  0.5000 (reduced coord)
  -1.94254   -1.94252   -1.94229   -1.94226   -0.80163   -0.80162   -0.80052   -0.80051
  -0.79637   -0.79636   -0.79269   -0.79268   -0.79046   -0.79046   -0.78882   -0.78881
  -0.35688   -0.35686   -0.34145   -0.34144   -0.32075   -0.32074   -0.31860   -0.31859
   0.10616    0.10617    0.11406    0.11409    0.12638    0.12640    0.13708    0.13709
   0.14743    0.14744    0.17293    0.17297    0.18234    0.18239    0.20505    0.20506
   0.22201    0.22202    0.22778    0.22781    0.24488    0.24494    0.25546    0.25548
   0.46377    0.46381
 kpt# 104, nband= 50, wtk=  0.00926, kpt=  0.1667  0.3333  0.5000 (reduced coord)
  -1.94253   -1.94252   -1.94230   -1.94227   -0.80351   -0.80306   -0.80174   -0.80089
  -0.79518   -0.79468   -0.79211   -0.79131   -0.79032   -0.79023   -0.78884   -0.78883
  -0.35866   -0.35691   -0.34413   -0.34390   -0.32016   -0.31971   -0.31682   -0.31476
   0.10428    0.10692    0.11413    0.11648    0.12331    0.12966    0.13780    0.13871
   0.14888    0.15176    0.16729    0.16806    0.19013    0.19190    0.20359    0.20762
   0.21754    0.22029    0.22404    0.22510    0.24199    0.24724    0.25024    0.25976
   0.45213    0.46963
 kpt# 105, nband= 50, wtk=  0.00926, kpt=  0.3333  0.3333  0.5000 (reduced coord)
  -1.94251   -1.94250   -1.94232   -1.94229   -0.80516   -0.80493   -0.80360   -0.80290
  -0.79281   -0.79251   -0.79074   -0.79041   -0.79000   -0.78966   -0.78880   -0.78875
  -0.35999   -0.35834   -0.34889   -0.34868   -0.31719   -0.31676   -0.31296   -0.31184
   0.10474    0.10743    0.11640    0.11995    0.12128    0.12812    0.13383    0.13652
   0.15849    0.16005    0.16996    0.17182    0.18931    0.19216    0.20488    0.20624
   0.21377    0.22080    0.22283    0.22333    0.23614    0.24452    0.25188    0.25518
   0.44296    0.45595
 kpt# 106, nband= 50, wtk=  0.00926, kpt=  0.5000  0.3333  0.5000 (reduced coord)
  -1.94250   -1.94249   -1.94233   -1.94230   -0.80565   -0.80564   -0.80415   -0.80413
  -0.79177   -0.79175   -0.79017   -0.79013   -0.78964   -0.78961   -0.78870   -0.78869
  -0.35959   -0.35958   -0.35111   -0.35111   -0.31518   -0.31517   -0.31135   -0.31133
   0.10744    0.10747    0.11827    0.11835    0.12391    0.12395    0.13395    0.13396
   0.16414    0.16416    0.17277    0.17278    0.19133    0.19137    0.20055    0.20059
   0.21992    0.21995    0.22529    0.22530    0.23518    0.23522    0.25326    0.25330
   0.44365    0.44366
 kpt# 107, nband= 50, wtk=  0.00926, kpt= -0.3333  0.3333  0.5000 (reduced coord)
  -1.94251   -1.94250   -1.94232   -1.94229   -0.80515   -0.80493   -0.80360   -0.80290
  -0.79281   -0.79251   -0.79073   -0.79041   -0.79001   -0.78967   -0.78880   -0.78874
  -0.35999   -0.35834   -0.34889   -0.34868   -0.31719   -0.31676   -0.31296   -0.31184
   0.10474    0.10743    0.11640    0.11995    0.12128    0.12811    0.13383    0.13652
   0.15849    0.16005    0.16996    0.17182    0.18932    0.19217    0.20488    0.20623
   0.21377    0.22080    0.22284    0.22333    0.23613    0.24452    0.25189    0.25518
   0.44297    0.45588
 kpt# 108, nband= 50, wtk=  0.00926, kpt= -0.1667  0.3333  0.5000 (reduced coord)
  -1.94253   -1.94252   -1.94230   -1.94227   -0.80351   -0.80306   -0.80175   -0.80088
  -0.79518   -0.79468   -0.79211   -0.79131   -0.79032   -0.79023   -0.78884   -0.78883
  -0.35865   -0.35691   -0.34413   -0.34390   -0.32016   -0.31971   -0.31682   -0.31476
   0.10428    0.10692    0.11413    0.11649    0.12330    0.12966    0.13780    0.13871
   0.14889    0.15176    0.16730    0.16807    0.19012    0.19190    0.20359    0.20762
   0.21754    0.22029    0.22404    0.22511    0.24198    0.24724    0.25025    0.25976
   0.45214    0.46963
 kpt# 109, nband= 50, wtk=  0.00463, kpt=  0.0000  0.5000  0.5000 (reduced coord)
  -1.94244   -1.94244   -1.94239   -1.94235   -0.80133   -0.80132   -0.80131   -0.80131
  -0.79461   -0.79460   -0.79457   -0.79454   -0.78938   -0.78937   -0.78936   -0.78935
  -0.34923   -0.34922   -0.34918   -0.34917   -0.31976   -0.31975   -0.31973   -0.31973
   0.11244    0.11245    0.11246    0.11246    0.13594    0.13594    0.13596    0.13598
   0.15548    0.15549    0.15555    0.15556    0.19162    0.19164    0.19171    0.19172
   0.22334    0.22334    0.22336    0.22336    0.24915    0.24917    0.24921    0.24922
   0.46754    0.46761
 kpt# 110, nband= 50, wtk=  0.00926, kpt=  0.1667  0.5000  0.5000 (reduced coord)
  -1.94244   -1.94244   -1.94239   -1.94234   -0.80318   -0.80317   -0.80246   -0.80245
  -0.79343   -0.79342   -0.79261   -0.79260   -0.78937   -0.78936   -0.78933   -0.78931
  -0.35211   -0.35211   -0.35091   -0.35091   -0.31796   -0.31796   -0.31669   -0.31669
   0.11120    0.11121    0.11505    0.11506    0.13377    0.13378    0.13418    0.13419
   0.15825    0.15827    0.15931    0.15932    0.19398    0.19399    0.19606    0.19608
   0.21830    0.21830    0.22022    0.22022    0.24594    0.24595    0.25341    0.25342
   0.45683    0.45715
 kpt# 111, nband= 50, wtk=  0.00926, kpt=  0.3333  0.5000  0.5000 (reduced coord)
  -1.94244   -1.94244   -1.94239   -1.94234   -0.80515   -0.80514   -0.80466   -0.80465
  -0.79119   -0.79118   -0.79059   -0.79058   -0.78927   -0.78925   -0.78921   -0.78920
  -0.35588   -0.35588   -0.35491   -0.35491   -0.31379   -0.31379   -0.31276   -0.31275
   0.11342    0.11342    0.11572    0.11572    0.12881    0.12882    0.13203    0.13204
   0.16494    0.16495    0.16735    0.16736    0.19360    0.19360    0.19664    0.19665
   0.21608    0.21609    0.22002    0.22003    0.24438    0.24439    0.25060    0.25061
   0.44780    0.44781
 kpt# 112, nband= 50, wtk=  0.00463, kpt=  0.5000  0.5000  0.5000 (reduced coord)
  -1.94244   -1.94244   -1.94239   -1.94234   -0.80575   -0.80573   -0.80573   -0.80573
  -0.79018   -0.79018   -0.79016   -0.79014   -0.78906   -0.78906   -0.78904   -0.78903
  -0.35711   -0.35711   -0.35708   -0.35708   -0.31153   -0.31152   -0.31150   -0.31149
   0.11537    0.11539    0.11540    0.11541    0.12887    0.12889    0.12893    0.12894
   0.16904    0.16905    0.16908    0.16909    0.19389    0.19390    0.19393    0.19394
   0.21958    0.21960    0.21963    0.21963    0.24524    0.24525    0.24529    0.24530
   0.44835    0.44839
