 Fermi (or HOMO) energy (hartree) =   0.27884   Average Vxc (hartree)=  -0.44558
 Eigenvalues (hartree) for nkpt= 112  k points:
 kpt#   1, nband= 50, wtk=  0.00463, kpt=  0.0000  0.0000  0.0000 (reduced coord)
  -1.94133   -1.94068   -1.94053   -1.94021   -0.80630   -0.80526   -0.80437   -0.79524
  -0.79232   -0.79207   -0.79199   -0.79138   -0.79040   -0.78665   -0.78655   -0.78613
  -0.39609   -0.34778   -0.34081   -0.33852   -0.31416   -0.31207   -0.31191   -0.29868
   0.06481    0.06737    0.07904    0.09539    0.10192    0.10602    0.15097    0.16033
   0.16253    0.16783    0.17595    0.17872    0.18298    0.19740    0.19845    0.22458
   0.22755    0.23802    0.25163    0.25209    0.26303    0.27512    0.27548    0.27884
   0.45868    0.46091
 kpt#   2, nband= 50, wtk=  0.00926, kpt=  0.1667  0.0000  0.0000 (reduced coord)
  -1.94129   -1.94069   -1.94055   -1.94021   -0.80546   -0.80419   -0.80361   -0.79547
  -0.79328   -0.79271   -0.79151   -0.79127   -0.79028   -0.78793   -0.78695   -0.78648
  -0.39129   -0.34641   -0.34021   -0.33759   -0.31815   -0.31444   -0.31304   -0.29992
   0.07156    0.07427    0.07607    0.09732    0.10457    0.12118    0.14384    0.15068
   0.15318    0.16093    0.16682    0.18220    0.18633    0.19192    0.21095    0.21637
   0.23694    0.23773    0.24426    0.25269    0.26429    0.27104    0.27323    0.27858
   0.46402    0.46792
 kpt#   3, nband= 50, wtk=  0.00926, kpt=  0.3333  0.0000  0.0000 (reduced coord)
  -1.94119   -1.94074   -1.94059   -1.94022   -0.80321   -0.80157   -0.80115   -0.79695
  -0.79551   -0.79347   -0.79151   -0.79139   -0.79037   -0.78976   -0.78778   -0.78744
  -0.37807   -0.34335   -0.34301   -0.33550   -0.32791   -0.31705   -0.31550   -0.30264
   0.07940    0.08373    0.09804    0.10562    0.11182    0.12488    0.12881    0.13110
   0.14767    0.15396    0.15884    0.17548    0.19388    0.19846    0.20478    0.20642
   0.22438    0.23701    0.25014    0.25272    0.26563    0.26974    0.27083    0.27797
   0.46633    0.46923
 kpt#   4, nband= 50, wtk=  0.00463, kpt=  0.5000  0.0000  0.0000 (reduced coord)
  -1.94112   -1.94079   -1.94060   -1.94023   -0.80073   -0.79928   -0.79921   -0.79804
  -0.79777   -0.79515   -0.79349   -0.79141   -0.78944   -0.78897   -0.78871   -0.78838
  -0.36206   -0.35683   -0.34148   -0.33429   -0.32958   -0.31864   -0.31690   -0.30419
   0.09207    0.09370    0.10551    0.10779    0.10789    0.11979    0.13054    0.13196
   0.13641    0.14035    0.17196    0.17210    0.18328    0.19690    0.19832    0.21526
   0.21845    0.23093    0.25135    0.25412    0.26604    0.27013    0.27108    0.27833
   0.46272    0.46956
 kpt#   5, nband= 50, wtk=  0.00926, kpt=  0.0000  0.1667  0.0000 (reduced coord)
  -1.94128   -1.94068   -1.94056   -1.94022   -0.80523   -0.80439   -0.80391   -0.79622
  -0.79242   -0.79211   -0.79181   -0.79159   -0.79026   -0.78734   -0.78694   -0.78689
  -0.39146   -0.34703   -0.34004   -0.33817   -0.31654   -0.31407   -0.31345   -0.30017
   0.07015    0.07455    0.07579    0.09757    0.10483    0.12167    0.14564    0.14642
   0.15561    0.16731    0.17003    0.17861    0.17873    0.19987    0.20520    0.22901
   0.23404    0.23708    0.24157    0.25083    0.25880    0.26797    0.27505    0.27721
   0.45588    0.46170
 kpt#   6, nband= 50, wtk=  0.00926, kpt=  0.1667  0.1667  0.0000 (reduced coord)
  -1.94124   -1.94069   -1.94058   -1.94023   -0.80463   -0.80374   -0.80297   -0.79662
  -0.79316   -0.79272   -0.79137   -0.79116   -0.79015   -0.78922   -0.78730   -0.78644
  -0.38712   -0.34622   -0.33957   -0.33741   -0.31922   -0.31720   -0.31401   -0.30118
   0.07325    0.07908    0.08141    0.09924    0.10678    0.13164    0.13785    0.14844
   0.15058    0.15332    0.16964    0.17907    0.18060    0.19337    0.21174    0.21785
   0.23860    0.24049    0.24438    0.24610    0.25897    0.26309    0.27320    0.27619
   0.45692    0.46523
 kpt#   7, nband= 50, wtk=  0.00926, kpt=  0.3333  0.1667  0.0000 (reduced coord)
  -1.94116   -1.94073   -1.94061   -1.94024   -0.80298   -0.80172   -0.80058   -0.79816
  -0.79538   -0.79283   -0.79239   -0.79114   -0.79007   -0.78976   -0.78819   -0.78705
  -0.37507   -0.34420   -0.34275   -0.33606   -0.32762   -0.31810   -0.31628   -0.30365
   0.07956    0.09041    0.10014    0.10654    0.11426    0.12703    0.12965    0.13120
   0.15083    0.15317    0.16092    0.17395    0.18950    0.19368    0.20619    0.20757
   0.22231    0.23701    0.24863    0.25124    0.26079    0.26292    0.27079    0.27295
   0.45880    0.46638
 kpt#   8, nband= 50, wtk=  0.00926, kpt=  0.5000  0.1667  0.0000 (reduced coord)
  -1.94110   -1.94077   -1.94062   -1.94025   -0.80101   -0.80020   -0.79931   -0.79860
  -0.79731   -0.79547   -0.79228   -0.79112   -0.78937   -0.78913   -0.78873   -0.78807
  -0.36070   -0.35523   -0.34288   -0.33566   -0.32903   -0.31813   -0.31775   -0.30525
   0.09251    0.09314    0.10657    0.11137    0.11509    0.11740    0.13433    0.13553
   0.13854    0.14320    0.16971    0.17421    0.17716    0.19756    0.19959    0.21339
   0.21779    0.22717    0.24835    0.25423    0.26210    0.26407    0.27064    0.27106
   0.46147    0.46416
 kpt#   9, nband= 50, wtk=  0.00926, kpt= -0.3333  0.1667  0.0000 (reduced coord)
  -1.94116   -1.94073   -1.94061   -1.94024   -0.80292   -0.80163   -0.80068   -0.79822
  -0.79537   -0.79285   -0.79241   -0.79106   -0.79011   -0.78975   -0.78820   -0.78706
  -0.37500   -0.34425   -0.34281   -0.33597   -0.32756   -0.31804   -0.31636   -0.30376
   0.07991    0.09014    0.10004    0.10676    0.11441    0.12709    0.12957    0.13079
   0.15071    0.15300    0.16053    0.17414    0.18946    0.19379    0.20672    0.20784
   0.22250    0.23680    0.24864    0.25118    0.26029    0.26320    0.27077    0.27286
   0.46080    0.46575
 kpt#  10, nband= 50, wtk=  0.00926, kpt= -0.1667  0.1667  0.0000 (reduced coord)
  -1.94124   -1.94069   -1.94058   -1.94023   -0.80459   -0.80366   -0.80305   -0.79666
  -0.79315   -0.79271   -0.79131   -0.79121   -0.79018   -0.78920   -0.78730   -0.78646
  -0.38707   -0.34625   -0.33959   -0.33735   -0.31902   -0.31715   -0.31423   -0.30127
   0.07352    0.07915    0.08114    0.09918    0.10716    0.13127    0.13772    0.14823
   0.15050    0.15330    0.16967    0.17908    0.18039    0.19355    0.21200    0.21848
   0.23856    0.24014    0.24443    0.24627    0.25846    0.26343    0.27320    0.27602
   0.45816    0.46559
 kpt#  11, nband= 50, wtk=  0.00926, kpt=  0.0000  0.3333  0.0000 (reduced coord)
  -1.94116   -1.94073   -1.94060   -1.94026   -0.80263   -0.80246   -0.80191   -0.79832
  -0.79470   -0.79286   -0.79150   -0.79081   -0.79006   -0.78919   -0.78781   -0.78777
  -0.37879   -0.34882   -0.33845   -0.33750   -0.32463   -0.31854   -0.31198   -0.30401
   0.07558    0.08457    0.09766    0.10277    0.11442    0.12284    0.13425    0.13493
   0.14067    0.16196    0.16407    0.17687    0.18863    0.20543    0.20627    0.21436
   0.22672    0.23519    0.24006    0.24864    0.25370    0.26031    0.27528    0.27715
   0.45009    0.45791
 kpt#  12, nband= 50, wtk=  0.00926, kpt=  0.1667  0.3333  0.0000 (reduced coord)
  -1.94113   -1.94073   -1.94061   -1.94027   -0.80287   -0.80213   -0.80102   -0.79874
  -0.79451   -0.79408   -0.79088   -0.79049   -0.79035   -0.78975   -0.78819   -0.78715
  -0.37561   -0.34852   -0.33844   -0.33759   -0.32432   -0.32185   -0.31247   -0.30474
   0.07767    0.09227    0.10033    0.10293    0.11493    0.12133    0.13393    0.13607
   0.14182    0.16613    0.16889    0.17692    0.18095    0.19041    0.20755    0.22022
   0.22284    0.23769    0.24166    0.24810    0.25002    0.25350    0.27387    0.27573
   0.44795    0.45627
 kpt#  13, nband= 50, wtk=  0.00926, kpt=  0.3333  0.3333  0.0000 (reduced coord)
  -1.94107   -1.94072   -1.94066   -1.94029   -0.80228   -0.80169   -0.80000   -0.79923
  -0.79628   -0.79335   -0.79272   -0.79008   -0.78983   -0.78927   -0.78877   -0.78701
  -0.36680   -0.34750   -0.34219   -0.33855   -0.32663   -0.32259   -0.31415   -0.30670
   0.08557    0.10132    0.10296    0.11128    0.12052    0.12199    0.12871    0.13924
   0.14047    0.16163    0.17218    0.17790    0.17999    0.18973    0.20566    0.20774
   0.21549    0.23511    0.23648    0.24361    0.25114    0.25161    0.27125    0.27213
   0.44543    0.45372
 kpt#  14, nband= 50, wtk=  0.00926, kpt=  0.5000  0.3333  0.0000 (reduced coord)
  -1.94103   -1.94072   -1.94068   -1.94030   -0.80139   -0.80125   -0.80019   -0.79988
  -0.79584   -0.79488   -0.79185   -0.79127   -0.78969   -0.78873   -0.78801   -0.78768
  -0.35698   -0.35089   -0.34668   -0.33950   -0.32738   -0.32112   -0.31528   -0.30807
   0.09619    0.09735    0.10410    0.11365    0.12239    0.12430    0.13416    0.14183
   0.14633    0.14919    0.16887    0.17085    0.18261    0.19825    0.19954    0.21385
   0.21407    0.21746    0.23806    0.23882    0.25195    0.25289    0.26996    0.27063
   0.44548    0.45313
 kpt#  15, nband= 50, wtk=  0.00926, kpt= -0.3333  0.3333  0.0000 (reduced coord)
  -1.94107   -1.94072   -1.94066   -1.94029   -0.80215   -0.80163   -0.80008   -0.79936
  -0.79620   -0.79337   -0.79275   -0.79007   -0.78977   -0.78925   -0.78883   -0.78702
  -0.36669   -0.34749   -0.34224   -0.33860   -0.32663   -0.32244   -0.31422   -0.30680
   0.08611    0.10094    0.10280    0.11175    0.12009    0.12227    0.12818    0.13906
   0.14037    0.16120    0.17305    0.17753    0.17995    0.18972    0.20622    0.20841
   0.21559    0.23477    0.23646    0.24332    0.25095    0.25139    0.27121    0.27231
   0.44676    0.45347
 kpt#  16, nband= 50, wtk=  0.00926, kpt= -0.1667  0.3333  0.0000 (reduced coord)
  -1.94113   -1.94072   -1.94062   -1.94027   -0.80275   -0.80211   -0.80112   -0.79877
  -0.79453   -0.79403   -0.79103   -0.79049   -0.79024   -0.78972   -0.78822   -0.78716
  -0.37554   -0.34851   -0.33847   -0.33766   -0.32417   -0.32178   -0.31260   -0.30483
   0.07799    0.09229    0.09997    0.10299    0.11537    0.12093    0.13368    0.13594
   0.14162    0.16624    0.16935    0.17641    0.18066    0.19081    0.20829    0.22081
   0.22225    0.23764    0.24191    0.24761    0.24974    0.25351    0.27387    0.27581
   0.44920    0.45585
 kpt#  17, nband= 50, wtk=  0.00463, kpt=  0.0000  0.5000  0.0000 (reduced coord)
  -1.94107   -1.94079   -1.94061   -1.94027   -0.80081   -0.80046   -0.80010   -0.79947
  -0.79614   -0.79594   -0.79100   -0.79079   -0.78936   -0.78888   -0.78884   -0.78865
  -0.36206   -0.36163   -0.33762   -0.33717   -0.32417   -0.32381   -0.30872   -0.30839
   0.08582    0.08716    0.11262    0.11307    0.11873    0.11912    0.12340    0.12564
   0.13680    0.13785    0.18901    0.18966    0.19098    0.19169    0.20631    0.20686
   0.21687    0.21883    0.24678    0.24738    0.25733    0.25769    0.27607    0.27732
   0.44865    0.44924
 kpt#  18, nband= 50, wtk=  0.00926, kpt=  0.1667  0.5000  0.0000 (reduced coord)
  -1.94105   -1.94078   -1.94063   -1.94028   -0.80146   -0.80095   -0.79955   -0.79912
  -0.79651   -0.79620   -0.79039   -0.79029   -0.78978   -0.78946   -0.78859   -0.78821
  -0.36046   -0.36002   -0.33810   -0.33785   -0.32498   -0.32460   -0.30931   -0.30902
   0.08959    0.09088    0.11228    0.11291    0.11685    0.11764    0.12426    0.12501
   0.14690    0.14816    0.18108    0.18238    0.19190    0.19304    0.20212    0.20252
   0.22145    0.22352    0.24384    0.24467    0.25238    0.25292    0.27489    0.27573
   0.44638    0.44730
 kpt#  19, nband= 50, wtk=  0.00926, kpt=  0.3333  0.5000  0.0000 (reduced coord)
  -1.94102   -1.94075   -1.94066   -1.94032   -0.80186   -0.80128   -0.80020   -0.79976
  -0.79564   -0.79537   -0.79139   -0.79123   -0.78909   -0.78901   -0.78804   -0.78777
  -0.35609   -0.35567   -0.34141   -0.34098   -0.32553   -0.32469   -0.31085   -0.31061
   0.09668    0.09786    0.10900    0.10990    0.12107    0.12171    0.12937    0.12993
   0.15929    0.16017    0.17111    0.17210    0.18967    0.19070    0.20441    0.20633
   0.21552    0.21605    0.23613    0.23685    0.24803    0.24911    0.27185    0.27219
   0.44284    0.44474
 kpt#  20, nband= 50, wtk=  0.00463, kpt=  0.5000  0.5000  0.0000 (reduced coord)
  -1.94099   -1.94073   -1.94069   -1.94034   -0.80160   -0.80126   -0.80086   -0.80072
  -0.79401   -0.79360   -0.79320   -0.79300   -0.78851   -0.78816   -0.78802   -0.78777
  -0.35194   -0.35176   -0.34554   -0.34462   -0.32518   -0.32401   -0.31191   -0.31163
   0.10001    0.10136    0.10661    0.10786    0.12709    0.12715    0.13189    0.13277
   0.15858    0.16043    0.16953    0.17054    0.19448    0.19500    0.19764    0.19920
   0.22092    0.22134    0.22300    0.22370    0.24791    0.24960    0.27011    0.27073
   0.44216    0.44463
 kpt#  21, nband= 50, wtk=  0.00926, kpt=  0.0000  0.0000  0.1667 (reduced coord)
  -1.94129   -1.94071   -1.94053   -1.94022   -0.80556   -0.80445   -0.80344   -0.79573
  -0.79353   -0.79231   -0.79141   -0.79104   -0.79057   -0.78773   -0.78685   -0.78646
  -0.39164   -0.34590   -0.34050   -0.33829   -0.31851   -0.31356   -0.31229   -0.30081
   0.06878    0.07257    0.08891    0.09610    0.10457    0.11436    0.14265    0.15151
   0.15855    0.17080    0.17156    0.17839    0.18013    0.19784    0.19978    0.22830
   0.23101    0.23296    0.24600    0.25286    0.25741    0.26455    0.27411    0.27681
   0.46097    0.46253
 kpt#  22, nband= 50, wtk=  0.00926, kpt=  0.1667  0.0000  0.1667 (reduced coord)
  -1.94125   -1.94072   -1.94055   -1.94022   -0.80484   -0.80359   -0.80278   -0.79590
  -0.79452   -0.79229   -0.79147   -0.79093   -0.79041   -0.78916   -0.78687   -0.78671
  -0.38727   -0.34517   -0.34024   -0.33726   -0.32004   -0.31787   -0.31287   -0.30168
   0.07528    0.07872    0.08434    0.09817    0.10921    0.12581    0.13902    0.14613
   0.15064    0.16160    0.16834    0.17732    0.18757    0.19310    0.20499    0.21839
   0.23401    0.23799    0.24280    0.24763    0.25677    0.26580    0.27294    0.27566
   0.46341    0.46796
 kpt#  23, nband= 50, wtk=  0.00926, kpt=  0.3333  0.0000  0.1667 (reduced coord)
  -1.94116   -1.94075   -1.94059   -1.94023   -0.80294   -0.80126   -0.80093   -0.79714
  -0.79635   -0.79354   -0.79182   -0.79095   -0.79053   -0.78955   -0.78787   -0.78735
  -0.37519   -0.34424   -0.34259   -0.33517   -0.32836   -0.32015   -0.31446   -0.30383
   0.08559    0.08652    0.10093    0.10402    0.11481    0.12625    0.13179    0.13382
   0.14463    0.15606    0.16148    0.17711    0.18965    0.19672    0.20374    0.20569
   0.21996    0.23824    0.24396    0.24886    0.25736    0.26426    0.27081    0.27699
   0.46322    0.46825
 kpt#  24, nband= 50, wtk=  0.00926, kpt=  0.5000  0.0000  0.1667 (reduced coord)
  -1.94111   -1.94078   -1.94061   -1.94024   -0.80097   -0.79963   -0.79912   -0.79835
  -0.79763   -0.79614   -0.79242   -0.79080   -0.78969   -0.78890   -0.78866   -0.78830
  -0.36061   -0.35601   -0.34181   -0.33429   -0.33103   -0.32002   -0.31592   -0.30509
   0.09399    0.09714    0.10163    0.10710    0.12016    0.12482    0.12891    0.12970
   0.14185    0.14350    0.17062    0.17117    0.18422    0.19499    0.19743    0.21480
   0.21953    0.22816    0.24051    0.25379    0.25747    0.26301    0.27052    0.27801
   0.46094    0.46677
 kpt#  25, nband= 50, wtk=  0.00926, kpt= -0.3333  0.0000  0.1667 (reduced coord)
  -1.94116   -1.94075   -1.94059   -1.94023   -0.80299   -0.80124   -0.80093   -0.79709
  -0.79633   -0.79355   -0.79186   -0.79095   -0.79051   -0.78956   -0.78787   -0.78736
  -0.37519   -0.34424   -0.34258   -0.33517   -0.32836   -0.32015   -0.31445   -0.30385
   0.08546    0.08661    0.10092    0.10401    0.11486    0.12648    0.13171    0.13369
   0.14466    0.15607    0.16151    0.17706    0.18969    0.19669    0.20364    0.20576
   0.21998    0.23821    0.24397    0.24887    0.25739    0.26429    0.27076    0.27700
   0.46310    0.46825
 kpt#  26, nband= 50, wtk=  0.00926, kpt= -0.1667  0.0000  0.1667 (reduced coord)
  -1.94125   -1.94072   -1.94055   -1.94022   -0.80488   -0.80357   -0.80278   -0.79587
  -0.79449   -0.79236   -0.79145   -0.79092   -0.79039   -0.78917   -0.78688   -0.78672
  -0.38727   -0.34519   -0.34018   -0.33729   -0.32005   -0.31786   -0.31285   -0.30170
   0.07529    0.07869    0.08435    0.09811    0.10923    0.12581    0.13910    0.14615
   0.15061    0.16165    0.16834    0.17735    0.18753    0.19301    0.20503    0.21839
   0.23389    0.23806    0.24281    0.24765    0.25678    0.26595    0.27263    0.27584
   0.46325    0.46802
 kpt#  27, nband= 50, wtk=  0.00926, kpt=  0.0000  0.1667  0.1667 (reduced coord)
  -1.94124   -1.94071   -1.94055   -1.94023   -0.80459   -0.80372   -0.80315   -0.79669
  -0.79328   -0.79234   -0.79185   -0.79092   -0.79030   -0.78886   -0.78724   -0.78650
  -0.38739   -0.34537   -0.34114   -0.33703   -0.31795   -0.31715   -0.31437   -0.30192
   0.07276    0.08029    0.08470    0.09933    0.10696    0.12706    0.14076    0.14516
   0.15915    0.15962    0.16567    0.17624    0.17782    0.20255    0.20566    0.22891
   0.23090    0.23444    0.24190    0.25183    0.25291    0.26293    0.26735    0.27303
   0.45717    0.46385
 kpt#  28, nband= 50, wtk=  0.00926, kpt=  0.1667  0.1667  0.1667 (reduced coord)
  -1.94121   -1.94072   -1.94057   -1.94024   -0.80421   -0.80333   -0.80239   -0.79673
  -0.79415   -0.79223   -0.79199   -0.79079   -0.79045   -0.78975   -0.78702   -0.78669
  -0.38349   -0.34569   -0.34048   -0.33649   -0.32073   -0.31890   -0.31484   -0.30243
   0.07874    0.08233    0.08754    0.10090    0.11059    0.13212    0.13895    0.14351
   0.15093    0.15749    0.16312    0.17190    0.18579    0.19704    0.20805    0.22006
   0.23346    0.23821    0.24086    0.24814    0.25293    0.26039    0.26617    0.27282
   0.45664    0.46657
 kpt#  29, nband= 50, wtk=  0.00926, kpt=  0.3333  0.1667  0.1667 (reduced coord)
  -1.94113   -1.94074   -1.94061   -1.94025   -0.80312   -0.80183   -0.80108   -0.79735
  -0.79570   -0.79406   -0.79163   -0.79098   -0.79013   -0.78941   -0.78769   -0.78732
  -0.37272   -0.34604   -0.34319   -0.33544   -0.32846   -0.31939   -0.31495   -0.30429
   0.08510    0.09182    0.10328    0.10582    0.11681    0.12869    0.13158    0.13509
   0.14702    0.15395    0.16092    0.17522    0.18695    0.19657    0.20607    0.20836
   0.21998    0.23651    0.24141    0.24858    0.25607    0.26056    0.26370    0.27131
   0.45495    0.46538
 kpt#  30, nband= 50, wtk=  0.00926, kpt=  0.5000  0.1667  0.1667 (reduced coord)
  -1.94108   -1.94076   -1.94064   -1.94026   -0.80194   -0.80135   -0.79919   -0.79899
  -0.79629   -0.79569   -0.79160   -0.79062   -0.78899   -0.78892   -0.78866   -0.78832
  -0.35979   -0.35551   -0.34406   -0.33540   -0.33100   -0.31809   -0.31565   -0.30567
   0.09489    0.09536    0.10416    0.11230    0.12042    0.12472    0.13161    0.13263
   0.14487    0.14651    0.16749    0.16932    0.18170    0.19758    0.20060    0.21569
   0.21756    0.22613    0.23854    0.25087    0.25741    0.26172    0.26515    0.26869
   0.45452    0.46314
 kpt#  31, nband= 50, wtk=  0.00926, kpt= -0.3333  0.1667  0.1667 (reduced coord)
  -1.94113   -1.94074   -1.94062   -1.94025   -0.80310   -0.80174   -0.80115   -0.79741
  -0.79565   -0.79402   -0.79173   -0.79087   -0.79018   -0.78940   -0.78770   -0.78734
  -0.37266   -0.34616   -0.34304   -0.33541   -0.32852   -0.31923   -0.31503   -0.30443
   0.08547    0.09149    0.10346    0.10580    0.11698    0.12880    0.13118    0.13466
   0.14727    0.15383    0.16063    0.17548    0.18693    0.19658    0.20610    0.20894
   0.21990    0.23645    0.24118    0.24817    0.25607    0.26097    0.26443    0.27058
   0.45632    0.46668
 kpt#  32, nband= 50, wtk=  0.00926, kpt= -0.1667  0.1667  0.1667 (reduced coord)
  -1.94121   -1.94072   -1.94057   -1.94024   -0.80420   -0.80325   -0.80245   -0.79675
  -0.79409   -0.79231   -0.79197   -0.79080   -0.79038   -0.78979   -0.78704   -0.78670
  -0.38346   -0.34578   -0.34034   -0.33648   -0.32066   -0.31878   -0.31501   -0.30255
   0.07898    0.08236    0.08730    0.10103    0.11069    0.13164    0.13908    0.14299
   0.15113    0.15756    0.16340    0.17206    0.18534    0.19713    0.20801    0.22062
   0.23327    0.23830    0.24063    0.24791    0.25295    0.26112    0.26597    0.27256
   0.45766    0.46693
 kpt#  33, nband= 50, wtk=  0.00926, kpt=  0.0000  0.3333  0.1667 (reduced coord)
  -1.94113   -1.94073   -1.94061   -1.94027   -0.80227   -0.80207   -0.80155   -0.79871
  -0.79438   -0.79362   -0.79223   -0.79039   -0.78988   -0.78955   -0.78826   -0.78729
  -0.37562   -0.34741   -0.34031   -0.33682   -0.32439   -0.31861   -0.31524   -0.30549
   0.08084    0.09039    0.10001    0.10475    0.11450    0.12421    0.13396    0.13656
   0.14555    0.15792    0.16789    0.17219    0.18581    0.20687    0.20753    0.21391
   0.22607    0.23302    0.23375    0.24740    0.24976    0.25895    0.26481    0.27123
   0.45096    0.45876
 kpt#  34, nband= 50, wtk=  0.00926, kpt=  0.1667  0.3333  0.1667 (reduced coord)
  -1.94111   -1.94073   -1.94062   -1.94028   -0.80284   -0.80232   -0.80133   -0.79809
  -0.79504   -0.79395   -0.79173   -0.79037   -0.79004   -0.78940   -0.78778   -0.78737
  -0.37303   -0.34830   -0.34052   -0.33752   -0.32398   -0.32139   -0.31422   -0.30548
   0.08382    0.09284    0.10319    0.10706    0.11573    0.12393    0.13489    0.13601
   0.14463    0.16042    0.16967    0.17142    0.18230    0.19696    0.20954    0.21949
   0.22438    0.23261    0.23755    0.24425    0.24801    0.25053    0.26459    0.27010
   0.44827    0.45666
 kpt#  35, nband= 50, wtk=  0.00926, kpt=  0.3333  0.3333  0.1667 (reduced coord)
  -1.94106   -1.94072   -1.94066   -1.94030   -0.80297   -0.80241   -0.80180   -0.79869
  -0.79557   -0.79273   -0.79217   -0.79009   -0.78940   -0.78904   -0.78834   -0.78717
  -0.36576   -0.34907   -0.34485   -0.34011   -0.32552   -0.31996   -0.31374   -0.30650
   0.09033    0.09953    0.10673    0.11206    0.11976    0.12660    0.13251    0.13651
   0.14341    0.15846    0.16777    0.17778    0.18707    0.19187    0.20470    0.21058
   0.22072    0.23179    0.23483    0.23705    0.24640    0.25119    0.26183    0.26753
   0.44379    0.45439
 kpt#  36, nband= 50, wtk=  0.00926, kpt=  0.5000  0.3333  0.1667 (reduced coord)
  -1.94103   -1.94072   -1.94069   -1.94031   -0.80275   -0.80253   -0.80105   -0.80087
  -0.79427   -0.79372   -0.79104   -0.79017   -0.78966   -0.78857   -0.78806   -0.78773
  -0.35723   -0.35317   -0.34856   -0.34194   -0.32609   -0.31701   -0.31441   -0.30762
   0.09865    0.09929    0.10560    0.11498    0.12329    0.12506    0.13321    0.13560
   0.15275    0.15357    0.16766    0.17288    0.18764    0.19749    0.20072    0.21320
   0.21543    0.21981    0.23008    0.23904    0.24655    0.25463    0.26159    0.26496
   0.44270    0.45433
 kpt#  37, nband= 50, wtk=  0.00926, kpt= -0.3333  0.3333  0.1667 (reduced coord)
  -1.94106   -1.94072   -1.94066   -1.94030   -0.80298   -0.80233   -0.80179   -0.79880
  -0.79548   -0.79268   -0.79223   -0.79014   -0.78938   -0.78901   -0.78836   -0.78719
  -0.36568   -0.34908   -0.34480   -0.34013   -0.32570   -0.31963   -0.31386   -0.30664
   0.09086    0.09920    0.10660    0.11252    0.11957    0.12623    0.13201    0.13669
   0.14322    0.15839    0.16769    0.17828    0.18712    0.19184    0.20498    0.21117
   0.22071    0.23127    0.23448    0.23709    0.24618    0.25138    0.26197    0.26750
   0.44494    0.45395
 kpt#  38, nband= 50, wtk=  0.00926, kpt= -0.1667  0.3333  0.1667 (reduced coord)
  -1.94111   -1.94073   -1.94062   -1.94028   -0.80280   -0.80229   -0.80135   -0.79814
  -0.79497   -0.79393   -0.79177   -0.79045   -0.78999   -0.78939   -0.78780   -0.78736
  -0.37297   -0.34829   -0.34056   -0.33750   -0.32404   -0.32112   -0.31440   -0.30558
   0.08413    0.09283    0.10331    0.10676    0.11590    0.12347    0.13446    0.13624
   0.14439    0.16061    0.17016    0.17169    0.18170    0.19713    0.20995    0.21945
   0.22425    0.23223    0.23806    0.24392    0.24794    0.25047    0.26465    0.27018
   0.44933    0.45648
 kpt#  39, nband= 50, wtk=  0.00926, kpt=  0.0000  0.5000  0.1667 (reduced coord)
  -1.94105   -1.94078   -1.94063   -1.94028   -0.80089   -0.80057   -0.79987   -0.79929
  -0.79639   -0.79613   -0.79106   -0.79066   -0.78954   -0.78909   -0.78863   -0.78844
  -0.35999   -0.35954   -0.33854   -0.33808   -0.32387   -0.32345   -0.31081   -0.31044
   0.09133    0.09291    0.11174    0.11298    0.11685    0.11719    0.12984    0.13195
   0.13859    0.13964    0.18512    0.18678    0.19399    0.19452    0.20432    0.20502
   0.21669    0.21840    0.24037    0.24135    0.25586    0.25633    0.26791    0.26894
   0.44887    0.45112
 kpt#  40, nband= 50, wtk=  0.00926, kpt=  0.1667  0.5000  0.1667 (reduced coord)
  -1.94104   -1.94077   -1.94064   -1.94030   -0.80205   -0.80173   -0.79962   -0.79915
  -0.79616   -0.79579   -0.79034   -0.79012   -0.78945   -0.78918   -0.78860   -0.78834
  -0.35918   -0.35875   -0.33968   -0.33951   -0.32401   -0.32365   -0.31044   -0.30997
   0.09426    0.09536    0.10937    0.11078    0.12157    0.12232    0.12640    0.12760
   0.14739    0.14926    0.17719    0.17843    0.19284    0.19458    0.20624    0.20692
   0.22034    0.22167    0.23839    0.23984    0.24966    0.24968    0.26701    0.26810
   0.44687    0.44791
 kpt#  41, nband= 50, wtk=  0.00926, kpt=  0.3333  0.5000  0.1667 (reduced coord)
  -1.94101   -1.94074   -1.94067   -1.94032   -0.80292   -0.80254   -0.80119   -0.80071
  -0.79434   -0.79398   -0.79050   -0.79034   -0.78907   -0.78892   -0.78808   -0.78784
  -0.35651   -0.35615   -0.34428   -0.34399   -0.32262   -0.32199   -0.31052   -0.31000
   0.10000    0.10081    0.10895    0.11001    0.12220    0.12337    0.13049    0.13149
   0.15891    0.15973    0.17216    0.17229    0.19151    0.19312    0.20625    0.20747
   0.21772    0.21826    0.23178    0.23231    0.24498    0.24603    0.26486    0.26546
   0.44283    0.44405
 kpt#  42, nband= 50, wtk=  0.00926, kpt=  0.5000  0.5000  0.1667 (reduced coord)
  -1.94099   -1.94073   -1.94069   -1.94033   -0.80278   -0.80253   -0.80216   -0.80205
  -0.79268   -0.79223   -0.79183   -0.79164   -0.78857   -0.78821   -0.78797   -0.78772
  -0.35336   -0.35309   -0.34866   -0.34821   -0.32117   -0.32049   -0.31097   -0.31059
   0.10270    0.10385    0.10877    0.10988    0.12431    0.12533    0.13038    0.13139
   0.16446    0.16604    0.17060    0.17190    0.19798    0.19862    0.19955    0.20014
   0.21500    0.21660    0.22278    0.22358    0.24688    0.24832    0.26374    0.26414
   0.44157    0.44383
 kpt#  43, nband= 50, wtk=  0.00926, kpt= -0.3333  0.5000  0.1667 (reduced coord)
  -1.94101   -1.94074   -1.94067   -1.94032   -0.80305   -0.80249   -0.80107   -0.80075
  -0.79427   -0.79401   -0.79051   -0.79036   -0.78909   -0.78894   -0.78809   -0.78781
  -0.35653   -0.35614   -0.34425   -0.34402   -0.32260   -0.32201   -0.31039   -0.31014
   0.09970    0.10112    0.10892    0.11000    0.12248    0.12310    0.13055    0.13142
   0.15894    0.15974    0.17189    0.17257    0.19115    0.19340    0.20665    0.20714
   0.21745    0.21856    0.23170    0.23236    0.24494    0.24606    0.26492    0.26543
   0.44225    0.44457
 kpt#  44, nband= 50, wtk=  0.00926, kpt= -0.1667  0.5000  0.1667 (reduced coord)
  -1.94104   -1.94077   -1.94064   -1.94030   -0.80220   -0.80166   -0.79945   -0.79923
  -0.79608   -0.79583   -0.79037   -0.79011   -0.78951   -0.78918   -0.78861   -0.78829
  -0.35918   -0.35876   -0.33975   -0.33943   -0.32411   -0.32354   -0.31038   -0.31004
   0.09397    0.09566    0.10957    0.11053    0.12157    0.12237    0.12616    0.12779
   0.14780    0.14883    0.17732    0.17832    0.19296    0.19438    0.20611    0.20723
   0.22019    0.22177    0.23868    0.23956    0.24928    0.25003    0.26710    0.26804
   0.44609    0.44869
 kpt#  45, nband= 50, wtk=  0.00926, kpt=  0.0000 -0.3333  0.1667 (reduced coord)
  -1.94113   -1.94074   -1.94061   -1.94027   -0.80236   -0.80221   -0.80119   -0.79877
  -0.79457   -0.79353   -0.79191   -0.79040   -0.79025   -0.78947   -0.78816   -0.78739
  -0.37549   -0.34742   -0.33953   -0.33735   -0.32429   -0.31885   -0.31513   -0.30594
   0.08143    0.09044    0.09998    0.10572    0.11457    0.12440    0.13356    0.13694
   0.14392    0.15797    0.16718    0.17177    0.18523    0.20750    0.20839    0.21539
   0.22489    0.23228    0.23392    0.24788    0.25062    0.25874    0.26360    0.27137
   0.44965    0.46117
 kpt#  46, nband= 50, wtk=  0.00926, kpt=  0.1667 -0.3333  0.1667 (reduced coord)
  -1.94111   -1.94073   -1.94062   -1.94028   -0.80310   -0.80186   -0.80122   -0.79841
  -0.79507   -0.79389   -0.79153   -0.79033   -0.78998   -0.78967   -0.78779   -0.78740
  -0.37285   -0.34810   -0.34013   -0.33784   -0.32395   -0.32127   -0.31444   -0.30598
   0.08445    0.09320    0.10379    0.10685    0.11590    0.12355    0.13474    0.13598
   0.14376    0.16029    0.17060    0.17151    0.18053    0.19726    0.21026    0.21883
   0.22432    0.23211    0.23856    0.24466    0.24809    0.25049    0.26349    0.27040
   0.44840    0.45813
 kpt#  47, nband= 50, wtk=  0.00926, kpt=  0.3333 -0.3333  0.1667 (reduced coord)
  -1.94106   -1.94072   -1.94066   -1.94030   -0.80323   -0.80194   -0.80166   -0.79903
  -0.79556   -0.79283   -0.79199   -0.78998   -0.78938   -0.78917   -0.78845   -0.78717
  -0.36559   -0.34875   -0.34473   -0.34004   -0.32596   -0.31955   -0.31412   -0.30687
   0.09096    0.09983    0.10654    0.11261    0.12040    0.12547    0.13152    0.13716
   0.14388    0.15760    0.16846    0.17898    0.18518    0.19195    0.20535    0.20991
   0.22033    0.23128    0.23557    0.23755    0.24564    0.25166    0.26108    0.26744
   0.44554    0.45446
 kpt#  48, nband= 50, wtk=  0.00926, kpt=  0.5000 -0.3333  0.1667 (reduced coord)
  -1.94103   -1.94072   -1.94069   -1.94031   -0.80281   -0.80248   -0.80104   -0.80076
  -0.79451   -0.79357   -0.79090   -0.79045   -0.78949   -0.78855   -0.78812   -0.78777
  -0.35718   -0.35320   -0.34818   -0.34161   -0.32648   -0.31693   -0.31478   -0.30776
   0.09893    0.09957    0.10550    0.11493    0.12391    0.12466    0.13361    0.13631
   0.15129    0.15354    0.16920    0.17259    0.18698    0.19720    0.20132    0.21169
   0.21465    0.22085    0.23066    0.23957    0.24551    0.25458    0.26104    0.26470
   0.44416    0.45364
 kpt#  49, nband= 50, wtk=  0.00926, kpt= -0.3333 -0.3333  0.1667 (reduced coord)
  -1.94106   -1.94072   -1.94066   -1.94030   -0.80337   -0.80194   -0.80166   -0.79884
  -0.79561   -0.79286   -0.79190   -0.79001   -0.78946   -0.78918   -0.78840   -0.78716
  -0.36569   -0.34875   -0.34475   -0.34002   -0.32580   -0.31987   -0.31397   -0.30676
   0.09037    0.10021    0.10664    0.11213    0.12058    0.12584    0.13204    0.13697
   0.14407    0.15770    0.16857    0.17830    0.18518    0.19207    0.20478    0.20961
   0.22043    0.23170    0.23615    0.23726    0.24590    0.25142    0.26102    0.26744
   0.44416    0.45465
 kpt#  50, nband= 50, wtk=  0.00926, kpt= -0.1667 -0.3333  0.1667 (reduced coord)
  -1.94111   -1.94073   -1.94062   -1.94028   -0.80325   -0.80185   -0.80118   -0.79829
  -0.79508   -0.79392   -0.79145   -0.79032   -0.79003   -0.78973   -0.78777   -0.78739
  -0.37291   -0.34813   -0.34007   -0.33786   -0.32393   -0.32151   -0.31424   -0.30589
   0.08411    0.09318    0.10374    0.10712    0.11574    0.12401    0.13501    0.13590
   0.14395    0.16019    0.17002    0.17121    0.18111    0.19716    0.20994    0.21876
   0.22460    0.23249    0.23811    0.24486    0.24791    0.25071    0.26351    0.27031
   0.44724    0.45842
 kpt#  51, nband= 50, wtk=  0.00926, kpt=  0.0000 -0.1667  0.1667 (reduced coord)
  -1.94124   -1.94071   -1.94055   -1.94023   -0.80473   -0.80351   -0.80314   -0.79679
  -0.79298   -0.79262   -0.79161   -0.79103   -0.79045   -0.78876   -0.78722   -0.78663
  -0.38732   -0.34527   -0.34005   -0.33797   -0.31780   -0.31733   -0.31437   -0.30231
   0.07316    0.08029    0.08456    0.10081    0.10694    0.12648    0.14087    0.14528
   0.15809    0.15854    0.16539    0.17649    0.17730    0.20320    0.20664    0.22992
   0.23165    0.23269    0.24129    0.25265    0.25342    0.26181    0.26788    0.27242
   0.45659    0.46328
 kpt#  52, nband= 50, wtk=  0.00926, kpt=  0.1667 -0.1667  0.1667 (reduced coord)
  -1.94121   -1.94072   -1.94057   -1.94024   -0.80434   -0.80299   -0.80244   -0.79695
  -0.79413   -0.79210   -0.79190   -0.79081   -0.79037   -0.78993   -0.78706   -0.78674
  -0.38338   -0.34544   -0.33971   -0.33720   -0.32060   -0.31883   -0.31509   -0.30291
   0.07926    0.08242    0.08745    0.10186    0.11059    0.13195    0.13924    0.14240
   0.15114    0.15650    0.16324    0.17224    0.18448    0.19761    0.20872    0.21960
   0.23362    0.23824    0.24108    0.24791    0.25344    0.26093    0.26586    0.27200
   0.45746    0.46609
 kpt#  53, nband= 50, wtk=  0.00926, kpt=  0.3333 -0.1667  0.1667 (reduced coord)
  -1.94113   -1.94074   -1.94062   -1.94025   -0.80317   -0.80153   -0.80102   -0.79778
  -0.79570   -0.79382   -0.79172   -0.79082   -0.78998   -0.78968   -0.78779   -0.78728
  -0.37259   -0.34581   -0.34269   -0.33588   -0.32831   -0.31936   -0.31526   -0.30467
   0.08542    0.09231    0.10327    0.10583    0.11710    0.12796    0.13224    0.13496
   0.14796    0.15251    0.16092    0.17559    0.18661    0.19644    0.20625    0.20784
   0.21954    0.23649    0.24250    0.24785    0.25651    0.26007    0.26421    0.27032
   0.45691    0.46605
 kpt#  54, nband= 50, wtk=  0.00926, kpt=  0.5000 -0.1667  0.1667 (reduced coord)
  -1.94108   -1.94076   -1.94064   -1.94026   -0.80169   -0.80154   -0.79929   -0.79885
  -0.79654   -0.79546   -0.79170   -0.79054   -0.78904   -0.78888   -0.78867   -0.78839
  -0.35970   -0.35543   -0.34364   -0.33548   -0.33089   -0.31852   -0.31578   -0.30583
   0.09542    0.09590    0.10363    0.11132    0.12059    0.12610    0.13185    0.13276
   0.14476    0.14591    0.16783    0.16949    0.18203    0.19666    0.20003    0.21529
   0.21746    0.22637    0.23898    0.25081    0.25776    0.26073    0.26457    0.26881
   0.45580    0.46328
 kpt#  55, nband= 50, wtk=  0.00926, kpt= -0.3333 -0.1667  0.1667 (reduced coord)
  -1.94113   -1.94074   -1.94062   -1.94025   -0.80329   -0.80158   -0.80096   -0.79762
  -0.79571   -0.79385   -0.79168   -0.79088   -0.78998   -0.78969   -0.78778   -0.78727
  -0.37266   -0.34570   -0.34281   -0.33591   -0.32827   -0.31951   -0.31516   -0.30456
   0.08501    0.09263    0.10304    0.10584    0.11701    0.12842    0.13218    0.13526
   0.14778    0.15265    0.16125    0.17525    0.18672    0.19641    0.20588    0.20744
   0.21975    0.23659    0.24259    0.24837    0.25648    0.25997    0.26313    0.27110
   0.45541    0.46540
 kpt#  56, nband= 50, wtk=  0.00926, kpt= -0.1667 -0.1667  0.1667 (reduced coord)
  -1.94121   -1.94072   -1.94057   -1.94024   -0.80444   -0.80303   -0.80236   -0.79687
  -0.79411   -0.79221   -0.79179   -0.79084   -0.79037   -0.78995   -0.78706   -0.78672
  -0.38343   -0.34539   -0.33977   -0.33722   -0.32072   -0.31894   -0.31486   -0.30282
   0.07901    0.08237    0.08769    0.10167    0.11053    0.13240    0.13940    0.14269
   0.15093    0.15648    0.16306    0.17203    0.18485    0.19752    0.20884    0.21903
   0.23376    0.23827    0.24106    0.24817    0.25350    0.26049    0.26566    0.27241
   0.45629    0.46590
 kpt#  57, nband= 50, wtk=  0.00926, kpt=  0.0000  0.0000  0.3333 (reduced coord)
  -1.94118   -1.94080   -1.94052   -1.94023   -0.80355   -0.80223   -0.80107   -0.79730
  -0.79573   -0.79329   -0.79160   -0.79048   -0.78987   -0.78978   -0.78769   -0.78736
  -0.37936   -0.34643   -0.34122   -0.33663   -0.32422   -0.31751   -0.31283   -0.30624
   0.08158    0.08725    0.10188    0.11187    0.11600    0.12390    0.12776    0.13379
   0.13848    0.16205    0.16957    0.18387    0.18874    0.20121    0.20438    0.20989
   0.21957    0.23476    0.23679    0.24401    0.25084    0.25257    0.27391    0.27759
   0.46524    0.46696
 kpt#  58, nband= 50, wtk=  0.00926, kpt=  0.1667  0.0000  0.3333 (reduced coord)
  -1.94116   -1.94080   -1.94055   -1.94024   -0.80312   -0.80193   -0.80073   -0.79738
  -0.79647   -0.79354   -0.79126   -0.79068   -0.79027   -0.78967   -0.78780   -0.78728
  -0.37612   -0.34625   -0.34175   -0.33607   -0.32408   -0.32139   -0.31301   -0.30627
   0.08645    0.09095    0.10233    0.10641    0.11549    0.12565    0.13280    0.13487
   0.14363    0.16450    0.16745    0.18228    0.18398    0.19822    0.20013    0.21173
   0.21704    0.23061    0.23702    0.24276    0.24861    0.25490    0.27338    0.27564
   0.46397    0.46748
 kpt#  59, nband= 50, wtk=  0.00926, kpt=  0.3333  0.0000  0.3333 (reduced coord)
  -1.94111   -1.94078   -1.94060   -1.94026   -0.80209   -0.80089   -0.80013   -0.79801
  -0.79743   -0.79489   -0.79134   -0.79071   -0.78989   -0.78907   -0.78881   -0.78724
  -0.36726   -0.34750   -0.34240   -0.33622   -0.32856   -0.32361   -0.31337   -0.30697
   0.09407    0.09936    0.10393    0.10877    0.11599    0.12240    0.13462    0.14181
   0.14623    0.16270    0.17145    0.17753    0.18778    0.19027    0.19462    0.20121
   0.21551    0.23024    0.23389    0.23521    0.24773    0.25494    0.27192    0.27516
   0.46036    0.46403
 kpt#  60, nband= 50, wtk=  0.00926, kpt=  0.5000  0.0000  0.3333 (reduced coord)
  -1.94108   -1.94076   -1.94064   -1.94026   -0.80120   -0.80025   -0.79956   -0.79934
  -0.79680   -0.79650   -0.79145   -0.79025   -0.78984   -0.78953   -0.78823   -0.78774
  -0.35690   -0.35418   -0.34255   -0.33780   -0.33041   -0.32344   -0.31360   -0.30747
   0.09857    0.10263    0.10621    0.10902    0.11808    0.11950    0.14180    0.14443
   0.14854    0.15438    0.17206    0.17322    0.18412    0.18557    0.19419    0.21094
   0.21826    0.22110    0.22504    0.23677    0.24902    0.25193    0.27038    0.27659
   0.45791    0.46169
 kpt#  61, nband= 50, wtk=  0.00926, kpt= -0.3333  0.0000  0.3333 (reduced coord)
  -1.94111   -1.94078   -1.94060   -1.94026   -0.80217   -0.80089   -0.80008   -0.79793
  -0.79745   -0.79489   -0.79141   -0.79068   -0.78985   -0.78908   -0.78884   -0.78724
  -0.36727   -0.34748   -0.34240   -0.33622   -0.32854   -0.32363   -0.31335   -0.30699
   0.09400    0.09927    0.10396    0.10885    0.11602    0.12245    0.13467    0.14177
   0.14621    0.16275    0.17138    0.17757    0.18756    0.19037    0.19459    0.20130
   0.21555    0.23027    0.23381    0.23526    0.24776    0.25489    0.27190    0.27519
   0.46022    0.46400
 kpt#  62, nband= 50, wtk=  0.00926, kpt= -0.1667  0.0000  0.3333 (reduced coord)
  -1.94116   -1.94080   -1.94055   -1.94024   -0.80317   -0.80192   -0.80071   -0.79732
  -0.79649   -0.79354   -0.79127   -0.79068   -0.79024   -0.78970   -0.78780   -0.78729
  -0.37612   -0.34625   -0.34176   -0.33606   -0.32409   -0.32138   -0.31300   -0.30629
   0.08645    0.09090    0.10231    0.10642    0.11553    0.12568    0.13272    0.13491
   0.14367    0.16455    0.16753    0.18220    0.18397    0.19776    0.20054    0.21168
   0.21703    0.23065    0.23708    0.24272    0.24867    0.25484    0.27325    0.27577
   0.46380    0.46755
 kpt#  63, nband= 50, wtk=  0.00926, kpt=  0.0000  0.1667  0.3333 (reduced coord)
  -1.94115   -1.94079   -1.94055   -1.94025   -0.80306   -0.80161   -0.80118   -0.79803
  -0.79539   -0.79379   -0.79099   -0.79080   -0.79048   -0.78965   -0.78817   -0.78700
  -0.37601   -0.34598   -0.34127   -0.33705   -0.32326   -0.31921   -0.31504   -0.30723
   0.08424    0.09288    0.10229    0.11277    0.11370    0.12628    0.13040    0.13899
   0.14050    0.16251    0.16595    0.17486    0.18399    0.20288    0.20905    0.20989
   0.22025    0.23500    0.23637    0.24098    0.25032    0.25370    0.26598    0.26753
   0.46071    0.46573
 kpt#  64, nband= 50, wtk=  0.00926, kpt=  0.1667  0.1667  0.3333 (reduced coord)
  -1.94113   -1.94079   -1.94057   -1.94026   -0.80316   -0.80224   -0.80084   -0.79742
  -0.79567   -0.79438   -0.79116   -0.79067   -0.79029   -0.78951   -0.78762   -0.78727
  -0.37338   -0.34726   -0.34161   -0.33706   -0.32416   -0.32078   -0.31460   -0.30651
   0.08855    0.09497    0.10226    0.10895    0.11785    0.12675    0.13469    0.13662
   0.14542    0.15813    0.16671    0.17513    0.18509    0.20045    0.20468    0.21239
   0.22024    0.23006    0.23435    0.24277    0.24735    0.25250    0.26457    0.26759
   0.45688    0.46689
 kpt#  65, nband= 50, wtk=  0.00926, kpt=  0.3333  0.1667  0.3333 (reduced coord)
  -1.94108   -1.94077   -1.94062   -1.94027   -0.80314   -0.80233   -0.80111   -0.79824
  -0.79538   -0.79474   -0.79087   -0.79032   -0.78979   -0.78899   -0.78805   -0.78742
  -0.36611   -0.34960   -0.34426   -0.33878   -0.32701   -0.32069   -0.31300   -0.30656
   0.09469    0.10175    0.10510    0.11041    0.11791    0.12672    0.13527    0.13999
   0.14780    0.15721    0.16579    0.18052    0.18742    0.19278    0.20032    0.20810
   0.21596    0.23037    0.23148    0.23495    0.24506    0.25220    0.26387    0.26697
   0.45202    0.46213
 kpt#  66, nband= 50, wtk=  0.00926, kpt=  0.5000  0.1667  0.3333 (reduced coord)
  -1.94106   -1.94074   -1.94066   -1.94028   -0.80291   -0.80238   -0.80036   -0.80030
  -0.79488   -0.79468   -0.79075   -0.78963   -0.78921   -0.78910   -0.78834   -0.78791
  -0.35724   -0.35549   -0.34621   -0.34046   -0.32794   -0.31964   -0.31218   -0.30717
   0.10069    0.10115    0.10705    0.11180    0.11985    0.12406    0.13823    0.14060
   0.15334    0.15420    0.16867    0.17095    0.18882    0.19279    0.19874    0.21353
   0.21628    0.22109    0.22398    0.23623    0.24787    0.24914    0.26388    0.26715
   0.45068    0.45749
 kpt#  67, nband= 50, wtk=  0.00926, kpt= -0.3333  0.1667  0.3333 (reduced coord)
  -1.94108   -1.94076   -1.94062   -1.94027   -0.80311   -0.80229   -0.80113   -0.79828
  -0.79538   -0.79473   -0.79096   -0.79020   -0.78974   -0.78903   -0.78810   -0.78743
  -0.36610   -0.34970   -0.34407   -0.33866   -0.32705   -0.32079   -0.31290   -0.30675
   0.09496    0.10145    0.10517    0.11047    0.11839    0.12605    0.13555    0.13992
   0.14721    0.15738    0.16589    0.18106    0.18728    0.19244    0.20013    0.20878
   0.21560    0.23039    0.23106    0.23527    0.24469    0.25260    0.26471    0.26623
   0.45316    0.46186
 kpt#  68, nband= 50, wtk=  0.00926, kpt= -0.1667  0.1667  0.3333 (reduced coord)
  -1.94113   -1.94078   -1.94057   -1.94026   -0.80313   -0.80217   -0.80090   -0.79743
  -0.79567   -0.79441   -0.79111   -0.79071   -0.79020   -0.78956   -0.78764   -0.78729
  -0.37337   -0.34740   -0.34139   -0.33693   -0.32392   -0.32119   -0.31452   -0.30666
   0.08860    0.09533    0.10177    0.10943    0.11778    0.12614    0.13423    0.13675
   0.14589    0.15855    0.16668    0.17524    0.18463    0.19999    0.20461    0.21244
   0.22069    0.23030    0.23425    0.24266    0.24729    0.25258    0.26513    0.26710
   0.45789    0.46667
 kpt#  69, nband= 50, wtk=  0.00926, kpt=  0.0000  0.3333  0.3333 (reduced coord)
  -1.94107   -1.94076   -1.94062   -1.94029   -0.80172   -0.80125   -0.79983   -0.79955
  -0.79577   -0.79399   -0.79314   -0.79017   -0.78965   -0.78949   -0.78885   -0.78716
  -0.36675   -0.34434   -0.34396   -0.33868   -0.32320   -0.32021   -0.31868   -0.31045
   0.09211    0.10505    0.10622    0.11327    0.11495    0.12704    0.13136    0.14043
   0.14474    0.15816    0.16154    0.17675    0.18833    0.19845    0.20652    0.21104
   0.21580    0.23114    0.23309    0.23970    0.24456    0.24839    0.25490    0.25815
   0.45423    0.46310
 kpt#  70, nband= 50, wtk=  0.00926, kpt=  0.1667  0.3333  0.3333 (reduced coord)
  -1.94106   -1.94076   -1.94063   -1.94030   -0.80285   -0.80238   -0.80145   -0.79833
  -0.79566   -0.79327   -0.79224   -0.79002   -0.78937   -0.78918   -0.78835   -0.78731
  -0.36574   -0.34815   -0.34423   -0.34050   -0.32264   -0.32036   -0.31595   -0.30873
   0.09541    0.10089    0.10808    0.11295    0.12143    0.12656    0.13483    0.13889
   0.14536    0.15235    0.16618    0.18080    0.18473    0.19965    0.20649    0.21307
   0.22057    0.22744    0.23095    0.23670    0.24215    0.24613    0.25261    0.25816
   0.44966    0.45983
 kpt#  71, nband= 50, wtk=  0.00926, kpt=  0.3333  0.3333  0.3333 (reduced coord)
  -1.94103   -1.94074   -1.94066   -1.94031   -0.80402   -0.80366   -0.80288   -0.80066
  -0.79334   -0.79189   -0.79071   -0.78993   -0.78903   -0.78859   -0.78788   -0.78758
  -0.36241   -0.35194   -0.34877   -0.34511   -0.32180   -0.31651   -0.31260   -0.30728
   0.09959    0.10345    0.10914    0.11465    0.12345    0.12720    0.13190    0.13484
   0.15349    0.15881    0.17094    0.18120    0.18842    0.19197    0.20699    0.21131
   0.22221    0.22392    0.22615    0.23497    0.23919    0.24396    0.24909    0.25579
   0.44296    0.45515
 kpt#  72, nband= 50, wtk=  0.00926, kpt=  0.5000  0.3333  0.3333 (reduced coord)
  -1.94102   -1.94071   -1.94070   -1.94031   -0.80440   -0.80408   -0.80280   -0.80255
  -0.79219   -0.79161   -0.78980   -0.78962   -0.78861   -0.78829   -0.78812   -0.78794
  -0.35727   -0.35622   -0.35180   -0.34747   -0.32103   -0.31378   -0.31153   -0.30740
   0.10332    0.10482    0.10927    0.11446    0.12446    0.12592    0.13161    0.13201
   0.16201    0.16241    0.17409    0.17741    0.19000    0.19370    0.20466    0.21132
   0.21343    0.22082    0.22303    0.23794    0.23915    0.24198    0.25090    0.25383
   0.44124    0.45159
 kpt#  73, nband= 50, wtk=  0.00926, kpt= -0.3333  0.3333  0.3333 (reduced coord)
  -1.94103   -1.94074   -1.94066   -1.94031   -0.80403   -0.80359   -0.80286   -0.80072
  -0.79331   -0.79191   -0.79068   -0.78997   -0.78900   -0.78856   -0.78790   -0.78761
  -0.36241   -0.35202   -0.34862   -0.34503   -0.32196   -0.31615   -0.31282   -0.30744
   0.09991    0.10335    0.10913    0.11492    0.12342    0.12633    0.13181    0.13545
   0.15284    0.15871    0.17134    0.18172    0.18843    0.19188    0.20671    0.21161
   0.22160    0.22395    0.22625    0.23501    0.23922    0.24396    0.24928    0.25578
   0.44396    0.45691
 kpt#  74, nband= 50, wtk=  0.00926, kpt= -0.1667  0.3333  0.3333 (reduced coord)
  -1.94106   -1.94076   -1.94063   -1.94030   -0.80283   -0.80233   -0.80146   -0.79839
  -0.79561   -0.79329   -0.79224   -0.79006   -0.78934   -0.78916   -0.78838   -0.78732
  -0.36573   -0.34821   -0.34417   -0.34031   -0.32286   -0.31992   -0.31630   -0.30881
   0.09539    0.10140    0.10807    0.11294    0.12113    0.12593    0.13493    0.13910
   0.14482    0.15282    0.16668    0.18040    0.18504    0.19955    0.20618    0.21279
   0.22054    0.22791    0.23081    0.23692    0.24235    0.24603    0.25237    0.25827
   0.45055    0.45997
 kpt#  75, nband= 50, wtk=  0.00926, kpt=  0.0000  0.5000  0.3333 (reduced coord)
  -1.94102   -1.94075   -1.94066   -1.94032   -0.80090   -0.80064   -0.79987   -0.79953
  -0.79600   -0.79557   -0.79227   -0.79167   -0.78909   -0.78882   -0.78828   -0.78813
  -0.35447   -0.35396   -0.34168   -0.34118   -0.32273   -0.32220   -0.31561   -0.31511
   0.10249    0.10407    0.11347    0.11399    0.11750    0.11886    0.13750    0.13904
   0.14301    0.14599    0.17850    0.18023    0.19604    0.19710    0.20585    0.20676
   0.20853    0.20954    0.23455    0.23564    0.25035    0.25051    0.25093    0.25153
   0.45291    0.45584
 kpt#  76, nband= 50, wtk=  0.00926, kpt=  0.1667  0.5000  0.3333 (reduced coord)
  -1.94101   -1.94074   -1.94067   -1.94032   -0.80259   -0.80236   -0.80078   -0.80043
  -0.79458   -0.79411   -0.79096   -0.79049   -0.78894   -0.78875   -0.78833   -0.78819
  -0.35553   -0.35512   -0.34422   -0.34387   -0.32121   -0.32079   -0.31342   -0.31266
   0.10354    0.10455    0.11033    0.11165    0.12331    0.12459    0.13389    0.13465
   0.14953    0.15108    0.17670    0.17758    0.19668    0.19771    0.20547    0.20670
   0.21338    0.21418    0.23329    0.23403    0.24224    0.24290    0.25314    0.25387
   0.44934    0.45130
 kpt#  77, nband= 50, wtk=  0.00926, kpt=  0.3333  0.5000  0.3333 (reduced coord)
  -1.94100   -1.94073   -1.94068   -1.94033   -0.80422   -0.80397   -0.80304   -0.80263
  -0.79209   -0.79163   -0.78948   -0.78931   -0.78889   -0.78872   -0.78816   -0.78791
  -0.35659   -0.35625   -0.34987   -0.34952   -0.31713   -0.31687   -0.31066   -0.30981
   0.10589    0.10644    0.11071    0.11163    0.12416    0.12569    0.13039    0.13121
   0.16318    0.16366    0.17902    0.17982    0.19021    0.19101    0.20569    0.20767
   0.21651    0.21709    0.22867    0.22954    0.23935    0.24030    0.24947    0.25036
   0.44375    0.44461
 kpt#  78, nband= 50, wtk=  0.00926, kpt=  0.5000  0.5000  0.3333 (reduced coord)
  -1.94099   -1.94073   -1.94069   -1.94033   -0.80456   -0.80439   -0.80404   -0.80396
  -0.79071   -0.79024   -0.78975   -0.78954   -0.78869   -0.78836   -0.78792   -0.78763
  -0.35583   -0.35539   -0.35370   -0.35336   -0.31489   -0.31443   -0.30978   -0.30922
   0.10798    0.10853    0.11075    0.11172    0.12421    0.12563    0.12801    0.12905
   0.17417    0.17595    0.17658    0.17794    0.19424    0.19668    0.19743    0.19860
   0.21491    0.21606    0.22523    0.22625    0.24141    0.24203    0.24813    0.24894
   0.44165    0.44359
 kpt#  79, nband= 50, wtk=  0.00926, kpt= -0.3333  0.5000  0.3333 (reduced coord)
  -1.94100   -1.94073   -1.94068   -1.94033   -0.80436   -0.80390   -0.80292   -0.80268
  -0.79201   -0.79164   -0.78954   -0.78932   -0.78891   -0.78874   -0.78817   -0.78785
  -0.35664   -0.35622   -0.34980   -0.34957   -0.31736   -0.31664   -0.31035   -0.31011
   0.10571    0.10657    0.11077    0.11161    0.12409    0.12579    0.13030    0.13127
   0.16284    0.16395    0.17909    0.17991    0.18957    0.19158    0.20562    0.20771
   0.21611    0.21752    0.22830    0.22987    0.23933    0.24026    0.24965    0.25026
   0.44314    0.44521
 kpt#  80, nband= 50, wtk=  0.00926, kpt= -0.1667  0.5000  0.3333 (reduced coord)
  -1.94101   -1.94074   -1.94067   -1.94032   -0.80273   -0.80229   -0.80065   -0.80049
  -0.79451   -0.79412   -0.79099   -0.79053   -0.78897   -0.78871   -0.78834   -0.78816
  -0.35555   -0.35511   -0.34420   -0.34388   -0.32137   -0.32063   -0.31326   -0.31283
   0.10329    0.10478    0.11066    0.11134    0.12315    0.12478    0.13340    0.13511
   0.14947    0.15111    0.17673    0.17757    0.19644    0.19800    0.20589    0.20621
   0.21340    0.21424    0.23294    0.23432    0.24220    0.24292    0.25316    0.25391
   0.44892    0.45173
 kpt#  81, nband= 50, wtk=  0.00926, kpt=  0.0000 -0.3333  0.3333 (reduced coord)
  -1.94107   -1.94076   -1.94062   -1.94029   -0.80174   -0.80127   -0.79968   -0.79956
  -0.79588   -0.79380   -0.79316   -0.79035   -0.78973   -0.78950   -0.78859   -0.78730
  -0.36654   -0.34427   -0.34392   -0.33858   -0.32299   -0.32016   -0.31896   -0.31096
   0.09319    0.10478    0.10646    0.11350    0.11502    0.12783    0.13076    0.14172
   0.14366    0.15509    0.16283    0.17524    0.18804    0.19981    0.20791    0.21168
   0.21519    0.22996    0.23206    0.24017    0.24459    0.24971    0.25461    0.25774
   0.45236    0.46650
 kpt#  82, nband= 50, wtk=  0.00926, kpt=  0.1667 -0.3333  0.3333 (reduced coord)
  -1.94106   -1.94076   -1.94063   -1.94030   -0.80311   -0.80191   -0.80135   -0.79860
  -0.79579   -0.79311   -0.79216   -0.78995   -0.78949   -0.78933   -0.78817   -0.78746
  -0.36555   -0.34792   -0.34423   -0.34032   -0.32263   -0.32013   -0.31640   -0.30923
   0.09636    0.10121    0.10858    0.11280    0.12060    0.12657    0.13509    0.13956
   0.14448    0.15254    0.16592    0.17956    0.18464    0.20032    0.20588    0.21315
   0.22047    0.22703    0.23016    0.23808    0.24224    0.24626    0.25259    0.25806
   0.44931    0.46410
 kpt#  83, nband= 50, wtk=  0.00926, kpt=  0.3333 -0.3333  0.3333 (reduced coord)
  -1.94103   -1.94074   -1.94066   -1.94031   -0.80424   -0.80332   -0.80272   -0.80085
  -0.79357   -0.79178   -0.79049   -0.78979   -0.78899   -0.78887   -0.78794   -0.78759
  -0.36230   -0.35180   -0.34825   -0.34533   -0.32171   -0.31649   -0.31299   -0.30766
   0.09968    0.10422    0.10946    0.11475    0.12341    0.12622    0.13227    0.13534
   0.15393    0.15825    0.17120    0.18200    0.18681    0.19209    0.20644    0.21084
   0.22197    0.22347    0.22672    0.23532    0.23875    0.24361    0.24927    0.25604
   0.44438    0.45723
 kpt#  84, nband= 50, wtk=  0.00926, kpt=  0.5000 -0.3333  0.3333 (reduced coord)
  -1.94102   -1.94071   -1.94069   -1.94031   -0.80444   -0.80401   -0.80286   -0.80245
  -0.79245   -0.79142   -0.78973   -0.78944   -0.78865   -0.78836   -0.78829   -0.78791
  -0.35731   -0.35611   -0.35123   -0.34770   -0.32076   -0.31433   -0.31169   -0.30748
   0.10291    0.10512    0.11008    0.11476    0.12389    0.12623    0.13168    0.13227
   0.16175    0.16277    0.17529    0.17666    0.19008    0.19299    0.20433    0.21086
   0.21353    0.22089    0.22251    0.23825    0.23865    0.24171    0.25100    0.25350
   0.44298    0.45161
 kpt#  85, nband= 50, wtk=  0.00926, kpt= -0.3333 -0.3333  0.3333 (reduced coord)
  -1.94103   -1.94074   -1.94066   -1.94031   -0.80437   -0.80331   -0.80273   -0.80075
  -0.79352   -0.79179   -0.79045   -0.78983   -0.78905   -0.78892   -0.78790   -0.78755
  -0.36233   -0.35173   -0.34834   -0.34543   -0.32157   -0.31678   -0.31277   -0.30755
   0.09930    0.10433    0.10950    0.11446    0.12347    0.12717    0.13209    0.13490
   0.15456    0.15835    0.17090    0.18143    0.18679    0.19224    0.20655    0.21070
   0.22192    0.22411    0.22653    0.23532    0.23872    0.24366    0.24895    0.25614
   0.44322    0.45633
 kpt#  86, nband= 50, wtk=  0.00926, kpt= -0.1667 -0.3333  0.3333 (reduced coord)
  -1.94106   -1.94076   -1.94063   -1.94030   -0.80326   -0.80191   -0.80132   -0.79847
  -0.79577   -0.79312   -0.79213   -0.78997   -0.78957   -0.78934   -0.78811   -0.78745
  -0.36557   -0.34788   -0.34427   -0.34051   -0.32245   -0.32050   -0.31605   -0.30917
   0.09634    0.10066    0.10875    0.11265    0.12100    0.12727    0.13476    0.13928
   0.14511    0.15224    0.16530    0.17996    0.18436    0.20054    0.20623    0.21341
   0.22036    0.22655    0.23042    0.23783    0.24205    0.24626    0.25282    0.25802
   0.44833    0.46356
 kpt#  87, nband= 50, wtk=  0.00926, kpt=  0.0000 -0.1667  0.3333 (reduced coord)
  -1.94115   -1.94079   -1.94055   -1.94025   -0.80314   -0.80143   -0.80120   -0.79809
  -0.79519   -0.79394   -0.79101   -0.79090   -0.79031   -0.78972   -0.78808   -0.78714
  -0.37590   -0.34577   -0.34117   -0.33690   -0.32333   -0.31949   -0.31496   -0.30761
   0.08494    0.09266    0.10292    0.11279    0.11414    0.12651    0.13106    0.13842
   0.13917    0.16173    0.16686    0.17357    0.18298    0.20310    0.21009    0.21116
   0.22062    0.23385    0.23486    0.24206    0.25045    0.25396    0.26498    0.26831
   0.46018    0.46521
 kpt#  88, nband= 50, wtk=  0.00926, kpt=  0.1667 -0.1667  0.3333 (reduced coord)
  -1.94113   -1.94079   -1.94057   -1.94026   -0.80329   -0.80189   -0.80081   -0.79770
  -0.79574   -0.79424   -0.79104   -0.79076   -0.79012   -0.78965   -0.78757   -0.78743
  -0.37326   -0.34712   -0.34126   -0.33694   -0.32397   -0.32140   -0.31453   -0.30701
   0.08907    0.09526    0.10250    0.10966    0.11725    0.12658    0.13413    0.13741
   0.14525    0.15856    0.16537    0.17541    0.18393    0.20095    0.20433    0.21284
   0.22010    0.22967    0.23405    0.24311    0.24709    0.25361    0.26458    0.26715
   0.45783    0.46591
 kpt#  89, nband= 50, wtk=  0.00926, kpt=  0.3333 -0.1667  0.3333 (reduced coord)
  -1.94108   -1.94076   -1.94062   -1.94027   -0.80322   -0.80208   -0.80100   -0.79849
  -0.79563   -0.79452   -0.79077   -0.79030   -0.78957   -0.78921   -0.78821   -0.78739
  -0.36601   -0.34951   -0.34351   -0.33915   -0.32668   -0.32126   -0.31301   -0.30700
   0.09479    0.10252    0.10545    0.11012    0.11871    0.12530    0.13546    0.14076
   0.14774    0.15741    0.16552    0.18100    0.18689    0.19187    0.19971    0.20859
   0.21566    0.22969    0.23166    0.23548    0.24402    0.25297    0.26460    0.26620
   0.45393    0.46192
 kpt#  90, nband= 50, wtk=  0.00926, kpt=  0.5000 -0.1667  0.3333 (reduced coord)
  -1.94106   -1.94074   -1.94066   -1.94028   -0.80271   -0.80253   -0.80060   -0.80001
  -0.79511   -0.79452   -0.79069   -0.78956   -0.78930   -0.78911   -0.78833   -0.78798
  -0.35717   -0.35538   -0.34559   -0.34090   -0.32747   -0.32028   -0.31231   -0.30733
   0.10083    0.10148    0.10758    0.11116    0.11962    0.12451    0.13823    0.14127
   0.15368    0.15418    0.16861    0.17143    0.18864    0.19090    0.19830    0.21422
   0.21678    0.22179    0.22340    0.23538    0.24725    0.24883    0.26389    0.26734
   0.45218    0.45757
 kpt#  91, nband= 50, wtk=  0.00926, kpt= -0.3333 -0.1667  0.3333 (reduced coord)
  -1.94108   -1.94076   -1.94062   -1.94027   -0.80335   -0.80209   -0.80097   -0.79836
  -0.79558   -0.79454   -0.79072   -0.79045   -0.78957   -0.78919   -0.78818   -0.78738
  -0.36604   -0.34940   -0.34368   -0.33928   -0.32668   -0.32111   -0.31309   -0.30683
   0.09444    0.10269    0.10542    0.11015    0.11825    0.12610    0.13522    0.14075
   0.14828    0.15729    0.16543    0.18043    0.18720    0.19206    0.19970    0.20801
   0.21612    0.22982    0.23188    0.23523    0.24443    0.25251    0.26356    0.26713
   0.45263    0.46202
 kpt#  92, nband= 50, wtk=  0.00926, kpt= -0.1667 -0.1667  0.3333 (reduced coord)
  -1.94113   -1.94079   -1.94057   -1.94026   -0.80341   -0.80192   -0.80075   -0.79759
  -0.79571   -0.79421   -0.79113   -0.79073   -0.79018   -0.78964   -0.78755   -0.78741
  -0.37329   -0.34697   -0.34148   -0.33706   -0.32425   -0.32093   -0.31461   -0.30688
   0.08901    0.09485    0.10297    0.10918    0.11740    0.12722    0.13459    0.13724
   0.14475    0.15820    0.16551    0.17518    0.18439    0.20130    0.20460    0.21258
   0.21969    0.22953    0.23416    0.24317    0.24726    0.25349    0.26371    0.26788
   0.45661    0.46626
 kpt#  93, nband= 50, wtk=  0.00463, kpt=  0.0000  0.0000  0.5000 (reduced coord)
  -1.94110   -1.94088   -1.94052   -1.94024   -0.80102   -0.80093   -0.79933   -0.79921
  -0.79599   -0.79596   -0.79155   -0.79142   -0.78895   -0.78888   -0.78861   -0.78850
  -0.36247   -0.36217   -0.33702   -0.33698   -0.32254   -0.32207   -0.31165   -0.31098
   0.10124    0.10132    0.10934    0.10983    0.11446    0.11500    0.12470    0.12631
   0.14988    0.15028    0.17352    0.17499    0.19884    0.19923    0.20644    0.20689
   0.21115    0.21233    0.23974    0.24053    0.24978    0.24990    0.27609    0.27762
   0.46744    0.46888
 kpt#  94, nband= 50, wtk=  0.00926, kpt=  0.1667  0.0000  0.5000 (reduced coord)
  -1.94109   -1.94086   -1.94054   -1.94025   -0.80100   -0.80090   -0.79938   -0.79925
  -0.79636   -0.79634   -0.79111   -0.79099   -0.78919   -0.78906   -0.78848   -0.78839
  -0.36082   -0.36054   -0.33770   -0.33766   -0.32391   -0.32338   -0.31143   -0.31074
   0.10218    0.10228    0.10763    0.10776    0.11576    0.11626    0.13036    0.13113
   0.15325    0.15357    0.17452    0.17551    0.19321    0.19392    0.20156    0.20172
   0.21515    0.21602    0.23648    0.23658    0.24940    0.24980    0.27461    0.27603
   0.46479    0.46582
 kpt#  95, nband= 50, wtk=  0.00926, kpt=  0.3333  0.0000  0.5000 (reduced coord)
  -1.94107   -1.94080   -1.94060   -1.94027   -0.80100   -0.80090   -0.79961   -0.79951
  -0.79655   -0.79651   -0.79066   -0.79060   -0.78972   -0.78969   -0.78798   -0.78790
  -0.35671   -0.35648   -0.33993   -0.33989   -0.32649   -0.32585   -0.31109   -0.31039
   0.10442    0.10487    0.10686    0.10741    0.11538    0.11583    0.14214    0.14215
   0.16129    0.16170    0.17334    0.17402    0.18408    0.18481    0.19792    0.19820
   0.21944    0.21995    0.22291    0.22330    0.24944    0.24992    0.27293    0.27411
   0.45951    0.46034
 kpt#  96, nband= 50, wtk=  0.00463, kpt=  0.5000  0.0000  0.5000 (reduced coord)
  -1.94106   -1.94075   -1.94066   -1.94028   -0.80089   -0.80075   -0.80006   -0.79997
  -0.79621   -0.79615   -0.79128   -0.79121   -0.78933   -0.78930   -0.78783   -0.78776
  -0.35379   -0.35360   -0.34197   -0.34196   -0.32767   -0.32699   -0.31096   -0.31024
   0.10559    0.10611    0.11011    0.11075    0.11135    0.11170    0.15089    0.15134
   0.16585    0.16637    0.16984    0.17133    0.17939    0.17957    0.19686    0.19743
   0.21498    0.21537    0.22219    0.22232    0.24717    0.24790    0.27256    0.27364
   0.45654    0.45742
 kpt#  97, nband= 50, wtk=  0.00926, kpt=  0.0000  0.1667  0.5000 (reduced coord)
  -1.94108   -1.94086   -1.94055   -1.94026   -0.80114   -0.80104   -0.79897   -0.79883
  -0.79655   -0.79644   -0.79100   -0.79092   -0.78975   -0.78955   -0.78824   -0.78805
  -0.36036   -0.36006   -0.33789   -0.33771   -0.32247   -0.32207   -0.31325   -0.31262
   0.09983    0.10111    0.11375    0.11423    0.11769    0.11868    0.12742    0.12867
   0.14645    0.14725    0.17626    0.17710    0.19576    0.19774    0.19858    0.19912
   0.21825    0.21948    0.23708    0.23930    0.25099    0.25125    0.26544    0.26736
   0.46349    0.46459
 kpt#  98, nband= 50, wtk=  0.00926, kpt=  0.1667  0.1667  0.5000 (reduced coord)
  -1.94107   -1.94084   -1.94057   -1.94027   -0.80225   -0.80172   -0.79935   -0.79808
  -0.79669   -0.79602   -0.79085   -0.79059   -0.78945   -0.78892   -0.78840   -0.78815
  -0.35953   -0.35926   -0.34007   -0.33799   -0.32561   -0.32045   -0.31328   -0.31038
   0.10033    0.10244    0.10857    0.11385    0.11959    0.12059    0.13018    0.13524
   0.14728    0.15291    0.17339    0.17487    0.18988    0.19460    0.20412    0.20521
   0.21496    0.21876    0.23326    0.23795    0.24645    0.24988    0.26441    0.26765
   0.45704    0.46637
 kpt#  99, nband= 50, wtk=  0.00926, kpt=  0.3333  0.1667  0.5000 (reduced coord)
  -1.94105   -1.94078   -1.94062   -1.94028   -0.80306   -0.80249   -0.80078   -0.79952
  -0.79519   -0.79470   -0.79030   -0.78993   -0.78934   -0.78904   -0.78811   -0.78796
  -0.35719   -0.35700   -0.34380   -0.34190   -0.32557   -0.32116   -0.31130   -0.30890
   0.10227    0.10442    0.10975    0.11288    0.11617    0.12140    0.13814    0.14129
   0.15460    0.16267    0.17187    0.17960    0.18243    0.19001    0.20055    0.20681
   0.21582    0.22081    0.22285    0.22566    0.24545    0.24782    0.26473    0.26531
   0.45184    0.46018
 kpt# 100, nband= 50, wtk=  0.00926, kpt=  0.5000  0.1667  0.5000 (reduced coord)
  -1.94105   -1.94073   -1.94067   -1.94029   -0.80315   -0.80271   -0.80121   -0.80083
  -0.79427   -0.79406   -0.79015   -0.79007   -0.78913   -0.78904   -0.78796   -0.78784
  -0.35528   -0.35512   -0.34600   -0.34534   -0.32353   -0.32275   -0.30977   -0.30918
   0.10533    0.10579    0.11093    0.11134    0.11650    0.11698    0.14309    0.14393
   0.16349    0.16441    0.17264    0.17342    0.18742    0.18844    0.20411    0.20473
   0.21403    0.21439    0.21854    0.21884    0.24637    0.24702    0.26427    0.26522
   0.45191    0.45327
 kpt# 101, nband= 50, wtk=  0.00926, kpt= -0.3333  0.1667  0.5000 (reduced coord)
  -1.94105   -1.94078   -1.94062   -1.94028   -0.80296   -0.80246   -0.80084   -0.79956
  -0.79518   -0.79478   -0.79024   -0.78981   -0.78931   -0.78913   -0.78820   -0.78794
  -0.35741   -0.35685   -0.34370   -0.34164   -0.32531   -0.32173   -0.31072   -0.30947
   0.10255    0.10459    0.10960    0.11276    0.11651    0.12073    0.13850    0.14135
   0.15462    0.16188    0.17179    0.17945    0.18334    0.18985    0.20036    0.20701
   0.21559    0.22133    0.22271    0.22539    0.24566    0.24752    0.26412    0.26614
   0.45308    0.45934
 kpt# 102, nband= 50, wtk=  0.00926, kpt= -0.1667  0.1667  0.5000 (reduced coord)
  -1.94107   -1.94084   -1.94057   -1.94027   -0.80212   -0.80168   -0.79948   -0.79806
  -0.79672   -0.79609   -0.79085   -0.79048   -0.78944   -0.78889   -0.78844   -0.78822
  -0.35979   -0.35903   -0.33994   -0.33774   -0.32546   -0.32106   -0.31264   -0.31092
   0.10053    0.10277    0.10847    0.11396    0.11898    0.12025    0.13016    0.13602
   0.14765    0.15214    0.17350    0.17466    0.18913    0.19536    0.20419    0.20512
   0.21439    0.21976    0.23332    0.23786    0.24596    0.24983    0.26552    0.26691
   0.45825    0.46583
 kpt# 103, nband= 50, wtk=  0.00926, kpt=  0.0000  0.3333  0.5000 (reduced coord)
  -1.94102   -1.94079   -1.94062   -1.94031   -0.80114   -0.80100   -0.79922   -0.79909
  -0.79620   -0.79612   -0.79165   -0.79159   -0.78960   -0.78941   -0.78796   -0.78779
  -0.35468   -0.35438   -0.34115   -0.34083   -0.32184   -0.32158   -0.31676   -0.31629
   0.10337    0.10427    0.11362    0.11396    0.12559    0.12629    0.13301    0.13337
   0.14992    0.15039    0.17175    0.17390    0.18675    0.18835    0.20581    0.20685
   0.21868    0.21932    0.23791    0.23891    0.24201    0.24361    0.25064    0.25075
   0.45931    0.46027
 kpt# 104, nband= 50, wtk=  0.00926, kpt=  0.1667  0.3333  0.5000 (reduced coord)
  -1.94102   -1.94078   -1.94063   -1.94031   -0.80292   -0.80229   -0.80092   -0.79966
  -0.79497   -0.79400   -0.79113   -0.79005   -0.78952   -0.78921   -0.78800   -0.78781
  -0.35589   -0.35535   -0.34446   -0.34285   -0.32266   -0.31846   -0.31492   -0.31268
   0.10351    0.10634    0.11038    0.11350    0.12523    0.12661    0.13563    0.13655
   0.14877    0.15584    0.16916    0.17272    0.19243    0.19519    0.20227    0.21346
   0.21611    0.21660    0.23070    0.23435    0.23958    0.24540    0.24742    0.25456
   0.45091    0.46354
 kpt# 105, nband= 50, wtk=  0.00926, kpt=  0.3333  0.3333  0.5000 (reduced coord)
  -1.94102   -1.94075   -1.94066   -1.94032   -0.80453   -0.80402   -0.80299   -0.80194
  -0.79241   -0.79168   -0.78970   -0.78933   -0.78891   -0.78865   -0.78807   -0.78780
  -0.35724   -0.35675   -0.34958   -0.34835   -0.31917   -0.31604   -0.31073   -0.30908
   0.10505    0.10637    0.11233    0.11299    0.12426    0.12686    0.13165    0.13412
   0.15997    0.16607    0.17563    0.17883    0.18790    0.19148    0.20541    0.21230
   0.21531    0.22050    0.22294    0.22685    0.23930    0.24057    0.24811    0.25046
   0.44383    0.45714
 kpt# 106, nband= 50, wtk=  0.00926, kpt=  0.5000  0.3333  0.5000 (reduced coord)
  -1.94101   -1.94071   -1.94070   -1.94032   -0.80502   -0.80457   -0.80367   -0.80326
  -0.79123   -0.79101   -0.78908   -0.78896   -0.78858   -0.78853   -0.78809   -0.78781
  -0.35719   -0.35697   -0.35215   -0.35154   -0.31633   -0.31566   -0.30867   -0.30825
   0.10655    0.10726    0.11262    0.11297    0.12430    0.12490    0.13169    0.13272
   0.16878    0.16959    0.17692    0.17876    0.19230    0.19332    0.20508    0.20592
   0.21566    0.21608    0.22340    0.22419    0.23868    0.23934    0.24821    0.24886
   0.44487    0.44614
 kpt# 107, nband= 50, wtk=  0.00926, kpt= -0.3333  0.3333  0.5000 (reduced coord)
  -1.94102   -1.94075   -1.94066   -1.94032   -0.80445   -0.80398   -0.80304   -0.80200
  -0.79243   -0.79178   -0.78959   -0.78925   -0.78896   -0.78860   -0.78812   -0.78787
  -0.35741   -0.35670   -0.34948   -0.34815   -0.31898   -0.31635   -0.31041   -0.30948
   0.10518    0.10631    0.11248    0.11326    0.12401    0.12605    0.13209    0.13450
   0.15976    0.16521    0.17620    0.17907    0.18781    0.19172    0.20533    0.21183
   0.21488    0.22103    0.22294    0.22749    0.23900    0.24035    0.24776    0.25102
   0.44481    0.45531
 kpt# 108, nband= 50, wtk=  0.00926, kpt= -0.1667  0.3333  0.5000 (reduced coord)
  -1.94102   -1.94078   -1.94063   -1.94031   -0.80282   -0.80225   -0.80101   -0.79969
  -0.79499   -0.79407   -0.79108   -0.79003   -0.78945   -0.78925   -0.78802   -0.78784
  -0.35614   -0.35522   -0.34427   -0.34262   -0.32262   -0.31886   -0.31452   -0.31304
   0.10349    0.10630    0.11086    0.11369    0.12463    0.12622    0.13586    0.13692
   0.14897    0.15498    0.16943    0.17288    0.19241    0.19494    0.20202    0.21439
   0.21553    0.21662    0.23131    0.23448    0.23905    0.24481    0.24807    0.25445
   0.45171    0.46318
 kpt# 109, nband= 50, wtk=  0.00463, kpt=  0.0000  0.5000  0.5000 (reduced coord)
  -1.94099   -1.94073   -1.94069   -1.94034   -0.80058   -0.80042   -0.80031   -0.80022
  -0.79431   -0.79424   -0.79377   -0.79367   -0.78849   -0.78837   -0.78832   -0.78821
  -0.34764   -0.34734   -0.34703   -0.34677   -0.32038   -0.32016   -0.31950   -0.31925
   0.10917    0.10986    0.11000    0.11072    0.12925    0.12975    0.13047    0.13095
   0.16251    0.16326    0.16499    0.16565    0.19424    0.19435    0.19622    0.19639
   0.22490    0.22568    0.22601    0.22684    0.24344    0.24384    0.24446    0.24488
   0.46188    0.46272
 kpt# 110, nband= 50, wtk=  0.00926, kpt=  0.1667  0.5000  0.5000 (reduced coord)
  -1.94099   -1.94073   -1.94069   -1.94033   -0.80250   -0.80237   -0.80155   -0.80145
  -0.79294   -0.79289   -0.79179   -0.79172   -0.78850   -0.78838   -0.78827   -0.78816
  -0.35055   -0.35025   -0.34949   -0.34932   -0.31774   -0.31727   -0.31684   -0.31617
   0.10922    0.10999    0.11029    0.11093    0.12853    0.12909    0.13017    0.13070
   0.16517    0.16561    0.16748    0.16835    0.19698    0.19768    0.20112    0.20155
   0.21630    0.21708    0.22461    0.22484    0.24376    0.24452    0.24526    0.24575
   0.45381    0.45436
 kpt# 111, nband= 50, wtk=  0.00926, kpt=  0.3333  0.5000  0.5000 (reduced coord)
  -1.94099   -1.94073   -1.94069   -1.94033   -0.80456   -0.80442   -0.80382   -0.80373
  -0.79060   -0.79054   -0.78966   -0.78958   -0.78847   -0.78832   -0.78814   -0.78800
  -0.35481   -0.35462   -0.35392   -0.35384   -0.31315   -0.31258   -0.31238   -0.31169
   0.10998    0.11025    0.11063    0.11093    0.12679    0.12758    0.12909    0.12993
   0.17199    0.17256    0.17675    0.17813    0.19538    0.19611    0.19801    0.19867
   0.21705    0.21765    0.22530    0.22576    0.24042    0.24086    0.24138    0.24210
   0.44599    0.44661
 kpt# 112, nband= 50, wtk=  0.00463, kpt=  0.5000  0.5000  0.5000 (reduced coord)
  -1.94099   -1.94073   -1.94069   -1.94033   -0.80529   -0.80514   -0.80479   -0.80473
  -0.78959   -0.78951   -0.78913   -0.78909   -0.78831   -0.78816   -0.78798   -0.78781
  -0.35648   -0.35636   -0.35597   -0.35590   -0.31112   -0.31053   -0.31048   -0.30988
   0.10997    0.11040    0.11059    0.11109    0.12693    0.12764    0.12834    0.12904
   0.17719    0.17762    0.17982    0.18015    0.19431    0.19488    0.19539    0.19584
   0.22227    0.22269    0.22342    0.22376    0.23763    0.23819    0.23859    0.23918
   0.44653    0.44773
