 Fermi (or HOMO) energy (hartree) =   0.27656   Average Vxc (hartree)=  -0.44594
 Eigenvalues (hartree) for nkpt= 112  k points:
 kpt#   1, nband= 50, wtk=  0.00463, kpt=  0.0000  0.0000  0.0000 (reduced coord)
  -1.94320   -1.94254   -1.94251   -1.94251   -0.80515   -0.80514   -0.80475   -0.79320
  -0.79298   -0.79257   -0.79237   -0.79132   -0.79130   -0.78837   -0.78675   -0.78675
  -0.39518   -0.33873   -0.32921   -0.32911   -0.31896   -0.31569   -0.31559   -0.29743
   0.06022    0.06039    0.07232    0.09544    0.10255    0.10263    0.16332    0.16427
   0.16590    0.16757    0.17269    0.17304    0.22262    0.22277    0.22422    0.22839
   0.24549    0.25262    0.25368    0.25661    0.25740    0.26546    0.26582    0.27473
   0.44341    0.44578
 kpt#   2, nband= 50, wtk=  0.00926, kpt=  0.1667  0.0000  0.0000 (reduced coord)
  -1.94316   -1.94255   -1.94254   -1.94251   -0.80427   -0.80405   -0.80401   -0.79391
  -0.79306   -0.79236   -0.79211   -0.79205   -0.79144   -0.78858   -0.78811   -0.78713
  -0.39044   -0.33719   -0.32879   -0.32740   -0.32131   -0.31953   -0.31703   -0.29973
   0.06600    0.07045    0.07128    0.09781    0.10552    0.11772    0.15161    0.15222
   0.16037    0.16289    0.17204    0.17529    0.21745    0.21949    0.22027    0.23206
   0.24650    0.24802    0.24827    0.25832    0.25966    0.26304    0.26518    0.27525
   0.45204    0.45235
 kpt#   3, nband= 50, wtk=  0.00926, kpt=  0.3333  0.0000  0.0000 (reduced coord)
  -1.94303   -1.94268   -1.94253   -1.94251   -0.80199   -0.80187   -0.80103   -0.79602
  -0.79504   -0.79272   -0.79180   -0.79169   -0.79137   -0.79099   -0.78928   -0.78817
  -0.37721   -0.33847   -0.33299   -0.32559   -0.32370   -0.32112   -0.31944   -0.30584
   0.07801    0.08241    0.09883    0.10483    0.11387    0.12500    0.13362    0.13769
   0.14518    0.15235    0.18252    0.18271    0.18541    0.20744    0.21011    0.22804
   0.23628    0.23820    0.25185    0.26307    0.26454    0.26568    0.26910    0.27656
   0.46708    0.46879
 kpt#   4, nband= 50, wtk=  0.00463, kpt=  0.5000  0.0000  0.0000 (reduced coord)
  -1.94286   -1.94285   -1.94252   -1.94252   -0.79936   -0.79935   -0.79852   -0.79852
  -0.79617   -0.79617   -0.79228   -0.79227   -0.79032   -0.79032   -0.78958   -0.78958
  -0.35835   -0.35835   -0.32746   -0.32746   -0.32339   -0.32339   -0.31369   -0.31369
   0.09484    0.09484    0.11014    0.11014    0.11685    0.11685    0.12917    0.12917
   0.13982    0.13982    0.19135    0.19135    0.19417    0.19417    0.19646    0.19646
   0.23647    0.23647    0.26010    0.26010    0.26640    0.26640    0.27567    0.27567
   0.47923    0.48024
 kpt#   5, nband= 50, wtk=  0.00926, kpt=  0.0000  0.1667  0.0000 (reduced coord)
  -1.94316   -1.94255   -1.94254   -1.94251   -0.80428   -0.80402   -0.80400   -0.79401
  -0.79289   -0.79234   -0.79227   -0.79199   -0.79146   -0.78859   -0.78813   -0.78713
  -0.39042   -0.33715   -0.32843   -0.32717   -0.32186   -0.31957   -0.31708   -0.29976
   0.06621    0.07025    0.07127    0.09784    0.10561    0.11778    0.15187    0.15264
   0.15949    0.16261    0.17249    0.17536    0.21745    0.21822    0.21973    0.23715
   0.24303    0.24568    0.24915    0.25937    0.25939    0.26336    0.26549    0.27523
   0.45182    0.45226
 kpt#   6, nband= 50, wtk=  0.00926, kpt=  0.1667  0.1667  0.0000 (reduced coord)
  -1.94311   -1.94255   -1.94255   -1.94254   -0.80341   -0.80339   -0.80330   -0.79380
  -0.79370   -0.79360   -0.79186   -0.79180   -0.79092   -0.78984   -0.78890   -0.78693
  -0.38609   -0.33621   -0.32758   -0.32738   -0.32215   -0.32178   -0.31996   -0.30175
   0.07280    0.07564    0.07587    0.09954    0.10950    0.12850    0.14420    0.14441
   0.15965    0.16438    0.16496    0.17330    0.21308    0.21718    0.22199    0.22347
   0.24427    0.24941    0.24952    0.24969    0.25945    0.26070    0.26657    0.27549
   0.45613    0.46034
 kpt#   7, nband= 50, wtk=  0.00926, kpt=  0.3333  0.1667  0.0000 (reduced coord)
  -1.94299   -1.94267   -1.94255   -1.94254   -0.80162   -0.80138   -0.80101   -0.79629
  -0.79557   -0.79316   -0.79285   -0.79128   -0.79097   -0.79067   -0.78966   -0.78765
  -0.37399   -0.33850   -0.33367   -0.32736   -0.32406   -0.32103   -0.32000   -0.30704
   0.08165    0.09077    0.10207    0.10495    0.11835    0.12380    0.13129    0.13902
   0.14919    0.15895    0.17523    0.17971    0.18856    0.20405    0.20644    0.22802
   0.23069    0.23400    0.24970    0.25169    0.26313    0.26642    0.26891    0.27625
   0.46478    0.47438
 kpt#   8, nband= 50, wtk=  0.00926, kpt=  0.5000  0.1667  0.0000 (reduced coord)
  -1.94283   -1.94283   -1.94254   -1.94254   -0.79909   -0.79909   -0.79907   -0.79906
  -0.79669   -0.79669   -0.79176   -0.79176   -0.79053   -0.79053   -0.78909   -0.78909
  -0.35672   -0.35672   -0.33030   -0.33030   -0.32258   -0.32258   -0.31389   -0.31389
   0.09944    0.09944    0.11360    0.11360    0.11386    0.11386    0.13304    0.13304
   0.14612    0.14612    0.18880    0.18880    0.18948    0.18948    0.19816    0.19816
   0.23165    0.23165    0.25231    0.25231    0.26519    0.26519    0.27499    0.27499
   0.47302    0.47373
 kpt#   9, nband= 50, wtk=  0.00926, kpt= -0.3333  0.1667  0.0000 (reduced coord)
  -1.94299   -1.94267   -1.94255   -1.94254   -0.80162   -0.80138   -0.80101   -0.79629
  -0.79557   -0.79316   -0.79285   -0.79128   -0.79097   -0.79067   -0.78966   -0.78765
  -0.37399   -0.33850   -0.33367   -0.32736   -0.32406   -0.32103   -0.32000   -0.30704
   0.08165    0.09077    0.10207    0.10495    0.11835    0.12380    0.13129    0.13902
   0.14919    0.15895    0.17523    0.17971    0.18856    0.20405    0.20644    0.22802
   0.23069    0.23400    0.24970    0.25169    0.26313    0.26642    0.26891    0.27625
   0.46490    0.47407
 kpt#  10, nband= 50, wtk=  0.00926, kpt= -0.1667  0.1667  0.0000 (reduced coord)
  -1.94311   -1.94255   -1.94255   -1.94254   -0.80341   -0.80339   -0.80330   -0.79380
  -0.79370   -0.79360   -0.79186   -0.79180   -0.79092   -0.78984   -0.78890   -0.78693
  -0.38609   -0.33621   -0.32758   -0.32738   -0.32215   -0.32178   -0.31996   -0.30175
   0.07280    0.07564    0.07587    0.09954    0.10950    0.12850    0.14420    0.14441
   0.15965    0.16438    0.16496    0.17330    0.21308    0.21718    0.22199    0.22347
   0.24427    0.24941    0.24952    0.24969    0.25945    0.26070    0.26657    0.27549
   0.45613    0.46035
 kpt#  11, nband= 50, wtk=  0.00926, kpt=  0.0000  0.3333  0.0000 (reduced coord)
  -1.94303   -1.94268   -1.94253   -1.94251   -0.80194   -0.80187   -0.80090   -0.79618
  -0.79502   -0.79262   -0.79180   -0.79175   -0.79146   -0.79097   -0.78930   -0.78817
  -0.37710   -0.33783   -0.33281   -0.32640   -0.32177   -0.32129   -0.32123   -0.30598
   0.07803    0.08265    0.09861    0.10501    0.11433    0.12521    0.13409    0.13712
   0.14444    0.15244    0.18251    0.18293    0.18532    0.20645    0.21039    0.22820
   0.23586    0.23927    0.25201    0.26308    0.26428    0.26470    0.26978    0.27650
   0.46659    0.46703
 kpt#  12, nband= 50, wtk=  0.00926, kpt=  0.1667  0.3333  0.0000 (reduced coord)
  -1.94299   -1.94267   -1.94255   -1.94254   -0.80164   -0.80133   -0.80092   -0.79629
  -0.79569   -0.79320   -0.79277   -0.79134   -0.79095   -0.79066   -0.78968   -0.78765
  -0.37391   -0.33808   -0.33355   -0.32703   -0.32463   -0.32116   -0.32020   -0.30713
   0.08169    0.09109    0.10187    0.10509    0.11857    0.12380    0.13164    0.13885
   0.14847    0.15876    0.17570    0.17965    0.18852    0.20423    0.20582    0.22846
   0.23077    0.23345    0.25019    0.25211    0.26207    0.26633    0.26939    0.27619
   0.46450    0.47323
 kpt#  13, nband= 50, wtk=  0.00926, kpt=  0.3333  0.3333  0.0000 (reduced coord)
  -1.94290   -1.94264   -1.94264   -1.94257   -0.80074   -0.80070   -0.79976   -0.79829
  -0.79574   -0.79440   -0.79435   -0.79113   -0.78999   -0.78998   -0.78971   -0.78753
  -0.36495   -0.33814   -0.33805   -0.33530   -0.32083   -0.32034   -0.32014   -0.31040
   0.09198    0.10633    0.10927    0.10955    0.12579    0.12600    0.12902    0.13908
   0.15955    0.16005    0.17456    0.18038    0.18825    0.18972    0.20703    0.20717
   0.21363    0.23428    0.23438    0.23983    0.26647    0.26849    0.26859    0.27539
   0.46119    0.46813
 kpt#  14, nband= 50, wtk=  0.00926, kpt=  0.5000  0.3333  0.0000 (reduced coord)
  -1.94277   -1.94277   -1.94261   -1.94260   -0.79986   -0.79986   -0.79924   -0.79924
  -0.79644   -0.79643   -0.79273   -0.79272   -0.78953   -0.78953   -0.78843   -0.78843
  -0.35203   -0.35203   -0.33707   -0.33707   -0.32043   -0.32043   -0.31517   -0.31517
   0.10519    0.10519    0.10959    0.10959    0.13031    0.13031    0.14336    0.14336
   0.15606    0.15606    0.17436    0.17436    0.18688    0.18688    0.20592    0.20592
   0.20952    0.20952    0.23612    0.23612    0.26751    0.26751    0.27346    0.27346
   0.46205    0.46291
 kpt#  15, nband= 50, wtk=  0.00926, kpt= -0.3333  0.3333  0.0000 (reduced coord)
  -1.94290   -1.94264   -1.94264   -1.94257   -0.80074   -0.80070   -0.79976   -0.79829
  -0.79574   -0.79440   -0.79435   -0.79113   -0.78999   -0.78998   -0.78971   -0.78753
  -0.36495   -0.33814   -0.33805   -0.33530   -0.32083   -0.32034   -0.32014   -0.31040
   0.09198    0.10633    0.10927    0.10955    0.12579    0.12600    0.12902    0.13908
   0.15955    0.16005    0.17456    0.18038    0.18825    0.18972    0.20703    0.20717
   0.21363    0.23428    0.23438    0.23983    0.26647    0.26849    0.26859    0.27539
   0.46169    0.46822
 kpt#  16, nband= 50, wtk=  0.00926, kpt= -0.1667  0.3333  0.0000 (reduced coord)
  -1.94299   -1.94267   -1.94255   -1.94254   -0.80164   -0.80133   -0.80092   -0.79629
  -0.79569   -0.79320   -0.79277   -0.79134   -0.79095   -0.79066   -0.78968   -0.78765
  -0.37391   -0.33808   -0.33355   -0.32703   -0.32463   -0.32116   -0.32020   -0.30713
   0.08169    0.09109    0.10187    0.10509    0.11857    0.12380    0.13164    0.13885
   0.14847    0.15876    0.17570    0.17965    0.18852    0.20423    0.20582    0.22846
   0.23077    0.23345    0.25019    0.25211    0.26207    0.26633    0.26939    0.27619
   0.46460    0.47322
 kpt#  17, nband= 50, wtk=  0.00463, kpt=  0.0000  0.5000  0.0000 (reduced coord)
  -1.94286   -1.94285   -1.94252   -1.94252   -0.79909   -0.79909   -0.79851   -0.79851
  -0.79645   -0.79645   -0.79224   -0.79223   -0.79036   -0.79036   -0.78958   -0.78957
  -0.35809   -0.35809   -0.32697   -0.32697   -0.32377   -0.32377   -0.31409   -0.31409
   0.09490    0.09490    0.11100    0.11100    0.11724    0.11724    0.12799    0.12799
   0.13955    0.13956    0.19167    0.19167    0.19361    0.19361    0.19684    0.19684
   0.23652    0.23652    0.26158    0.26158    0.26469    0.26469    0.27578    0.27578
   0.47724    0.47863
 kpt#  18, nband= 50, wtk=  0.00926, kpt=  0.1667  0.5000  0.0000 (reduced coord)
  -1.94283   -1.94283   -1.94255   -1.94254   -0.79909   -0.79908   -0.79879   -0.79879
  -0.79697   -0.79697   -0.79171   -0.79171   -0.79058   -0.79058   -0.78909   -0.78909
  -0.35651   -0.35651   -0.33001   -0.33001   -0.32289   -0.32289   -0.31410   -0.31410
   0.09960    0.09960    0.11381    0.11381    0.11441    0.11441    0.13209    0.13209
   0.14598    0.14598    0.18848    0.18848    0.18987    0.18987    0.19833    0.19833
   0.23147    0.23147    0.25274    0.25274    0.26477    0.26477    0.27503    0.27503
   0.47189    0.47323
 kpt#  19, nband= 50, wtk=  0.00926, kpt=  0.3333  0.5000  0.0000 (reduced coord)
  -1.94277   -1.94277   -1.94261   -1.94260   -0.79986   -0.79986   -0.79916   -0.79916
  -0.79652   -0.79652   -0.79272   -0.79271   -0.78953   -0.78953   -0.78844   -0.78844
  -0.35194   -0.35194   -0.33702   -0.33702   -0.32058   -0.32058   -0.31516   -0.31516
   0.10536    0.10536    0.10964    0.10964    0.13026    0.13026    0.14311    0.14311
   0.15604    0.15604    0.17460    0.17460    0.18661    0.18661    0.20620    0.20620
   0.20943    0.20943    0.23612    0.23612    0.26751    0.26752    0.27336    0.27336
   0.46152    0.46200
 kpt#  20, nband= 50, wtk=  0.00463, kpt=  0.5000  0.5000  0.0000 (reduced coord)
  -1.94269   -1.94269   -1.94269   -1.94269   -0.79991   -0.79991   -0.79991   -0.79991
  -0.79467   -0.79467   -0.79467   -0.79467   -0.78854   -0.78854   -0.78854   -0.78854
  -0.34503   -0.34503   -0.34503   -0.34503   -0.31763   -0.31763   -0.31763   -0.31762
   0.10751    0.10751    0.10752    0.10752    0.15302    0.15302    0.15302    0.15302
   0.15771    0.15771    0.15771    0.15771    0.18875    0.18875    0.18876    0.18876
   0.21901    0.21901    0.21901    0.21901    0.27085    0.27085    0.27085    0.27085
   0.45803    0.45803
 kpt#  21, nband= 50, wtk=  0.00926, kpt=  0.0000  0.0000  0.1667 (reduced coord)
  -1.94316   -1.94258   -1.94251   -1.94251   -0.80437   -0.80435   -0.80375   -0.79395
  -0.79382   -0.79259   -0.79248   -0.79106   -0.79102   -0.78952   -0.78707   -0.78705
  -0.39072   -0.33631   -0.32824   -0.32814   -0.32516   -0.31656   -0.31645   -0.30042
   0.06592    0.06606    0.08228    0.10487    0.10515    0.10598    0.15731    0.15753
   0.16254    0.16283    0.16922    0.16974    0.21854    0.22309    0.23062    0.23102
   0.23966    0.24126    0.24599    0.25817    0.25965    0.26004    0.26631    0.26671
   0.44671    0.45159
 kpt#  22, nband= 50, wtk=  0.00926, kpt=  0.1667  0.0000  0.1667 (reduced coord)
  -1.94311   -1.94258   -1.94255   -1.94251   -0.80354   -0.80342   -0.80319   -0.79493
  -0.79350   -0.79227   -0.79210   -0.79193   -0.79122   -0.79025   -0.78761   -0.78745
  -0.38631   -0.33495   -0.32830   -0.32665   -0.32531   -0.32180   -0.31768   -0.30240
   0.07137    0.07568    0.08056    0.10447    0.10767    0.12326    0.15145    0.15276
   0.15601    0.15759    0.16507    0.16883    0.21634    0.22391    0.22562    0.22839
   0.24160    0.24226    0.24779    0.24982    0.25384    0.26335    0.26389    0.26550
   0.45459    0.45728
 kpt#  23, nband= 50, wtk=  0.00926, kpt=  0.3333  0.0000  0.1667 (reduced coord)
  -1.94300   -1.94267   -1.94256   -1.94252   -0.80163   -0.80129   -0.80083   -0.79686
  -0.79474   -0.79313   -0.79265   -0.79132   -0.79131   -0.79111   -0.78869   -0.78856
  -0.37395   -0.33773   -0.33132   -0.32667   -0.32568   -0.32330   -0.31967   -0.30769
   0.08603    0.08666    0.10229    0.10991    0.11447    0.12878    0.13728    0.13932
   0.14157    0.15641    0.16923    0.17876    0.19492    0.20326    0.21199    0.22920
   0.24006    0.24053    0.24619    0.24701    0.25427    0.26413    0.26574    0.26739
   0.46908    0.46973
 kpt#  24, nband= 50, wtk=  0.00926, kpt=  0.5000  0.0000  0.1667 (reduced coord)
  -1.94283   -1.94283   -1.94254   -1.94254   -0.79956   -0.79956   -0.79805   -0.79805
  -0.79681   -0.79681   -0.79185   -0.79185   -0.79001   -0.79001   -0.78996   -0.78996
  -0.35633   -0.35633   -0.32669   -0.32668   -0.32609   -0.32608   -0.31453   -0.31453
   0.10112    0.10112    0.10997    0.10997    0.12376    0.12376    0.12671    0.12671
   0.14399    0.14399    0.18933    0.18934    0.19351    0.19351    0.19638    0.19639
   0.24000    0.24000    0.24908    0.24908    0.26090    0.26091    0.26789    0.26789
   0.47746    0.47940
 kpt#  25, nband= 50, wtk=  0.00926, kpt= -0.3333  0.0000  0.1667 (reduced coord)
  -1.94300   -1.94267   -1.94256   -1.94252   -0.80163   -0.80129   -0.80083   -0.79686
  -0.79474   -0.79313   -0.79265   -0.79132   -0.79131   -0.79111   -0.78869   -0.78856
  -0.37395   -0.33773   -0.33132   -0.32667   -0.32568   -0.32330   -0.31967   -0.30769
   0.08603    0.08666    0.10229    0.10991    0.11447    0.12878    0.13728    0.13932
   0.14157    0.15641    0.16923    0.17876    0.19492    0.20326    0.21199    0.22920
   0.24006    0.24053    0.24620    0.24701    0.25427    0.26413    0.26574    0.26739
   0.46906    0.46987
 kpt#  26, nband= 50, wtk=  0.00926, kpt= -0.1667  0.0000  0.1667 (reduced coord)
  -1.94311   -1.94258   -1.94255   -1.94251   -0.80354   -0.80342   -0.80319   -0.79493
  -0.79350   -0.79227   -0.79210   -0.79193   -0.79122   -0.79025   -0.78761   -0.78745
  -0.38631   -0.33495   -0.32830   -0.32665   -0.32531   -0.32180   -0.31768   -0.30240
   0.07137    0.07568    0.08056    0.10447    0.10767    0.12326    0.15145    0.15277
   0.15601    0.15758    0.16507    0.16883    0.21634    0.22392    0.22562    0.22839
   0.24160    0.24226    0.24779    0.24982    0.25384    0.26335    0.26389    0.26550
   0.45459    0.45728
 kpt#  27, nband= 50, wtk=  0.00926, kpt=  0.0000  0.1667  0.1667 (reduced coord)
  -1.94311   -1.94258   -1.94255   -1.94251   -0.80365   -0.80330   -0.80318   -0.79499
  -0.79345   -0.79224   -0.79214   -0.79197   -0.79112   -0.79032   -0.78759   -0.78747
  -0.38629   -0.33490   -0.32831   -0.32613   -0.32537   -0.32239   -0.31760   -0.30239
   0.07153    0.07556    0.08057    0.10460    0.10758    0.12342    0.15152    0.15224
   0.15576    0.15781    0.16512    0.16929    0.21394    0.22418    0.22573    0.23262
   0.24048    0.24105    0.24635    0.25035    0.25399    0.26372    0.26382    0.26571
   0.45448    0.45717
 kpt#  28, nband= 50, wtk=  0.00926, kpt=  0.1667  0.1667  0.1667 (reduced coord)
  -1.94307   -1.94258   -1.94255   -1.94255   -0.80308   -0.80273   -0.80271   -0.79461
  -0.79397   -0.79333   -0.79187   -0.79177   -0.79159   -0.79056   -0.78824   -0.78720
  -0.38232   -0.33480   -0.32918   -0.32692   -0.32467   -0.32246   -0.32024   -0.30407
   0.08045    0.08091    0.08160    0.10571    0.11146    0.13349    0.14657    0.14799
   0.15503    0.15905    0.15976    0.16254    0.21986    0.22137    0.22269    0.22349
   0.24050    0.24297    0.24601    0.24902    0.25130    0.25797    0.25897    0.26748
   0.46011    0.46165
 kpt#  29, nband= 50, wtk=  0.00926, kpt=  0.3333  0.1667  0.1667 (reduced coord)
  -1.94296   -1.94266   -1.94257   -1.94256   -0.80169   -0.80153   -0.80098   -0.79575
  -0.79539   -0.79463   -0.79271   -0.79112   -0.79075   -0.79058   -0.78911   -0.78791
  -0.37120   -0.33873   -0.33415   -0.33019   -0.32316   -0.32211   -0.31902   -0.30853
   0.08922    0.09449    0.10524    0.11001    0.11881    0.12850    0.13675    0.13932
   0.14543    0.16123    0.16723    0.16914    0.19490    0.20841    0.21141    0.22823
   0.23200    0.23593    0.24533    0.24686    0.25269    0.25498    0.26356    0.26766
   0.46647    0.47434
 kpt#  30, nband= 50, wtk=  0.00926, kpt=  0.5000  0.1667  0.1667 (reduced coord)
  -1.94281   -1.94281   -1.94256   -1.94256   -0.80069   -0.80069   -0.79819   -0.79819
  -0.79651   -0.79651   -0.79125   -0.79125   -0.79016   -0.79016   -0.78940   -0.78940
  -0.35533   -0.35533   -0.33261   -0.33260   -0.32192   -0.32192   -0.31428   -0.31428
   0.10534    0.10534    0.11210    0.11210    0.12275    0.12275    0.12954    0.12954
   0.15011    0.15011    0.17778    0.17778    0.19607    0.19607    0.20236    0.20236
   0.23363    0.23363    0.24790    0.24790    0.25477    0.25477    0.26692    0.26692
   0.47225    0.47263
 kpt#  31, nband= 50, wtk=  0.00926, kpt= -0.3333  0.1667  0.1667 (reduced coord)
  -1.94296   -1.94266   -1.94257   -1.94256   -0.80169   -0.80153   -0.80098   -0.79575
  -0.79539   -0.79463   -0.79271   -0.79112   -0.79075   -0.79058   -0.78911   -0.78791
  -0.37120   -0.33873   -0.33415   -0.33018   -0.32316   -0.32211   -0.31901   -0.30853
   0.08922    0.09449    0.10524    0.11001    0.11881    0.12850    0.13675    0.13932
   0.14543    0.16123    0.16723    0.16914    0.19491    0.20841    0.21140    0.22823
   0.23200    0.23593    0.24532    0.24686    0.25269    0.25498    0.26356    0.26766
   0.46648    0.47388
 kpt#  32, nband= 50, wtk=  0.00926, kpt= -0.1667  0.1667  0.1667 (reduced coord)
  -1.94307   -1.94258   -1.94255   -1.94255   -0.80308   -0.80273   -0.80271   -0.79461
  -0.79397   -0.79333   -0.79187   -0.79177   -0.79159   -0.79056   -0.78824   -0.78720
  -0.38232   -0.33480   -0.32919   -0.32691   -0.32467   -0.32246   -0.32023   -0.30407
   0.08044    0.08091    0.08160    0.10571    0.11146    0.13349    0.14657    0.14799
   0.15503    0.15905    0.15976    0.16254    0.21986    0.22137    0.22269    0.22349
   0.24050    0.24297    0.24601    0.24902    0.25130    0.25797    0.25897    0.26748
   0.46011    0.46165
 kpt#  33, nband= 50, wtk=  0.00926, kpt=  0.0000  0.3333  0.1667 (reduced coord)
  -1.94300   -1.94267   -1.94256   -1.94253   -0.80160   -0.80141   -0.80061   -0.79700
  -0.79481   -0.79302   -0.79260   -0.79139   -0.79129   -0.79117   -0.78868   -0.78858
  -0.37389   -0.33726   -0.33112   -0.32764   -0.32593   -0.32135   -0.32112   -0.30771
   0.08600    0.08682    0.10219    0.11027    0.11451    0.12847    0.13678    0.14033
   0.14076    0.15675    0.16905    0.17925    0.19497    0.20226    0.21221    0.22964
   0.23978    0.24036    0.24708    0.24877    0.25096    0.26417    0.26600    0.26795
   0.46886    0.46992
 kpt#  34, nband= 50, wtk=  0.00926, kpt=  0.1667  0.3333  0.1667 (reduced coord)
  -1.94296   -1.94266   -1.94257   -1.94256   -0.80169   -0.80151   -0.80094   -0.79581
  -0.79547   -0.79456   -0.79267   -0.79114   -0.79075   -0.79059   -0.78911   -0.78791
  -0.37115   -0.33839   -0.33410   -0.33057   -0.32325   -0.32168   -0.31940   -0.30854
   0.08921    0.09468    0.10515    0.11019    0.11883    0.12814    0.13733    0.13909
   0.14488    0.16119    0.16735    0.16964    0.19491    0.20764    0.21158    0.22953
   0.23125    0.23546    0.24530    0.24761    0.25268    0.25365    0.26408    0.26791
   0.46610    0.47363
 kpt#  35, nband= 50, wtk=  0.00926, kpt=  0.3333  0.3333  0.1667 (reduced coord)
  -1.94288   -1.94264   -1.94264   -1.94259   -0.80167   -0.80148   -0.80128   -0.79771
  -0.79545   -0.79387   -0.79329   -0.79026   -0.79009   -0.78991   -0.78952   -0.78768
  -0.36341   -0.34036   -0.33964   -0.33784   -0.32014   -0.31877   -0.31809   -0.31091
   0.09843    0.11105    0.11119    0.11226    0.12848    0.13065    0.13150    0.14169
   0.15436    0.15628    0.16072    0.17894    0.19092    0.20529    0.21073    0.21268
   0.21779    0.23140    0.23172    0.23543    0.25476    0.25909    0.26174    0.26685
   0.46212    0.46966
 kpt#  36, nband= 50, wtk=  0.00926, kpt=  0.5000  0.3333  0.1667 (reduced coord)
  -1.94276   -1.94276   -1.94262   -1.94261   -0.80162   -0.80162   -0.80010   -0.80010
  -0.79477   -0.79477   -0.79164   -0.79164   -0.78944   -0.78944   -0.78855   -0.78855
  -0.35220   -0.35220   -0.33994   -0.33994   -0.31854   -0.31854   -0.31442   -0.31442
   0.11002    0.11002    0.11337    0.11337    0.13399    0.13399    0.13916    0.13916
   0.15747    0.15747    0.16636    0.16636    0.19841    0.19842    0.20595    0.20595
   0.21371    0.21372    0.23185    0.23185    0.25868    0.25868    0.26516    0.26516
   0.46270    0.46525
 kpt#  37, nband= 50, wtk=  0.00926, kpt= -0.3333  0.3333  0.1667 (reduced coord)
  -1.94288   -1.94264   -1.94264   -1.94259   -0.80167   -0.80148   -0.80128   -0.79771
  -0.79545   -0.79387   -0.79329   -0.79026   -0.79009   -0.78991   -0.78952   -0.78768
  -0.36341   -0.34036   -0.33963   -0.33784   -0.32014   -0.31878   -0.31808   -0.31091
   0.09843    0.11105    0.11119    0.11226    0.12848    0.13065    0.13150    0.14169
   0.15436    0.15628    0.16072    0.17894    0.19092    0.20529    0.21073    0.21268
   0.21779    0.23140    0.23172    0.23543    0.25476    0.25910    0.26174    0.26685
   0.46204    0.46977
 kpt#  38, nband= 50, wtk=  0.00926, kpt= -0.1667  0.3333  0.1667 (reduced coord)
  -1.94296   -1.94266   -1.94257   -1.94256   -0.80169   -0.80151   -0.80094   -0.79581
  -0.79547   -0.79456   -0.79267   -0.79114   -0.79075   -0.79059   -0.78911   -0.78791
  -0.37115   -0.33839   -0.33410   -0.33057   -0.32325   -0.32168   -0.31940   -0.30854
   0.08921    0.09468    0.10515    0.11019    0.11883    0.12814    0.13733    0.13909
   0.14488    0.16119    0.16735    0.16964    0.19491    0.20764    0.21158    0.22953
   0.23125    0.23546    0.24530    0.24761    0.25268    0.25365    0.26408    0.26791
   0.46612    0.47379
 kpt#  39, nband= 50, wtk=  0.00926, kpt=  0.0000  0.5000  0.1667 (reduced coord)
  -1.94283   -1.94283   -1.94255   -1.94254   -0.79937   -0.79937   -0.79819   -0.79819
  -0.79687   -0.79686   -0.79184   -0.79184   -0.79000   -0.79000   -0.78999   -0.78999
  -0.35617   -0.35617   -0.32675   -0.32675   -0.32606   -0.32606   -0.31467   -0.31467
   0.10102    0.10102    0.11062    0.11062    0.12409    0.12409    0.12586    0.12586
   0.14372    0.14372    0.18962    0.18962    0.19358    0.19358    0.19641    0.19641
   0.23992    0.23992    0.24904    0.24904    0.26030    0.26030    0.26845    0.26845
   0.47600    0.47862
 kpt#  40, nband= 50, wtk=  0.00926, kpt=  0.1667  0.5000  0.1667 (reduced coord)
  -1.94281   -1.94281   -1.94256   -1.94256   -0.80061   -0.80061   -0.79825   -0.79825
  -0.79652   -0.79652   -0.79123   -0.79123   -0.79020   -0.79019   -0.78940   -0.78940
  -0.35519   -0.35519   -0.33265   -0.33265   -0.32193   -0.32193   -0.31437   -0.31437
   0.10541    0.10541    0.11235    0.11235    0.12337    0.12337    0.12844    0.12844
   0.15003    0.15003    0.17800    0.17800    0.19641    0.19642    0.20215    0.20215
   0.23357    0.23357    0.24771    0.24771    0.25444    0.25444    0.26735    0.26736
   0.47136    0.47249
 kpt#  41, nband= 50, wtk=  0.00926, kpt=  0.3333  0.5000  0.1667 (reduced coord)
  -1.94276   -1.94276   -1.94262   -1.94261   -0.80159   -0.80159   -0.80013   -0.80013
  -0.79477   -0.79477   -0.79164   -0.79164   -0.78944   -0.78944   -0.78855   -0.78855
  -0.35212   -0.35212   -0.33998   -0.33998   -0.31854   -0.31854   -0.31445   -0.31445
   0.11006    0.11006    0.11352    0.11352    0.13373    0.13373    0.13894    0.13894
   0.15784    0.15784    0.16627    0.16627    0.19824    0.19824    0.20621    0.20621
   0.21374    0.21374    0.23163    0.23163    0.25846    0.25846    0.26548    0.26548
   0.46234    0.46245
 kpt#  42, nband= 50, wtk=  0.00926, kpt=  0.5000  0.5000  0.1667 (reduced coord)
  -1.94269   -1.94269   -1.94269   -1.94269   -0.80143   -0.80143   -0.80143   -0.80143
  -0.79308   -0.79308   -0.79308   -0.79307   -0.78853   -0.78853   -0.78853   -0.78853
  -0.34689   -0.34689   -0.34689   -0.34689   -0.31590   -0.31590   -0.31590   -0.31590
   0.11196    0.11196    0.11196    0.11196    0.14959    0.14959    0.14959    0.14959
   0.15690    0.15690    0.15690    0.15690    0.19896    0.19896    0.19897    0.19897
   0.21516    0.21516    0.21516    0.21517    0.26328    0.26328    0.26328    0.26328
   0.46003    0.46004
 kpt#  43, nband= 50, wtk=  0.00926, kpt= -0.3333  0.5000  0.1667 (reduced coord)
  -1.94276   -1.94276   -1.94262   -1.94261   -0.80159   -0.80159   -0.80013   -0.80013
  -0.79477   -0.79477   -0.79164   -0.79164   -0.78944   -0.78944   -0.78855   -0.78855
  -0.35212   -0.35212   -0.33998   -0.33998   -0.31854   -0.31854   -0.31445   -0.31445
   0.11006    0.11006    0.11352    0.11352    0.13373    0.13373    0.13894    0.13894
   0.15784    0.15785    0.16627    0.16627    0.19824    0.19824    0.20621    0.20621
   0.21374    0.21374    0.23163    0.23163    0.25846    0.25846    0.26548    0.26548
   0.46236    0.46255
 kpt#  44, nband= 50, wtk=  0.00926, kpt= -0.1667  0.5000  0.1667 (reduced coord)
  -1.94281   -1.94281   -1.94256   -1.94256   -0.80062   -0.80061   -0.79825   -0.79825
  -0.79652   -0.79652   -0.79123   -0.79123   -0.79020   -0.79019   -0.78940   -0.78940
  -0.35519   -0.35519   -0.33265   -0.33265   -0.32193   -0.32193   -0.31437   -0.31437
   0.10541    0.10541    0.11235    0.11235    0.12337    0.12337    0.12844    0.12844
   0.15003    0.15003    0.17800    0.17800    0.19642    0.19642    0.20215    0.20215
   0.23357    0.23357    0.24771    0.24771    0.25444    0.25444    0.26735    0.26736
   0.47144    0.47150
 kpt#  45, nband= 50, wtk=  0.00926, kpt=  0.0000 -0.3333  0.1667 (reduced coord)
  -1.94300   -1.94267   -1.94256   -1.94253   -0.80160   -0.80141   -0.80061   -0.79700
  -0.79481   -0.79302   -0.79260   -0.79139   -0.79129   -0.79117   -0.78868   -0.78858
  -0.37389   -0.33726   -0.33112   -0.32764   -0.32593   -0.32135   -0.32112   -0.30771
   0.08600    0.08682    0.10219    0.11027    0.11451    0.12847    0.13678    0.14033
   0.14076    0.15675    0.16905    0.17925    0.19497    0.20226    0.21221    0.22964
   0.23978    0.24036    0.24708    0.24877    0.25096    0.26417    0.26600    0.26795
   0.46886    0.46966
 kpt#  46, nband= 50, wtk=  0.00926, kpt=  0.1667 -0.3333  0.1667 (reduced coord)
  -1.94296   -1.94266   -1.94257   -1.94256   -0.80169   -0.80151   -0.80094   -0.79581
  -0.79547   -0.79456   -0.79267   -0.79114   -0.79075   -0.79059   -0.78911   -0.78791
  -0.37115   -0.33839   -0.33410   -0.33057   -0.32325   -0.32168   -0.31940   -0.30854
   0.08921    0.09468    0.10515    0.11019    0.11883    0.12814    0.13733    0.13909
   0.14488    0.16119    0.16735    0.16964    0.19491    0.20764    0.21158    0.22953
   0.23125    0.23546    0.24530    0.24761    0.25268    0.25365    0.26408    0.26791
   0.46609    0.47353
 kpt#  47, nband= 50, wtk=  0.00926, kpt=  0.3333 -0.3333  0.1667 (reduced coord)
  -1.94288   -1.94264   -1.94264   -1.94259   -0.80167   -0.80148   -0.80128   -0.79771
  -0.79545   -0.79387   -0.79329   -0.79026   -0.79009   -0.78991   -0.78952   -0.78768
  -0.36341   -0.34036   -0.33964   -0.33784   -0.32014   -0.31877   -0.31809   -0.31091
   0.09843    0.11105    0.11119    0.11226    0.12848    0.13065    0.13150    0.14169
   0.15436    0.15628    0.16072    0.17894    0.19092    0.20529    0.21073    0.21268
   0.21779    0.23140    0.23172    0.23543    0.25476    0.25909    0.26174    0.26685
   0.46204    0.46972
 kpt#  48, nband= 50, wtk=  0.00926, kpt=  0.5000 -0.3333  0.1667 (reduced coord)
  -1.94276   -1.94276   -1.94262   -1.94261   -0.80162   -0.80162   -0.80010   -0.80010
  -0.79477   -0.79477   -0.79164   -0.79164   -0.78944   -0.78944   -0.78855   -0.78855
  -0.35220   -0.35220   -0.33994   -0.33994   -0.31854   -0.31854   -0.31442   -0.31442
   0.11002    0.11002    0.11337    0.11337    0.13399    0.13399    0.13916    0.13916
   0.15747    0.15747    0.16636    0.16636    0.19841    0.19842    0.20595    0.20595
   0.21371    0.21372    0.23185    0.23185    0.25868    0.25868    0.26516    0.26516
   0.46267    0.46295
 kpt#  49, nband= 50, wtk=  0.00926, kpt= -0.3333 -0.3333  0.1667 (reduced coord)
  -1.94288   -1.94264   -1.94264   -1.94259   -0.80167   -0.80148   -0.80128   -0.79771
  -0.79545   -0.79387   -0.79329   -0.79026   -0.79009   -0.78991   -0.78952   -0.78768
  -0.36341   -0.34036   -0.33963   -0.33784   -0.32014   -0.31878   -0.31808   -0.31091
   0.09843    0.11105    0.11119    0.11226    0.12848    0.13065    0.13150    0.14169
   0.15436    0.15628    0.16072    0.17894    0.19092    0.20529    0.21073    0.21268
   0.21779    0.23140    0.23172    0.23543    0.25476    0.25910    0.26174    0.26685
   0.46213    0.47013
 kpt#  50, nband= 50, wtk=  0.00926, kpt= -0.1667 -0.3333  0.1667 (reduced coord)
  -1.94296   -1.94266   -1.94257   -1.94256   -0.80169   -0.80151   -0.80094   -0.79581
  -0.79547   -0.79456   -0.79267   -0.79114   -0.79075   -0.79059   -0.78911   -0.78791
  -0.37115   -0.33839   -0.33410   -0.33057   -0.32325   -0.32168   -0.31940   -0.30854
   0.08921    0.09468    0.10515    0.11019    0.11883    0.12814    0.13733    0.13909
   0.14488    0.16119    0.16735    0.16964    0.19491    0.20764    0.21158    0.22953
   0.23125    0.23546    0.24530    0.24761    0.25268    0.25365    0.26408    0.26791
   0.46644    0.47360
 kpt#  51, nband= 50, wtk=  0.00926, kpt=  0.0000 -0.1667  0.1667 (reduced coord)
  -1.94311   -1.94258   -1.94255   -1.94251   -0.80365   -0.80330   -0.80318   -0.79499
  -0.79345   -0.79224   -0.79214   -0.79197   -0.79112   -0.79032   -0.78759   -0.78747
  -0.38629   -0.33490   -0.32831   -0.32613   -0.32537   -0.32239   -0.31760   -0.30239
   0.07153    0.07556    0.08057    0.10460    0.10758    0.12342    0.15152    0.15224
   0.15576    0.15781    0.16512    0.16929    0.21394    0.22418    0.22573    0.23262
   0.24048    0.24105    0.24635    0.25035    0.25399    0.26372    0.26382    0.26571
   0.45448    0.45717
 kpt#  52, nband= 50, wtk=  0.00926, kpt=  0.1667 -0.1667  0.1667 (reduced coord)
  -1.94307   -1.94258   -1.94255   -1.94255   -0.80308   -0.80273   -0.80271   -0.79461
  -0.79397   -0.79333   -0.79187   -0.79177   -0.79159   -0.79056   -0.78824   -0.78720
  -0.38232   -0.33480   -0.32918   -0.32692   -0.32467   -0.32246   -0.32024   -0.30407
   0.08045    0.08091    0.08160    0.10571    0.11146    0.13349    0.14657    0.14799
   0.15503    0.15905    0.15976    0.16254    0.21986    0.22137    0.22269    0.22349
   0.24050    0.24297    0.24601    0.24902    0.25130    0.25797    0.25897    0.26748
   0.46011    0.46166
 kpt#  53, nband= 50, wtk=  0.00926, kpt=  0.3333 -0.1667  0.1667 (reduced coord)
  -1.94296   -1.94266   -1.94257   -1.94256   -0.80169   -0.80153   -0.80098   -0.79575
  -0.79539   -0.79463   -0.79271   -0.79112   -0.79075   -0.79058   -0.78911   -0.78791
  -0.37120   -0.33873   -0.33415   -0.33019   -0.32316   -0.32211   -0.31902   -0.30853
   0.08922    0.09449    0.10524    0.11001    0.11881    0.12850    0.13675    0.13932
   0.14543    0.16123    0.16723    0.16914    0.19490    0.20841    0.21141    0.22823
   0.23200    0.23593    0.24533    0.24686    0.25269    0.25498    0.26356    0.26766
   0.46645    0.47427
 kpt#  54, nband= 50, wtk=  0.00926, kpt=  0.5000 -0.1667  0.1667 (reduced coord)
  -1.94281   -1.94281   -1.94256   -1.94256   -0.80069   -0.80069   -0.79819   -0.79819
  -0.79651   -0.79651   -0.79125   -0.79125   -0.79016   -0.79016   -0.78940   -0.78940
  -0.35533   -0.35533   -0.33261   -0.33260   -0.32192   -0.32192   -0.31428   -0.31428
   0.10534    0.10534    0.11210    0.11210    0.12275    0.12275    0.12954    0.12954
   0.15011    0.15011    0.17778    0.17778    0.19607    0.19607    0.20236    0.20236
   0.23363    0.23363    0.24790    0.24790    0.25477    0.25477    0.26692    0.26692
   0.47226    0.47883
 kpt#  55, nband= 50, wtk=  0.00926, kpt= -0.3333 -0.1667  0.1667 (reduced coord)
  -1.94296   -1.94266   -1.94257   -1.94256   -0.80169   -0.80153   -0.80098   -0.79575
  -0.79539   -0.79463   -0.79271   -0.79112   -0.79075   -0.79058   -0.78911   -0.78791
  -0.37120   -0.33873   -0.33415   -0.33018   -0.32316   -0.32211   -0.31901   -0.30853
   0.08922    0.09449    0.10524    0.11001    0.11881    0.12850    0.13675    0.13932
   0.14543    0.16123    0.16723    0.16914    0.19491    0.20841    0.21140    0.22823
   0.23200    0.23593    0.24532    0.24686    0.25269    0.25498    0.26356    0.26766
   0.46644    0.47416
 kpt#  56, nband= 50, wtk=  0.00926, kpt= -0.1667 -0.1667  0.1667 (reduced coord)
  -1.94307   -1.94258   -1.94255   -1.94255   -0.80308   -0.80273   -0.80271   -0.79461
  -0.79397   -0.79333   -0.79187   -0.79177   -0.79159   -0.79056   -0.78824   -0.78720
  -0.38232   -0.33480   -0.32919   -0.32691   -0.32467   -0.32246   -0.32023   -0.30407
   0.08044    0.08091    0.08160    0.10571    0.11146    0.13349    0.14657    0.14799
   0.15503    0.15905    0.15976    0.16254    0.21986    0.22137    0.22269    0.22349
   0.24050    0.24297    0.24601    0.24902    0.25130    0.25797    0.25897    0.26748
   0.46011    0.46166
 kpt#  57, nband= 50, wtk=  0.00926, kpt=  0.0000  0.0000  0.3333 (reduced coord)
  -1.94304   -1.94270   -1.94251   -1.94251   -0.80221   -0.80218   -0.80097   -0.79618
  -0.79611   -0.79290   -0.79262   -0.79258   -0.79020   -0.79007   -0.78790   -0.78787
  -0.37827   -0.34087   -0.32937   -0.32566   -0.32556   -0.31892   -0.31882   -0.30861
   0.08225    0.08228    0.10933    0.11284    0.11354    0.13388    0.13435    0.13491
   0.14468    0.14475    0.18247    0.18328    0.19797    0.21187    0.21882    0.21930
   0.22494    0.23075    0.24294    0.24300    0.26605    0.26615    0.26781    0.26809
   0.45601    0.46639
 kpt#  58, nband= 50, wtk=  0.00926, kpt=  0.1667  0.0000  0.3333 (reduced coord)
  -1.94300   -1.94269   -1.94254   -1.94252   -0.80181   -0.80141   -0.80086   -0.79699
  -0.79560   -0.79387   -0.79214   -0.79189   -0.79098   -0.79013   -0.78840   -0.78793
  -0.37472   -0.33991   -0.32861   -0.32690   -0.32465   -0.32312   -0.31947   -0.30977
   0.08663    0.09057    0.10424    0.11340    0.11938    0.13365    0.13693    0.14357
   0.14395    0.14706    0.17044    0.17791    0.20129    0.20533    0.21999    0.22168
   0.22898    0.23514    0.23729    0.23825    0.25948    0.25957    0.26426    0.26542
   0.46175    0.47043
 kpt#  59, nband= 50, wtk=  0.00926, kpt=  0.3333  0.0000  0.3333 (reduced coord)
  -1.94290   -1.94265   -1.94264   -1.94256   -0.80060   -0.80048   -0.79927   -0.79838
  -0.79607   -0.79419   -0.79321   -0.79095   -0.79080   -0.79063   -0.78944   -0.78839
  -0.36479   -0.33721   -0.33562   -0.32931   -0.32660   -0.32244   -0.32036   -0.31289
   0.09791    0.10691    0.11108    0.11536    0.11964    0.13162    0.13451    0.14252
   0.15093    0.15576    0.17117    0.17431    0.19174    0.20316    0.20990    0.21544
   0.21962    0.23336    0.23537    0.24318    0.24941    0.25168    0.25736    0.26194
   0.47213    0.47469
 kpt#  60, nband= 50, wtk=  0.00926, kpt=  0.5000  0.0000  0.3333 (reduced coord)
  -1.94277   -1.94277   -1.94261   -1.94260   -0.79977   -0.79976   -0.79844   -0.79844
  -0.79626   -0.79626   -0.79228   -0.79228   -0.79009   -0.79009   -0.78947   -0.78947
  -0.35062   -0.35062   -0.33340   -0.33340   -0.32405   -0.32405   -0.31706   -0.31706
   0.11078    0.11078    0.11806    0.11806    0.12027    0.12027    0.14547    0.14547
   0.14649    0.14649    0.18403    0.18403    0.19101    0.19101    0.20466    0.20466
   0.21582    0.21582    0.24487    0.24487    0.24828    0.24828    0.25721    0.25721
   0.47417    0.47629
 kpt#  61, nband= 50, wtk=  0.00926, kpt= -0.3333  0.0000  0.3333 (reduced coord)
  -1.94290   -1.94265   -1.94264   -1.94256   -0.80060   -0.80048   -0.79927   -0.79838
  -0.79607   -0.79419   -0.79321   -0.79095   -0.79080   -0.79063   -0.78944   -0.78839
  -0.36479   -0.33721   -0.33562   -0.32931   -0.32660   -0.32244   -0.32036   -0.31289
   0.09791    0.10691    0.11108    0.11536    0.11964    0.13162    0.13450    0.14252
   0.15093    0.15576    0.17117    0.17431    0.19174    0.20316    0.20990    0.21544
   0.21962    0.23336    0.23537    0.24318    0.24941    0.25168    0.25736    0.26194
   0.47283    0.47490
 kpt#  62, nband= 50, wtk=  0.00926, kpt= -0.1667  0.0000  0.3333 (reduced coord)
  -1.94300   -1.94269   -1.94254   -1.94252   -0.80181   -0.80141   -0.80086   -0.79699
  -0.79560   -0.79387   -0.79214   -0.79189   -0.79098   -0.79013   -0.78840   -0.78793
  -0.37472   -0.33991   -0.32861   -0.32690   -0.32465   -0.32312   -0.31947   -0.30977
   0.08663    0.09057    0.10424    0.11340    0.11938    0.13365    0.13693    0.14357
   0.14395    0.14706    0.17044    0.17791    0.20129    0.20533    0.21999    0.22168
   0.22898    0.23514    0.23729    0.23825    0.25948    0.25957    0.26426    0.26542
   0.46173    0.46980
 kpt#  63, nband= 50, wtk=  0.00926, kpt=  0.0000  0.1667  0.3333 (reduced coord)
  -1.94300   -1.94269   -1.94254   -1.94252   -0.80195   -0.80126   -0.80087   -0.79706
  -0.79553   -0.79392   -0.79213   -0.79189   -0.79085   -0.79023   -0.78836   -0.78795
  -0.37474   -0.33999   -0.32856   -0.32734   -0.32388   -0.32380   -0.31909   -0.30973
   0.08659    0.09065    0.10427    0.11350    0.11904    0.13316    0.13718    0.14201
   0.14615    0.14659    0.17026    0.17869    0.20090    0.20354    0.22027    0.22492
   0.22927    0.23481    0.23554    0.23839    0.25912    0.25970    0.26432    0.26550
   0.46169    0.46945
 kpt#  64, nband= 50, wtk=  0.00926, kpt=  0.1667  0.1667  0.3333 (reduced coord)
  -1.94297   -1.94268   -1.94255   -1.94255   -0.80193   -0.80141   -0.80100   -0.79609
  -0.79538   -0.79498   -0.79181   -0.79170   -0.79152   -0.78988   -0.78847   -0.78792
  -0.37174   -0.34048   -0.33011   -0.32847   -0.32671   -0.32081   -0.31922   -0.31052
   0.09409    0.09476    0.10334    0.11714    0.11973    0.13670    0.13718    0.14446
   0.14631    0.15240    0.16339    0.16578    0.20450    0.21489    0.21848    0.22077
   0.23169    0.23182    0.23461    0.23617    0.25272    0.25702    0.25732    0.26024
   0.46519    0.47072
 kpt#  65, nband= 50, wtk=  0.00926, kpt=  0.3333  0.1667  0.3333 (reduced coord)
  -1.94288   -1.94265   -1.94264   -1.94258   -0.80179   -0.80130   -0.80107   -0.79734
  -0.79556   -0.79324   -0.79319   -0.79085   -0.79058   -0.78991   -0.78908   -0.78834
  -0.36334   -0.34040   -0.33867   -0.33418   -0.32310   -0.31970   -0.31778   -0.31270
   0.10414    0.10788    0.11326    0.11909    0.12149    0.13493    0.13843    0.14255
   0.15101    0.15161    0.15951    0.17356    0.20087    0.20658    0.21186    0.22100
   0.22476    0.23024    0.23250    0.23609    0.24357    0.24667    0.25117    0.25758
   0.46908    0.47532
 kpt#  66, nband= 50, wtk=  0.00926, kpt=  0.5000  0.1667  0.3333 (reduced coord)
  -1.94276   -1.94276   -1.94262   -1.94261   -0.80158   -0.80158   -0.79965   -0.79965
  -0.79461   -0.79461   -0.79094   -0.79094   -0.78988   -0.78988   -0.78951   -0.78951
  -0.35130   -0.35130   -0.33832   -0.33832   -0.32022   -0.32021   -0.31555   -0.31555
   0.11449    0.11449    0.11984    0.11984    0.12398    0.12399    0.13959    0.13959
   0.15281    0.15281    0.17327    0.17327    0.20153    0.20153    0.20606    0.20606
   0.22028    0.22028    0.23897    0.23897    0.24115    0.24116    0.25476    0.25476
   0.47164    0.47165
 kpt#  67, nband= 50, wtk=  0.00926, kpt= -0.3333  0.1667  0.3333 (reduced coord)
  -1.94288   -1.94265   -1.94264   -1.94258   -0.80179   -0.80130   -0.80107   -0.79734
  -0.79556   -0.79324   -0.79319   -0.79085   -0.79058   -0.78991   -0.78908   -0.78834
  -0.36334   -0.34040   -0.33868   -0.33418   -0.32310   -0.31971   -0.31777   -0.31270
   0.10414    0.10788    0.11326    0.11909    0.12149    0.13493    0.13843    0.14255
   0.15101    0.15161    0.15951    0.17356    0.20087    0.20658    0.21186    0.22100
   0.22476    0.23024    0.23250    0.23609    0.24357    0.24667    0.25117    0.25759
   0.46898    0.47556
 kpt#  68, nband= 50, wtk=  0.00926, kpt= -0.1667  0.1667  0.3333 (reduced coord)
  -1.94297   -1.94268   -1.94255   -1.94255   -0.80193   -0.80141   -0.80100   -0.79609
  -0.79538   -0.79498   -0.79181   -0.79170   -0.79152   -0.78988   -0.78847   -0.78792
  -0.37174   -0.34048   -0.33011   -0.32846   -0.32671   -0.32081   -0.31922   -0.31052
   0.09409    0.09477    0.10334    0.11714    0.11973    0.13670    0.13718    0.14446
   0.14631    0.15240    0.16339    0.16578    0.20450    0.21489    0.21848    0.22077
   0.23168    0.23183    0.23461    0.23617    0.25272    0.25701    0.25732    0.26024
   0.46518    0.47024
 kpt#  69, nband= 50, wtk=  0.00926, kpt=  0.0000  0.3333  0.3333 (reduced coord)
  -1.94290   -1.94265   -1.94264   -1.94256   -0.80072   -0.80049   -0.79908   -0.79850
  -0.79619   -0.79413   -0.79307   -0.79091   -0.79085   -0.79064   -0.78944   -0.78840
  -0.36484   -0.33749   -0.33562   -0.33028   -0.32640   -0.32091   -0.32087   -0.31273
   0.09786    0.10685    0.11111    0.11575    0.11909    0.13133    0.13374    0.14212
   0.15089    0.15695    0.17183    0.17462    0.19094    0.20253    0.21004    0.21573
   0.22019    0.23382    0.23615    0.24225    0.24928    0.25118    0.25774    0.26187
   0.47280    0.47458
 kpt#  70, nband= 50, wtk=  0.00926, kpt=  0.1667  0.3333  0.3333 (reduced coord)
  -1.94288   -1.94265   -1.94264   -1.94258   -0.80180   -0.80130   -0.80110   -0.79739
  -0.79555   -0.79318   -0.79317   -0.79084   -0.79059   -0.78991   -0.78909   -0.78835
  -0.36337   -0.34053   -0.33858   -0.33464   -0.32301   -0.31913   -0.31795   -0.31260
   0.10409    0.10782    0.11333    0.11968    0.12086    0.13393    0.13836    0.14211
   0.15119    0.15266    0.15963    0.17397    0.20021    0.20603    0.21247    0.22099
   0.22512    0.23106    0.23305    0.23507    0.24293    0.24725    0.25084    0.25769
   0.46851    0.47540
 kpt#  71, nband= 50, wtk=  0.00926, kpt=  0.3333  0.3333  0.3333 (reduced coord)
  -1.94282   -1.94265   -1.94264   -1.94264   -0.80280   -0.80262   -0.80252   -0.79999
  -0.79271   -0.79257   -0.79200   -0.79018   -0.78991   -0.78950   -0.78909   -0.78809
  -0.35896   -0.34429   -0.34336   -0.34279   -0.31825   -0.31579   -0.31527   -0.31250
   0.11319    0.11716    0.11877    0.12065    0.12873    0.13891    0.14041    0.14442
   0.15022    0.15078    0.15130    0.18303    0.19305    0.21608    0.21775    0.22006
   0.22174    0.22492    0.22530    0.22701    0.23058    0.24169    0.24500    0.25283
   0.46494    0.47296
 kpt#  72, nband= 50, wtk=  0.00926, kpt=  0.5000  0.3333  0.3333 (reduced coord)
  -1.94273   -1.94273   -1.94265   -1.94264   -0.80322   -0.80322   -0.80202   -0.80202
  -0.79233   -0.79233   -0.79028   -0.79027   -0.78924   -0.78924   -0.78884   -0.78884
  -0.35188   -0.35188   -0.34529   -0.34529   -0.31557   -0.31556   -0.31322   -0.31322
   0.12025    0.12025    0.12194    0.12194    0.13301    0.13301    0.14027    0.14027
   0.15456    0.15456    0.17109    0.17109    0.20116    0.20116    0.21279    0.21280
   0.21855    0.21855    0.22397    0.22397    0.23761    0.23761    0.25003    0.25003
   0.46540    0.46608
 kpt#  73, nband= 50, wtk=  0.00926, kpt= -0.3333  0.3333  0.3333 (reduced coord)
  -1.94282   -1.94265   -1.94264   -1.94264   -0.80280   -0.80262   -0.80252   -0.79999
  -0.79271   -0.79257   -0.79200   -0.79018   -0.78991   -0.78950   -0.78909   -0.78809
  -0.35896   -0.34429   -0.34336   -0.34278   -0.31825   -0.31579   -0.31527   -0.31250
   0.11319    0.11716    0.11877    0.12065    0.12873    0.13891    0.14041    0.14442
   0.15022    0.15078    0.15130    0.18303    0.19305    0.21608    0.21775    0.22006
   0.22174    0.22492    0.22530    0.22701    0.23058    0.24169    0.24500    0.25283
   0.46494    0.47417
 kpt#  74, nband= 50, wtk=  0.00926, kpt= -0.1667  0.3333  0.3333 (reduced coord)
  -1.94288   -1.94265   -1.94264   -1.94258   -0.80180   -0.80130   -0.80110   -0.79739
  -0.79555   -0.79318   -0.79317   -0.79085   -0.79059   -0.78991   -0.78909   -0.78835
  -0.36337   -0.34053   -0.33858   -0.33464   -0.32301   -0.31913   -0.31795   -0.31260
   0.10409    0.10782    0.11333    0.11968    0.12086    0.13393    0.13836    0.14211
   0.15119    0.15266    0.15963    0.17397    0.20021    0.20603    0.21247    0.22099
   0.22512    0.23106    0.23305    0.23507    0.24293    0.24725    0.25084    0.25769
   0.46854    0.47545
 kpt#  75, nband= 50, wtk=  0.00926, kpt=  0.0000  0.5000  0.3333 (reduced coord)
  -1.94277   -1.94277   -1.94261   -1.94260   -0.79971   -0.79971   -0.79868   -0.79868
  -0.79610   -0.79610   -0.79224   -0.79223   -0.79010   -0.79010   -0.78948   -0.78948
  -0.35070   -0.35070   -0.33397   -0.33397   -0.32358   -0.32358   -0.31681   -0.31681
   0.11094    0.11094    0.11855    0.11855    0.11890    0.11890    0.14542    0.14542
   0.14662    0.14662    0.18460    0.18460    0.19132    0.19132    0.20490    0.20490
   0.21513    0.21513    0.24524    0.24524    0.24838    0.24838    0.25697    0.25697
   0.47349    0.47483
 kpt#  76, nband= 50, wtk=  0.00926, kpt=  0.1667  0.5000  0.3333 (reduced coord)
  -1.94276   -1.94276   -1.94262   -1.94261   -0.80156   -0.80156   -0.79974   -0.79974
  -0.79455   -0.79455   -0.79092   -0.79091   -0.78990   -0.78990   -0.78951   -0.78951
  -0.35134   -0.35134   -0.33860   -0.33860   -0.31998   -0.31998   -0.31542   -0.31542
   0.11468    0.11468    0.11968    0.11968    0.12338    0.12338    0.13956    0.13956
   0.15292    0.15292    0.17368    0.17368    0.20219    0.20219    0.20571    0.20571
   0.21972    0.21972    0.23956    0.23956    0.24101    0.24101    0.25467    0.25467
   0.47102    0.47123
 kpt#  77, nband= 50, wtk=  0.00926, kpt=  0.3333  0.5000  0.3333 (reduced coord)
  -1.94273   -1.94273   -1.94265   -1.94264   -0.80321   -0.80321   -0.80204   -0.80204
  -0.79232   -0.79231   -0.79027   -0.79027   -0.78925   -0.78925   -0.78884   -0.78884
  -0.35187   -0.35187   -0.34538   -0.34538   -0.31547   -0.31547   -0.31322   -0.31322
   0.12007    0.12007    0.12220    0.12220    0.13274    0.13274    0.13997    0.13997
   0.15514    0.15514    0.17092    0.17092    0.20118    0.20118    0.21318    0.21318
   0.21870    0.21870    0.22318    0.22318    0.23789    0.23789    0.25006    0.25006
   0.46506    0.46517
 kpt#  78, nband= 50, wtk=  0.00926, kpt=  0.5000  0.5000  0.3333 (reduced coord)
  -1.94269   -1.94269   -1.94269   -1.94269   -0.80340   -0.80340   -0.80340   -0.80340
  -0.79098   -0.79098   -0.79098   -0.79098   -0.78852   -0.78852   -0.78852   -0.78852
  -0.35013   -0.35013   -0.35012   -0.35012   -0.31299   -0.31299   -0.31299   -0.31299
   0.12203    0.12203    0.12203    0.12203    0.14007    0.14007    0.14007    0.14007
   0.16517    0.16517    0.16517    0.16517    0.20524    0.20524    0.20524    0.20525
   0.21452    0.21452    0.21453    0.21453    0.24574    0.24574    0.24574    0.24574
   0.46377    0.46377
 kpt#  79, nband= 50, wtk=  0.00926, kpt= -0.3333  0.5000  0.3333 (reduced coord)
  -1.94273   -1.94273   -1.94265   -1.94264   -0.80321   -0.80321   -0.80204   -0.80204
  -0.79232   -0.79231   -0.79027   -0.79027   -0.78925   -0.78925   -0.78884   -0.78884
  -0.35187   -0.35187   -0.34538   -0.34538   -0.31547   -0.31547   -0.31322   -0.31322
   0.12007    0.12007    0.12220    0.12220    0.13274    0.13274    0.13997    0.13997
   0.15514    0.15515    0.17092    0.17092    0.20118    0.20118    0.21318    0.21318
   0.21870    0.21870    0.22318    0.22318    0.23789    0.23789    0.25006    0.25006
   0.46505    0.46521
 kpt#  80, nband= 50, wtk=  0.00926, kpt= -0.1667  0.5000  0.3333 (reduced coord)
  -1.94276   -1.94276   -1.94262   -1.94261   -0.80156   -0.80156   -0.79974   -0.79974
  -0.79455   -0.79455   -0.79091   -0.79091   -0.78990   -0.78990   -0.78951   -0.78951
  -0.35134   -0.35134   -0.33860   -0.33860   -0.31998   -0.31998   -0.31542   -0.31542
   0.11468    0.11468    0.11968    0.11968    0.12338    0.12338    0.13956    0.13956
   0.15292    0.15292    0.17368    0.17368    0.20219    0.20219    0.20571    0.20571
   0.21972    0.21972    0.23956    0.23956    0.24101    0.24101    0.25467    0.25467
   0.47102    0.47112
 kpt#  81, nband= 50, wtk=  0.00926, kpt=  0.0000 -0.3333  0.3333 (reduced coord)
  -1.94290   -1.94265   -1.94264   -1.94256   -0.80072   -0.80049   -0.79908   -0.79850
  -0.79619   -0.79413   -0.79307   -0.79091   -0.79085   -0.79064   -0.78944   -0.78840
  -0.36484   -0.33749   -0.33562   -0.33028   -0.32640   -0.32091   -0.32087   -0.31273
   0.09786    0.10685    0.11111    0.11575    0.11909    0.13133    0.13374    0.14212
   0.15089    0.15695    0.17183    0.17462    0.19094    0.20253    0.21004    0.21573
   0.22019    0.23382    0.23615    0.24225    0.24928    0.25118    0.25774    0.26187
   0.47222    0.47442
 kpt#  82, nband= 50, wtk=  0.00926, kpt=  0.1667 -0.3333  0.3333 (reduced coord)
  -1.94288   -1.94265   -1.94264   -1.94258   -0.80180   -0.80130   -0.80110   -0.79739
  -0.79555   -0.79318   -0.79317   -0.79084   -0.79059   -0.78991   -0.78909   -0.78835
  -0.36337   -0.34053   -0.33858   -0.33464   -0.32301   -0.31913   -0.31795   -0.31260
   0.10409    0.10782    0.11333    0.11968    0.12086    0.13393    0.13836    0.14211
   0.15119    0.15266    0.15963    0.17397    0.20021    0.20603    0.21247    0.22099
   0.22512    0.23106    0.23305    0.23507    0.24293    0.24725    0.25084    0.25769
   0.46852    0.47565
 kpt#  83, nband= 50, wtk=  0.00926, kpt=  0.3333 -0.3333  0.3333 (reduced coord)
  -1.94282   -1.94265   -1.94264   -1.94264   -0.80280   -0.80262   -0.80252   -0.79999
  -0.79271   -0.79257   -0.79200   -0.79018   -0.78991   -0.78950   -0.78909   -0.78809
  -0.35896   -0.34429   -0.34336   -0.34279   -0.31825   -0.31579   -0.31527   -0.31250
   0.11319    0.11716    0.11877    0.12065    0.12873    0.13891    0.14041    0.14442
   0.15022    0.15078    0.15130    0.18303    0.19305    0.21608    0.21775    0.22006
   0.22174    0.22492    0.22530    0.22701    0.23058    0.24169    0.24500    0.25283
   0.46495    0.47288
 kpt#  84, nband= 50, wtk=  0.00926, kpt=  0.5000 -0.3333  0.3333 (reduced coord)
  -1.94273   -1.94273   -1.94265   -1.94264   -0.80322   -0.80322   -0.80202   -0.80202
  -0.79233   -0.79233   -0.79028   -0.79027   -0.78924   -0.78924   -0.78884   -0.78884
  -0.35188   -0.35188   -0.34529   -0.34529   -0.31557   -0.31556   -0.31322   -0.31322
   0.12025    0.12025    0.12194    0.12194    0.13301    0.13301    0.14027    0.14027
   0.15456    0.15456    0.17109    0.17109    0.20116    0.20116    0.21279    0.21280
   0.21855    0.21855    0.22397    0.22397    0.23761    0.23761    0.25003    0.25003
   0.46541    0.46569
 kpt#  85, nband= 50, wtk=  0.00926, kpt= -0.3333 -0.3333  0.3333 (reduced coord)
  -1.94282   -1.94265   -1.94264   -1.94264   -0.80280   -0.80262   -0.80252   -0.79999
  -0.79271   -0.79257   -0.79200   -0.79018   -0.78991   -0.78950   -0.78909   -0.78809
  -0.35896   -0.34429   -0.34336   -0.34278   -0.31825   -0.31579   -0.31527   -0.31250
   0.11319    0.11716    0.11877    0.12065    0.12873    0.13891    0.14041    0.14442
   0.15022    0.15078    0.15130    0.18303    0.19305    0.21608    0.21775    0.22006
   0.22174    0.22492    0.22530    0.22701    0.23058    0.24169    0.24500    0.25283
   0.46493    0.47269
 kpt#  86, nband= 50, wtk=  0.00926, kpt= -0.1667 -0.3333  0.3333 (reduced coord)
  -1.94288   -1.94265   -1.94264   -1.94258   -0.80180   -0.80130   -0.80110   -0.79739
  -0.79555   -0.79318   -0.79317   -0.79085   -0.79059   -0.78991   -0.78909   -0.78835
  -0.36337   -0.34053   -0.33858   -0.33464   -0.32301   -0.31913   -0.31795   -0.31260
   0.10409    0.10782    0.11333    0.11968    0.12086    0.13393    0.13836    0.14211
   0.15119    0.15266    0.15963    0.17397    0.20021    0.20603    0.21247    0.22099
   0.22512    0.23106    0.23305    0.23507    0.24293    0.24725    0.25084    0.25769
   0.46850    0.47556
 kpt#  87, nband= 50, wtk=  0.00926, kpt=  0.0000 -0.1667  0.3333 (reduced coord)
  -1.94300   -1.94269   -1.94254   -1.94252   -0.80195   -0.80126   -0.80087   -0.79706
  -0.79553   -0.79392   -0.79213   -0.79189   -0.79085   -0.79023   -0.78836   -0.78795
  -0.37474   -0.33999   -0.32856   -0.32734   -0.32388   -0.32380   -0.31909   -0.30973
   0.08659    0.09065    0.10427    0.11350    0.11904    0.13316    0.13718    0.14201
   0.14615    0.14659    0.17026    0.17869    0.20090    0.20354    0.22027    0.22492
   0.22927    0.23481    0.23554    0.23839    0.25912    0.25970    0.26432    0.26550
   0.46169    0.46945
 kpt#  88, nband= 50, wtk=  0.00926, kpt=  0.1667 -0.1667  0.3333 (reduced coord)
  -1.94297   -1.94268   -1.94255   -1.94255   -0.80193   -0.80141   -0.80100   -0.79609
  -0.79538   -0.79498   -0.79181   -0.79170   -0.79152   -0.78988   -0.78847   -0.78792
  -0.37174   -0.34048   -0.33011   -0.32847   -0.32671   -0.32081   -0.31922   -0.31052
   0.09409    0.09476    0.10334    0.11714    0.11973    0.13670    0.13718    0.14446
   0.14631    0.15240    0.16339    0.16578    0.20450    0.21489    0.21848    0.22077
   0.23169    0.23182    0.23461    0.23617    0.25272    0.25702    0.25732    0.26024
   0.46518    0.47024
 kpt#  89, nband= 50, wtk=  0.00926, kpt=  0.3333 -0.1667  0.3333 (reduced coord)
  -1.94288   -1.94265   -1.94264   -1.94258   -0.80179   -0.80130   -0.80107   -0.79734
  -0.79556   -0.79324   -0.79319   -0.79085   -0.79058   -0.78991   -0.78908   -0.78834
  -0.36334   -0.34040   -0.33867   -0.33418   -0.32310   -0.31970   -0.31778   -0.31270
   0.10414    0.10788    0.11326    0.11909    0.12149    0.13493    0.13843    0.14255
   0.15101    0.15161    0.15951    0.17356    0.20087    0.20658    0.21186    0.22100
   0.22476    0.23024    0.23250    0.23609    0.24357    0.24667    0.25117    0.25758
   0.46905    0.47567
 kpt#  90, nband= 50, wtk=  0.00926, kpt=  0.5000 -0.1667  0.3333 (reduced coord)
  -1.94276   -1.94276   -1.94262   -1.94261   -0.80158   -0.80158   -0.79965   -0.79965
  -0.79461   -0.79461   -0.79094   -0.79094   -0.78988   -0.78988   -0.78951   -0.78951
  -0.35130   -0.35130   -0.33832   -0.33832   -0.32022   -0.32021   -0.31555   -0.31555
   0.11449    0.11449    0.11984    0.11984    0.12398    0.12399    0.13959    0.13959
   0.15281    0.15281    0.17327    0.17327    0.20153    0.20153    0.20606    0.20606
   0.22028    0.22028    0.23897    0.23897    0.24115    0.24116    0.25476    0.25476
   0.47165    0.47193
 kpt#  91, nband= 50, wtk=  0.00926, kpt= -0.3333 -0.1667  0.3333 (reduced coord)
  -1.94288   -1.94265   -1.94264   -1.94258   -0.80179   -0.80130   -0.80107   -0.79734
  -0.79556   -0.79324   -0.79319   -0.79085   -0.79058   -0.78991   -0.78908   -0.78834
  -0.36334   -0.34040   -0.33868   -0.33418   -0.32310   -0.31971   -0.31777   -0.31270
   0.10414    0.10788    0.11326    0.11909    0.12149    0.13493    0.13843    0.14255
   0.15101    0.15161    0.15951    0.17356    0.20087    0.20658    0.21186    0.22100
   0.22476    0.23024    0.23250    0.23609    0.24357    0.24667    0.25117    0.25759
   0.46900    0.47577
 kpt#  92, nband= 50, wtk=  0.00926, kpt= -0.1667 -0.1667  0.3333 (reduced coord)
  -1.94297   -1.94268   -1.94255   -1.94255   -0.80193   -0.80141   -0.80100   -0.79609
  -0.79538   -0.79498   -0.79181   -0.79170   -0.79152   -0.78988   -0.78847   -0.78792
  -0.37174   -0.34048   -0.33011   -0.32846   -0.32671   -0.32081   -0.31922   -0.31052
   0.09409    0.09477    0.10334    0.11714    0.11973    0.13670    0.13718    0.14446
   0.14631    0.15240    0.16339    0.16578    0.20450    0.21489    0.21848    0.22077
   0.23168    0.23183    0.23461    0.23617    0.25272    0.25701    0.25732    0.26024
   0.46518    0.47024
 kpt#  93, nband= 50, wtk=  0.00463, kpt=  0.0000  0.0000  0.5000 (reduced coord)
  -1.94287   -1.94287   -1.94251   -1.94251   -0.79922   -0.79922   -0.79918   -0.79918
  -0.79702   -0.79702   -0.79262   -0.79262   -0.78914   -0.78914   -0.78890   -0.78890
  -0.36031   -0.36031   -0.32224   -0.32224   -0.32214   -0.32214   -0.31933   -0.31933
   0.10656    0.10656    0.10694    0.10695    0.12199    0.12199    0.13135    0.13135
   0.15092    0.15092    0.17467    0.17467    0.19996    0.19996    0.20329    0.20329
   0.21982    0.21982    0.24795    0.24795    0.26823    0.26824    0.26885    0.26885
   0.46960    0.46963
 kpt#  94, nband= 50, wtk=  0.00926, kpt=  0.1667  0.0000  0.5000 (reduced coord)
  -1.94285   -1.94285   -1.94253   -1.94253   -0.79947   -0.79947   -0.79853   -0.79852
  -0.79751   -0.79751   -0.79199   -0.79199   -0.78982   -0.78981   -0.78885   -0.78885
  -0.35802   -0.35802   -0.32501   -0.32500   -0.32199   -0.32199   -0.31948   -0.31948
   0.10825    0.10825    0.11364    0.11365    0.12160    0.12160    0.12851    0.12851
   0.15821    0.15821    0.18020    0.18020    0.18833    0.18833    0.19889    0.19889
   0.23050    0.23050    0.24020    0.24020    0.26287    0.26287    0.26359    0.26359
   0.47223    0.47223
 kpt#  95, nband= 50, wtk=  0.00926, kpt=  0.3333  0.0000  0.5000 (reduced coord)
  -1.94278   -1.94278   -1.94260   -1.94260   -0.79972   -0.79972   -0.79854   -0.79854
  -0.79673   -0.79673   -0.79170   -0.79170   -0.79068   -0.79068   -0.78891   -0.78891
  -0.35156   -0.35156   -0.33259   -0.33259   -0.32136   -0.32136   -0.31990   -0.31990
   0.11141    0.11141    0.11859    0.11859    0.12952    0.12952    0.13041    0.13041
   0.16937    0.16937    0.17530    0.17530    0.18956    0.18956    0.19598    0.19599
   0.21701    0.21701    0.24053    0.24053    0.24925    0.24925    0.25767    0.25767
   0.47447    0.47627
 kpt#  96, nband= 50, wtk=  0.00463, kpt=  0.5000  0.0000  0.5000 (reduced coord)
  -1.94269   -1.94269   -1.94269   -1.94269   -0.79942   -0.79942   -0.79942   -0.79942
  -0.79424   -0.79424   -0.79424   -0.79423   -0.78952   -0.78952   -0.78952   -0.78952
  -0.34235   -0.34235   -0.34235   -0.34235   -0.32059   -0.32059   -0.32059   -0.32059
   0.11488    0.11488    0.11489    0.11489    0.13595    0.13595    0.13596    0.13596
   0.17704    0.17704    0.17704    0.17704    0.18674    0.18674    0.18675    0.18675
   0.22226    0.22226    0.22226    0.22226    0.25255    0.25255    0.25255    0.25255
   0.47446    0.47447
 kpt#  97, nband= 50, wtk=  0.00926, kpt=  0.0000  0.1667  0.5000 (reduced coord)
  -1.94285   -1.94285   -1.94253   -1.94253   -0.79957   -0.79957   -0.79842   -0.79842
  -0.79752   -0.79752   -0.79199   -0.79199   -0.78976   -0.78976   -0.78888   -0.78888
  -0.35807   -0.35807   -0.32565   -0.32565   -0.32133   -0.32133   -0.31942   -0.31942
   0.10799    0.10800    0.11385    0.11385    0.12157    0.12157    0.12855    0.12855
   0.15766    0.15766    0.18072    0.18072    0.18745    0.18745    0.20027    0.20027
   0.22994    0.22994    0.24046    0.24046    0.26295    0.26295    0.26335    0.26335
   0.47195    0.47195
 kpt#  98, nband= 50, wtk=  0.00926, kpt=  0.1667  0.1667  0.5000 (reduced coord)
  -1.94283   -1.94282   -1.94255   -1.94255   -0.80079   -0.80079   -0.79886   -0.79763
  -0.79669   -0.79669   -0.79158   -0.79158   -0.79070   -0.78923   -0.78897   -0.78880
  -0.35682   -0.35622   -0.32985   -0.32978   -0.31966   -0.31948   -0.31940   -0.31853
   0.11062    0.11086    0.11905    0.11938    0.12019    0.12303    0.12513    0.13235
   0.15463    0.16967    0.17399    0.17417    0.18446    0.18450    0.20894    0.20910
   0.22994    0.23033    0.23153    0.24151    0.25471    0.25658    0.25695    0.25977
   0.46828    0.47911
 kpt#  99, nband= 50, wtk=  0.00926, kpt=  0.3333  0.1667  0.5000 (reduced coord)
  -1.94277   -1.94277   -1.94261   -1.94261   -0.80180   -0.80121   -0.80056   -0.79901
  -0.79488   -0.79406   -0.79187   -0.79065   -0.79046   -0.79005   -0.78896   -0.78879
  -0.35254   -0.35153   -0.33752   -0.33694   -0.31923   -0.31840   -0.31761   -0.31748
   0.11400    0.11699    0.12014    0.12060    0.12871    0.12961    0.13282    0.13797
   0.15769    0.16125    0.16545    0.18287    0.19501    0.19551    0.20295    0.20806
   0.21189    0.22616    0.23503    0.23586    0.24103    0.24629    0.24653    0.25585
   0.46841    0.47966
 kpt# 100, nband= 50, wtk=  0.00926, kpt=  0.5000  0.1667  0.5000 (reduced coord)
  -1.94269   -1.94269   -1.94269   -1.94269   -0.80171   -0.80171   -0.80049   -0.80049
  -0.79330   -0.79330   -0.79171   -0.79171   -0.78963   -0.78963   -0.78932   -0.78932
  -0.34572   -0.34572   -0.34469   -0.34469   -0.31859   -0.31859   -0.31701   -0.31701
   0.11778    0.11778    0.11998    0.11998    0.13326    0.13326    0.13794    0.13794
   0.16561    0.16561    0.17302    0.17303    0.19721    0.19721    0.20279    0.20279
   0.21825    0.21825    0.21979    0.21980    0.24314    0.24314    0.25192    0.25192
   0.47118    0.47436
 kpt# 101, nband= 50, wtk=  0.00926, kpt= -0.3333  0.1667  0.5000 (reduced coord)
  -1.94277   -1.94277   -1.94261   -1.94261   -0.80180   -0.80121   -0.80056   -0.79901
  -0.79488   -0.79406   -0.79187   -0.79065   -0.79046   -0.79005   -0.78896   -0.78879
  -0.35254   -0.35153   -0.33752   -0.33694   -0.31923   -0.31840   -0.31761   -0.31748
   0.11400    0.11699    0.12014    0.12060    0.12871    0.12961    0.13282    0.13797
   0.15769    0.16125    0.16545    0.18287    0.19501    0.19551    0.20295    0.20806
   0.21189    0.22616    0.23503    0.23586    0.24103    0.24629    0.24653    0.25585
   0.46839    0.47926
 kpt# 102, nband= 50, wtk=  0.00926, kpt= -0.1667  0.1667  0.5000 (reduced coord)
  -1.94283   -1.94282   -1.94255   -1.94255   -0.80079   -0.80079   -0.79886   -0.79763
  -0.79669   -0.79669   -0.79158   -0.79158   -0.79070   -0.78923   -0.78897   -0.78880
  -0.35682   -0.35622   -0.32985   -0.32978   -0.31966   -0.31948   -0.31940   -0.31853
   0.11062    0.11086    0.11905    0.11938    0.12019    0.12303    0.12513    0.13235
   0.15463    0.16967    0.17399    0.17417    0.18446    0.18450    0.20894    0.20910
   0.22994    0.23033    0.23153    0.24151    0.25471    0.25658    0.25695    0.25977
   0.46828    0.47969
 kpt# 103, nband= 50, wtk=  0.00926, kpt=  0.0000  0.3333  0.5000 (reduced coord)
  -1.94278   -1.94278   -1.94260   -1.94260   -0.79983   -0.79983   -0.79859   -0.79859
  -0.79662   -0.79662   -0.79162   -0.79162   -0.79067   -0.79067   -0.78893   -0.78893
  -0.35175   -0.35175   -0.33316   -0.33316   -0.32076   -0.32075   -0.31968   -0.31968
   0.11120    0.11120    0.11848    0.11848    0.12937    0.12937    0.13034    0.13034
   0.16855    0.16855    0.17529    0.17529    0.19008    0.19008    0.19705    0.19705
   0.21731    0.21731    0.24027    0.24027    0.24932    0.24932    0.25734    0.25734
   0.47398    0.47484
 kpt# 104, nband= 50, wtk=  0.00926, kpt=  0.1667  0.3333  0.5000 (reduced coord)
  -1.94277   -1.94277   -1.94261   -1.94261   -0.80183   -0.80124   -0.80059   -0.79904
  -0.79484   -0.79403   -0.79183   -0.79066   -0.79045   -0.79000   -0.78899   -0.78879
  -0.35266   -0.35165   -0.33779   -0.33712   -0.31910   -0.31820   -0.31734   -0.31732
   0.11376    0.11698    0.12002    0.12037    0.12829    0.12980    0.13281    0.13817
   0.15763    0.16089    0.16575    0.18111    0.19601    0.19711    0.20329    0.20802
   0.21187    0.22643    0.23486    0.23566    0.24224    0.24534    0.24628    0.25557
   0.46786    0.47932
 kpt# 105, nband= 50, wtk=  0.00926, kpt=  0.3333  0.3333  0.5000 (reduced coord)
  -1.94273   -1.94273   -1.94264   -1.94264   -0.80316   -0.80316   -0.80270   -0.80125
  -0.79174   -0.79173   -0.79118   -0.79008   -0.79007   -0.78953   -0.78869   -0.78859
  -0.35270   -0.35151   -0.34441   -0.34437   -0.31639   -0.31433   -0.31429   -0.31424
   0.12263    0.12292    0.12323    0.12378    0.13200    0.13507    0.13668    0.13752
   0.15618    0.15670    0.16234    0.18770    0.19587    0.19676    0.21512    0.21794
   0.21916    0.22193    0.22209    0.22806    0.23100    0.23519    0.23630    0.24804
   0.46596    0.47472
 kpt# 106, nband= 50, wtk=  0.00926, kpt=  0.5000  0.3333  0.5000 (reduced coord)
  -1.94269   -1.94269   -1.94269   -1.94269   -0.80370   -0.80370   -0.80292   -0.80292
  -0.79110   -0.79110   -0.78993   -0.78992   -0.78925   -0.78925   -0.78892   -0.78892
  -0.35004   -0.35004   -0.34932   -0.34932   -0.31414   -0.31414   -0.31286   -0.31286
   0.12542    0.12542    0.12748    0.12749    0.13312    0.13312    0.13564    0.13564
   0.16415    0.16415    0.17274    0.17274    0.20411    0.20411    0.20445    0.20445
   0.21935    0.21935    0.22331    0.22331    0.22819    0.22819    0.24412    0.24412
   0.46673    0.46684
 kpt# 107, nband= 50, wtk=  0.00926, kpt= -0.3333  0.3333  0.5000 (reduced coord)
  -1.94273   -1.94273   -1.94264   -1.94264   -0.80316   -0.80316   -0.80270   -0.80125
  -0.79174   -0.79173   -0.79118   -0.79008   -0.79007   -0.78953   -0.78869   -0.78859
  -0.35270   -0.35151   -0.34441   -0.34437   -0.31639   -0.31433   -0.31429   -0.31424
   0.12263    0.12292    0.12323    0.12378    0.13200    0.13507    0.13668    0.13752
   0.15618    0.15670    0.16234    0.18770    0.19587    0.19676    0.21512    0.21794
   0.21916    0.22193    0.22209    0.22806    0.23100    0.23519    0.23630    0.24804
   0.46577    0.47415
 kpt# 108, nband= 50, wtk=  0.00926, kpt= -0.1667  0.3333  0.5000 (reduced coord)
  -1.94277   -1.94277   -1.94261   -1.94261   -0.80183   -0.80124   -0.80059   -0.79904
  -0.79484   -0.79403   -0.79183   -0.79066   -0.79045   -0.79000   -0.78899   -0.78879
  -0.35266   -0.35165   -0.33779   -0.33712   -0.31910   -0.31820   -0.31734   -0.31732
   0.11376    0.11698    0.12002    0.12037    0.12829    0.12980    0.13281    0.13817
   0.15763    0.16089    0.16575    0.18111    0.19601    0.19711    0.20329    0.20802
   0.21187    0.22643    0.23486    0.23566    0.24224    0.24534    0.24628    0.25557
   0.46786    0.47926
 kpt# 109, nband= 50, wtk=  0.00463, kpt=  0.0000  0.5000  0.5000 (reduced coord)
  -1.94269   -1.94269   -1.94269   -1.94269   -0.79951   -0.79951   -0.79951   -0.79951
  -0.79415   -0.79414   -0.79414   -0.79414   -0.78952   -0.78952   -0.78952   -0.78952
  -0.34274   -0.34273   -0.34273   -0.34273   -0.32017   -0.32016   -0.32016   -0.32016
   0.11471    0.11471    0.11471    0.11471    0.13553    0.13553    0.13553    0.13553
   0.17736    0.17736    0.17736    0.17736    0.18687    0.18687    0.18688    0.18688
   0.22271    0.22271    0.22271    0.22271    0.25225    0.25225    0.25225    0.25225
   0.47430    0.47430
 kpt# 110, nband= 50, wtk=  0.00926, kpt=  0.1667  0.5000  0.5000 (reduced coord)
  -1.94269   -1.94269   -1.94269   -1.94269   -0.80174   -0.80174   -0.80054   -0.80054
  -0.79325   -0.79325   -0.79166   -0.79166   -0.78964   -0.78964   -0.78932   -0.78932
  -0.34596   -0.34596   -0.34491   -0.34491   -0.31835   -0.31835   -0.31673   -0.31673
   0.11754    0.11754    0.11979    0.11979    0.13297    0.13297    0.13793    0.13793
   0.16567    0.16567    0.17315    0.17315    0.19669    0.19669    0.20346    0.20346
   0.21834    0.21834    0.22068    0.22068    0.24294    0.24294    0.25155    0.25155
   0.47076    0.47120
 kpt# 111, nband= 50, wtk=  0.00926, kpt=  0.3333  0.5000  0.5000 (reduced coord)
  -1.94269   -1.94269   -1.94269   -1.94269   -0.80371   -0.80371   -0.80294   -0.80293
  -0.79110   -0.79110   -0.78990   -0.78990   -0.78927   -0.78927   -0.78891   -0.78891
  -0.35012   -0.35012   -0.34936   -0.34936   -0.31409   -0.31409   -0.31278   -0.31278
   0.12501    0.12501    0.12741    0.12741    0.13292    0.13292    0.13624    0.13624
   0.16421    0.16421    0.17247    0.17247    0.20362    0.20362    0.20494    0.20494
   0.21939    0.21939    0.22421    0.22421    0.22791    0.22792    0.24378    0.24378
   0.46626    0.46630
 kpt# 112, nband= 50, wtk=  0.00463, kpt=  0.5000  0.5000  0.5000 (reduced coord)
  -1.94269   -1.94269   -1.94269   -1.94269   -0.80417   -0.80417   -0.80417   -0.80416
  -0.79015   -0.79015   -0.79015   -0.79015   -0.78852   -0.78852   -0.78852   -0.78851
  -0.35158   -0.35158   -0.35157   -0.35157   -0.31172   -0.31172   -0.31172   -0.31172
   0.12786    0.12786    0.12786    0.12786    0.13648    0.13648    0.13648    0.13648
   0.17070    0.17070    0.17070    0.17070    0.19962    0.19962    0.19962    0.19962
   0.22045    0.22045    0.22045    0.22045    0.23588    0.23588    0.23589    0.23589
   0.46536    0.46536
