 Fermi (or HOMO) energy (hartree) =   0.27713   Average Vxc (hartree)=  -0.44601
 Eigenvalues (hartree) for nkpt= 112  k points:
 kpt#   1, nband= 50, wtk=  0.00463, kpt=  0.0000  0.0000  0.0000 (reduced coord)
  -1.94369   -1.94304   -1.94300   -1.94299   -0.80523   -0.80523   -0.80489   -0.79312
  -0.79312   -0.79281   -0.79280   -0.79147   -0.79147   -0.78861   -0.78698   -0.78698
  -0.39505   -0.33819   -0.32893   -0.32893   -0.31890   -0.31581   -0.31581   -0.29680
   0.06029    0.06030    0.07168    0.09588    0.10257    0.10257    0.16429    0.16431
   0.16649    0.16652    0.17274    0.17274    0.22368    0.22369    0.22839    0.22845
   0.24954    0.24965    0.25531    0.25536    0.25959    0.26628    0.26628    0.27519
   0.44247    0.44525
 kpt#   2, nband= 50, wtk=  0.00926, kpt=  0.1667  0.0000  0.0000 (reduced coord)
  -1.94364   -1.94305   -1.94302   -1.94299   -0.80437   -0.80414   -0.80412   -0.79411
  -0.79303   -0.79251   -0.79250   -0.79224   -0.79161   -0.78884   -0.78834   -0.78736
  -0.39030   -0.33667   -0.32817   -0.32697   -0.32197   -0.31949   -0.31726   -0.29917
   0.06604    0.07033    0.07101    0.09829    0.10566    0.11757    0.15211    0.15278
   0.16015    0.16255    0.17252    0.17505    0.21853    0.22053    0.22057    0.23696
   0.24554    0.24711    0.25034    0.25819    0.25985    0.26466    0.26585    0.27576
   0.45110    0.45186
 kpt#   3, nband= 50, wtk=  0.00926, kpt=  0.3333  0.0000  0.0000 (reduced coord)
  -1.94352   -1.94317   -1.94303   -1.94299   -0.80209   -0.80197   -0.80102   -0.79632
  -0.79517   -0.79277   -0.79195   -0.79194   -0.79170   -0.79119   -0.78955   -0.78839
  -0.37704   -0.33790   -0.33247   -0.32617   -0.32165   -0.32118   -0.32112   -0.30551
   0.07817    0.08253    0.09885    0.10542    0.11442    0.12558    0.13429    0.13697
   0.14487    0.15218    0.18244    0.18317    0.18612    0.20742    0.21106    0.22856
   0.23684    0.24067    0.25204    0.26445    0.26503    0.26590    0.26991    0.27713
   0.46650    0.46712
 kpt#   4, nband= 50, wtk=  0.00463, kpt=  0.5000  0.0000  0.0000 (reduced coord)
  -1.94336   -1.94333   -1.94303   -1.94300   -0.79925   -0.79923   -0.79864   -0.79862
  -0.79661   -0.79659   -0.79239   -0.79237   -0.79061   -0.79059   -0.78980   -0.78978
  -0.35810   -0.35810   -0.32682   -0.32682   -0.32359   -0.32359   -0.31373   -0.31373
   0.09521    0.09521    0.11093    0.11093    0.11755    0.11756    0.12823    0.12824
   0.14003    0.14004    0.19152    0.19153    0.19388    0.19389    0.19730    0.19731
   0.23752    0.23753    0.26177    0.26177    0.26635    0.26636    0.27638    0.27638
   0.47822    0.47936
 kpt#   5, nband= 50, wtk=  0.00926, kpt=  0.0000  0.1667  0.0000 (reduced coord)
  -1.94364   -1.94305   -1.94302   -1.94299   -0.80437   -0.80414   -0.80412   -0.79411
  -0.79303   -0.79251   -0.79250   -0.79224   -0.79161   -0.78884   -0.78834   -0.78736
  -0.39030   -0.33667   -0.32816   -0.32696   -0.32197   -0.31949   -0.31726   -0.29917
   0.06604    0.07033    0.07101    0.09829    0.10566    0.11757    0.15211    0.15278
   0.16014    0.16255    0.17253    0.17505    0.21853    0.22050    0.22058    0.23705
   0.24545    0.24710    0.25035    0.25820    0.25985    0.26467    0.26585    0.27576
   0.45110    0.45186
 kpt#   6, nband= 50, wtk=  0.00926, kpt=  0.1667  0.1667  0.0000 (reduced coord)
  -1.94360   -1.94306   -1.94304   -1.94301   -0.80349   -0.80349   -0.80343   -0.79395
  -0.79379   -0.79379   -0.79207   -0.79207   -0.79106   -0.79005   -0.78916   -0.78716
  -0.38597   -0.33573   -0.32693   -0.32692   -0.32241   -0.32240   -0.31990   -0.30124
   0.07271    0.07578    0.07578    0.09999    0.10957    0.12833    0.14467    0.14468
   0.15948    0.16491    0.16492    0.17298    0.21402    0.21823    0.22414    0.22416
   0.24736    0.24794    0.25066    0.25066    0.25981    0.25983    0.26784    0.27607
   0.45574    0.45975
 kpt#   7, nband= 50, wtk=  0.00926, kpt=  0.3333  0.1667  0.0000 (reduced coord)
  -1.94348   -1.94316   -1.94305   -1.94302   -0.80173   -0.80147   -0.80103   -0.79642
  -0.79583   -0.79339   -0.79292   -0.79158   -0.79106   -0.79088   -0.78997   -0.78788
  -0.37383   -0.33808   -0.33321   -0.32679   -0.32443   -0.32105   -0.32023   -0.30671
   0.08188    0.09096    0.10215    0.10549    0.11872    0.12419    0.13182    0.13868
   0.14904    0.15871    0.17589    0.17935    0.18924    0.20492    0.20679    0.22966
   0.23106    0.23492    0.25026    0.25253    0.26292    0.26754    0.26965    0.27693
   0.46433    0.47342
 kpt#   8, nband= 50, wtk=  0.00926, kpt=  0.5000  0.1667  0.0000 (reduced coord)
  -1.94334   -1.94331   -1.94305   -1.94302   -0.79920   -0.79919   -0.79892   -0.79890
  -0.79716   -0.79714   -0.79183   -0.79181   -0.79088   -0.79086   -0.78931   -0.78930
  -0.35650   -0.35649   -0.32983   -0.32983   -0.32272   -0.32272   -0.31381   -0.31380
   0.09995    0.09995    0.11418    0.11418    0.11424    0.11425    0.13246    0.13247
   0.14636    0.14636    0.18899    0.18900    0.19029    0.19030    0.19794    0.19795
   0.23279    0.23280    0.25302    0.25303    0.26579    0.26580    0.27576    0.27576
   0.47235    0.47299
 kpt#   9, nband= 50, wtk=  0.00926, kpt= -0.3333  0.1667  0.0000 (reduced coord)
  -1.94348   -1.94316   -1.94305   -1.94302   -0.80173   -0.80147   -0.80103   -0.79642
  -0.79583   -0.79339   -0.79292   -0.79158   -0.79106   -0.79088   -0.78997   -0.78788
  -0.37383   -0.33808   -0.33321   -0.32679   -0.32443   -0.32105   -0.32023   -0.30671
   0.08188    0.09096    0.10215    0.10549    0.11872    0.12419    0.13182    0.13868
   0.14904    0.15871    0.17589    0.17935    0.18924    0.20492    0.20679    0.22966
   0.23106    0.23492    0.25026    0.25253    0.26292    0.26754    0.26965    0.27693
   0.46444    0.47359
 kpt#  10, nband= 50, wtk=  0.00926, kpt= -0.1667  0.1667  0.0000 (reduced coord)
  -1.94360   -1.94306   -1.94304   -1.94301   -0.80349   -0.80349   -0.80343   -0.79395
  -0.79379   -0.79379   -0.79207   -0.79207   -0.79106   -0.79005   -0.78916   -0.78716
  -0.38597   -0.33573   -0.32693   -0.32692   -0.32241   -0.32240   -0.31990   -0.30124
   0.07271    0.07578    0.07578    0.09999    0.10957    0.12833    0.14467    0.14468
   0.15948    0.16491    0.16492    0.17298    0.21402    0.21823    0.22414    0.22416
   0.24736    0.24794    0.25066    0.25066    0.25981    0.25983    0.26784    0.27607
   0.45573    0.45965
 kpt#  11, nband= 50, wtk=  0.00926, kpt=  0.0000  0.3333  0.0000 (reduced coord)
  -1.94352   -1.94317   -1.94303   -1.94299   -0.80209   -0.80197   -0.80102   -0.79632
  -0.79517   -0.79277   -0.79195   -0.79194   -0.79170   -0.79119   -0.78955   -0.78839
  -0.37704   -0.33789   -0.33246   -0.32618   -0.32151   -0.32126   -0.32118   -0.30551
   0.07817    0.08253    0.09885    0.10542    0.11443    0.12559    0.13429    0.13697
   0.14486    0.15218    0.18243    0.18318    0.18612    0.20741    0.21106    0.22857
   0.23683    0.24069    0.25204    0.26443    0.26506    0.26587    0.26992    0.27713
   0.46651    0.46664
 kpt#  12, nband= 50, wtk=  0.00926, kpt=  0.1667  0.3333  0.0000 (reduced coord)
  -1.94348   -1.94316   -1.94305   -1.94302   -0.80173   -0.80147   -0.80103   -0.79642
  -0.79583   -0.79339   -0.79292   -0.79158   -0.79106   -0.79088   -0.78997   -0.78788
  -0.37383   -0.33807   -0.33321   -0.32678   -0.32444   -0.32105   -0.32023   -0.30671
   0.08188    0.09096    0.10214    0.10549    0.11872    0.12419    0.13182    0.13868
   0.14903    0.15871    0.17590    0.17935    0.18924    0.20492    0.20678    0.22966
   0.23106    0.23491    0.25027    0.25254    0.26291    0.26754    0.26966    0.27693
   0.46443    0.47322
 kpt#  13, nband= 50, wtk=  0.00926, kpt=  0.3333  0.3333  0.0000 (reduced coord)
  -1.94339   -1.94314   -1.94313   -1.94305   -0.80080   -0.80080   -0.79984   -0.79840
  -0.79597   -0.79456   -0.79456   -0.79124   -0.79021   -0.79021   -0.79001   -0.78776
  -0.36483   -0.33791   -0.33790   -0.33499   -0.32077   -0.32019   -0.32018   -0.31008
   0.09231    0.10676    0.10976    0.10976    0.12601    0.12601    0.12923    0.13901
   0.16018    0.16019    0.17659    0.17803    0.18924    0.18990    0.20794    0.20795
   0.21462    0.23455    0.23455    0.24025    0.26744    0.26921    0.26921    0.27627
   0.46082    0.46803
 kpt#  14, nband= 50, wtk=  0.00926, kpt=  0.5000  0.3333  0.0000 (reduced coord)
  -1.94328   -1.94325   -1.94311   -1.94308   -0.79997   -0.79996   -0.79924   -0.79923
  -0.79674   -0.79672   -0.79289   -0.79287   -0.78978   -0.78977   -0.78866   -0.78866
  -0.35185   -0.35185   -0.33681   -0.33681   -0.32043   -0.32043   -0.31496   -0.31496
   0.10565    0.10565    0.11000    0.11001    0.13038    0.13039    0.14343    0.14344
   0.15631    0.15632    0.17501    0.17503    0.18732    0.18733    0.20566    0.20566
   0.21034    0.21035    0.23647    0.23648    0.26835    0.26836    0.27433    0.27433
   0.46144    0.46229
 kpt#  15, nband= 50, wtk=  0.00926, kpt= -0.3333  0.3333  0.0000 (reduced coord)
  -1.94339   -1.94314   -1.94313   -1.94305   -0.80080   -0.80080   -0.79984   -0.79840
  -0.79597   -0.79456   -0.79456   -0.79124   -0.79021   -0.79021   -0.79001   -0.78776
  -0.36483   -0.33791   -0.33790   -0.33499   -0.32077   -0.32019   -0.32018   -0.31008
   0.09231    0.10676    0.10976    0.10976    0.12601    0.12601    0.12923    0.13901
   0.16018    0.16019    0.17659    0.17803    0.18924    0.18990    0.20794    0.20795
   0.21462    0.23455    0.23455    0.24025    0.26744    0.26921    0.26921    0.27627
   0.46110    0.46804
 kpt#  16, nband= 50, wtk=  0.00926, kpt= -0.1667  0.3333  0.0000 (reduced coord)
  -1.94348   -1.94316   -1.94305   -1.94302   -0.80173   -0.80147   -0.80103   -0.79642
  -0.79583   -0.79339   -0.79292   -0.79158   -0.79106   -0.79088   -0.78997   -0.78788
  -0.37383   -0.33807   -0.33321   -0.32678   -0.32444   -0.32105   -0.32023   -0.30671
   0.08188    0.09096    0.10214    0.10549    0.11872    0.12419    0.13182    0.13868
   0.14903    0.15871    0.17590    0.17935    0.18924    0.20492    0.20678    0.22966
   0.23106    0.23491    0.25027    0.25254    0.26291    0.26754    0.26966    0.27693
   0.46445    0.47329
 kpt#  17, nband= 50, wtk=  0.00463, kpt=  0.0000  0.5000  0.0000 (reduced coord)
  -1.94336   -1.94333   -1.94303   -1.94300   -0.79925   -0.79923   -0.79864   -0.79862
  -0.79661   -0.79659   -0.79239   -0.79237   -0.79062   -0.79059   -0.78980   -0.78978
  -0.35810   -0.35809   -0.32682   -0.32681   -0.32360   -0.32360   -0.31374   -0.31373
   0.09521    0.09521    0.11094    0.11094    0.11756    0.11756    0.12822    0.12823
   0.14003    0.14003    0.19153    0.19153    0.19388    0.19389    0.19730    0.19731
   0.23752    0.23753    0.26179    0.26179    0.26633    0.26633    0.27638    0.27638
   0.47835    0.47934
 kpt#  18, nband= 50, wtk=  0.00926, kpt=  0.1667  0.5000  0.0000 (reduced coord)
  -1.94334   -1.94331   -1.94305   -1.94302   -0.79920   -0.79919   -0.79891   -0.79889
  -0.79716   -0.79714   -0.79183   -0.79181   -0.79088   -0.79086   -0.78931   -0.78930
  -0.35650   -0.35649   -0.32982   -0.32982   -0.32273   -0.32273   -0.31381   -0.31381
   0.09995    0.09996    0.11418    0.11418    0.11425    0.11425    0.13245    0.13246
   0.14635    0.14636    0.18899    0.18900    0.19030    0.19031    0.19794    0.19795
   0.23278    0.23279    0.25303    0.25304    0.26578    0.26579    0.27576    0.27577
   0.47230    0.47459
 kpt#  19, nband= 50, wtk=  0.00926, kpt=  0.3333  0.5000  0.0000 (reduced coord)
  -1.94328   -1.94325   -1.94311   -1.94308   -0.79997   -0.79996   -0.79923   -0.79923
  -0.79674   -0.79672   -0.79289   -0.79287   -0.78978   -0.78977   -0.78866   -0.78866
  -0.35185   -0.35185   -0.33681   -0.33681   -0.32043   -0.32043   -0.31496   -0.31496
   0.10565    0.10566    0.11000    0.11001    0.13038    0.13039    0.14343    0.14343
   0.15631    0.15632    0.17502    0.17503    0.18732    0.18732    0.20566    0.20566
   0.21034    0.21035    0.23647    0.23648    0.26835    0.26836    0.27433    0.27433
   0.46134    0.46173
 kpt#  20, nband= 50, wtk=  0.00463, kpt=  0.5000  0.5000  0.0000 (reduced coord)
  -1.94321   -1.94318   -1.94318   -1.94315   -0.79999   -0.79999   -0.79999   -0.79999
  -0.79488   -0.79486   -0.79486   -0.79484   -0.78878   -0.78877   -0.78877   -0.78877
  -0.34487   -0.34487   -0.34487   -0.34486   -0.31747   -0.31747   -0.31747   -0.31747
   0.10784    0.10785    0.10785    0.10785    0.15346    0.15346    0.15346    0.15346
   0.15794    0.15795    0.15795    0.15795    0.18933    0.18934    0.18934    0.18935
   0.21896    0.21896    0.21896    0.21897    0.27178    0.27178    0.27178    0.27179
   0.45760    0.45760
 kpt#  21, nband= 50, wtk=  0.00926, kpt=  0.0000  0.0000  0.1667 (reduced coord)
  -1.94365   -1.94308   -1.94300   -1.94299   -0.80445   -0.80444   -0.80389   -0.79396
  -0.79396   -0.79282   -0.79282   -0.79117   -0.79117   -0.78982   -0.78729   -0.78729
  -0.39059   -0.33579   -0.32798   -0.32798   -0.32508   -0.31666   -0.31666   -0.29982
   0.06597    0.06597    0.08176    0.10516    0.10517    0.10616    0.15795    0.15796
   0.16258    0.16259    0.16933    0.16934    0.22342    0.22349    0.23184    0.23184
   0.24083    0.24253    0.24260    0.25887    0.26088    0.26088    0.26721    0.26721
   0.44572    0.45106
 kpt#  22, nband= 50, wtk=  0.00926, kpt=  0.1667  0.0000  0.1667 (reduced coord)
  -1.94360   -1.94308   -1.94304   -1.94300   -0.80363   -0.80350   -0.80332   -0.79507
  -0.79361   -0.79248   -0.79224   -0.79222   -0.79127   -0.79061   -0.78781   -0.78770
  -0.38617   -0.33443   -0.32776   -0.32625   -0.32525   -0.32237   -0.31786   -0.30186
   0.07142    0.07566    0.08039    0.10506    0.10761    0.12319    0.15226    0.15287
   0.15576    0.15771    0.16498    0.16903    0.21708    0.22518    0.22650    0.23295
   0.24219    0.24272    0.24531    0.25026    0.25474    0.26420    0.26445    0.26618
   0.45365    0.45679
 kpt#  23, nband= 50, wtk=  0.00926, kpt=  0.3333  0.0000  0.1667 (reduced coord)
  -1.94349   -1.94316   -1.94306   -1.94301   -0.80173   -0.80138   -0.80086   -0.79711
  -0.79487   -0.79330   -0.79276   -0.79154   -0.79152   -0.79140   -0.78891   -0.78880
  -0.37380   -0.33724   -0.33081   -0.32714   -0.32571   -0.32154   -0.32110   -0.30736
   0.08627    0.08680    0.10248    0.11068    0.11463    0.12930    0.13670    0.14017
   0.14118    0.15636    0.16941    0.17939    0.19538    0.20347    0.21278    0.23000
   0.24117    0.24154    0.24818    0.24947    0.25113    0.26464    0.26623    0.26815
   0.46810    0.46919
 kpt#  24, nband= 50, wtk=  0.00926, kpt=  0.5000  0.0000  0.1667 (reduced coord)
  -1.94334   -1.94331   -1.94305   -1.94302   -0.79951   -0.79949   -0.79821   -0.79819
  -0.79714   -0.79712   -0.79200   -0.79199   -0.79023   -0.79023   -0.79022   -0.79021
  -0.35611   -0.35611   -0.32639   -0.32639   -0.32596   -0.32596   -0.31454   -0.31454
   0.10163    0.10163    0.11071    0.11071    0.12440    0.12441    0.12589    0.12589
   0.14425    0.14426    0.18986    0.18987    0.19372    0.19373    0.19640    0.19641
   0.24093    0.24094    0.25072    0.25073    0.26060    0.26060    0.26847    0.26847
   0.47677    0.47885
 kpt#  25, nband= 50, wtk=  0.00926, kpt= -0.3333  0.0000  0.1667 (reduced coord)
  -1.94349   -1.94316   -1.94306   -1.94301   -0.80173   -0.80138   -0.80086   -0.79711
  -0.79487   -0.79330   -0.79276   -0.79154   -0.79152   -0.79140   -0.78891   -0.78880
  -0.37380   -0.33724   -0.33081   -0.32714   -0.32571   -0.32154   -0.32110   -0.30736
   0.08627    0.08680    0.10248    0.11068    0.11463    0.12930    0.13670    0.14017
   0.14118    0.15636    0.16941    0.17939    0.19538    0.20347    0.21278    0.23000
   0.24117    0.24154    0.24818    0.24947    0.25113    0.26464    0.26623    0.26815
   0.46808    0.46964
 kpt#  26, nband= 50, wtk=  0.00926, kpt= -0.1667  0.0000  0.1667 (reduced coord)
  -1.94360   -1.94308   -1.94304   -1.94300   -0.80363   -0.80350   -0.80332   -0.79507
  -0.79361   -0.79248   -0.79224   -0.79222   -0.79127   -0.79061   -0.78781   -0.78770
  -0.38617   -0.33443   -0.32776   -0.32625   -0.32525   -0.32237   -0.31786   -0.30186
   0.07142    0.07566    0.08039    0.10506    0.10761    0.12319    0.15226    0.15287
   0.15576    0.15771    0.16498    0.16903    0.21708    0.22518    0.22650    0.23295
   0.24219    0.24272    0.24531    0.25026    0.25474    0.26420    0.26445    0.26618
   0.45365    0.45679
 kpt#  27, nband= 50, wtk=  0.00926, kpt=  0.0000  0.1667  0.1667 (reduced coord)
  -1.94360   -1.94308   -1.94304   -1.94300   -0.80364   -0.80350   -0.80332   -0.79507
  -0.79361   -0.79248   -0.79224   -0.79222   -0.79127   -0.79061   -0.78781   -0.78770
  -0.38617   -0.33443   -0.32776   -0.32625   -0.32525   -0.32238   -0.31786   -0.30186
   0.07143    0.07566    0.08039    0.10506    0.10761    0.12319    0.15227    0.15286
   0.15576    0.15772    0.16498    0.16904    0.21705    0.22518    0.22650    0.23303
   0.24214    0.24270    0.24530    0.25027    0.25474    0.26421    0.26445    0.26619
   0.45365    0.45679
 kpt#  28, nband= 50, wtk=  0.00926, kpt=  0.1667  0.1667  0.1667 (reduced coord)
  -1.94356   -1.94308   -1.94304   -1.94303   -0.80302   -0.80298   -0.80284   -0.79447
  -0.79440   -0.79344   -0.79197   -0.79195   -0.79194   -0.79080   -0.78847   -0.78743
  -0.38219   -0.33436   -0.32795   -0.32769   -0.32454   -0.32159   -0.32134   -0.30360
   0.08072    0.08077    0.08161    0.10624    0.11150    0.13331    0.14770    0.14787
   0.15498    0.15951    0.15956    0.16232    0.22088    0.22352    0.22408    0.22412
   0.24266    0.24450    0.24481    0.24956    0.25094    0.25864    0.25875    0.26796
   0.45977    0.46089
 kpt#  29, nband= 50, wtk=  0.00926, kpt=  0.3333  0.1667  0.1667 (reduced coord)
  -1.94345   -1.94315   -1.94307   -1.94304   -0.80171   -0.80163   -0.80113   -0.79593
  -0.79543   -0.79492   -0.79287   -0.79133   -0.79101   -0.79075   -0.78936   -0.78814
  -0.37105   -0.33831   -0.33381   -0.33020   -0.32302   -0.32167   -0.31948   -0.30824
   0.08957    0.09472    0.10550    0.11063    0.11900    0.12882    0.13733    0.13896
   0.14529    0.16129    0.16713    0.16975    0.19544    0.20881    0.21214    0.23024
   0.23189    0.23701    0.24630    0.24843    0.25288    0.25404    0.26392    0.26807
   0.46617    0.47369
 kpt#  30, nband= 50, wtk=  0.00926, kpt=  0.5000  0.1667  0.1667 (reduced coord)
  -1.94332   -1.94329   -1.94307   -1.94304   -0.80074   -0.80073   -0.79829   -0.79828
  -0.79678   -0.79676   -0.79137   -0.79135   -0.79047   -0.79045   -0.78963   -0.78961
  -0.35511   -0.35511   -0.33240   -0.33240   -0.32173   -0.32173   -0.31426   -0.31426
   0.10612    0.10612    0.11257    0.11257    0.12330    0.12331    0.12876    0.12877
   0.15045    0.15046    0.17824    0.17825    0.19641    0.19642    0.20236    0.20237
   0.23478    0.23479    0.24921    0.24922    0.25458    0.25458    0.26729    0.26730
   0.47182    0.47231
 kpt#  31, nband= 50, wtk=  0.00926, kpt= -0.3333  0.1667  0.1667 (reduced coord)
  -1.94345   -1.94315   -1.94307   -1.94304   -0.80171   -0.80163   -0.80113   -0.79593
  -0.79543   -0.79492   -0.79287   -0.79133   -0.79101   -0.79075   -0.78936   -0.78814
  -0.37105   -0.33831   -0.33381   -0.33019   -0.32302   -0.32167   -0.31948   -0.30824
   0.08957    0.09472    0.10550    0.11063    0.11900    0.12882    0.13733    0.13896
   0.14529    0.16129    0.16713    0.16975    0.19544    0.20881    0.21214    0.23024
   0.23189    0.23701    0.24630    0.24843    0.25288    0.25404    0.26392    0.26807
   0.46616    0.47329
 kpt#  32, nband= 50, wtk=  0.00926, kpt= -0.1667  0.1667  0.1667 (reduced coord)
  -1.94356   -1.94308   -1.94304   -1.94303   -0.80302   -0.80298   -0.80284   -0.79447
  -0.79440   -0.79344   -0.79197   -0.79196   -0.79194   -0.79080   -0.78847   -0.78743
  -0.38219   -0.33436   -0.32795   -0.32769   -0.32454   -0.32159   -0.32134   -0.30360
   0.08073    0.08077    0.08161    0.10624    0.11150    0.13331    0.14771    0.14787
   0.15498    0.15951    0.15957    0.16232    0.22088    0.22352    0.22408    0.22412
   0.24266    0.24450    0.24481    0.24956    0.25094    0.25864    0.25875    0.26796
   0.45976    0.46090
 kpt#  33, nband= 50, wtk=  0.00926, kpt=  0.0000  0.3333  0.1667 (reduced coord)
  -1.94349   -1.94316   -1.94306   -1.94301   -0.80173   -0.80138   -0.80085   -0.79711
  -0.79487   -0.79330   -0.79276   -0.79154   -0.79152   -0.79140   -0.78891   -0.78880
  -0.37380   -0.33723   -0.33081   -0.32715   -0.32572   -0.32140   -0.32123   -0.30736
   0.08627    0.08680    0.10248    0.11068    0.11464    0.12930    0.13669    0.14018
   0.14117    0.15636    0.16941    0.17939    0.19538    0.20346    0.21278    0.23000
   0.24116    0.24155    0.24818    0.24959    0.25100    0.26464    0.26624    0.26815
   0.46822    0.47004
 kpt#  34, nband= 50, wtk=  0.00926, kpt=  0.1667  0.3333  0.1667 (reduced coord)
  -1.94345   -1.94315   -1.94307   -1.94304   -0.80171   -0.80163   -0.80113   -0.79593
  -0.79543   -0.79492   -0.79287   -0.79133   -0.79101   -0.79075   -0.78936   -0.78814
  -0.37105   -0.33830   -0.33381   -0.33020   -0.32302   -0.32166   -0.31949   -0.30824
   0.08956    0.09473    0.10550    0.11064    0.11900    0.12882    0.13734    0.13896
   0.14529    0.16129    0.16713    0.16976    0.19544    0.20880    0.21214    0.23026
   0.23188    0.23701    0.24630    0.24844    0.25288    0.25402    0.26393    0.26807
   0.46616    0.47351
 kpt#  35, nband= 50, wtk=  0.00926, kpt=  0.3333  0.3333  0.1667 (reduced coord)
  -1.94337   -1.94314   -1.94313   -1.94307   -0.80160   -0.80158   -0.80155   -0.79779
  -0.79569   -0.79378   -0.79372   -0.79034   -0.79023   -0.79022   -0.78985   -0.78791
  -0.36326   -0.33982   -0.33975   -0.33759   -0.31995   -0.31844   -0.31837   -0.31072
   0.09895    0.11156    0.11217    0.11228    0.12867    0.13117    0.13126    0.14153
   0.15554    0.15575    0.16112    0.17862    0.19144    0.20570    0.21246    0.21268
   0.21884    0.23183    0.23185    0.23588    0.25560    0.26059    0.26089    0.26705
   0.46215    0.46996
 kpt#  36, nband= 50, wtk=  0.00926, kpt=  0.5000  0.3333  0.1667 (reduced coord)
  -1.94327   -1.94324   -1.94312   -1.94309   -0.80170   -0.80169   -0.80022   -0.80021
  -0.79497   -0.79495   -0.79181   -0.79179   -0.78969   -0.78968   -0.78878   -0.78877
  -0.35198   -0.35198   -0.33974   -0.33974   -0.31839   -0.31839   -0.31436   -0.31436
   0.11066    0.11066    0.11401    0.11402    0.13394    0.13395    0.13911    0.13912
   0.15810    0.15811    0.16653    0.16655    0.19911    0.19912    0.20575    0.20576
   0.21451    0.21452    0.23216    0.23217    0.25930    0.25931    0.26557    0.26557
   0.46254    0.46435
 kpt#  37, nband= 50, wtk=  0.00926, kpt= -0.3333  0.3333  0.1667 (reduced coord)
  -1.94337   -1.94314   -1.94313   -1.94307   -0.80159   -0.80158   -0.80155   -0.79779
  -0.79569   -0.79378   -0.79372   -0.79034   -0.79024   -0.79022   -0.78985   -0.78791
  -0.36326   -0.33983   -0.33974   -0.33759   -0.31995   -0.31844   -0.31836   -0.31072
   0.09895    0.11156    0.11217    0.11228    0.12867    0.13117    0.13125    0.14153
   0.15554    0.15575    0.16112    0.17862    0.19144    0.20570    0.21246    0.21267
   0.21884    0.23183    0.23185    0.23588    0.25560    0.26059    0.26089    0.26705
   0.46201    0.47028
 kpt#  38, nband= 50, wtk=  0.00926, kpt= -0.1667  0.3333  0.1667 (reduced coord)
  -1.94345   -1.94315   -1.94307   -1.94304   -0.80171   -0.80163   -0.80113   -0.79593
  -0.79543   -0.79492   -0.79287   -0.79133   -0.79101   -0.79075   -0.78936   -0.78814
  -0.37105   -0.33830   -0.33381   -0.33020   -0.32302   -0.32166   -0.31949   -0.30824
   0.08956    0.09473    0.10550    0.11064    0.11900    0.12882    0.13734    0.13896
   0.14529    0.16129    0.16713    0.16976    0.19544    0.20880    0.21214    0.23026
   0.23188    0.23701    0.24630    0.24844    0.25288    0.25402    0.26393    0.26807
   0.46616    0.47354
 kpt#  39, nband= 50, wtk=  0.00926, kpt=  0.0000  0.5000  0.1667 (reduced coord)
  -1.94334   -1.94331   -1.94305   -1.94302   -0.79950   -0.79949   -0.79821   -0.79819
  -0.79714   -0.79712   -0.79200   -0.79199   -0.79023   -0.79023   -0.79022   -0.79021
  -0.35611   -0.35611   -0.32640   -0.32640   -0.32596   -0.32595   -0.31454   -0.31454
   0.10163    0.10163    0.11072    0.11072    0.12441    0.12442    0.12587    0.12588
   0.14425    0.14425    0.18987    0.18988    0.19372    0.19373    0.19641    0.19641
   0.24093    0.24094    0.25072    0.25073    0.26059    0.26059    0.26847    0.26847
   0.47678    0.47849
 kpt#  40, nband= 50, wtk=  0.00926, kpt=  0.1667  0.5000  0.1667 (reduced coord)
  -1.94332   -1.94329   -1.94307   -1.94304   -0.80074   -0.80073   -0.79829   -0.79828
  -0.79678   -0.79676   -0.79137   -0.79135   -0.79047   -0.79045   -0.78963   -0.78961
  -0.35511   -0.35511   -0.33240   -0.33240   -0.32173   -0.32173   -0.31426   -0.31426
   0.10612    0.10612    0.11257    0.11258    0.12331    0.12332    0.12875    0.12875
   0.15045    0.15046    0.17824    0.17825    0.19641    0.19642    0.20236    0.20236
   0.23478    0.23479    0.24921    0.24922    0.25457    0.25458    0.26730    0.26731
   0.47180    0.47285
 kpt#  41, nband= 50, wtk=  0.00926, kpt=  0.3333  0.5000  0.1667 (reduced coord)
  -1.94327   -1.94324   -1.94312   -1.94309   -0.80170   -0.80169   -0.80022   -0.80021
  -0.79497   -0.79495   -0.79181   -0.79179   -0.78969   -0.78968   -0.78878   -0.78877
  -0.35198   -0.35198   -0.33974   -0.33974   -0.31839   -0.31839   -0.31436   -0.31436
   0.11066    0.11066    0.11402    0.11402    0.13394    0.13395    0.13911    0.13912
   0.15811    0.15812    0.16653    0.16655    0.19911    0.19912    0.20576    0.20576
   0.21451    0.21452    0.23216    0.23216    0.25930    0.25931    0.26558    0.26558
   0.46252    0.46267
 kpt#  42, nband= 50, wtk=  0.00926, kpt=  0.5000  0.5000  0.1667 (reduced coord)
  -1.94321   -1.94318   -1.94318   -1.94315   -0.80153   -0.80153   -0.80153   -0.80152
  -0.79327   -0.79325   -0.79325   -0.79324   -0.78877   -0.78877   -0.78877   -0.78877
  -0.34668   -0.34668   -0.34668   -0.34668   -0.31580   -0.31580   -0.31580   -0.31580
   0.11247    0.11248    0.11248    0.11248    0.15016    0.15017    0.15017    0.15017
   0.15687    0.15687    0.15687    0.15688    0.19973    0.19974    0.19974    0.19974
   0.21503    0.21503    0.21503    0.21503    0.26389    0.26390    0.26390    0.26390
   0.45987    0.45987
 kpt#  43, nband= 50, wtk=  0.00926, kpt= -0.3333  0.5000  0.1667 (reduced coord)
  -1.94327   -1.94324   -1.94312   -1.94309   -0.80170   -0.80169   -0.80022   -0.80021
  -0.79497   -0.79495   -0.79181   -0.79180   -0.78969   -0.78968   -0.78878   -0.78877
  -0.35198   -0.35198   -0.33974   -0.33974   -0.31839   -0.31839   -0.31436   -0.31436
   0.11066    0.11066    0.11402    0.11402    0.13394    0.13395    0.13911    0.13912
   0.15810    0.15812    0.16653    0.16654    0.19911    0.19912    0.20576    0.20576
   0.21451    0.21452    0.23216    0.23216    0.25930    0.25931    0.26557    0.26558
   0.46255    0.46294
 kpt#  44, nband= 50, wtk=  0.00926, kpt= -0.1667  0.5000  0.1667 (reduced coord)
  -1.94332   -1.94329   -1.94307   -1.94304   -0.80074   -0.80072   -0.79829   -0.79828
  -0.79678   -0.79676   -0.79137   -0.79135   -0.79047   -0.79045   -0.78963   -0.78961
  -0.35511   -0.35511   -0.33240   -0.33240   -0.32173   -0.32173   -0.31426   -0.31426
   0.10612    0.10612    0.11257    0.11258    0.12331    0.12332    0.12874    0.12875
   0.15045    0.15046    0.17824    0.17825    0.19641    0.19642    0.20236    0.20237
   0.23478    0.23479    0.24921    0.24922    0.25457    0.25458    0.26730    0.26731
   0.47199    0.47276
 kpt#  45, nband= 50, wtk=  0.00926, kpt=  0.0000 -0.3333  0.1667 (reduced coord)
  -1.94349   -1.94316   -1.94306   -1.94301   -0.80173   -0.80138   -0.80085   -0.79711
  -0.79487   -0.79330   -0.79276   -0.79154   -0.79152   -0.79140   -0.78891   -0.78880
  -0.37380   -0.33723   -0.33081   -0.32715   -0.32572   -0.32140   -0.32123   -0.30736
   0.08627    0.08680    0.10248    0.11068    0.11464    0.12930    0.13669    0.14018
   0.14117    0.15636    0.16941    0.17939    0.19538    0.20346    0.21278    0.23000
   0.24116    0.24155    0.24818    0.24959    0.25100    0.26464    0.26624    0.26815
   0.46814    0.47105
 kpt#  46, nband= 50, wtk=  0.00926, kpt=  0.1667 -0.3333  0.1667 (reduced coord)
  -1.94345   -1.94315   -1.94307   -1.94304   -0.80171   -0.80163   -0.80113   -0.79593
  -0.79543   -0.79492   -0.79287   -0.79133   -0.79101   -0.79075   -0.78936   -0.78814
  -0.37105   -0.33830   -0.33381   -0.33020   -0.32302   -0.32166   -0.31949   -0.30824
   0.08956    0.09473    0.10550    0.11064    0.11900    0.12882    0.13734    0.13896
   0.14529    0.16129    0.16713    0.16976    0.19544    0.20880    0.21214    0.23026
   0.23188    0.23701    0.24630    0.24844    0.25288    0.25402    0.26393    0.26807
   0.46614    0.47374
 kpt#  47, nband= 50, wtk=  0.00926, kpt=  0.3333 -0.3333  0.1667 (reduced coord)
  -1.94337   -1.94314   -1.94313   -1.94307   -0.80160   -0.80158   -0.80155   -0.79779
  -0.79569   -0.79378   -0.79372   -0.79034   -0.79023   -0.79022   -0.78985   -0.78791
  -0.36326   -0.33982   -0.33975   -0.33759   -0.31995   -0.31844   -0.31837   -0.31072
   0.09895    0.11156    0.11217    0.11228    0.12867    0.13117    0.13126    0.14153
   0.15554    0.15575    0.16112    0.17862    0.19144    0.20570    0.21246    0.21268
   0.21884    0.23183    0.23185    0.23588    0.25560    0.26059    0.26089    0.26705
   0.46202    0.47003
 kpt#  48, nband= 50, wtk=  0.00926, kpt=  0.5000 -0.3333  0.1667 (reduced coord)
  -1.94327   -1.94324   -1.94312   -1.94309   -0.80170   -0.80169   -0.80022   -0.80021
  -0.79497   -0.79495   -0.79181   -0.79179   -0.78969   -0.78968   -0.78878   -0.78877
  -0.35198   -0.35198   -0.33974   -0.33974   -0.31839   -0.31839   -0.31436   -0.31436
   0.11066    0.11066    0.11401    0.11402    0.13394    0.13395    0.13911    0.13912
   0.15810    0.15811    0.16653    0.16655    0.19911    0.19912    0.20575    0.20576
   0.21451    0.21452    0.23216    0.23217    0.25930    0.25931    0.26557    0.26557
   0.46253    0.46292
 kpt#  49, nband= 50, wtk=  0.00926, kpt= -0.3333 -0.3333  0.1667 (reduced coord)
  -1.94337   -1.94314   -1.94313   -1.94307   -0.80159   -0.80158   -0.80155   -0.79779
  -0.79569   -0.79378   -0.79372   -0.79034   -0.79024   -0.79022   -0.78985   -0.78791
  -0.36326   -0.33983   -0.33974   -0.33759   -0.31995   -0.31844   -0.31836   -0.31072
   0.09895    0.11156    0.11217    0.11228    0.12867    0.13117    0.13125    0.14153
   0.15554    0.15575    0.16112    0.17862    0.19144    0.20570    0.21246    0.21267
   0.21884    0.23183    0.23185    0.23588    0.25560    0.26059    0.26089    0.26705
   0.46202    0.47007
 kpt#  50, nband= 50, wtk=  0.00926, kpt= -0.1667 -0.3333  0.1667 (reduced coord)
  -1.94345   -1.94315   -1.94307   -1.94304   -0.80171   -0.80163   -0.80113   -0.79593
  -0.79543   -0.79492   -0.79287   -0.79133   -0.79101   -0.79075   -0.78936   -0.78814
  -0.37105   -0.33830   -0.33381   -0.33020   -0.32302   -0.32166   -0.31949   -0.30824
   0.08956    0.09473    0.10550    0.11064    0.11900    0.12882    0.13734    0.13896
   0.14529    0.16129    0.16713    0.16976    0.19544    0.20880    0.21214    0.23026
   0.23188    0.23701    0.24630    0.24844    0.25288    0.25402    0.26393    0.26807
   0.46643    0.47338
 kpt#  51, nband= 50, wtk=  0.00926, kpt=  0.0000 -0.1667  0.1667 (reduced coord)
  -1.94360   -1.94308   -1.94304   -1.94300   -0.80364   -0.80350   -0.80332   -0.79507
  -0.79361   -0.79248   -0.79224   -0.79222   -0.79127   -0.79061   -0.78781   -0.78770
  -0.38617   -0.33443   -0.32776   -0.32625   -0.32525   -0.32238   -0.31786   -0.30186
   0.07143    0.07566    0.08039    0.10506    0.10761    0.12319    0.15227    0.15286
   0.15576    0.15772    0.16498    0.16904    0.21705    0.22518    0.22650    0.23303
   0.24214    0.24270    0.24530    0.25027    0.25474    0.26421    0.26445    0.26619
   0.45365    0.45679
 kpt#  52, nband= 50, wtk=  0.00926, kpt=  0.1667 -0.1667  0.1667 (reduced coord)
  -1.94356   -1.94308   -1.94304   -1.94303   -0.80302   -0.80298   -0.80284   -0.79447
  -0.79440   -0.79344   -0.79197   -0.79195   -0.79194   -0.79080   -0.78847   -0.78743
  -0.38219   -0.33436   -0.32795   -0.32769   -0.32454   -0.32159   -0.32134   -0.30360
   0.08072    0.08077    0.08161    0.10624    0.11150    0.13331    0.14770    0.14787
   0.15498    0.15951    0.15956    0.16232    0.22088    0.22352    0.22408    0.22412
   0.24266    0.24450    0.24481    0.24956    0.25094    0.25864    0.25875    0.26796
   0.45977    0.46090
 kpt#  53, nband= 50, wtk=  0.00926, kpt=  0.3333 -0.1667  0.1667 (reduced coord)
  -1.94345   -1.94315   -1.94307   -1.94304   -0.80171   -0.80163   -0.80113   -0.79593
  -0.79543   -0.79492   -0.79287   -0.79133   -0.79101   -0.79075   -0.78936   -0.78814
  -0.37105   -0.33831   -0.33381   -0.33020   -0.32302   -0.32167   -0.31948   -0.30824
   0.08957    0.09472    0.10550    0.11063    0.11900    0.12882    0.13733    0.13896
   0.14529    0.16129    0.16713    0.16975    0.19544    0.20881    0.21214    0.23024
   0.23189    0.23701    0.24630    0.24843    0.25288    0.25404    0.26392    0.26807
   0.46612    0.47356
 kpt#  54, nband= 50, wtk=  0.00926, kpt=  0.5000 -0.1667  0.1667 (reduced coord)
  -1.94332   -1.94329   -1.94307   -1.94304   -0.80074   -0.80073   -0.79829   -0.79828
  -0.79678   -0.79676   -0.79137   -0.79135   -0.79047   -0.79045   -0.78963   -0.78961
  -0.35511   -0.35511   -0.33240   -0.33240   -0.32173   -0.32173   -0.31426   -0.31426
   0.10612    0.10612    0.11257    0.11257    0.12330    0.12331    0.12876    0.12877
   0.15045    0.15046    0.17824    0.17825    0.19641    0.19642    0.20236    0.20237
   0.23478    0.23479    0.24921    0.24922    0.25458    0.25458    0.26729    0.26730
   0.47183    0.47450
 kpt#  55, nband= 50, wtk=  0.00926, kpt= -0.3333 -0.1667  0.1667 (reduced coord)
  -1.94345   -1.94315   -1.94307   -1.94304   -0.80171   -0.80163   -0.80113   -0.79593
  -0.79543   -0.79492   -0.79287   -0.79133   -0.79101   -0.79075   -0.78936   -0.78814
  -0.37105   -0.33831   -0.33381   -0.33019   -0.32302   -0.32167   -0.31948   -0.30824
   0.08957    0.09472    0.10550    0.11063    0.11900    0.12882    0.13733    0.13896
   0.14529    0.16129    0.16713    0.16975    0.19544    0.20881    0.21214    0.23024
   0.23189    0.23701    0.24630    0.24843    0.25288    0.25404    0.26392    0.26807
   0.46616    0.47356
 kpt#  56, nband= 50, wtk=  0.00926, kpt= -0.1667 -0.1667  0.1667 (reduced coord)
  -1.94356   -1.94308   -1.94304   -1.94303   -0.80302   -0.80298   -0.80284   -0.79447
  -0.79440   -0.79344   -0.79197   -0.79196   -0.79194   -0.79080   -0.78847   -0.78743
  -0.38219   -0.33436   -0.32795   -0.32769   -0.32454   -0.32159   -0.32134   -0.30360
   0.08073    0.08077    0.08161    0.10624    0.11150    0.13331    0.14771    0.14787
   0.15498    0.15951    0.15957    0.16232    0.22088    0.22352    0.22408    0.22412
   0.24266    0.24450    0.24481    0.24956    0.25094    0.25864    0.25875    0.26796
   0.45977    0.46108
 kpt#  57, nband= 50, wtk=  0.00926, kpt=  0.0000  0.0000  0.3333 (reduced coord)
  -1.94353   -1.94319   -1.94300   -1.94299   -0.80229   -0.80229   -0.80111   -0.79624
  -0.79624   -0.79302   -0.79286   -0.79286   -0.79036   -0.79036   -0.78811   -0.78811
  -0.37814   -0.34076   -0.32884   -0.32548   -0.32548   -0.31895   -0.31895   -0.30806
   0.08232    0.08232    0.10966    0.11289    0.11290    0.13451    0.13496    0.13497
   0.14463    0.14463    0.18319    0.18320    0.19844    0.21898    0.21915    0.22020
   0.22513    0.22528    0.24377    0.24377    0.26708    0.26708    0.26872    0.26872
   0.45500    0.46584
 kpt#  58, nband= 50, wtk=  0.00926, kpt=  0.1667  0.0000  0.3333 (reduced coord)
  -1.94349   -1.94318   -1.94303   -1.94301   -0.80189   -0.80151   -0.80100   -0.79710
  -0.79573   -0.79401   -0.79237   -0.79214   -0.79114   -0.79039   -0.78860   -0.78816
  -0.37460   -0.33982   -0.32811   -0.32661   -0.32435   -0.32347   -0.31954   -0.30927
   0.08668    0.09078    0.10439    0.11355    0.11926    0.13371    0.13750    0.14370
   0.14445    0.14663    0.17131    0.17795    0.20186    0.20710    0.22082    0.22350
   0.22988    0.23476    0.23619    0.23890    0.25998    0.26026    0.26500    0.26611
   0.46077    0.46928
 kpt#  59, nband= 50, wtk=  0.00926, kpt=  0.3333  0.0000  0.3333 (reduced coord)
  -1.94339   -1.94315   -1.94312   -1.94304   -0.80066   -0.80060   -0.79937   -0.79857
  -0.79623   -0.79433   -0.79336   -0.79114   -0.79108   -0.79082   -0.78967   -0.78862
  -0.36467   -0.33718   -0.33533   -0.32958   -0.32615   -0.32135   -0.32111   -0.31254
   0.09808    0.10744    0.11156    0.11590    0.11941    0.13167    0.13506    0.14245
   0.15139    0.15644    0.17115    0.17466    0.19234    0.20385    0.21039    0.21608
   0.22047    0.23416    0.23582    0.24299    0.24945    0.25200    0.25778    0.26251
   0.47114    0.47401
 kpt#  60, nband= 50, wtk=  0.00926, kpt=  0.5000  0.0000  0.3333 (reduced coord)
  -1.94328   -1.94325   -1.94311   -1.94308   -0.79981   -0.79980   -0.79867   -0.79866
  -0.79640   -0.79638   -0.79244   -0.79242   -0.79032   -0.79031   -0.78971   -0.78970
  -0.35048   -0.35047   -0.33347   -0.33347   -0.32360   -0.32360   -0.31694   -0.31693
   0.11128    0.11128    0.11918    0.11919    0.11961    0.11962    0.14634    0.14634
   0.14653    0.14653    0.18456    0.18457    0.19144    0.19144    0.20450    0.20451
   0.21647    0.21647    0.24572    0.24573    0.24829    0.24829    0.25746    0.25746
   0.47353    0.47501
 kpt#  61, nband= 50, wtk=  0.00926, kpt= -0.3333  0.0000  0.3333 (reduced coord)
  -1.94339   -1.94315   -1.94312   -1.94304   -0.80066   -0.80060   -0.79937   -0.79857
  -0.79623   -0.79433   -0.79336   -0.79114   -0.79108   -0.79082   -0.78967   -0.78862
  -0.36467   -0.33718   -0.33533   -0.32958   -0.32615   -0.32135   -0.32111   -0.31254
   0.09808    0.10744    0.11156    0.11590    0.11941    0.13167    0.13506    0.14245
   0.15139    0.15644    0.17115    0.17466    0.19234    0.20385    0.21039    0.21608
   0.22047    0.23416    0.23582    0.24299    0.24945    0.25200    0.25778    0.26251
   0.47305    0.47435
 kpt#  62, nband= 50, wtk=  0.00926, kpt= -0.1667  0.0000  0.3333 (reduced coord)
  -1.94349   -1.94318   -1.94303   -1.94301   -0.80189   -0.80151   -0.80100   -0.79710
  -0.79573   -0.79401   -0.79237   -0.79214   -0.79114   -0.79039   -0.78860   -0.78816
  -0.37460   -0.33982   -0.32811   -0.32661   -0.32435   -0.32347   -0.31954   -0.30927
   0.08668    0.09078    0.10439    0.11356    0.11926    0.13371    0.13750    0.14370
   0.14445    0.14663    0.17131    0.17795    0.20186    0.20710    0.22082    0.22350
   0.22988    0.23475    0.23619    0.23890    0.25998    0.26026    0.26500    0.26611
   0.46077    0.46923
 kpt#  63, nband= 50, wtk=  0.00926, kpt=  0.0000  0.1667  0.3333 (reduced coord)
  -1.94349   -1.94318   -1.94303   -1.94301   -0.80189   -0.80151   -0.80100   -0.79710
  -0.79572   -0.79401   -0.79237   -0.79214   -0.79114   -0.79039   -0.78860   -0.78816
  -0.37460   -0.33982   -0.32811   -0.32662   -0.32434   -0.32348   -0.31953   -0.30927
   0.08668    0.09078    0.10439    0.11356    0.11926    0.13370    0.13750    0.14364
   0.14453    0.14663    0.17130    0.17796    0.20186    0.20707    0.22083    0.22356
   0.22989    0.23471    0.23619    0.23890    0.25997    0.26026    0.26500    0.26611
   0.46077    0.46923
 kpt#  64, nband= 50, wtk=  0.00926, kpt=  0.1667  0.1667  0.3333 (reduced coord)
  -1.94346   -1.94317   -1.94304   -1.94304   -0.80179   -0.80174   -0.80113   -0.79590
  -0.79582   -0.79510   -0.79201   -0.79186   -0.79184   -0.79009   -0.78870   -0.78815
  -0.37160   -0.34031   -0.32917   -0.32898   -0.32630   -0.32021   -0.32004   -0.31012
   0.09461    0.09468    0.10364    0.11742    0.11982    0.13731    0.13735    0.14474
   0.14657    0.15182    0.16486    0.16514    0.20558    0.21880    0.21892    0.21947
   0.23262    0.23284    0.23311    0.23679    0.25329    0.25753    0.25754    0.26054
   0.46450    0.47008
 kpt#  65, nband= 50, wtk=  0.00926, kpt=  0.3333  0.1667  0.3333 (reduced coord)
  -1.94337   -1.94315   -1.94312   -1.94307   -0.80181   -0.80141   -0.80126   -0.79748
  -0.79568   -0.79341   -0.79337   -0.79104   -0.79085   -0.79008   -0.78933   -0.78857
  -0.36318   -0.34025   -0.33834   -0.33421   -0.32275   -0.31928   -0.31813   -0.31244
   0.10442    0.10853    0.11380    0.12006    0.12106    0.13528    0.13895    0.14244
   0.15142    0.15217    0.15962    0.17345    0.20137    0.20713    0.21301    0.22143
   0.22597    0.23128    0.23282    0.23564    0.24380    0.24736    0.25041    0.25784
   0.46894    0.47449
 kpt#  66, nband= 50, wtk=  0.00926, kpt=  0.5000  0.1667  0.3333 (reduced coord)
  -1.94327   -1.94324   -1.94312   -1.94309   -0.80166   -0.80165   -0.79982   -0.79981
  -0.79477   -0.79475   -0.79109   -0.79108   -0.79014   -0.79012   -0.78976   -0.78974
  -0.35111   -0.35110   -0.33823   -0.33823   -0.31989   -0.31989   -0.31553   -0.31553
   0.11508    0.11508    0.12099    0.12099    0.12367    0.12367    0.13973    0.13973
   0.15337    0.15338    0.17348    0.17348    0.20237    0.20238    0.20572    0.20572
   0.22109    0.22110    0.23992    0.23993    0.24091    0.24093    0.25472    0.25473
   0.47155    0.47161
 kpt#  67, nband= 50, wtk=  0.00926, kpt= -0.3333  0.1667  0.3333 (reduced coord)
  -1.94337   -1.94315   -1.94312   -1.94307   -0.80181   -0.80141   -0.80126   -0.79748
  -0.79568   -0.79341   -0.79337   -0.79104   -0.79085   -0.79008   -0.78933   -0.78857
  -0.36318   -0.34025   -0.33834   -0.33421   -0.32275   -0.31928   -0.31813   -0.31244
   0.10442    0.10853    0.11380    0.12006    0.12106    0.13528    0.13895    0.14244
   0.15142    0.15217    0.15962    0.17345    0.20137    0.20713    0.21301    0.22143
   0.22597    0.23128    0.23282    0.23564    0.24380    0.24736    0.25041    0.25784
   0.46888    0.47500
 kpt#  68, nband= 50, wtk=  0.00926, kpt= -0.1667  0.1667  0.3333 (reduced coord)
  -1.94346   -1.94317   -1.94304   -1.94304   -0.80179   -0.80174   -0.80113   -0.79590
  -0.79582   -0.79510   -0.79201   -0.79186   -0.79184   -0.79009   -0.78870   -0.78815
  -0.37160   -0.34032   -0.32917   -0.32898   -0.32630   -0.32021   -0.32003   -0.31012
   0.09461    0.09468    0.10364    0.11742    0.11982    0.13731    0.13735    0.14474
   0.14657    0.15182    0.16486    0.16514    0.20558    0.21880    0.21892    0.21947
   0.23262    0.23284    0.23311    0.23679    0.25329    0.25753    0.25754    0.26054
   0.46450    0.46991
 kpt#  69, nband= 50, wtk=  0.00926, kpt=  0.0000  0.3333  0.3333 (reduced coord)
  -1.94339   -1.94315   -1.94312   -1.94304   -0.80066   -0.80060   -0.79937   -0.79857
  -0.79623   -0.79432   -0.79336   -0.79114   -0.79108   -0.79082   -0.78967   -0.78862
  -0.36467   -0.33718   -0.33533   -0.32959   -0.32615   -0.32126   -0.32119   -0.31254
   0.09808    0.10744    0.11156    0.11591    0.11940    0.13167    0.13505    0.14245
   0.15139    0.15645    0.17116    0.17466    0.19233    0.20384    0.21039    0.21608
   0.22048    0.23416    0.23583    0.24298    0.24944    0.25200    0.25778    0.26251
   0.47198    0.47423
 kpt#  70, nband= 50, wtk=  0.00926, kpt=  0.1667  0.3333  0.3333 (reduced coord)
  -1.94337   -1.94315   -1.94312   -1.94307   -0.80181   -0.80141   -0.80126   -0.79748
  -0.79568   -0.79341   -0.79337   -0.79104   -0.79085   -0.79008   -0.78933   -0.78857
  -0.36318   -0.34025   -0.33834   -0.33422   -0.32275   -0.31927   -0.31814   -0.31244
   0.10442    0.10852    0.11380    0.12007    0.12105    0.13527    0.13895    0.14243
   0.15142    0.15218    0.15962    0.17345    0.20137    0.20713    0.21301    0.22143
   0.22597    0.23129    0.23283    0.23562    0.24379    0.24737    0.25040    0.25784
   0.46891    0.47453
 kpt#  71, nband= 50, wtk=  0.00926, kpt=  0.3333  0.3333  0.3333 (reduced coord)
  -1.94331   -1.94316   -1.94313   -1.94311   -0.80278   -0.80274   -0.80272   -0.80011
  -0.79289   -0.79248   -0.79242   -0.79029   -0.79026   -0.78957   -0.78944   -0.78832
  -0.35874   -0.34405   -0.34285   -0.34279   -0.31801   -0.31559   -0.31554   -0.31244
   0.11414    0.11853    0.11870    0.12137    0.12896    0.14094    0.14102    0.14465
   0.14996    0.15000    0.15060    0.18295    0.19372    0.21742    0.21981    0.22005
   0.22216    0.22548    0.22550    0.22720    0.23036    0.24272    0.24310    0.25263
   0.46581    0.47410
 kpt#  72, nband= 50, wtk=  0.00926, kpt=  0.5000  0.3333  0.3333 (reduced coord)
  -1.94324   -1.94321   -1.94315   -1.94312   -0.80332   -0.80331   -0.80214   -0.80214
  -0.79250   -0.79248   -0.79044   -0.79042   -0.78951   -0.78949   -0.78908   -0.78907
  -0.35162   -0.35162   -0.34508   -0.34508   -0.31538   -0.31538   -0.31328   -0.31328
   0.12100    0.12101    0.12329    0.12330    0.13329    0.13330    0.14020    0.14021
   0.15479    0.15479    0.17105    0.17106    0.20153    0.20154    0.21347    0.21348
   0.21964    0.21965    0.22376    0.22377    0.23754    0.23755    0.24973    0.24974
   0.46589    0.46655
 kpt#  73, nband= 50, wtk=  0.00926, kpt= -0.3333  0.3333  0.3333 (reduced coord)
  -1.94331   -1.94316   -1.94313   -1.94311   -0.80278   -0.80275   -0.80272   -0.80011
  -0.79289   -0.79248   -0.79242   -0.79029   -0.79026   -0.78957   -0.78944   -0.78832
  -0.35874   -0.34405   -0.34285   -0.34278   -0.31801   -0.31559   -0.31553   -0.31244
   0.11414    0.11853    0.11870    0.12137    0.12896    0.14094    0.14102    0.14465
   0.14996    0.15000    0.15060    0.18295    0.19372    0.21742    0.21981    0.22005
   0.22216    0.22549    0.22550    0.22720    0.23036    0.24273    0.24310    0.25263
   0.46578    0.47451
 kpt#  74, nband= 50, wtk=  0.00926, kpt= -0.1667  0.3333  0.3333 (reduced coord)
  -1.94337   -1.94315   -1.94312   -1.94307   -0.80181   -0.80141   -0.80126   -0.79748
  -0.79568   -0.79341   -0.79337   -0.79104   -0.79085   -0.79008   -0.78933   -0.78857
  -0.36318   -0.34025   -0.33834   -0.33422   -0.32275   -0.31927   -0.31814   -0.31244
   0.10442    0.10853    0.11380    0.12007    0.12105    0.13527    0.13895    0.14243
   0.15142    0.15218    0.15962    0.17345    0.20137    0.20713    0.21301    0.22143
   0.22597    0.23129    0.23283    0.23562    0.24379    0.24737    0.25040    0.25784
   0.46888    0.47525
 kpt#  75, nband= 50, wtk=  0.00926, kpt=  0.0000  0.5000  0.3333 (reduced coord)
  -1.94328   -1.94325   -1.94311   -1.94308   -0.79981   -0.79980   -0.79867   -0.79867
  -0.79640   -0.79638   -0.79244   -0.79242   -0.79032   -0.79031   -0.78971   -0.78970
  -0.35048   -0.35047   -0.33348   -0.33347   -0.32360   -0.32359   -0.31693   -0.31693
   0.11128    0.11129    0.11921    0.11922    0.11958    0.11958    0.14635    0.14636
   0.14651    0.14652    0.18457    0.18458    0.19144    0.19145    0.20451    0.20451
   0.21646    0.21646    0.24572    0.24573    0.24829    0.24829    0.25746    0.25746
   0.47347    0.47456
 kpt#  76, nband= 50, wtk=  0.00926, kpt=  0.1667  0.5000  0.3333 (reduced coord)
  -1.94327   -1.94324   -1.94312   -1.94309   -0.80166   -0.80165   -0.79982   -0.79981
  -0.79477   -0.79475   -0.79109   -0.79108   -0.79014   -0.79012   -0.78976   -0.78974
  -0.35111   -0.35110   -0.33823   -0.33823   -0.31988   -0.31988   -0.31553   -0.31553
   0.11508    0.11509    0.12099    0.12099    0.12366    0.12366    0.13973    0.13973
   0.15337    0.15338    0.17348    0.17349    0.20238    0.20239    0.20571    0.20572
   0.22108    0.22109    0.23993    0.23994    0.24090    0.24092    0.25472    0.25473
   0.47151    0.47194
 kpt#  77, nband= 50, wtk=  0.00926, kpt=  0.3333  0.5000  0.3333 (reduced coord)
  -1.94324   -1.94321   -1.94315   -1.94312   -0.80332   -0.80331   -0.80214   -0.80214
  -0.79250   -0.79248   -0.79044   -0.79042   -0.78951   -0.78949   -0.78908   -0.78907
  -0.35162   -0.35162   -0.34508   -0.34508   -0.31538   -0.31538   -0.31328   -0.31328
   0.12100    0.12100    0.12330    0.12331    0.13329    0.13329    0.14020    0.14020
   0.15479    0.15480    0.17105    0.17106    0.20153    0.20154    0.21348    0.21349
   0.21964    0.21965    0.22374    0.22376    0.23754    0.23755    0.24973    0.24974
   0.46590    0.46600
 kpt#  78, nband= 50, wtk=  0.00926, kpt=  0.5000  0.5000  0.3333 (reduced coord)
  -1.94321   -1.94318   -1.94318   -1.94315   -0.80351   -0.80350   -0.80350   -0.80349
  -0.79116   -0.79115   -0.79115   -0.79113   -0.78876   -0.78876   -0.78876   -0.78876
  -0.34986   -0.34986   -0.34986   -0.34985   -0.31297   -0.31297   -0.31296   -0.31296
   0.12312    0.12312    0.12312    0.12313    0.14044    0.14044    0.14044    0.14044
   0.16506    0.16506    0.16506    0.16507    0.20590    0.20590    0.20590    0.20591
   0.21470    0.21470    0.21470    0.21471    0.24555    0.24557    0.24557    0.24557
   0.46422    0.46422
 kpt#  79, nband= 50, wtk=  0.00926, kpt= -0.3333  0.5000  0.3333 (reduced coord)
  -1.94324   -1.94321   -1.94315   -1.94312   -0.80332   -0.80331   -0.80214   -0.80214
  -0.79250   -0.79248   -0.79044   -0.79042   -0.78951   -0.78949   -0.78908   -0.78907
  -0.35162   -0.35162   -0.34508   -0.34508   -0.31538   -0.31538   -0.31328   -0.31328
   0.12100    0.12100    0.12330    0.12331    0.13329    0.13330    0.14020    0.14021
   0.15479    0.15480    0.17105    0.17106    0.20153    0.20154    0.21348    0.21348
   0.21964    0.21965    0.22374    0.22376    0.23754    0.23755    0.24973    0.24974
   0.46589    0.46623
 kpt#  80, nband= 50, wtk=  0.00926, kpt= -0.1667  0.5000  0.3333 (reduced coord)
  -1.94327   -1.94324   -1.94312   -1.94309   -0.80166   -0.80165   -0.79982   -0.79981
  -0.79477   -0.79475   -0.79109   -0.79108   -0.79014   -0.79012   -0.78976   -0.78974
  -0.35111   -0.35111   -0.33823   -0.33823   -0.31989   -0.31988   -0.31553   -0.31553
   0.11508    0.11509    0.12099    0.12099    0.12366    0.12367    0.13973    0.13973
   0.15338    0.15338    0.17348    0.17349    0.20238    0.20239    0.20571    0.20572
   0.22108    0.22109    0.23993    0.23994    0.24090    0.24092    0.25472    0.25473
   0.47149    0.47160
 kpt#  81, nband= 50, wtk=  0.00926, kpt=  0.0000 -0.3333  0.3333 (reduced coord)
  -1.94339   -1.94315   -1.94312   -1.94304   -0.80066   -0.80060   -0.79937   -0.79857
  -0.79623   -0.79432   -0.79336   -0.79114   -0.79108   -0.79082   -0.78967   -0.78862
  -0.36467   -0.33718   -0.33533   -0.32959   -0.32615   -0.32126   -0.32119   -0.31254
   0.09808    0.10744    0.11156    0.11591    0.11940    0.13167    0.13505    0.14245
   0.15139    0.15645    0.17116    0.17466    0.19233    0.20384    0.21039    0.21608
   0.22048    0.23416    0.23583    0.24298    0.24944    0.25200    0.25778    0.26251
   0.47122    0.47427
 kpt#  82, nband= 50, wtk=  0.00926, kpt=  0.1667 -0.3333  0.3333 (reduced coord)
  -1.94337   -1.94315   -1.94312   -1.94307   -0.80181   -0.80141   -0.80126   -0.79748
  -0.79568   -0.79341   -0.79337   -0.79104   -0.79085   -0.79008   -0.78933   -0.78857
  -0.36318   -0.34025   -0.33834   -0.33422   -0.32275   -0.31927   -0.31814   -0.31244
   0.10442    0.10852    0.11380    0.12007    0.12105    0.13527    0.13895    0.14243
   0.15142    0.15218    0.15962    0.17345    0.20137    0.20713    0.21301    0.22143
   0.22597    0.23129    0.23283    0.23562    0.24379    0.24737    0.25040    0.25784
   0.46889    0.47463
 kpt#  83, nband= 50, wtk=  0.00926, kpt=  0.3333 -0.3333  0.3333 (reduced coord)
  -1.94331   -1.94316   -1.94313   -1.94311   -0.80278   -0.80274   -0.80272   -0.80011
  -0.79289   -0.79248   -0.79242   -0.79029   -0.79026   -0.78957   -0.78944   -0.78832
  -0.35874   -0.34405   -0.34285   -0.34279   -0.31801   -0.31559   -0.31554   -0.31244
   0.11414    0.11853    0.11870    0.12137    0.12896    0.14094    0.14102    0.14465
   0.14996    0.15000    0.15060    0.18295    0.19372    0.21742    0.21981    0.22005
   0.22216    0.22548    0.22550    0.22720    0.23036    0.24272    0.24310    0.25263
   0.46579    0.47377
 kpt#  84, nband= 50, wtk=  0.00926, kpt=  0.5000 -0.3333  0.3333 (reduced coord)
  -1.94324   -1.94321   -1.94315   -1.94312   -0.80332   -0.80331   -0.80214   -0.80214
  -0.79250   -0.79248   -0.79044   -0.79042   -0.78951   -0.78949   -0.78908   -0.78907
  -0.35162   -0.35162   -0.34508   -0.34508   -0.31538   -0.31538   -0.31328   -0.31328
   0.12100    0.12101    0.12329    0.12330    0.13329    0.13330    0.14020    0.14021
   0.15479    0.15479    0.17105    0.17106    0.20153    0.20154    0.21347    0.21348
   0.21964    0.21965    0.22376    0.22377    0.23754    0.23755    0.24973    0.24974
   0.46591    0.46604
 kpt#  85, nband= 50, wtk=  0.00926, kpt= -0.3333 -0.3333  0.3333 (reduced coord)
  -1.94331   -1.94316   -1.94313   -1.94311   -0.80278   -0.80275   -0.80272   -0.80011
  -0.79289   -0.79248   -0.79242   -0.79029   -0.79026   -0.78957   -0.78944   -0.78832
  -0.35874   -0.34405   -0.34285   -0.34278   -0.31801   -0.31559   -0.31553   -0.31244
   0.11414    0.11853    0.11870    0.12137    0.12896    0.14094    0.14102    0.14465
   0.14996    0.15000    0.15060    0.18295    0.19372    0.21742    0.21981    0.22005
   0.22216    0.22549    0.22550    0.22720    0.23036    0.24273    0.24310    0.25263
   0.46579    0.47383
 kpt#  86, nband= 50, wtk=  0.00926, kpt= -0.1667 -0.3333  0.3333 (reduced coord)
  -1.94337   -1.94315   -1.94312   -1.94307   -0.80181   -0.80141   -0.80126   -0.79748
  -0.79568   -0.79341   -0.79337   -0.79104   -0.79085   -0.79008   -0.78933   -0.78857
  -0.36318   -0.34025   -0.33834   -0.33422   -0.32275   -0.31927   -0.31814   -0.31244
   0.10442    0.10853    0.11380    0.12007    0.12105    0.13527    0.13895    0.14243
   0.15142    0.15218    0.15962    0.17345    0.20137    0.20713    0.21301    0.22143
   0.22597    0.23129    0.23283    0.23562    0.24379    0.24737    0.25040    0.25784
   0.46890    0.47469
 kpt#  87, nband= 50, wtk=  0.00926, kpt=  0.0000 -0.1667  0.3333 (reduced coord)
  -1.94349   -1.94318   -1.94303   -1.94301   -0.80189   -0.80151   -0.80100   -0.79710
  -0.79572   -0.79401   -0.79237   -0.79214   -0.79114   -0.79039   -0.78860   -0.78816
  -0.37460   -0.33982   -0.32811   -0.32662   -0.32434   -0.32348   -0.31953   -0.30927
   0.08668    0.09078    0.10439    0.11356    0.11926    0.13370    0.13750    0.14364
   0.14453    0.14663    0.17130    0.17796    0.20186    0.20707    0.22083    0.22356
   0.22989    0.23471    0.23619    0.23890    0.25997    0.26026    0.26500    0.26611
   0.46077    0.46922
 kpt#  88, nband= 50, wtk=  0.00926, kpt=  0.1667 -0.1667  0.3333 (reduced coord)
  -1.94346   -1.94317   -1.94304   -1.94304   -0.80179   -0.80174   -0.80113   -0.79590
  -0.79582   -0.79510   -0.79201   -0.79186   -0.79184   -0.79009   -0.78870   -0.78815
  -0.37160   -0.34031   -0.32917   -0.32898   -0.32630   -0.32021   -0.32004   -0.31012
   0.09461    0.09468    0.10364    0.11742    0.11982    0.13731    0.13735    0.14474
   0.14657    0.15182    0.16486    0.16514    0.20558    0.21880    0.21892    0.21947
   0.23262    0.23284    0.23311    0.23679    0.25329    0.25753    0.25754    0.26054
   0.46450    0.46991
 kpt#  89, nband= 50, wtk=  0.00926, kpt=  0.3333 -0.1667  0.3333 (reduced coord)
  -1.94337   -1.94315   -1.94312   -1.94307   -0.80181   -0.80141   -0.80126   -0.79748
  -0.79568   -0.79341   -0.79337   -0.79104   -0.79085   -0.79008   -0.78933   -0.78857
  -0.36318   -0.34025   -0.33834   -0.33421   -0.32275   -0.31928   -0.31813   -0.31244
   0.10442    0.10853    0.11380    0.12006    0.12106    0.13528    0.13895    0.14244
   0.15142    0.15217    0.15962    0.17345    0.20137    0.20713    0.21301    0.22143
   0.22597    0.23128    0.23282    0.23564    0.24380    0.24736    0.25041    0.25784
   0.46893    0.47542
 kpt#  90, nband= 50, wtk=  0.00926, kpt=  0.5000 -0.1667  0.3333 (reduced coord)
  -1.94327   -1.94324   -1.94312   -1.94309   -0.80166   -0.80165   -0.79982   -0.79981
  -0.79477   -0.79475   -0.79109   -0.79108   -0.79014   -0.79012   -0.78976   -0.78974
  -0.35111   -0.35110   -0.33823   -0.33823   -0.31989   -0.31989   -0.31553   -0.31553
   0.11508    0.11508    0.12099    0.12099    0.12367    0.12367    0.13973    0.13973
   0.15337    0.15338    0.17348    0.17348    0.20237    0.20238    0.20572    0.20572
   0.22109    0.22110    0.23992    0.23993    0.24091    0.24093    0.25472    0.25473
   0.47157    0.47233
 kpt#  91, nband= 50, wtk=  0.00926, kpt= -0.3333 -0.1667  0.3333 (reduced coord)
  -1.94337   -1.94315   -1.94312   -1.94307   -0.80181   -0.80141   -0.80126   -0.79748
  -0.79568   -0.79341   -0.79337   -0.79104   -0.79085   -0.79008   -0.78933   -0.78857
  -0.36318   -0.34025   -0.33834   -0.33421   -0.32275   -0.31928   -0.31813   -0.31244
   0.10442    0.10853    0.11380    0.12006    0.12106    0.13528    0.13895    0.14244
   0.15142    0.15217    0.15962    0.17345    0.20137    0.20713    0.21301    0.22143
   0.22597    0.23128    0.23282    0.23564    0.24380    0.24736    0.25041    0.25784
   0.46897    0.47565
 kpt#  92, nband= 50, wtk=  0.00926, kpt= -0.1667 -0.1667  0.3333 (reduced coord)
  -1.94346   -1.94317   -1.94304   -1.94304   -0.80179   -0.80174   -0.80113   -0.79590
  -0.79582   -0.79510   -0.79201   -0.79186   -0.79184   -0.79009   -0.78870   -0.78815
  -0.37160   -0.34032   -0.32917   -0.32898   -0.32630   -0.32021   -0.32003   -0.31012
   0.09461    0.09468    0.10364    0.11742    0.11982    0.13731    0.13735    0.14474
   0.14657    0.15182    0.16486    0.16514    0.20558    0.21880    0.21892    0.21947
   0.23262    0.23284    0.23311    0.23679    0.25329    0.25753    0.25754    0.26054
   0.46450    0.46991
 kpt#  93, nband= 50, wtk=  0.00463, kpt=  0.0000  0.0000  0.5000 (reduced coord)
  -1.94336   -1.94336   -1.94300   -1.94299   -0.79929   -0.79929   -0.79929   -0.79929
  -0.79716   -0.79716   -0.79288   -0.79288   -0.78934   -0.78934   -0.78914   -0.78914
  -0.36019   -0.36019   -0.32217   -0.32217   -0.32216   -0.32216   -0.31880   -0.31880
   0.10667    0.10668    0.10722    0.10722    0.12208    0.12208    0.13143    0.13143
   0.15080    0.15081    0.17528    0.17528    0.20317    0.20317    0.20321    0.20321
   0.21807    0.21808    0.24879    0.24879    0.26912    0.26912    0.26968    0.26968
   0.46875    0.46970
 kpt#  94, nband= 50, wtk=  0.00926, kpt=  0.1667  0.0000  0.5000 (reduced coord)
  -1.94334   -1.94333   -1.94302   -1.94302   -0.79956   -0.79956   -0.79864   -0.79864
  -0.79765   -0.79765   -0.79223   -0.79223   -0.78999   -0.78999   -0.78909   -0.78909
  -0.35791   -0.35791   -0.32502   -0.32502   -0.32190   -0.32190   -0.31898   -0.31898
   0.10853    0.10853    0.11383    0.11383    0.12173    0.12173    0.12867    0.12868
   0.15818    0.15818    0.18070    0.18071    0.18988    0.18988    0.19900    0.19900
   0.23024    0.23024    0.24107    0.24107    0.26351    0.26351    0.26417    0.26417
   0.47134    0.47134
 kpt#  95, nband= 50, wtk=  0.00926, kpt=  0.3333  0.0000  0.5000 (reduced coord)
  -1.94327   -1.94327   -1.94309   -1.94308   -0.79984   -0.79984   -0.79869   -0.79868
  -0.79686   -0.79686   -0.79186   -0.79186   -0.79090   -0.79090   -0.78914   -0.78914
  -0.35148   -0.35148   -0.33258   -0.33258   -0.32119   -0.32119   -0.31950   -0.31949
   0.11161    0.11161    0.11867    0.11867    0.13013    0.13014    0.13096    0.13097
   0.16962    0.16962    0.17604    0.17604    0.18982    0.18983    0.19632    0.19633
   0.21740    0.21740    0.24079    0.24079    0.24945    0.24945    0.25818    0.25818
   0.47360    0.47513
 kpt#  96, nband= 50, wtk=  0.00463, kpt=  0.5000  0.0000  0.5000 (reduced coord)
  -1.94321   -1.94318   -1.94318   -1.94315   -0.79957   -0.79957   -0.79955   -0.79955
  -0.79440   -0.79438   -0.79438   -0.79436   -0.78975   -0.78975   -0.78973   -0.78973
  -0.34231   -0.34231   -0.34231   -0.34231   -0.32031   -0.32031   -0.32031   -0.32030
   0.11499    0.11500    0.11500    0.11500    0.13685    0.13685    0.13687    0.13687
   0.17760    0.17761    0.17762    0.17762    0.18694    0.18694    0.18694    0.18694
   0.22217    0.22217    0.22217    0.22217    0.25298    0.25298    0.25299    0.25299
   0.47383    0.47386
 kpt#  97, nband= 50, wtk=  0.00926, kpt=  0.0000  0.1667  0.5000 (reduced coord)
  -1.94334   -1.94333   -1.94302   -1.94302   -0.79956   -0.79956   -0.79864   -0.79864
  -0.79765   -0.79765   -0.79223   -0.79223   -0.78999   -0.78999   -0.78909   -0.78909
  -0.35791   -0.35791   -0.32503   -0.32503   -0.32189   -0.32189   -0.31898   -0.31898
   0.10853    0.10853    0.11383    0.11383    0.12173    0.12173    0.12868    0.12868
   0.15817    0.15817    0.18071    0.18071    0.18987    0.18987    0.19902    0.19902
   0.23023    0.23023    0.24108    0.24108    0.26351    0.26351    0.26417    0.26417
   0.47134    0.47134
 kpt#  98, nband= 50, wtk=  0.00926, kpt=  0.1667  0.1667  0.5000 (reduced coord)
  -1.94332   -1.94331   -1.94304   -1.94304   -0.80087   -0.80087   -0.79898   -0.79777
  -0.79683   -0.79683   -0.79182   -0.79182   -0.79089   -0.78943   -0.78921   -0.78903
  -0.35666   -0.35607   -0.32957   -0.32957   -0.31958   -0.31958   -0.31925   -0.31814
   0.11124    0.11125    0.11932    0.11933    0.12059    0.12328    0.12516    0.13248
   0.15497    0.17048    0.17506    0.17506    0.18415    0.18459    0.20920    0.20921
   0.23044    0.23045    0.23237    0.24218    0.25529    0.25709    0.25710    0.26024
   0.46797    0.47841
 kpt#  99, nband= 50, wtk=  0.00926, kpt=  0.3333  0.1667  0.5000 (reduced coord)
  -1.94326   -1.94326   -1.94310   -1.94309   -0.80190   -0.80132   -0.80068   -0.79916
  -0.79501   -0.79421   -0.79203   -0.79089   -0.79069   -0.79023   -0.78921   -0.78902
  -0.35239   -0.35139   -0.33739   -0.33676   -0.31892   -0.31839   -0.31756   -0.31719
   0.11427    0.11742    0.12067    0.12070    0.12924    0.13016    0.13324    0.13919
   0.15749    0.16151    0.16595    0.18359    0.19488    0.19563    0.20338    0.20860
   0.21227    0.22659    0.23596    0.23601    0.24131    0.24561    0.24702    0.25608
   0.46829    0.48004
 kpt# 100, nband= 50, wtk=  0.00926, kpt=  0.5000  0.1667  0.5000 (reduced coord)
  -1.94321   -1.94318   -1.94318   -1.94315   -0.80183   -0.80182   -0.80063   -0.80062
  -0.79345   -0.79343   -0.79187   -0.79186   -0.78988   -0.78986   -0.78956   -0.78954
  -0.34559   -0.34559   -0.34455   -0.34455   -0.31842   -0.31841   -0.31683   -0.31683
   0.11791    0.11792    0.12034    0.12034    0.13415    0.13417    0.13910    0.13912
   0.16575    0.16576    0.17296    0.17296    0.19781    0.19781    0.20350    0.20350
   0.21804    0.21805    0.21959    0.21960    0.24361    0.24362    0.25202    0.25203
   0.47118    0.47623
 kpt# 101, nband= 50, wtk=  0.00926, kpt= -0.3333  0.1667  0.5000 (reduced coord)
  -1.94326   -1.94326   -1.94310   -1.94309   -0.80190   -0.80132   -0.80068   -0.79916
  -0.79501   -0.79421   -0.79203   -0.79089   -0.79069   -0.79023   -0.78921   -0.78902
  -0.35239   -0.35139   -0.33739   -0.33676   -0.31892   -0.31839   -0.31756   -0.31719
   0.11427    0.11742    0.12067    0.12070    0.12924    0.13016    0.13324    0.13919
   0.15749    0.16151    0.16595    0.18359    0.19488    0.19563    0.20338    0.20860
   0.21227    0.22659    0.23596    0.23601    0.24131    0.24561    0.24702    0.25608
   0.46828    0.47899
 kpt# 102, nband= 50, wtk=  0.00926, kpt= -0.1667  0.1667  0.5000 (reduced coord)
  -1.94332   -1.94331   -1.94304   -1.94304   -0.80087   -0.80087   -0.79898   -0.79777
  -0.79683   -0.79683   -0.79182   -0.79182   -0.79089   -0.78943   -0.78921   -0.78903
  -0.35666   -0.35607   -0.32957   -0.32957   -0.31958   -0.31958   -0.31925   -0.31814
   0.11124    0.11125    0.11932    0.11933    0.12059    0.12328    0.12516    0.13248
   0.15497    0.17048    0.17506    0.17506    0.18415    0.18459    0.20920    0.20921
   0.23044    0.23045    0.23237    0.24218    0.25529    0.25709    0.25710    0.26024
   0.46796    0.47880
 kpt# 103, nband= 50, wtk=  0.00926, kpt=  0.0000  0.3333  0.5000 (reduced coord)
  -1.94327   -1.94327   -1.94309   -1.94308   -0.79984   -0.79984   -0.79869   -0.79869
  -0.79686   -0.79686   -0.79186   -0.79186   -0.79090   -0.79090   -0.78914   -0.78914
  -0.35148   -0.35148   -0.33259   -0.33259   -0.32118   -0.32118   -0.31949   -0.31949
   0.11160    0.11160    0.11867    0.11867    0.13013    0.13013    0.13096    0.13096
   0.16961    0.16961    0.17604    0.17604    0.18983    0.18983    0.19634    0.19634
   0.21740    0.21740    0.24079    0.24079    0.24945    0.24945    0.25818    0.25818
   0.47360    0.47483
 kpt# 104, nband= 50, wtk=  0.00926, kpt=  0.1667  0.3333  0.5000 (reduced coord)
  -1.94326   -1.94326   -1.94310   -1.94309   -0.80190   -0.80132   -0.80068   -0.79916
  -0.79501   -0.79421   -0.79203   -0.79089   -0.79069   -0.79023   -0.78921   -0.78902
  -0.35239   -0.35139   -0.33739   -0.33677   -0.31891   -0.31838   -0.31755   -0.31719
   0.11426    0.11742    0.12066    0.12070    0.12924    0.13016    0.13324    0.13919
   0.15749    0.16151    0.16596    0.18357    0.19491    0.19564    0.20338    0.20860
   0.21227    0.22659    0.23597    0.23599    0.24133    0.24560    0.24702    0.25608
   0.46828    0.47964
 kpt# 105, nband= 50, wtk=  0.00926, kpt=  0.3333  0.3333  0.5000 (reduced coord)
  -1.94323   -1.94322   -1.94313   -1.94312   -0.80326   -0.80326   -0.80280   -0.80138
  -0.79187   -0.79187   -0.79135   -0.79033   -0.79033   -0.78972   -0.78893   -0.78883
  -0.35244   -0.35125   -0.34412   -0.34412   -0.31626   -0.31437   -0.31437   -0.31414
   0.12338    0.12339    0.12448    0.12449    0.13218    0.13530    0.13871    0.13872
   0.15561    0.15562    0.16255    0.19054    0.19461    0.19580    0.21513    0.21948
   0.21950    0.22247    0.22248    0.22850    0.23147    0.23499    0.23500    0.24783
   0.46870    0.47104
 kpt# 106, nband= 50, wtk=  0.00926, kpt=  0.5000  0.3333  0.5000 (reduced coord)
  -1.94321   -1.94318   -1.94318   -1.94315   -0.80380   -0.80380   -0.80304   -0.80304
  -0.79126   -0.79126   -0.79005   -0.79004   -0.78955   -0.78955   -0.78916   -0.78915
  -0.34980   -0.34980   -0.34907   -0.34906   -0.31410   -0.31410   -0.31282   -0.31282
   0.12594    0.12595    0.12921    0.12921    0.13303    0.13304    0.13675    0.13676
   0.16398    0.16398    0.17249    0.17249    0.20476    0.20476    0.20504    0.20505
   0.21965    0.21965    0.22339    0.22340    0.22808    0.22809    0.24364    0.24365
   0.46782    0.46814
 kpt# 107, nband= 50, wtk=  0.00926, kpt= -0.3333  0.3333  0.5000 (reduced coord)
  -1.94323   -1.94322   -1.94313   -1.94312   -0.80326   -0.80326   -0.80280   -0.80138
  -0.79187   -0.79187   -0.79135   -0.79033   -0.79033   -0.78972   -0.78893   -0.78883
  -0.35244   -0.35125   -0.34412   -0.34412   -0.31626   -0.31437   -0.31437   -0.31414
   0.12338    0.12339    0.12448    0.12449    0.13218    0.13530    0.13871    0.13872
   0.15561    0.15562    0.16255    0.19054    0.19461    0.19580    0.21513    0.21948
   0.21950    0.22247    0.22248    0.22850    0.23147    0.23499    0.23500    0.24783
   0.46866    0.47093
 kpt# 108, nband= 50, wtk=  0.00926, kpt= -0.1667  0.3333  0.5000 (reduced coord)
  -1.94326   -1.94326   -1.94310   -1.94309   -0.80190   -0.80132   -0.80068   -0.79916
  -0.79501   -0.79421   -0.79203   -0.79089   -0.79069   -0.79023   -0.78921   -0.78902
  -0.35239   -0.35139   -0.33739   -0.33677   -0.31891   -0.31838   -0.31755   -0.31719
   0.11426    0.11742    0.12066    0.12070    0.12924    0.13016    0.13324    0.13919
   0.15749    0.16151    0.16596    0.18357    0.19491    0.19564    0.20338    0.20860
   0.21227    0.22659    0.23597    0.23599    0.24133    0.24560    0.24702    0.25608
   0.46827    0.47961
 kpt# 109, nband= 50, wtk=  0.00463, kpt=  0.0000  0.5000  0.5000 (reduced coord)
  -1.94321   -1.94318   -1.94318   -1.94315   -0.79957   -0.79957   -0.79955   -0.79955
  -0.79440   -0.79438   -0.79438   -0.79436   -0.78975   -0.78975   -0.78973   -0.78973
  -0.34232   -0.34232   -0.34232   -0.34231   -0.32030   -0.32030   -0.32030   -0.32030
   0.11499    0.11500    0.11500    0.11500    0.13684    0.13684    0.13686    0.13687
   0.17761    0.17761    0.17762    0.17763    0.18694    0.18694    0.18694    0.18694
   0.22217    0.22218    0.22218    0.22218    0.25297    0.25298    0.25299    0.25299
   0.47382    0.47385
 kpt# 110, nband= 50, wtk=  0.00926, kpt=  0.1667  0.5000  0.5000 (reduced coord)
  -1.94321   -1.94318   -1.94318   -1.94315   -0.80183   -0.80182   -0.80064   -0.80062
  -0.79344   -0.79343   -0.79187   -0.79186   -0.78988   -0.78986   -0.78956   -0.78954
  -0.34559   -0.34559   -0.34455   -0.34455   -0.31841   -0.31841   -0.31683   -0.31683
   0.11791    0.11792    0.12033    0.12034    0.13415    0.13416    0.13910    0.13912
   0.16575    0.16576    0.17296    0.17296    0.19780    0.19781    0.20350    0.20351
   0.21804    0.21805    0.21961    0.21961    0.24361    0.24361    0.25201    0.25203
   0.47112    0.47195
 kpt# 111, nband= 50, wtk=  0.00926, kpt=  0.3333  0.5000  0.5000 (reduced coord)
  -1.94321   -1.94318   -1.94318   -1.94315   -0.80380   -0.80380   -0.80304   -0.80304
  -0.79126   -0.79126   -0.79005   -0.79004   -0.78955   -0.78955   -0.78916   -0.78915
  -0.34980   -0.34980   -0.34907   -0.34906   -0.31410   -0.31410   -0.31282   -0.31282
   0.12593    0.12594    0.12920    0.12921    0.13303    0.13304    0.13676    0.13677
   0.16398    0.16398    0.17248    0.17249    0.20475    0.20475    0.20504    0.20506
   0.21965    0.21965    0.22340    0.22342    0.22808    0.22809    0.24363    0.24364
   0.46778    0.46784
 kpt# 112, nband= 50, wtk=  0.00463, kpt=  0.5000  0.5000  0.5000 (reduced coord)
  -1.94321   -1.94318   -1.94318   -1.94315   -0.80427   -0.80427   -0.80427   -0.80426
  -0.79033   -0.79032   -0.79032   -0.79030   -0.78876   -0.78876   -0.78876   -0.78876
  -0.35128   -0.35128   -0.35128   -0.35128   -0.31174   -0.31174   -0.31173   -0.31173
   0.12948    0.12948    0.12948    0.12949    0.13663    0.13663    0.13664    0.13664
   0.17042    0.17042    0.17042    0.17043    0.20010    0.20011    0.20011    0.20012
   0.22096    0.22096    0.22096    0.22096    0.23527    0.23529    0.23529    0.23530
   0.46626    0.46628
