 Fermi (or HOMO) energy (hartree) =   0.27628   Average Vxc (hartree)=  -0.44591
 Eigenvalues (hartree) for nkpt= 112  k points:
 kpt#   1, nband= 50, wtk=  0.00463, kpt=  0.0000  0.0000  0.0000 (reduced coord)
  -1.94297   -1.94230   -1.94227   -1.94227   -0.80512   -0.80510   -0.80468   -0.79321
  -0.79291   -0.79246   -0.79219   -0.79126   -0.79122   -0.78824   -0.78665   -0.78663
  -0.39524   -0.33898   -0.32935   -0.32920   -0.31898   -0.31562   -0.31547   -0.29772
   0.06019    0.06044    0.07262    0.09524    0.10254    0.10264    0.16299    0.16425
   0.16560    0.16795    0.17267    0.17319    0.22210    0.22234    0.22251    0.22840
   0.24385    0.25293    0.25378    0.25641    0.25691    0.26503    0.26564    0.27451
   0.44389    0.44604
 kpt#   2, nband= 50, wtk=  0.00926, kpt=  0.1667  0.0000  0.0000 (reduced coord)
  -1.94292   -1.94232   -1.94230   -1.94227   -0.80423   -0.80402   -0.80395   -0.79381
  -0.79307   -0.79230   -0.79196   -0.79194   -0.79136   -0.78846   -0.78801   -0.78702
  -0.39051   -0.33744   -0.32906   -0.32761   -0.32101   -0.31953   -0.31692   -0.29998
   0.06599    0.07050    0.07140    0.09759    0.10546    0.11778    0.15138    0.15195
   0.16047    0.16304    0.17181    0.17540    0.21694    0.21898    0.22019    0.23032
   0.24620    0.24735    0.24843    0.25830    0.25978    0.26231    0.26484    0.27500
   0.45251    0.45257
 kpt#   3, nband= 50, wtk=  0.00926, kpt=  0.3333  0.0000  0.0000 (reduced coord)
  -1.94279   -1.94245   -1.94230   -1.94227   -0.80195   -0.80183   -0.80104   -0.79587
  -0.79498   -0.79270   -0.79174   -0.79157   -0.79121   -0.79090   -0.78915   -0.78807
  -0.37729   -0.33873   -0.33324   -0.32532   -0.32425   -0.32109   -0.31905   -0.30599
   0.07794    0.08235    0.09881    0.10456    0.11362    0.12472    0.13330    0.13803
   0.14532    0.15244    0.18221    0.18285    0.18508    0.20745    0.20965    0.22781
   0.23602    0.23715    0.25161    0.26228    0.26464    0.26545    0.26868    0.27628
   0.46734    0.46992
 kpt#   4, nband= 50, wtk=  0.00463, kpt=  0.5000  0.0000  0.0000 (reduced coord)
  -1.94263   -1.94261   -1.94229   -1.94228   -0.79941   -0.79940   -0.79847   -0.79846
  -0.79597   -0.79596   -0.79223   -0.79222   -0.79018   -0.79017   -0.78949   -0.78948
  -0.35847   -0.35846   -0.32776   -0.32776   -0.32329   -0.32329   -0.31366   -0.31366
   0.09466    0.09467    0.10978    0.10978    0.11652    0.11653    0.12960    0.12961
   0.13971    0.13972    0.19126    0.19126    0.19432    0.19433    0.19606    0.19606
   0.23598    0.23598    0.25936    0.25936    0.26638    0.26638    0.27530    0.27530
   0.47970    0.48061
 kpt#   5, nband= 50, wtk=  0.00926, kpt=  0.0000  0.1667  0.0000 (reduced coord)
  -1.94292   -1.94232   -1.94230   -1.94227   -0.80424   -0.80398   -0.80393   -0.79397
  -0.79282   -0.79226   -0.79216   -0.79186   -0.79139   -0.78847   -0.78803   -0.78702
  -0.39046   -0.33737   -0.32857   -0.32727   -0.32179   -0.31960   -0.31699   -0.30003
   0.06629    0.07021    0.07138    0.09763    0.10558    0.11788    0.15176    0.15259
   0.15918    0.16264    0.17248    0.17551    0.21694    0.21717    0.21934    0.23722
   0.24187    0.24498    0.24861    0.25917    0.25989    0.26275    0.26535    0.27497
   0.45216    0.45244
 kpt#   6, nband= 50, wtk=  0.00926, kpt=  0.1667  0.1667  0.0000 (reduced coord)
  -1.94288   -1.94232   -1.94232   -1.94230   -0.80338   -0.80335   -0.80324   -0.79374
  -0.79366   -0.79351   -0.79177   -0.79167   -0.79085   -0.78974   -0.78876   -0.78683
  -0.38614   -0.33642   -0.32785   -0.32760   -0.32203   -0.32151   -0.31997   -0.30199
   0.07284    0.07558    0.07592    0.09933    0.10947    0.12858    0.14398    0.14430
   0.15973    0.16412    0.16498    0.17345    0.21264    0.21670    0.22102    0.22315
   0.24329    0.24883    0.24923    0.24978    0.25926    0.26110    0.26598    0.27522
   0.45632    0.46068
 kpt#   7, nband= 50, wtk=  0.00926, kpt=  0.3333  0.1667  0.0000 (reduced coord)
  -1.94276   -1.94244   -1.94232   -1.94230   -0.80158   -0.80133   -0.80101   -0.79624
  -0.79544   -0.79305   -0.79281   -0.79113   -0.79092   -0.79057   -0.78951   -0.78754
  -0.37406   -0.33869   -0.33388   -0.32762   -0.32387   -0.32102   -0.31990   -0.30719
   0.08154    0.09068    0.10203    0.10471    0.11818    0.12362    0.13104    0.13919
   0.14927    0.15905    0.17491    0.17988    0.18824    0.20363    0.20628    0.22727
   0.23053    0.23356    0.24945    0.25128    0.26322    0.26589    0.26853    0.27592
   0.46499    0.47466
 kpt#   8, nband= 50, wtk=  0.00926, kpt=  0.5000  0.1667  0.0000 (reduced coord)
  -1.94261   -1.94259   -1.94231   -1.94230   -0.79913   -0.79912   -0.79904   -0.79903
  -0.79649   -0.79648   -0.79174   -0.79173   -0.79037   -0.79036   -0.78899   -0.78898
  -0.35683   -0.35683   -0.33052   -0.33052   -0.32251   -0.32251   -0.31393   -0.31392
   0.09919    0.09919    0.11332    0.11333    0.11368    0.11368    0.13331    0.13332
   0.14601    0.14601    0.18870    0.18871    0.18909    0.18909    0.19827    0.19828
   0.23112    0.23112    0.25198    0.25198    0.26490    0.26490    0.27461    0.27461
   0.47338    0.47409
 kpt#   9, nband= 50, wtk=  0.00926, kpt= -0.3333  0.1667  0.0000 (reduced coord)
  -1.94276   -1.94244   -1.94232   -1.94230   -0.80158   -0.80133   -0.80101   -0.79624
  -0.79544   -0.79305   -0.79281   -0.79113   -0.79092   -0.79057   -0.78951   -0.78754
  -0.37406   -0.33869   -0.33388   -0.32762   -0.32387   -0.32102   -0.31990   -0.30719
   0.08154    0.09068    0.10203    0.10471    0.11818    0.12362    0.13104    0.13919
   0.14927    0.15905    0.17491    0.17988    0.18824    0.20363    0.20628    0.22727
   0.23053    0.23356    0.24945    0.25128    0.26322    0.26589    0.26853    0.27592
   0.46512    0.47444
 kpt#  10, nband= 50, wtk=  0.00926, kpt= -0.1667  0.1667  0.0000 (reduced coord)
  -1.94288   -1.94232   -1.94232   -1.94230   -0.80338   -0.80335   -0.80324   -0.79374
  -0.79366   -0.79351   -0.79177   -0.79167   -0.79085   -0.78974   -0.78876   -0.78683
  -0.38614   -0.33642   -0.32785   -0.32760   -0.32203   -0.32151   -0.31997   -0.30199
   0.07284    0.07558    0.07592    0.09933    0.10947    0.12858    0.14398    0.14430
   0.15973    0.16412    0.16498    0.17345    0.21264    0.21670    0.22102    0.22315
   0.24329    0.24883    0.24923    0.24978    0.25926    0.26110    0.26598    0.27522
   0.45632    0.46068
 kpt#  11, nband= 50, wtk=  0.00926, kpt=  0.0000  0.3333  0.0000 (reduced coord)
  -1.94279   -1.94244   -1.94229   -1.94228   -0.80187   -0.80183   -0.80084   -0.79612
  -0.79496   -0.79256   -0.79174   -0.79167   -0.79135   -0.79086   -0.78918   -0.78806
  -0.37712   -0.33779   -0.33297   -0.32651   -0.32189   -0.32134   -0.32120   -0.30620
   0.07797    0.08271    0.09850    0.10482    0.11427    0.12503    0.13401    0.13720
   0.14423    0.15256    0.18255    0.18282    0.18495    0.20599    0.21008    0.22803
   0.23536    0.23857    0.25204    0.26245    0.26353    0.26458    0.26970    0.27620
   0.46655    0.46726
 kpt#  12, nband= 50, wtk=  0.00926, kpt=  0.1667  0.3333  0.0000 (reduced coord)
  -1.94276   -1.94243   -1.94231   -1.94230   -0.80159   -0.80127   -0.80087   -0.79623
  -0.79562   -0.79311   -0.79270   -0.79122   -0.79091   -0.79055   -0.78954   -0.78755
  -0.37394   -0.33807   -0.33371   -0.32715   -0.32472   -0.32120   -0.32018   -0.30732
   0.08160    0.09115    0.10174    0.10491    0.11850    0.12362    0.13157    0.13894
   0.14820    0.15877    0.17561    0.17980    0.18819    0.20391    0.20537    0.22789
   0.23065    0.23277    0.25014    0.25190    0.26168    0.26577    0.26926    0.27583
   0.46454    0.47326
 kpt#  13, nband= 50, wtk=  0.00926, kpt=  0.3333  0.3333  0.0000 (reduced coord)
  -1.94266   -1.94241   -1.94241   -1.94233   -0.80071   -0.80065   -0.79973   -0.79823
  -0.79563   -0.79433   -0.79425   -0.79108   -0.78988   -0.78987   -0.78957   -0.78742
  -0.36500   -0.33825   -0.33811   -0.33545   -0.32085   -0.32042   -0.32012   -0.31054
   0.09183    0.10613    0.10903    0.10945    0.12570    0.12601    0.12892    0.13912
   0.15924    0.15999    0.17403    0.18107    0.18785    0.18958    0.20660    0.20681
   0.21315    0.23416    0.23431    0.23965    0.26600    0.26813    0.26829    0.27496
   0.46136    0.46814
 kpt#  14, nband= 50, wtk=  0.00926, kpt=  0.5000  0.3333  0.0000 (reduced coord)
  -1.94254   -1.94253   -1.94238   -1.94236   -0.79981   -0.79981   -0.79925   -0.79925
  -0.79630   -0.79629   -0.79266   -0.79265   -0.78941   -0.78941   -0.78832   -0.78832
  -0.35211   -0.35211   -0.33718   -0.33718   -0.32043   -0.32043   -0.31526   -0.31526
   0.10497    0.10497    0.10939    0.10940    0.13029    0.13029    0.14332    0.14332
   0.15594    0.15594    0.17403    0.17404    0.18667    0.18667    0.20605    0.20606
   0.20913    0.20913    0.23597    0.23597    0.26709    0.26709    0.27302    0.27302
   0.46232    0.46323
 kpt#  15, nband= 50, wtk=  0.00926, kpt= -0.3333  0.3333  0.0000 (reduced coord)
  -1.94266   -1.94241   -1.94241   -1.94233   -0.80071   -0.80065   -0.79973   -0.79823
  -0.79563   -0.79433   -0.79425   -0.79108   -0.78988   -0.78987   -0.78957   -0.78742
  -0.36500   -0.33825   -0.33811   -0.33545   -0.32085   -0.32042   -0.32012   -0.31054
   0.09183    0.10613    0.10903    0.10945    0.12570    0.12601    0.12892    0.13912
   0.15924    0.15999    0.17403    0.18107    0.18785    0.18958    0.20660    0.20681
   0.21315    0.23416    0.23431    0.23965    0.26600    0.26813    0.26829    0.27496
   0.46184    0.46845
 kpt#  16, nband= 50, wtk=  0.00926, kpt= -0.1667  0.3333  0.0000 (reduced coord)
  -1.94276   -1.94243   -1.94231   -1.94230   -0.80159   -0.80127   -0.80087   -0.79623
  -0.79562   -0.79311   -0.79270   -0.79122   -0.79091   -0.79055   -0.78954   -0.78755
  -0.37394   -0.33807   -0.33371   -0.32715   -0.32472   -0.32120   -0.32018   -0.30732
   0.08160    0.09115    0.10174    0.10491    0.11850    0.12362    0.13157    0.13894
   0.14820    0.15877    0.17561    0.17980    0.18819    0.20391    0.20537    0.22789
   0.23065    0.23277    0.25014    0.25190    0.26168    0.26577    0.26926    0.27583
   0.46469    0.47318
 kpt#  17, nband= 50, wtk=  0.00463, kpt=  0.0000  0.5000  0.0000 (reduced coord)
  -1.94262   -1.94262   -1.94229   -1.94228   -0.79902   -0.79902   -0.79846   -0.79845
  -0.79638   -0.79638   -0.79217   -0.79217   -0.79024   -0.79024   -0.78947   -0.78947
  -0.35808   -0.35808   -0.32704   -0.32704   -0.32385   -0.32385   -0.31425   -0.31425
   0.09476    0.09476    0.11104    0.11104    0.11709    0.11709    0.12787    0.12787
   0.13933    0.13933    0.19174    0.19174    0.19349    0.19349    0.19662    0.19662
   0.23602    0.23602    0.26152    0.26152    0.26392    0.26392    0.27549    0.27549
   0.47681    0.47824
 kpt#  18, nband= 50, wtk=  0.00926, kpt=  0.1667  0.5000  0.0000 (reduced coord)
  -1.94260   -1.94260   -1.94231   -1.94231   -0.79903   -0.79903   -0.79874   -0.79874
  -0.79689   -0.79689   -0.79167   -0.79166   -0.79044   -0.79044   -0.78898   -0.78898
  -0.35651   -0.35651   -0.33010   -0.33010   -0.32297   -0.32297   -0.31423   -0.31423
   0.09943    0.09943    0.11365    0.11365    0.11448    0.11448    0.13192    0.13192
   0.14581    0.14581    0.18825    0.18825    0.18966    0.18967    0.19850    0.19850
   0.23086    0.23086    0.25258    0.25258    0.26430    0.26430    0.27468    0.27468
   0.47170    0.47277
 kpt#  19, nband= 50, wtk=  0.00926, kpt=  0.3333  0.5000  0.0000 (reduced coord)
  -1.94254   -1.94253   -1.94237   -1.94237   -0.79982   -0.79982   -0.79913   -0.79913
  -0.79642   -0.79641   -0.79264   -0.79263   -0.78942   -0.78942   -0.78833   -0.78833
  -0.35198   -0.35198   -0.33711   -0.33711   -0.32065   -0.32064   -0.31525   -0.31525
   0.10522    0.10522    0.10947    0.10947    0.13020    0.13020    0.14296    0.14296
   0.15592    0.15592    0.17439    0.17439    0.18628    0.18628    0.20644    0.20644
   0.20900    0.20900    0.23596    0.23596    0.26710    0.26710    0.27289    0.27289
   0.46160    0.46222
 kpt#  20, nband= 50, wtk=  0.00463, kpt=  0.5000  0.5000  0.0000 (reduced coord)
  -1.94246   -1.94246   -1.94245   -1.94244   -0.79987   -0.79987   -0.79987   -0.79987
  -0.79458   -0.79458   -0.79457   -0.79457   -0.78843   -0.78843   -0.78843   -0.78843
  -0.34510   -0.34510   -0.34510   -0.34510   -0.31770   -0.31770   -0.31770   -0.31770
   0.10736    0.10736    0.10736    0.10736    0.15282    0.15282    0.15282    0.15283
   0.15760    0.15760    0.15761    0.15761    0.18847    0.18847    0.18847    0.18848
   0.21904    0.21904    0.21904    0.21904    0.27038    0.27038    0.27038    0.27038
   0.45823    0.45824
 kpt#  21, nband= 50, wtk=  0.00926, kpt=  0.0000  0.0000  0.1667 (reduced coord)
  -1.94292   -1.94235   -1.94227   -1.94227   -0.80433   -0.80431   -0.80369   -0.79395
  -0.79376   -0.79247   -0.79232   -0.79102   -0.79095   -0.78937   -0.78696   -0.78694
  -0.39078   -0.33656   -0.32836   -0.32822   -0.32520   -0.31650   -0.31635   -0.30069
   0.06590    0.06610    0.08250    0.10471    0.10514    0.10593    0.15699    0.15733
   0.16252    0.16295    0.16918    0.16993    0.21658    0.22292    0.23004    0.23063
   0.23909    0.24061    0.24724    0.25787    0.25910    0.25968    0.26586    0.26649
   0.44720    0.45184
 kpt#  22, nband= 50, wtk=  0.00926, kpt=  0.1667  0.0000  0.1667 (reduced coord)
  -1.94288   -1.94234   -1.94232   -1.94227   -0.80351   -0.80339   -0.80312   -0.79487
  -0.79345   -0.79216   -0.79204   -0.79179   -0.79119   -0.79008   -0.78751   -0.78734
  -0.38637   -0.33519   -0.32853   -0.32684   -0.32533   -0.32154   -0.31759   -0.30264
   0.07135    0.07569    0.08063    0.10420    0.10769    0.12329    0.15113    0.15261
   0.15613    0.15755    0.16511    0.16874    0.21598    0.22331    0.22522    0.22680
   0.24107    0.24181    0.24891    0.24961    0.25341    0.26298    0.26362    0.26520
   0.45506    0.45751
 kpt#  23, nband= 50, wtk=  0.00926, kpt=  0.3333  0.0000  0.1667 (reduced coord)
  -1.94276   -1.94243   -1.94233   -1.94229   -0.80158   -0.80125   -0.80082   -0.79674
  -0.79468   -0.79306   -0.79260   -0.79123   -0.79120   -0.79097   -0.78859   -0.78845
  -0.37402   -0.33795   -0.33156   -0.32646   -0.32566   -0.32376   -0.31934   -0.30784
   0.08592    0.08660    0.10220    0.10956    0.11439    0.12854    0.13755    0.13896
   0.14171    0.15643    0.16915    0.17846    0.19470    0.20317    0.21162    0.22881
   0.23943    0.24022    0.24529    0.24645    0.25507    0.26388    0.26550    0.26703
   0.46955    0.47000
 kpt#  24, nband= 50, wtk=  0.00926, kpt=  0.5000  0.0000  0.1667 (reduced coord)
  -1.94261   -1.94259   -1.94231   -1.94230   -0.79959   -0.79958   -0.79799   -0.79798
  -0.79667   -0.79666   -0.79179   -0.79178   -0.78991   -0.78991   -0.78983   -0.78983
  -0.35644   -0.35644   -0.32694   -0.32694   -0.32602   -0.32602   -0.31453   -0.31453
   0.10088    0.10089    0.10963    0.10963    0.12347    0.12347    0.12707    0.12708
   0.14387    0.14387    0.18905    0.18905    0.19339    0.19339    0.19643    0.19644
   0.23956    0.23957    0.24834    0.24834    0.26101    0.26102    0.26760    0.26760
   0.47785    0.47962
 kpt#  25, nband= 50, wtk=  0.00926, kpt= -0.3333  0.0000  0.1667 (reduced coord)
  -1.94276   -1.94243   -1.94233   -1.94229   -0.80158   -0.80125   -0.80082   -0.79674
  -0.79468   -0.79306   -0.79260   -0.79123   -0.79120   -0.79097   -0.78859   -0.78845
  -0.37402   -0.33795   -0.33156   -0.32646   -0.32566   -0.32376   -0.31934   -0.30784
   0.08592    0.08660    0.10220    0.10956    0.11439    0.12854    0.13755    0.13896
   0.14171    0.15643    0.16915    0.17846    0.19470    0.20318    0.21162    0.22881
   0.23943    0.24022    0.24530    0.24645    0.25506    0.26388    0.26550    0.26703
   0.46948    0.47020
 kpt#  26, nband= 50, wtk=  0.00926, kpt= -0.1667  0.0000  0.1667 (reduced coord)
  -1.94288   -1.94234   -1.94232   -1.94227   -0.80351   -0.80339   -0.80312   -0.79487
  -0.79345   -0.79216   -0.79204   -0.79179   -0.79119   -0.79008   -0.78751   -0.78734
  -0.38637   -0.33519   -0.32853   -0.32684   -0.32533   -0.32154   -0.31759   -0.30264
   0.07135    0.07569    0.08063    0.10420    0.10769    0.12329    0.15113    0.15262
   0.15613    0.15755    0.16511    0.16874    0.21598    0.22331    0.22522    0.22680
   0.24107    0.24181    0.24890    0.24961    0.25341    0.26298    0.26362    0.26520
   0.45506    0.45751
 kpt#  27, nband= 50, wtk=  0.00926, kpt=  0.0000  0.1667  0.1667 (reduced coord)
  -1.94288   -1.94234   -1.94231   -1.94228   -0.80365   -0.80322   -0.80312   -0.79495
  -0.79338   -0.79212   -0.79209   -0.79184   -0.79105   -0.79018   -0.78749   -0.78735
  -0.38634   -0.33512   -0.32854   -0.32610   -0.32542   -0.32239   -0.31747   -0.30263
   0.07158    0.07552    0.08065    0.10439    0.10755    0.12354    0.15118    0.15195
   0.15576    0.15786    0.16519    0.16942    0.21255    0.22371    0.22538    0.23244
   0.23949    0.24045    0.24679    0.25029    0.25367    0.26353    0.26353    0.26552
   0.45488    0.45733
 kpt#  28, nband= 50, wtk=  0.00926, kpt=  0.1667  0.1667  0.1667 (reduced coord)
  -1.94284   -1.94234   -1.94232   -1.94231   -0.80308   -0.80265   -0.80265   -0.79461
  -0.79382   -0.79328   -0.79179   -0.79168   -0.79145   -0.79045   -0.78812   -0.78709
  -0.38237   -0.33499   -0.32953   -0.32680   -0.32473   -0.32262   -0.31994   -0.30427
   0.08035    0.08093    0.08158    0.10546    0.11144    0.13358    0.14618    0.14790
   0.15505    0.15887    0.15983    0.16265    0.21939    0.22018    0.22230    0.22322
   0.23956    0.24246    0.24624    0.24872    0.25144    0.25776    0.25901    0.26726
   0.46026    0.46202
 kpt#  29, nband= 50, wtk=  0.00926, kpt=  0.3333  0.1667  0.1667 (reduced coord)
  -1.94273   -1.94243   -1.94234   -1.94232   -0.80169   -0.80149   -0.80091   -0.79567
  -0.79537   -0.79450   -0.79263   -0.79102   -0.79062   -0.79050   -0.78898   -0.78780
  -0.37127   -0.33892   -0.33430   -0.33019   -0.32322   -0.32226   -0.31883   -0.30865
   0.08906    0.09437    0.10512    0.10972    0.11873    0.12836    0.13648    0.13950
   0.14550    0.16117    0.16729    0.16885    0.19465    0.20823    0.21106    0.22742
   0.23194    0.23542    0.24490    0.24622    0.25257    0.25530    0.26338    0.26745
   0.46662    0.47463
 kpt#  30, nband= 50, wtk=  0.00926, kpt=  0.5000  0.1667  0.1667 (reduced coord)
  -1.94259   -1.94257   -1.94233   -1.94232   -0.80068   -0.80067   -0.79815   -0.79815
  -0.79639   -0.79638   -0.79120   -0.79120   -0.79002   -0.79001   -0.78930   -0.78929
  -0.35543   -0.35543   -0.33270   -0.33270   -0.32200   -0.32200   -0.31428   -0.31428
   0.10497    0.10497    0.11188    0.11188    0.12252    0.12252    0.12988    0.12988
   0.14994    0.14995    0.17755    0.17755    0.19590    0.19591    0.20237    0.20238
   0.23309    0.23309    0.24733    0.24733    0.25480    0.25481    0.26672    0.26672
   0.47245    0.47286
 kpt#  31, nband= 50, wtk=  0.00926, kpt= -0.3333  0.1667  0.1667 (reduced coord)
  -1.94273   -1.94243   -1.94234   -1.94232   -0.80169   -0.80149   -0.80091   -0.79567
  -0.79536   -0.79450   -0.79263   -0.79102   -0.79062   -0.79050   -0.78898   -0.78780
  -0.37127   -0.33892   -0.33430   -0.33019   -0.32322   -0.32227   -0.31883   -0.30865
   0.08906    0.09437    0.10512    0.10972    0.11873    0.12836    0.13649    0.13950
   0.14550    0.16117    0.16729    0.16885    0.19465    0.20823    0.21106    0.22742
   0.23194    0.23542    0.24490    0.24622    0.25257    0.25530    0.26338    0.26745
   0.46662    0.47418
 kpt#  32, nband= 50, wtk=  0.00926, kpt= -0.1667  0.1667  0.1667 (reduced coord)
  -1.94284   -1.94234   -1.94232   -1.94231   -0.80308   -0.80265   -0.80265   -0.79461
  -0.79382   -0.79328   -0.79179   -0.79168   -0.79145   -0.79045   -0.78812   -0.78709
  -0.38237   -0.33499   -0.32953   -0.32679   -0.32473   -0.32263   -0.31993   -0.30427
   0.08035    0.08093    0.08158    0.10546    0.11144    0.13358    0.14618    0.14790
   0.15505    0.15887    0.15982    0.16265    0.21939    0.22018    0.22230    0.22322
   0.23956    0.24246    0.24623    0.24872    0.25144    0.25776    0.25901    0.26726
   0.46026    0.46202
 kpt#  33, nband= 50, wtk=  0.00926, kpt=  0.0000  0.3333  0.1667 (reduced coord)
  -1.94276   -1.94243   -1.94233   -1.94229   -0.80153   -0.80141   -0.80050   -0.79694
  -0.79478   -0.79289   -0.79253   -0.79132   -0.79117   -0.79106   -0.78857   -0.78847
  -0.37393   -0.33727   -0.33127   -0.32786   -0.32603   -0.32133   -0.32106   -0.30786
   0.08588    0.08683    0.10205    0.11008    0.11444    0.12808    0.13682    0.14040
   0.14056    0.15693    0.16887    0.17918    0.19479    0.20168    0.21194    0.22947
   0.23909    0.23977    0.24656    0.24839    0.25097    0.26399    0.26588    0.26786
   0.46917    0.46989
 kpt#  34, nband= 50, wtk=  0.00926, kpt=  0.1667  0.3333  0.1667 (reduced coord)
  -1.94273   -1.94243   -1.94233   -1.94232   -0.80168   -0.80145   -0.80086   -0.79576
  -0.79547   -0.79441   -0.79258   -0.79104   -0.79063   -0.79052   -0.78899   -0.78780
  -0.37120   -0.33843   -0.33423   -0.33074   -0.32336   -0.32169   -0.31935   -0.30867
   0.08903    0.09465    0.10499    0.10998    0.11874    0.12782    0.13733    0.13915
   0.14469    0.16114    0.16745    0.16959    0.19467    0.20710    0.21131    0.22912
   0.23103    0.23474    0.24482    0.24722    0.25259    0.25349    0.26413    0.26783
   0.46606    0.47366
 kpt#  35, nband= 50, wtk=  0.00926, kpt=  0.3333  0.3333  0.1667 (reduced coord)
  -1.94264   -1.94241   -1.94241   -1.94235   -0.80167   -0.80143   -0.80120   -0.79768
  -0.79534   -0.79386   -0.79314   -0.79022   -0.79000   -0.78978   -0.78937   -0.78757
  -0.36348   -0.34054   -0.33965   -0.33796   -0.32023   -0.31887   -0.31801   -0.31099
   0.09818    0.11081    0.11082    0.11216    0.12840    0.13048    0.13156    0.14176
   0.15398    0.15636    0.16053    0.17909    0.19069    0.20509    0.21010    0.21250
   0.21729    0.23121    0.23165    0.23523    0.25435    0.25865    0.26186    0.26674
   0.46213    0.46958
 kpt#  36, nband= 50, wtk=  0.00926, kpt=  0.5000  0.3333  0.1667 (reduced coord)
  -1.94253   -1.94252   -1.94239   -1.94237   -0.80159   -0.80158   -0.80004   -0.80004
  -0.79469   -0.79468   -0.79157   -0.79156   -0.78932   -0.78932   -0.78844   -0.78843
  -0.35230   -0.35229   -0.34003   -0.34003   -0.31860   -0.31860   -0.31444   -0.31444
   0.10969    0.10969    0.11309    0.11309    0.13401    0.13402    0.13919    0.13919
   0.15717    0.15717    0.16627    0.16628    0.19809    0.19809    0.20602    0.20602
   0.21335    0.21336    0.23171    0.23171    0.25837    0.25837    0.26495    0.26495
   0.46278    0.46520
 kpt#  37, nband= 50, wtk=  0.00926, kpt= -0.3333  0.3333  0.1667 (reduced coord)
  -1.94264   -1.94241   -1.94241   -1.94235   -0.80166   -0.80143   -0.80120   -0.79768
  -0.79534   -0.79386   -0.79314   -0.79022   -0.79000   -0.78978   -0.78937   -0.78757
  -0.36348   -0.34055   -0.33964   -0.33796   -0.32023   -0.31887   -0.31801   -0.31099
   0.09818    0.11081    0.11082    0.11216    0.12840    0.13048    0.13156    0.14176
   0.15398    0.15636    0.16053    0.17909    0.19069    0.20509    0.21010    0.21250
   0.21729    0.23121    0.23165    0.23523    0.25435    0.25865    0.26186    0.26674
   0.46205    0.46973
 kpt#  38, nband= 50, wtk=  0.00926, kpt= -0.1667  0.3333  0.1667 (reduced coord)
  -1.94273   -1.94243   -1.94233   -1.94232   -0.80168   -0.80145   -0.80086   -0.79576
  -0.79547   -0.79441   -0.79258   -0.79105   -0.79063   -0.79052   -0.78899   -0.78780
  -0.37120   -0.33843   -0.33423   -0.33074   -0.32335   -0.32169   -0.31935   -0.30867
   0.08903    0.09465    0.10499    0.10998    0.11874    0.12782    0.13733    0.13915
   0.14469    0.16114    0.16745    0.16959    0.19467    0.20710    0.21131    0.22912
   0.23103    0.23474    0.24482    0.24722    0.25259    0.25349    0.26413    0.26783
   0.46609    0.47388
 kpt#  39, nband= 50, wtk=  0.00926, kpt=  0.0000  0.5000  0.1667 (reduced coord)
  -1.94260   -1.94260   -1.94231   -1.94231   -0.79931   -0.79931   -0.79818   -0.79818
  -0.79675   -0.79674   -0.79177   -0.79177   -0.78989   -0.78989   -0.78988   -0.78987
  -0.35619   -0.35619   -0.32692   -0.32691   -0.32610   -0.32610   -0.31472   -0.31472
   0.10074    0.10074    0.11058    0.11058    0.12393    0.12393    0.12585    0.12585
   0.14347    0.14347    0.18950    0.18950    0.19350    0.19350    0.19643    0.19643
   0.23942    0.23942    0.24826    0.24826    0.26019    0.26019    0.26842    0.26842
   0.47569    0.47838
 kpt#  40, nband= 50, wtk=  0.00926, kpt=  0.1667  0.5000  0.1667 (reduced coord)
  -1.94258   -1.94258   -1.94233   -1.94233   -0.80056   -0.80056   -0.79824   -0.79823
  -0.79640   -0.79640   -0.79118   -0.79117   -0.79007   -0.79006   -0.78929   -0.78929
  -0.35522   -0.35522   -0.33277   -0.33276   -0.32202   -0.32201   -0.31442   -0.31441
   0.10507    0.10507    0.11225    0.11225    0.12340    0.12340    0.12829    0.12829
   0.14983    0.14983    0.17789    0.17789    0.19639    0.19640    0.20206    0.20207
   0.23300    0.23300    0.24702    0.24702    0.25438    0.25438    0.26736    0.26736
   0.47114    0.47237
 kpt#  41, nband= 50, wtk=  0.00926, kpt=  0.3333  0.5000  0.1667 (reduced coord)
  -1.94253   -1.94252   -1.94238   -1.94238   -0.80154   -0.80153   -0.80009   -0.80009
  -0.79468   -0.79468   -0.79157   -0.79156   -0.78932   -0.78932   -0.78844   -0.78844
  -0.35219   -0.35219   -0.34009   -0.34009   -0.31861   -0.31861   -0.31449   -0.31448
   0.10978    0.10978    0.11329    0.11330    0.13362    0.13362    0.13887    0.13887
   0.15772    0.15773    0.16615    0.16615    0.19786    0.19786    0.20638    0.20639
   0.21339    0.21339    0.23139    0.23139    0.25805    0.25805    0.26541    0.26541
   0.46226    0.46234
 kpt#  42, nband= 50, wtk=  0.00926, kpt=  0.5000  0.5000  0.1667 (reduced coord)
  -1.94246   -1.94246   -1.94245   -1.94244   -0.80138   -0.80138   -0.80138   -0.80138
  -0.79300   -0.79299   -0.79299   -0.79299   -0.78842   -0.78842   -0.78842   -0.78842
  -0.34699   -0.34699   -0.34698   -0.34698   -0.31595   -0.31595   -0.31594   -0.31594
   0.11171    0.11171    0.11171    0.11171    0.14932    0.14932    0.14932    0.14933
   0.15692    0.15693    0.15693    0.15693    0.19860    0.19860    0.19861    0.19861
   0.21522    0.21523    0.21523    0.21523    0.26298    0.26298    0.26298    0.26298
   0.46011    0.46011
 kpt#  43, nband= 50, wtk=  0.00926, kpt= -0.3333  0.5000  0.1667 (reduced coord)
  -1.94253   -1.94252   -1.94238   -1.94238   -0.80154   -0.80154   -0.80009   -0.80009
  -0.79468   -0.79468   -0.79157   -0.79156   -0.78932   -0.78932   -0.78844   -0.78844
  -0.35219   -0.35219   -0.34009   -0.34009   -0.31861   -0.31860   -0.31449   -0.31448
   0.10978    0.10978    0.11329    0.11330    0.13362    0.13362    0.13887    0.13887
   0.15772    0.15773    0.16615    0.16615    0.19786    0.19786    0.20638    0.20639
   0.21339    0.21339    0.23138    0.23139    0.25805    0.25805    0.26541    0.26541
   0.46228    0.46245
 kpt#  44, nband= 50, wtk=  0.00926, kpt= -0.1667  0.5000  0.1667 (reduced coord)
  -1.94258   -1.94258   -1.94233   -1.94233   -0.80056   -0.80056   -0.79824   -0.79823
  -0.79640   -0.79640   -0.79118   -0.79117   -0.79007   -0.79006   -0.78929   -0.78929
  -0.35522   -0.35522   -0.33277   -0.33277   -0.32202   -0.32201   -0.31442   -0.31441
   0.10507    0.10507    0.11225    0.11225    0.12340    0.12340    0.12829    0.12829
   0.14983    0.14983    0.17789    0.17789    0.19639    0.19640    0.20206    0.20207
   0.23300    0.23300    0.24702    0.24702    0.25438    0.25438    0.26736    0.26736
   0.47120    0.47125
 kpt#  45, nband= 50, wtk=  0.00926, kpt=  0.0000 -0.3333  0.1667 (reduced coord)
  -1.94276   -1.94243   -1.94233   -1.94229   -0.80153   -0.80141   -0.80050   -0.79694
  -0.79478   -0.79289   -0.79253   -0.79132   -0.79117   -0.79106   -0.78857   -0.78847
  -0.37393   -0.33727   -0.33127   -0.32786   -0.32603   -0.32133   -0.32106   -0.30786
   0.08588    0.08683    0.10205    0.11008    0.11444    0.12808    0.13682    0.14040
   0.14056    0.15693    0.16887    0.17918    0.19479    0.20168    0.21194    0.22947
   0.23909    0.23977    0.24656    0.24839    0.25097    0.26399    0.26588    0.26786
   0.46916    0.46953
 kpt#  46, nband= 50, wtk=  0.00926, kpt=  0.1667 -0.3333  0.1667 (reduced coord)
  -1.94273   -1.94243   -1.94233   -1.94232   -0.80168   -0.80145   -0.80086   -0.79576
  -0.79547   -0.79441   -0.79258   -0.79104   -0.79063   -0.79052   -0.78899   -0.78780
  -0.37120   -0.33843   -0.33423   -0.33074   -0.32336   -0.32169   -0.31935   -0.30867
   0.08903    0.09465    0.10499    0.10998    0.11874    0.12782    0.13733    0.13915
   0.14469    0.16114    0.16745    0.16959    0.19467    0.20710    0.21131    0.22912
   0.23103    0.23474    0.24482    0.24722    0.25259    0.25349    0.26413    0.26783
   0.46606    0.47343
 kpt#  47, nband= 50, wtk=  0.00926, kpt=  0.3333 -0.3333  0.1667 (reduced coord)
  -1.94264   -1.94241   -1.94241   -1.94235   -0.80167   -0.80143   -0.80120   -0.79768
  -0.79534   -0.79386   -0.79314   -0.79022   -0.79000   -0.78978   -0.78937   -0.78757
  -0.36348   -0.34054   -0.33965   -0.33796   -0.32023   -0.31887   -0.31801   -0.31099
   0.09818    0.11081    0.11082    0.11216    0.12840    0.13048    0.13156    0.14176
   0.15398    0.15636    0.16053    0.17909    0.19069    0.20509    0.21010    0.21250
   0.21729    0.23121    0.23165    0.23523    0.25435    0.25865    0.26186    0.26674
   0.46206    0.46955
 kpt#  48, nband= 50, wtk=  0.00926, kpt=  0.5000 -0.3333  0.1667 (reduced coord)
  -1.94253   -1.94252   -1.94239   -1.94237   -0.80159   -0.80158   -0.80004   -0.80004
  -0.79469   -0.79468   -0.79157   -0.79156   -0.78932   -0.78932   -0.78844   -0.78843
  -0.35230   -0.35229   -0.34003   -0.34003   -0.31860   -0.31860   -0.31444   -0.31444
   0.10969    0.10969    0.11309    0.11309    0.13401    0.13402    0.13919    0.13919
   0.15717    0.15717    0.16627    0.16628    0.19809    0.19809    0.20602    0.20602
   0.21335    0.21336    0.23171    0.23171    0.25837    0.25837    0.26495    0.26495
   0.46275    0.46303
 kpt#  49, nband= 50, wtk=  0.00926, kpt= -0.3333 -0.3333  0.1667 (reduced coord)
  -1.94264   -1.94241   -1.94241   -1.94235   -0.80166   -0.80143   -0.80120   -0.79768
  -0.79534   -0.79386   -0.79314   -0.79022   -0.79000   -0.78978   -0.78937   -0.78757
  -0.36348   -0.34055   -0.33964   -0.33796   -0.32023   -0.31887   -0.31801   -0.31099
   0.09818    0.11081    0.11082    0.11216    0.12840    0.13048    0.13156    0.14176
   0.15398    0.15636    0.16053    0.17909    0.19069    0.20509    0.21010    0.21250
   0.21729    0.23121    0.23165    0.23523    0.25435    0.25865    0.26186    0.26674
   0.46217    0.47019
 kpt#  50, nband= 50, wtk=  0.00926, kpt= -0.1667 -0.3333  0.1667 (reduced coord)
  -1.94273   -1.94243   -1.94233   -1.94232   -0.80168   -0.80145   -0.80086   -0.79576
  -0.79547   -0.79441   -0.79258   -0.79105   -0.79063   -0.79052   -0.78899   -0.78780
  -0.37120   -0.33843   -0.33423   -0.33074   -0.32335   -0.32169   -0.31935   -0.30867
   0.08903    0.09465    0.10499    0.10998    0.11874    0.12782    0.13733    0.13915
   0.14469    0.16114    0.16745    0.16959    0.19467    0.20710    0.21131    0.22912
   0.23103    0.23474    0.24482    0.24722    0.25259    0.25349    0.26413    0.26783
   0.46637    0.47353
 kpt#  51, nband= 50, wtk=  0.00926, kpt=  0.0000 -0.1667  0.1667 (reduced coord)
  -1.94288   -1.94234   -1.94231   -1.94228   -0.80365   -0.80322   -0.80312   -0.79495
  -0.79338   -0.79212   -0.79209   -0.79184   -0.79105   -0.79018   -0.78749   -0.78735
  -0.38634   -0.33512   -0.32854   -0.32610   -0.32542   -0.32239   -0.31747   -0.30263
   0.07158    0.07552    0.08065    0.10439    0.10755    0.12354    0.15118    0.15195
   0.15576    0.15786    0.16519    0.16942    0.21255    0.22371    0.22538    0.23244
   0.23949    0.24045    0.24679    0.25029    0.25367    0.26353    0.26353    0.26552
   0.45488    0.45733
 kpt#  52, nband= 50, wtk=  0.00926, kpt=  0.1667 -0.1667  0.1667 (reduced coord)
  -1.94284   -1.94234   -1.94232   -1.94231   -0.80308   -0.80265   -0.80265   -0.79461
  -0.79382   -0.79328   -0.79179   -0.79168   -0.79145   -0.79045   -0.78812   -0.78709
  -0.38237   -0.33499   -0.32953   -0.32680   -0.32473   -0.32262   -0.31994   -0.30427
   0.08035    0.08093    0.08158    0.10546    0.11144    0.13358    0.14618    0.14790
   0.15505    0.15887    0.15983    0.16265    0.21939    0.22018    0.22230    0.22322
   0.23956    0.24246    0.24624    0.24872    0.25144    0.25776    0.25901    0.26726
   0.46026    0.46202
 kpt#  53, nband= 50, wtk=  0.00926, kpt=  0.3333 -0.1667  0.1667 (reduced coord)
  -1.94273   -1.94243   -1.94234   -1.94232   -0.80169   -0.80149   -0.80091   -0.79567
  -0.79537   -0.79450   -0.79263   -0.79102   -0.79062   -0.79050   -0.78898   -0.78780
  -0.37127   -0.33892   -0.33430   -0.33019   -0.32322   -0.32226   -0.31883   -0.30865
   0.08906    0.09437    0.10512    0.10972    0.11873    0.12836    0.13648    0.13950
   0.14550    0.16117    0.16729    0.16885    0.19465    0.20823    0.21106    0.22742
   0.23194    0.23542    0.24490    0.24622    0.25257    0.25530    0.26338    0.26745
   0.46659    0.47459
 kpt#  54, nband= 50, wtk=  0.00926, kpt=  0.5000 -0.1667  0.1667 (reduced coord)
  -1.94259   -1.94257   -1.94233   -1.94232   -0.80068   -0.80067   -0.79815   -0.79815
  -0.79639   -0.79638   -0.79120   -0.79120   -0.79002   -0.79001   -0.78930   -0.78929
  -0.35543   -0.35543   -0.33270   -0.33270   -0.32200   -0.32200   -0.31428   -0.31428
   0.10497    0.10497    0.11188    0.11188    0.12252    0.12252    0.12988    0.12988
   0.14994    0.14995    0.17755    0.17755    0.19590    0.19591    0.20237    0.20238
   0.23309    0.23309    0.24733    0.24733    0.25480    0.25481    0.26672    0.26672
   0.47246    0.47752
 kpt#  55, nband= 50, wtk=  0.00926, kpt= -0.3333 -0.1667  0.1667 (reduced coord)
  -1.94273   -1.94243   -1.94234   -1.94232   -0.80169   -0.80149   -0.80091   -0.79567
  -0.79536   -0.79450   -0.79263   -0.79102   -0.79062   -0.79050   -0.78898   -0.78780
  -0.37127   -0.33892   -0.33430   -0.33019   -0.32322   -0.32227   -0.31883   -0.30865
   0.08906    0.09437    0.10512    0.10972    0.11873    0.12836    0.13649    0.13950
   0.14550    0.16117    0.16729    0.16885    0.19465    0.20823    0.21106    0.22742
   0.23194    0.23542    0.24490    0.24622    0.25257    0.25530    0.26338    0.26745
   0.46659    0.47443
 kpt#  56, nband= 50, wtk=  0.00926, kpt= -0.1667 -0.1667  0.1667 (reduced coord)
  -1.94284   -1.94234   -1.94232   -1.94231   -0.80308   -0.80265   -0.80265   -0.79461
  -0.79382   -0.79328   -0.79179   -0.79168   -0.79145   -0.79045   -0.78812   -0.78709
  -0.38237   -0.33499   -0.32953   -0.32679   -0.32473   -0.32263   -0.31993   -0.30427
   0.08035    0.08093    0.08158    0.10546    0.11144    0.13358    0.14618    0.14790
   0.15505    0.15887    0.15982    0.16265    0.21939    0.22018    0.22230    0.22322
   0.23956    0.24246    0.24623    0.24872    0.25144    0.25776    0.25901    0.26726
   0.46026    0.46202
 kpt#  57, nband= 50, wtk=  0.00926, kpt=  0.0000  0.0000  0.3333 (reduced coord)
  -1.94280   -1.94247   -1.94227   -1.94227   -0.80218   -0.80214   -0.80090   -0.79616
  -0.79605   -0.79285   -0.79250   -0.79243   -0.79012   -0.78993   -0.78781   -0.78776
  -0.37832   -0.34091   -0.32961   -0.32574   -0.32560   -0.31890   -0.31875   -0.30886
   0.08222    0.08227    0.10917    0.11281    0.11384    0.13359    0.13406    0.13489
   0.14470    0.14480    0.18212    0.18333    0.19774    0.20963    0.21868    0.21889
   0.22483    0.23222    0.24255    0.24264    0.26559    0.26573    0.26737    0.26780
   0.45652    0.46664
 kpt#  58, nband= 50, wtk=  0.00926, kpt=  0.1667  0.0000  0.3333 (reduced coord)
  -1.94277   -1.94245   -1.94231   -1.94228   -0.80178   -0.80136   -0.80080   -0.79694
  -0.79554   -0.79381   -0.79203   -0.79176   -0.79091   -0.79000   -0.78830   -0.78781
  -0.37478   -0.33994   -0.32884   -0.32702   -0.32478   -0.32296   -0.31944   -0.31000
   0.08660    0.09047    0.10416    0.11332    0.11944    0.13363    0.13665    0.14329
   0.14398    0.14722    0.17002    0.17790    0.20101    0.20449    0.21960    0.22103
   0.22868    0.23464    0.23795    0.23819    0.25912    0.25939    0.26393    0.26510
   0.46222    0.47023
 kpt#  59, nband= 50, wtk=  0.00926, kpt=  0.3333  0.0000  0.3333 (reduced coord)
  -1.94267   -1.94242   -1.94240   -1.94232   -0.80057   -0.80042   -0.79922   -0.79829
  -0.79599   -0.79413   -0.79314   -0.79086   -0.79067   -0.79054   -0.78933   -0.78828
  -0.36485   -0.33722   -0.33574   -0.32919   -0.32682   -0.32274   -0.32021   -0.31305
   0.09783    0.10667    0.11085    0.11510    0.11974    0.13159    0.13424    0.14255
   0.15072    0.15544    0.17118    0.17415    0.19148    0.20281    0.20969    0.21513
   0.21923    0.23299    0.23515    0.24323    0.24941    0.25154    0.25719    0.26168
   0.47260    0.47501
 kpt#  60, nband= 50, wtk=  0.00926, kpt=  0.5000  0.0000  0.3333 (reduced coord)
  -1.94254   -1.94253   -1.94238   -1.94236   -0.79975   -0.79974   -0.79833   -0.79833
  -0.79620   -0.79619   -0.79221   -0.79220   -0.78999   -0.78998   -0.78936   -0.78935
  -0.35068   -0.35068   -0.33337   -0.33337   -0.32425   -0.32425   -0.31711   -0.31711
   0.11055    0.11055    0.11763    0.11763    0.12046    0.12047    0.14516    0.14517
   0.14637    0.14638    0.18375    0.18376    0.19083    0.19083    0.20473    0.20474
   0.21551    0.21552    0.24444    0.24445    0.24829    0.24829    0.25711    0.25711
   0.47446    0.47677
 kpt#  61, nband= 50, wtk=  0.00926, kpt= -0.3333  0.0000  0.3333 (reduced coord)
  -1.94267   -1.94242   -1.94240   -1.94232   -0.80057   -0.80042   -0.79922   -0.79829
  -0.79599   -0.79413   -0.79314   -0.79086   -0.79067   -0.79054   -0.78933   -0.78828
  -0.36485   -0.33722   -0.33575   -0.32919   -0.32682   -0.32274   -0.32021   -0.31305
   0.09783    0.10667    0.11085    0.11510    0.11974    0.13159    0.13424    0.14255
   0.15072    0.15544    0.17118    0.17415    0.19148    0.20282    0.20969    0.21513
   0.21923    0.23299    0.23515    0.24324    0.24941    0.25154    0.25718    0.26168
   0.47306    0.47518
 kpt#  62, nband= 50, wtk=  0.00926, kpt= -0.1667  0.0000  0.3333 (reduced coord)
  -1.94277   -1.94245   -1.94231   -1.94228   -0.80178   -0.80136   -0.80080   -0.79694
  -0.79554   -0.79381   -0.79203   -0.79176   -0.79091   -0.79000   -0.78830   -0.78781
  -0.37478   -0.33994   -0.32884   -0.32703   -0.32478   -0.32296   -0.31943   -0.31000
   0.08660    0.09047    0.10416    0.11332    0.11944    0.13363    0.13665    0.14329
   0.14398    0.14722    0.17002    0.17790    0.20101    0.20449    0.21960    0.22103
   0.22868    0.23464    0.23795    0.23819    0.25912    0.25939    0.26393    0.26510
   0.46221    0.47005
 kpt#  63, nband= 50, wtk=  0.00926, kpt=  0.0000  0.1667  0.3333 (reduced coord)
  -1.94277   -1.94245   -1.94231   -1.94228   -0.80196   -0.80116   -0.80080   -0.79705
  -0.79545   -0.79388   -0.79201   -0.79177   -0.79071   -0.79015   -0.78825   -0.78785
  -0.37479   -0.34006   -0.32876   -0.32763   -0.32394   -0.32372   -0.31889   -0.30993
   0.08655    0.09059    0.10422    0.11347    0.11893    0.13290    0.13702    0.14156
   0.14658    0.14660    0.16984    0.17899    0.20043    0.20203    0.22002    0.22537
   0.22899    0.23487    0.23524    0.23816    0.25870    0.25946    0.26400    0.26522
   0.46214    0.46954
 kpt#  64, nband= 50, wtk=  0.00926, kpt=  0.1667  0.1667  0.3333 (reduced coord)
  -1.94273   -1.94244   -1.94232   -1.94231   -0.80194   -0.80131   -0.80094   -0.79612
  -0.79523   -0.79493   -0.79171   -0.79161   -0.79138   -0.78979   -0.78836   -0.78781
  -0.37180   -0.34055   -0.33038   -0.32839   -0.32690   -0.32093   -0.31899   -0.31070
   0.09390    0.09474    0.10320    0.11698    0.11971    0.13642    0.13708    0.14430
   0.14623    0.15267    0.16296    0.16582    0.20398    0.21370    0.21828    0.22082
   0.23132    0.23146    0.23506    0.23588    0.25245    0.25678    0.25723    0.26010
   0.46551    0.47062
 kpt#  65, nband= 50, wtk=  0.00926, kpt=  0.3333  0.1667  0.3333 (reduced coord)
  -1.94264   -1.94242   -1.94240   -1.94234   -0.80178   -0.80124   -0.80098   -0.79727
  -0.79551   -0.79316   -0.79311   -0.79075   -0.79045   -0.78983   -0.78896   -0.78823
  -0.36340   -0.34046   -0.33883   -0.33417   -0.32326   -0.31986   -0.31764   -0.31281
   0.10400    0.10758    0.11300    0.11872    0.12161    0.13477    0.13817    0.14260
   0.15082    0.15137    0.15946    0.17361    0.20063    0.20633    0.21133    0.22080
   0.22423    0.22978    0.23234    0.23624    0.24348    0.24640    0.25148    0.25747
   0.46912    0.47569
 kpt#  66, nband= 50, wtk=  0.00926, kpt=  0.5000  0.1667  0.3333 (reduced coord)
  -1.94253   -1.94252   -1.94239   -1.94237   -0.80154   -0.80154   -0.79958   -0.79958
  -0.79455   -0.79454   -0.79088   -0.79088   -0.78976   -0.78976   -0.78939   -0.78939
  -0.35139   -0.35139   -0.33835   -0.33835   -0.32036   -0.32036   -0.31555   -0.31555
   0.11420    0.11420    0.11936    0.11936    0.12409    0.12409    0.13953    0.13953
   0.15254    0.15255    0.17317    0.17318    0.20116    0.20116    0.20619    0.20619
   0.21990    0.21990    0.23853    0.23854    0.24125    0.24125    0.25477    0.25478
   0.47169    0.47169
 kpt#  67, nband= 50, wtk=  0.00926, kpt= -0.3333  0.1667  0.3333 (reduced coord)
  -1.94264   -1.94242   -1.94240   -1.94234   -0.80178   -0.80125   -0.80098   -0.79727
  -0.79551   -0.79316   -0.79311   -0.79075   -0.79045   -0.78983   -0.78896   -0.78823
  -0.36340   -0.34046   -0.33883   -0.33416   -0.32326   -0.31986   -0.31764   -0.31281
   0.10400    0.10758    0.11301    0.11872    0.12161    0.13477    0.13816    0.14260
   0.15082    0.15137    0.15946    0.17361    0.20063    0.20633    0.21133    0.22079
   0.22423    0.22978    0.23234    0.23624    0.24348    0.24641    0.25147    0.25747
   0.46902    0.47581
 kpt#  68, nband= 50, wtk=  0.00926, kpt= -0.1667  0.1667  0.3333 (reduced coord)
  -1.94273   -1.94244   -1.94232   -1.94231   -0.80194   -0.80131   -0.80094   -0.79612
  -0.79524   -0.79493   -0.79171   -0.79161   -0.79138   -0.78979   -0.78836   -0.78781
  -0.37180   -0.34055   -0.33039   -0.32838   -0.32690   -0.32093   -0.31899   -0.31070
   0.09390    0.09474    0.10320    0.11698    0.11971    0.13642    0.13708    0.14430
   0.14623    0.15267    0.16296    0.16582    0.20398    0.21370    0.21828    0.22082
   0.23132    0.23146    0.23506    0.23588    0.25245    0.25678    0.25723    0.26010
   0.46550    0.47040
 kpt#  69, nband= 50, wtk=  0.00926, kpt=  0.0000  0.3333  0.3333 (reduced coord)
  -1.94267   -1.94242   -1.94240   -1.94232   -0.80074   -0.80043   -0.79895   -0.79847
  -0.79617   -0.79404   -0.79293   -0.79079   -0.79074   -0.79056   -0.78932   -0.78829
  -0.36492   -0.33763   -0.33575   -0.33059   -0.32651   -0.32077   -0.32070   -0.31282
   0.09775    0.10657    0.11088    0.11567    0.11895    0.13117    0.13314    0.14195
   0.15065    0.15717    0.17214    0.17461    0.19029    0.20192    0.20987    0.21557
   0.22005    0.23366    0.23630    0.24191    0.24923    0.25078    0.25772    0.26159
   0.47304    0.47474
 kpt#  70, nband= 50, wtk=  0.00926, kpt=  0.1667  0.3333  0.3333 (reduced coord)
  -1.94264   -1.94242   -1.94240   -1.94234   -0.80179   -0.80125   -0.80102   -0.79735
  -0.79549   -0.79308   -0.79306   -0.79074   -0.79046   -0.78983   -0.78897   -0.78824
  -0.36345   -0.34066   -0.33870   -0.33483   -0.32313   -0.31906   -0.31786   -0.31266
   0.10393    0.10748    0.11311    0.11949    0.12077    0.13331    0.13810    0.14196
   0.15108    0.15286    0.15966    0.17421    0.19966    0.20551    0.21223    0.22079
   0.22473    0.23093    0.23314    0.23485    0.24253    0.24719    0.25105    0.25763
   0.46833    0.47579
 kpt#  71, nband= 50, wtk=  0.00926, kpt=  0.3333  0.3333  0.3333 (reduced coord)
  -1.94258   -1.94242   -1.94241   -1.94240   -0.80279   -0.80257   -0.80244   -0.79993
  -0.79262   -0.79256   -0.79185   -0.79010   -0.78977   -0.78945   -0.78894   -0.78798
  -0.35905   -0.34440   -0.34354   -0.34284   -0.31835   -0.31583   -0.31518   -0.31252
   0.11273    0.11665    0.11865    0.12033    0.12862    0.13809    0.14011    0.14429
   0.15035    0.15087    0.15180    0.18306    0.19273    0.21548    0.21699    0.21987
   0.22154    0.22465    0.22521    0.22689    0.23069    0.24152    0.24555    0.25292
   0.46459    0.47257
 kpt#  72, nband= 50, wtk=  0.00926, kpt=  0.5000  0.3333  0.3333 (reduced coord)
  -1.94250   -1.94249   -1.94242   -1.94240   -0.80318   -0.80318   -0.80196   -0.80196
  -0.79226   -0.79225   -0.79021   -0.79020   -0.78912   -0.78912   -0.78872   -0.78872
  -0.35200   -0.35200   -0.34538   -0.34538   -0.31565   -0.31564   -0.31319   -0.31319
   0.11982    0.11982    0.12139    0.12139    0.13287    0.13287    0.14027    0.14027
   0.15448    0.15448    0.17111    0.17111    0.20096    0.20097    0.21246    0.21246
   0.21812    0.21813    0.22399    0.22399    0.23764    0.23765    0.25016    0.25016
   0.46519    0.46578
 kpt#  73, nband= 50, wtk=  0.00926, kpt= -0.3333  0.3333  0.3333 (reduced coord)
  -1.94258   -1.94242   -1.94241   -1.94240   -0.80279   -0.80257   -0.80244   -0.79993
  -0.79262   -0.79255   -0.79186   -0.79010   -0.78977   -0.78945   -0.78894   -0.78798
  -0.35905   -0.34440   -0.34354   -0.34284   -0.31835   -0.31584   -0.31518   -0.31252
   0.11273    0.11665    0.11865    0.12033    0.12862    0.13809    0.14011    0.14429
   0.15035    0.15087    0.15180    0.18306    0.19273    0.21548    0.21699    0.21987
   0.22154    0.22465    0.22521    0.22689    0.23069    0.24153    0.24554    0.25292
   0.46459    0.47353
 kpt#  74, nband= 50, wtk=  0.00926, kpt= -0.1667  0.3333  0.3333 (reduced coord)
  -1.94264   -1.94242   -1.94240   -1.94234   -0.80179   -0.80125   -0.80102   -0.79735
  -0.79549   -0.79308   -0.79307   -0.79075   -0.79046   -0.78983   -0.78896   -0.78824
  -0.36345   -0.34066   -0.33870   -0.33483   -0.32313   -0.31906   -0.31786   -0.31266
   0.10393    0.10748    0.11311    0.11949    0.12077    0.13330    0.13810    0.14196
   0.15108    0.15286    0.15966    0.17421    0.19966    0.20551    0.21223    0.22079
   0.22473    0.23093    0.23314    0.23485    0.24254    0.24719    0.25105    0.25763
   0.46835    0.47566
 kpt#  75, nband= 50, wtk=  0.00926, kpt=  0.0000  0.5000  0.3333 (reduced coord)
  -1.94254   -1.94253   -1.94237   -1.94237   -0.79967   -0.79967   -0.79869   -0.79869
  -0.79596   -0.79596   -0.79214   -0.79214   -0.78999   -0.78999   -0.78937   -0.78937
  -0.35081   -0.35081   -0.33421   -0.33421   -0.32356   -0.32356   -0.31675   -0.31675
   0.11077    0.11077    0.11809    0.11809    0.11874    0.11874    0.14498    0.14498
   0.14665    0.14665    0.18461    0.18461    0.19127    0.19127    0.20508    0.20509
   0.21450    0.21450    0.24494    0.24494    0.24848    0.24848    0.25675    0.25675
   0.47341    0.47526
 kpt#  76, nband= 50, wtk=  0.00926, kpt=  0.1667  0.5000  0.3333 (reduced coord)
  -1.94253   -1.94252   -1.94238   -1.94238   -0.80152   -0.80152   -0.79971   -0.79970
  -0.79445   -0.79445   -0.79084   -0.79083   -0.78979   -0.78978   -0.78939   -0.78939
  -0.35145   -0.35145   -0.33877   -0.33877   -0.32002   -0.32001   -0.31536   -0.31536
   0.11447    0.11447    0.11910    0.11910    0.12324    0.12324    0.13945    0.13945
   0.15271    0.15272    0.17378    0.17378    0.20207    0.20207    0.20573    0.20573
   0.21912    0.21912    0.23922    0.23923    0.24117    0.24118    0.25465    0.25466
   0.47081    0.47094
 kpt#  77, nband= 50, wtk=  0.00926, kpt=  0.3333  0.5000  0.3333 (reduced coord)
  -1.94250   -1.94249   -1.94241   -1.94241   -0.80316   -0.80316   -0.80200   -0.80200
  -0.79223   -0.79223   -0.79020   -0.79019   -0.78913   -0.78912   -0.78872   -0.78872
  -0.35198   -0.35198   -0.34552   -0.34552   -0.31550   -0.31550   -0.31319   -0.31319
   0.11960    0.11961    0.12170    0.12170    0.13250    0.13251    0.13985    0.13985
   0.15530    0.15530    0.17087    0.17087    0.20099    0.20099    0.21303    0.21304
   0.21828    0.21829    0.22291    0.22292    0.23803    0.23804    0.25021    0.25022
   0.46470    0.46480
 kpt#  78, nband= 50, wtk=  0.00926, kpt=  0.5000  0.5000  0.3333 (reduced coord)
  -1.94246   -1.94246   -1.94245   -1.94244   -0.80335   -0.80335   -0.80335   -0.80335
  -0.79090   -0.79090   -0.79089   -0.79089   -0.78841   -0.78841   -0.78841   -0.78840
  -0.35025   -0.35025   -0.35025   -0.35025   -0.31299   -0.31299   -0.31299   -0.31299
   0.12152    0.12152    0.12152    0.12152    0.13989    0.13989    0.13990    0.13990
   0.16523    0.16523    0.16524    0.16524    0.20492    0.20492    0.20493    0.20493
   0.21444    0.21444    0.21445    0.21445    0.24582    0.24583    0.24583    0.24583
   0.46357    0.46358
 kpt#  79, nband= 50, wtk=  0.00926, kpt= -0.3333  0.5000  0.3333 (reduced coord)
  -1.94250   -1.94249   -1.94241   -1.94241   -0.80316   -0.80316   -0.80200   -0.80200
  -0.79223   -0.79223   -0.79020   -0.79019   -0.78913   -0.78912   -0.78872   -0.78872
  -0.35198   -0.35198   -0.34552   -0.34552   -0.31550   -0.31550   -0.31319   -0.31319
   0.11960    0.11960    0.12170    0.12170    0.13250    0.13251    0.13985    0.13985
   0.15530    0.15530    0.17087    0.17087    0.20099    0.20099    0.21303    0.21304
   0.21828    0.21829    0.22291    0.22292    0.23803    0.23804    0.25021    0.25022
   0.46469    0.46482
 kpt#  80, nband= 50, wtk=  0.00926, kpt= -0.1667  0.5000  0.3333 (reduced coord)
  -1.94253   -1.94252   -1.94238   -1.94238   -0.80152   -0.80152   -0.79971   -0.79970
  -0.79445   -0.79445   -0.79084   -0.79083   -0.78979   -0.78978   -0.78939   -0.78939
  -0.35145   -0.35145   -0.33877   -0.33877   -0.32001   -0.32001   -0.31536   -0.31536
   0.11447    0.11447    0.11910    0.11910    0.12324    0.12324    0.13945    0.13945
   0.15271    0.15272    0.17378    0.17378    0.20207    0.20207    0.20573    0.20573
   0.21912    0.21912    0.23922    0.23923    0.24117    0.24118    0.25465    0.25466
   0.47080    0.47089
 kpt#  81, nband= 50, wtk=  0.00926, kpt=  0.0000 -0.3333  0.3333 (reduced coord)
  -1.94267   -1.94242   -1.94240   -1.94232   -0.80074   -0.80043   -0.79895   -0.79847
  -0.79617   -0.79404   -0.79293   -0.79079   -0.79074   -0.79056   -0.78932   -0.78829
  -0.36492   -0.33763   -0.33575   -0.33059   -0.32651   -0.32077   -0.32070   -0.31282
   0.09775    0.10657    0.11088    0.11567    0.11895    0.13117    0.13314    0.14195
   0.15065    0.15717    0.17214    0.17461    0.19029    0.20192    0.20987    0.21557
   0.22005    0.23366    0.23630    0.24191    0.24923    0.25078    0.25772    0.26159
   0.47264    0.47446
 kpt#  82, nband= 50, wtk=  0.00926, kpt=  0.1667 -0.3333  0.3333 (reduced coord)
  -1.94264   -1.94242   -1.94240   -1.94234   -0.80179   -0.80125   -0.80102   -0.79735
  -0.79549   -0.79308   -0.79306   -0.79074   -0.79046   -0.78983   -0.78897   -0.78824
  -0.36345   -0.34066   -0.33870   -0.33483   -0.32313   -0.31906   -0.31786   -0.31266
   0.10393    0.10748    0.11311    0.11949    0.12077    0.13331    0.13810    0.14196
   0.15108    0.15286    0.15966    0.17421    0.19966    0.20551    0.21223    0.22079
   0.22473    0.23093    0.23314    0.23485    0.24253    0.24719    0.25105    0.25763
   0.46835    0.47615
 kpt#  83, nband= 50, wtk=  0.00926, kpt=  0.3333 -0.3333  0.3333 (reduced coord)
  -1.94258   -1.94242   -1.94241   -1.94240   -0.80279   -0.80257   -0.80244   -0.79993
  -0.79262   -0.79256   -0.79185   -0.79010   -0.78977   -0.78945   -0.78894   -0.78798
  -0.35905   -0.34440   -0.34354   -0.34284   -0.31835   -0.31583   -0.31518   -0.31252
   0.11273    0.11665    0.11865    0.12033    0.12862    0.13809    0.14011    0.14429
   0.15035    0.15087    0.15180    0.18306    0.19273    0.21548    0.21699    0.21987
   0.22154    0.22465    0.22521    0.22689    0.23069    0.24152    0.24555    0.25292
   0.46460    0.47246
 kpt#  84, nband= 50, wtk=  0.00926, kpt=  0.5000 -0.3333  0.3333 (reduced coord)
  -1.94250   -1.94249   -1.94242   -1.94240   -0.80318   -0.80318   -0.80196   -0.80196
  -0.79226   -0.79225   -0.79021   -0.79020   -0.78912   -0.78912   -0.78872   -0.78872
  -0.35200   -0.35200   -0.34538   -0.34538   -0.31565   -0.31564   -0.31319   -0.31319
   0.11982    0.11982    0.12139    0.12139    0.13287    0.13287    0.14027    0.14027
   0.15448    0.15448    0.17111    0.17111    0.20096    0.20097    0.21246    0.21246
   0.21812    0.21813    0.22399    0.22399    0.23764    0.23765    0.25016    0.25016
   0.46519    0.46549
 kpt#  85, nband= 50, wtk=  0.00926, kpt= -0.3333 -0.3333  0.3333 (reduced coord)
  -1.94258   -1.94242   -1.94241   -1.94240   -0.80279   -0.80257   -0.80244   -0.79993
  -0.79262   -0.79255   -0.79186   -0.79010   -0.78977   -0.78945   -0.78894   -0.78798
  -0.35905   -0.34440   -0.34354   -0.34284   -0.31835   -0.31584   -0.31518   -0.31252
   0.11273    0.11665    0.11865    0.12033    0.12862    0.13809    0.14011    0.14429
   0.15035    0.15087    0.15180    0.18306    0.19273    0.21548    0.21699    0.21987
   0.22154    0.22465    0.22521    0.22689    0.23069    0.24153    0.24554    0.25292
   0.46458    0.47232
 kpt#  86, nband= 50, wtk=  0.00926, kpt= -0.1667 -0.3333  0.3333 (reduced coord)
  -1.94264   -1.94242   -1.94240   -1.94234   -0.80179   -0.80125   -0.80102   -0.79735
  -0.79549   -0.79308   -0.79307   -0.79075   -0.79046   -0.78983   -0.78896   -0.78824
  -0.36345   -0.34066   -0.33870   -0.33483   -0.32313   -0.31906   -0.31786   -0.31266
   0.10393    0.10748    0.11311    0.11949    0.12077    0.13330    0.13810    0.14196
   0.15108    0.15286    0.15966    0.17421    0.19966    0.20551    0.21223    0.22079
   0.22473    0.23093    0.23314    0.23485    0.24254    0.24719    0.25105    0.25763
   0.46831    0.47567
 kpt#  87, nband= 50, wtk=  0.00926, kpt=  0.0000 -0.1667  0.3333 (reduced coord)
  -1.94277   -1.94245   -1.94231   -1.94228   -0.80196   -0.80116   -0.80080   -0.79705
  -0.79545   -0.79388   -0.79201   -0.79177   -0.79071   -0.79015   -0.78825   -0.78785
  -0.37479   -0.34006   -0.32876   -0.32763   -0.32394   -0.32372   -0.31889   -0.30993
   0.08655    0.09059    0.10422    0.11347    0.11893    0.13290    0.13702    0.14156
   0.14658    0.14660    0.16984    0.17899    0.20043    0.20203    0.22002    0.22537
   0.22899    0.23487    0.23524    0.23816    0.25870    0.25946    0.26400    0.26522
   0.46214    0.46954
 kpt#  88, nband= 50, wtk=  0.00926, kpt=  0.1667 -0.1667  0.3333 (reduced coord)
  -1.94273   -1.94244   -1.94232   -1.94231   -0.80194   -0.80131   -0.80094   -0.79612
  -0.79523   -0.79493   -0.79171   -0.79161   -0.79138   -0.78979   -0.78836   -0.78781
  -0.37180   -0.34055   -0.33038   -0.32839   -0.32690   -0.32093   -0.31899   -0.31070
   0.09390    0.09474    0.10320    0.11698    0.11971    0.13642    0.13708    0.14430
   0.14623    0.15267    0.16296    0.16582    0.20398    0.21370    0.21828    0.22082
   0.23132    0.23146    0.23506    0.23588    0.25245    0.25678    0.25723    0.26010
   0.46550    0.47040
 kpt#  89, nband= 50, wtk=  0.00926, kpt=  0.3333 -0.1667  0.3333 (reduced coord)
  -1.94264   -1.94242   -1.94240   -1.94234   -0.80178   -0.80124   -0.80098   -0.79727
  -0.79551   -0.79316   -0.79311   -0.79075   -0.79045   -0.78983   -0.78896   -0.78823
  -0.36340   -0.34046   -0.33883   -0.33417   -0.32326   -0.31986   -0.31764   -0.31281
   0.10400    0.10758    0.11300    0.11872    0.12161    0.13477    0.13817    0.14260
   0.15082    0.15137    0.15946    0.17361    0.20063    0.20633    0.21133    0.22080
   0.22423    0.22978    0.23234    0.23624    0.24348    0.24640    0.25148    0.25747
   0.46909    0.47579
 kpt#  90, nband= 50, wtk=  0.00926, kpt=  0.5000 -0.1667  0.3333 (reduced coord)
  -1.94253   -1.94252   -1.94239   -1.94237   -0.80154   -0.80154   -0.79958   -0.79958
  -0.79455   -0.79454   -0.79088   -0.79088   -0.78976   -0.78976   -0.78939   -0.78939
  -0.35139   -0.35139   -0.33835   -0.33835   -0.32036   -0.32036   -0.31555   -0.31555
   0.11420    0.11420    0.11936    0.11936    0.12409    0.12409    0.13953    0.13953
   0.15254    0.15255    0.17317    0.17318    0.20116    0.20116    0.20619    0.20619
   0.21990    0.21990    0.23853    0.23854    0.24125    0.24125    0.25477    0.25478
   0.47169    0.47195
 kpt#  91, nband= 50, wtk=  0.00926, kpt= -0.3333 -0.1667  0.3333 (reduced coord)
  -1.94264   -1.94242   -1.94240   -1.94234   -0.80178   -0.80125   -0.80098   -0.79727
  -0.79551   -0.79316   -0.79311   -0.79075   -0.79045   -0.78983   -0.78896   -0.78823
  -0.36340   -0.34046   -0.33883   -0.33416   -0.32326   -0.31986   -0.31764   -0.31281
   0.10400    0.10758    0.11301    0.11872    0.12161    0.13477    0.13816    0.14260
   0.15082    0.15137    0.15946    0.17361    0.20063    0.20633    0.21133    0.22079
   0.22423    0.22978    0.23234    0.23624    0.24348    0.24641    0.25147    0.25747
   0.46904    0.47592
 kpt#  92, nband= 50, wtk=  0.00926, kpt= -0.1667 -0.1667  0.3333 (reduced coord)
  -1.94273   -1.94244   -1.94232   -1.94231   -0.80194   -0.80131   -0.80094   -0.79612
  -0.79524   -0.79493   -0.79171   -0.79161   -0.79138   -0.78979   -0.78836   -0.78781
  -0.37180   -0.34055   -0.33039   -0.32838   -0.32690   -0.32093   -0.31899   -0.31070
   0.09390    0.09474    0.10320    0.11698    0.11971    0.13642    0.13708    0.14430
   0.14623    0.15267    0.16296    0.16582    0.20398    0.21370    0.21828    0.22082
   0.23132    0.23146    0.23506    0.23588    0.25245    0.25678    0.25723    0.26010
   0.46550    0.47040
 kpt#  93, nband= 50, wtk=  0.00463, kpt=  0.0000  0.0000  0.5000 (reduced coord)
  -1.94264   -1.94263   -1.94227   -1.94227   -0.79919   -0.79919   -0.79913   -0.79913
  -0.79696   -0.79695   -0.79249   -0.79249   -0.78905   -0.78905   -0.78879   -0.78879
  -0.36036   -0.36036   -0.32227   -0.32227   -0.32212   -0.32212   -0.31957   -0.31957
   0.10631    0.10631    0.10701    0.10701    0.12195    0.12195    0.13130    0.13130
   0.15098    0.15098    0.17438    0.17439    0.19861    0.19861    0.20333    0.20333
   0.22049    0.22050    0.24756    0.24756    0.26783    0.26784    0.26846    0.26846
   0.47002    0.47002
 kpt#  94, nband= 50, wtk=  0.00926, kpt=  0.1667  0.0000  0.5000 (reduced coord)
  -1.94261   -1.94261   -1.94230   -1.94229   -0.79943   -0.79943   -0.79847   -0.79847
  -0.79744   -0.79744   -0.79186   -0.79186   -0.78973   -0.78973   -0.78873   -0.78873
  -0.35806   -0.35806   -0.32499   -0.32499   -0.32204   -0.32203   -0.31970   -0.31970
   0.10810    0.10810    0.11357    0.11357    0.12153    0.12153    0.12843    0.12843
   0.15822    0.15822    0.17997    0.17997    0.18760    0.18760    0.19884    0.19885
   0.23062    0.23062    0.23979    0.23979    0.26258    0.26258    0.26332    0.26332
   0.47267    0.47267
 kpt#  95, nband= 50, wtk=  0.00926, kpt=  0.3333  0.0000  0.5000 (reduced coord)
  -1.94254   -1.94254   -1.94236   -1.94236   -0.79967   -0.79967   -0.79847   -0.79847
  -0.79667   -0.79667   -0.79162   -0.79162   -0.79056   -0.79056   -0.78880   -0.78880
  -0.35159   -0.35159   -0.33259   -0.33259   -0.32144   -0.32144   -0.32008   -0.32008
   0.11131    0.11131    0.11854    0.11855    0.12923    0.12923    0.13015    0.13016
   0.16924    0.16924    0.17495    0.17495    0.18944    0.18945    0.19580    0.19581
   0.21684    0.21684    0.24036    0.24036    0.24920    0.24921    0.25744    0.25744
   0.47490    0.47677
 kpt#  96, nband= 50, wtk=  0.00463, kpt=  0.5000  0.0000  0.5000 (reduced coord)
  -1.94246   -1.94246   -1.94245   -1.94244   -0.79936   -0.79935   -0.79935   -0.79935
  -0.79418   -0.79418   -0.79417   -0.79416   -0.78941   -0.78941   -0.78941   -0.78940
  -0.34237   -0.34236   -0.34236   -0.34236   -0.32072   -0.32072   -0.32072   -0.32072
   0.11482    0.11482    0.11483    0.11483    0.13553    0.13553    0.13554    0.13554
   0.17677    0.17677    0.17677    0.17677    0.18666    0.18666    0.18667    0.18667
   0.22228    0.22228    0.22229    0.22229    0.25237    0.25237    0.25237    0.25237
   0.47475    0.47475
 kpt#  97, nband= 50, wtk=  0.00926, kpt=  0.0000  0.1667  0.5000 (reduced coord)
  -1.94261   -1.94261   -1.94230   -1.94229   -0.79958   -0.79958   -0.79832   -0.79832
  -0.79747   -0.79747   -0.79186   -0.79186   -0.78965   -0.78965   -0.78878   -0.78878
  -0.35814   -0.35814   -0.32590   -0.32590   -0.32111   -0.32111   -0.31962   -0.31961
   0.10774    0.10774    0.11385    0.11385    0.12149    0.12149    0.12849    0.12849
   0.15740    0.15740    0.18075    0.18075    0.18645    0.18645    0.20072    0.20072
   0.22981    0.22981    0.24018    0.24018    0.26270    0.26270    0.26296    0.26297
   0.47224    0.47224
 kpt#  98, nband= 50, wtk=  0.00926, kpt=  0.1667  0.1667  0.5000 (reduced coord)
  -1.94259   -1.94259   -1.94232   -1.94231   -0.80076   -0.80075   -0.79880   -0.79756
  -0.79663   -0.79662   -0.79146   -0.79146   -0.79061   -0.78914   -0.78885   -0.78869
  -0.35689   -0.35628   -0.32998   -0.32987   -0.31985   -0.31942   -0.31931   -0.31870
   0.11033    0.11066    0.11891    0.11940    0.12001    0.12291    0.12513    0.13228
   0.15447    0.16926    0.17350    0.17376    0.18446    0.18463    0.20881    0.20904
   0.22970    0.23028    0.23114    0.24119    0.25444    0.25635    0.25690    0.25955
   0.46844    0.47949
 kpt#  99, nband= 50, wtk=  0.00926, kpt=  0.3333  0.1667  0.5000 (reduced coord)
  -1.94253   -1.94253   -1.94237   -1.94237   -0.80176   -0.80115   -0.80051   -0.79894
  -0.79482   -0.79400   -0.79180   -0.79053   -0.79034   -0.78997   -0.78884   -0.78867
  -0.35260   -0.35159   -0.33758   -0.33702   -0.31937   -0.31840   -0.31763   -0.31762
   0.11387    0.11677    0.11989    0.12055    0.12847    0.12935    0.13262    0.13739
   0.15778    0.16113    0.16522    0.18251    0.19505    0.19544    0.20275    0.20781
   0.21174    0.22595    0.23457    0.23575    0.24094    0.24632    0.24662    0.25576
   0.46845    0.47954
 kpt# 100, nband= 50, wtk=  0.00926, kpt=  0.5000  0.1667  0.5000 (reduced coord)
  -1.94246   -1.94246   -1.94245   -1.94244   -0.80166   -0.80166   -0.80043   -0.80043
  -0.79323   -0.79323   -0.79163   -0.79163   -0.78951   -0.78951   -0.78921   -0.78921
  -0.34578   -0.34578   -0.34475   -0.34475   -0.31867   -0.31867   -0.31709   -0.31709
   0.11771    0.11771    0.11980    0.11980    0.13285    0.13285    0.13739    0.13739
   0.16554    0.16554    0.17306    0.17306    0.19692    0.19692    0.20247    0.20247
   0.21831    0.21831    0.21987    0.21987    0.24294    0.24294    0.25189    0.25189
   0.47119    0.47390
 kpt# 101, nband= 50, wtk=  0.00926, kpt= -0.3333  0.1667  0.5000 (reduced coord)
  -1.94253   -1.94253   -1.94237   -1.94237   -0.80176   -0.80115   -0.80051   -0.79894
  -0.79482   -0.79400   -0.79180   -0.79053   -0.79034   -0.78997   -0.78884   -0.78867
  -0.35260   -0.35159   -0.33758   -0.33702   -0.31937   -0.31840   -0.31763   -0.31762
   0.11387    0.11677    0.11989    0.12055    0.12847    0.12935    0.13262    0.13739
   0.15778    0.16113    0.16522    0.18251    0.19505    0.19544    0.20275    0.20781
   0.21174    0.22595    0.23457    0.23575    0.24094    0.24632    0.24662    0.25576
   0.46844    0.47935
 kpt# 102, nband= 50, wtk=  0.00926, kpt= -0.1667  0.1667  0.5000 (reduced coord)
  -1.94259   -1.94259   -1.94232   -1.94231   -0.80076   -0.80075   -0.79880   -0.79756
  -0.79663   -0.79662   -0.79146   -0.79146   -0.79061   -0.78914   -0.78885   -0.78869
  -0.35689   -0.35628   -0.32998   -0.32987   -0.31985   -0.31942   -0.31931   -0.31870
   0.11033    0.11066    0.11891    0.11940    0.12001    0.12291    0.12513    0.13228
   0.15447    0.16926    0.17350    0.17376    0.18446    0.18463    0.20881    0.20904
   0.22970    0.23028    0.23114    0.24119    0.25444    0.25635    0.25690    0.25955
   0.46843    0.48021
 kpt# 103, nband= 50, wtk=  0.00926, kpt=  0.0000  0.3333  0.5000 (reduced coord)
  -1.94254   -1.94254   -1.94236   -1.94236   -0.79982   -0.79982   -0.79855   -0.79855
  -0.79651   -0.79651   -0.79151   -0.79151   -0.79056   -0.79056   -0.78882   -0.78882
  -0.35187   -0.35187   -0.33343   -0.33342   -0.32055   -0.32055   -0.31976   -0.31975
   0.11101    0.11101    0.11838    0.11838    0.12901    0.12901    0.13005    0.13005
   0.16805    0.16805    0.17496    0.17496    0.19018    0.19018    0.19737    0.19737
   0.21728    0.21728    0.24003    0.24003    0.24927    0.24927    0.25694    0.25694
   0.47415    0.47497
 kpt# 104, nband= 50, wtk=  0.00926, kpt=  0.1667  0.3333  0.5000 (reduced coord)
  -1.94253   -1.94253   -1.94237   -1.94237   -0.80179   -0.80121   -0.80054   -0.79899
  -0.79476   -0.79395   -0.79174   -0.79054   -0.79034   -0.78989   -0.78889   -0.78868
  -0.35279   -0.35177   -0.33797   -0.33728   -0.31917   -0.31810   -0.31740   -0.31720
   0.11351    0.11676    0.11972    0.12021    0.12784    0.12963    0.13261    0.13768
   0.15771    0.16061    0.16566    0.18009    0.19618    0.19798    0.20325    0.20773
   0.21170    0.22636    0.23440    0.23553    0.24262    0.24523    0.24595    0.25533
   0.46767    0.47918
 kpt# 105, nband= 50, wtk=  0.00926, kpt=  0.3333  0.3333  0.5000 (reduced coord)
  -1.94250   -1.94250   -1.94241   -1.94240   -0.80312   -0.80311   -0.80265   -0.80120
  -0.79167   -0.79166   -0.79110   -0.78996   -0.78994   -0.78944   -0.78857   -0.78848
  -0.35282   -0.35163   -0.34455   -0.34449   -0.31643   -0.31431   -0.31429   -0.31424
   0.12226    0.12266    0.12270    0.12344    0.13192    0.13496    0.13580    0.13699
   0.15643    0.15714    0.16224    0.18673    0.19589    0.19737    0.21515    0.21728
   0.21899    0.22167    0.22187    0.22785    0.23080    0.23529    0.23689    0.24815
   0.46517    0.47461
 kpt# 106, nband= 50, wtk=  0.00926, kpt=  0.5000  0.3333  0.5000 (reduced coord)
  -1.94246   -1.94246   -1.94245   -1.94244   -0.80365   -0.80365   -0.80287   -0.80287
  -0.79103   -0.79103   -0.78987   -0.78987   -0.78911   -0.78911   -0.78880   -0.78880
  -0.35016   -0.35016   -0.34944   -0.34944   -0.31415   -0.31415   -0.31287   -0.31287
   0.12516    0.12516    0.12673    0.12673    0.13310    0.13310    0.13513    0.13513
   0.16423    0.16423    0.17286    0.17286    0.20379    0.20380    0.20416    0.20416
   0.21920    0.21920    0.22321    0.22321    0.22830    0.22830    0.24435    0.24435
   0.46630    0.46640
 kpt# 107, nband= 50, wtk=  0.00926, kpt= -0.3333  0.3333  0.5000 (reduced coord)
  -1.94250   -1.94250   -1.94241   -1.94240   -0.80312   -0.80311   -0.80265   -0.80120
  -0.79167   -0.79166   -0.79110   -0.78996   -0.78994   -0.78944   -0.78857   -0.78848
  -0.35282   -0.35163   -0.34455   -0.34449   -0.31643   -0.31431   -0.31429   -0.31424
   0.12226    0.12266    0.12270    0.12344    0.13192    0.13496    0.13580    0.13699
   0.15643    0.15714    0.16224    0.18673    0.19589    0.19737    0.21515    0.21728
   0.21899    0.22167    0.22187    0.22785    0.23080    0.23529    0.23689    0.24815
   0.46508    0.47436
 kpt# 108, nband= 50, wtk=  0.00926, kpt= -0.1667  0.3333  0.5000 (reduced coord)
  -1.94253   -1.94253   -1.94237   -1.94237   -0.80179   -0.80121   -0.80054   -0.79899
  -0.79476   -0.79395   -0.79174   -0.79054   -0.79034   -0.78989   -0.78889   -0.78868
  -0.35279   -0.35177   -0.33797   -0.33728   -0.31917   -0.31810   -0.31740   -0.31720
   0.11351    0.11676    0.11972    0.12021    0.12784    0.12963    0.13261    0.13768
   0.15771    0.16061    0.16566    0.18009    0.19618    0.19798    0.20325    0.20773
   0.21170    0.22636    0.23440    0.23553    0.24262    0.24523    0.24595    0.25533
   0.46767    0.47906
 kpt# 109, nband= 50, wtk=  0.00463, kpt=  0.0000  0.5000  0.5000 (reduced coord)
  -1.94246   -1.94246   -1.94245   -1.94244   -0.79949   -0.79949   -0.79948   -0.79948
  -0.79403   -0.79403   -0.79403   -0.79402   -0.78942   -0.78942   -0.78941   -0.78941
  -0.34293   -0.34293   -0.34293   -0.34293   -0.32009   -0.32009   -0.32009   -0.32009
   0.11457    0.11457    0.11458    0.11458    0.13491    0.13491    0.13492    0.13493
   0.17719    0.17720    0.17720    0.17720    0.18687    0.18688    0.18688    0.18688
   0.22296    0.22296    0.22296    0.22297    0.25191    0.25191    0.25192    0.25192
   0.47449    0.47450
 kpt# 110, nband= 50, wtk=  0.00926, kpt=  0.1667  0.5000  0.5000 (reduced coord)
  -1.94246   -1.94246   -1.94245   -1.94244   -0.80171   -0.80170   -0.80050   -0.80050
  -0.79316   -0.79316   -0.79156   -0.79156   -0.78954   -0.78953   -0.78921   -0.78920
  -0.34613   -0.34613   -0.34507   -0.34507   -0.31831   -0.31831   -0.31668   -0.31668
   0.11735    0.11736    0.11951    0.11952    0.13243    0.13244    0.13738    0.13740
   0.16562    0.16562    0.17323    0.17323    0.19618    0.19618    0.20344    0.20344
   0.21847    0.21847    0.22116    0.22117    0.24264    0.24264    0.25134    0.25135
   0.47057    0.47097
 kpt# 111, nband= 50, wtk=  0.00926, kpt=  0.3333  0.5000  0.5000 (reduced coord)
  -1.94246   -1.94246   -1.94245   -1.94244   -0.80366   -0.80366   -0.80289   -0.80289
  -0.79102   -0.79102   -0.78983   -0.78983   -0.78914   -0.78914   -0.78879   -0.78879
  -0.35026   -0.35026   -0.34950   -0.34950   -0.31407   -0.31407   -0.31275   -0.31275
   0.12455    0.12455    0.12661    0.12662    0.13282    0.13282    0.13599    0.13600
   0.16431    0.16431    0.17246    0.17247    0.20309    0.20310    0.20488    0.20489
   0.21926    0.21927    0.22445    0.22446    0.22797    0.22797    0.24386    0.24386
   0.46568    0.46571
 kpt# 112, nband= 50, wtk=  0.00463, kpt=  0.5000  0.5000  0.5000 (reduced coord)
  -1.94246   -1.94246   -1.94245   -1.94244   -0.80412   -0.80412   -0.80412   -0.80412
  -0.79008   -0.79007   -0.79007   -0.79007   -0.78840   -0.78840   -0.78840   -0.78840
  -0.35171   -0.35171   -0.35171   -0.35171   -0.31171   -0.31171   -0.31171   -0.31171
   0.12712    0.12712    0.12712    0.12712    0.13638    0.13638    0.13638    0.13638
   0.17084    0.17084    0.17084    0.17084    0.19937    0.19937    0.19938    0.19938
   0.22020    0.22021    0.22021    0.22021    0.23617    0.23617    0.23618    0.23618
   0.46497    0.46498
