 Fermi (or HOMO) energy (hartree) =   0.27713   Average Vxc (hartree)=  -0.44601
 Eigenvalues (hartree) for nkpt= 112  k points:
 kpt#   1, nband= 50, wtk=  0.00463, kpt=  0.0000  0.0000  0.0000 (reduced coord)
  -1.94369   -1.94304   -1.94300   -1.94299   -0.80523   -0.80523   -0.80489   -0.79314
  -0.79312   -0.79281   -0.79279   -0.79147   -0.79147   -0.78861   -0.78698   -0.78698
  -0.39505   -0.33819   -0.32893   -0.32892   -0.31889   -0.31582   -0.31581   -0.29681
   0.06030    0.06030    0.07167    0.09588    0.10258    0.10258    0.16423    0.16430
   0.16650    0.16657    0.17273    0.17273    0.22365    0.22370    0.22840    0.22846
   0.24954    0.24965    0.25531    0.25533    0.25953    0.26628    0.26634    0.27519
   0.44249    0.44525
 kpt#   2, nband= 50, wtk=  0.00926, kpt=  0.1667  0.0000  0.0000 (reduced coord)
  -1.94365   -1.94305   -1.94302   -1.94299   -0.80436   -0.80414   -0.80412   -0.79411
  -0.79304   -0.79251   -0.79250   -0.79224   -0.79160   -0.78884   -0.78834   -0.78736
  -0.39030   -0.33666   -0.32817   -0.32696   -0.32197   -0.31949   -0.31727   -0.29918
   0.06604    0.07033    0.07101    0.09829    0.10565    0.11759    0.15209    0.15278
   0.16016    0.16253    0.17252    0.17506    0.21852    0.22053    0.22056    0.23694
   0.24558    0.24713    0.25034    0.25818    0.25985    0.26437    0.26613    0.27577
   0.45112    0.45186
 kpt#   3, nband= 50, wtk=  0.00926, kpt=  0.3333  0.0000  0.0000 (reduced coord)
  -1.94352   -1.94317   -1.94303   -1.94300   -0.80209   -0.80197   -0.80102   -0.79632
  -0.79517   -0.79277   -0.79195   -0.79194   -0.79170   -0.79119   -0.78954   -0.78839
  -0.37704   -0.33790   -0.33246   -0.32618   -0.32168   -0.32118   -0.32110   -0.30551
   0.07817    0.08253    0.09885    0.10542    0.11442    0.12558    0.13429    0.13696
   0.14486    0.15219    0.18244    0.18317    0.18611    0.20741    0.21105    0.22858
   0.23685    0.24065    0.25207    0.26445    0.26474    0.26618    0.26991    0.27713
   0.46652    0.46718
 kpt#   4, nband= 50, wtk=  0.00463, kpt=  0.5000  0.0000  0.0000 (reduced coord)
  -1.94336   -1.94333   -1.94303   -1.94300   -0.79925   -0.79923   -0.79864   -0.79862
  -0.79661   -0.79659   -0.79239   -0.79237   -0.79061   -0.79059   -0.78980   -0.78978
  -0.35810   -0.35809   -0.32682   -0.32682   -0.32360   -0.32360   -0.31373   -0.31373
   0.09521    0.09521    0.11094    0.11094    0.11756    0.11757    0.12821    0.12822
   0.14003    0.14004    0.19145    0.19146    0.19397    0.19398    0.19729    0.19730
   0.23751    0.23752    0.26174    0.26174    0.26638    0.26639    0.27638    0.27638
   0.47822    0.47938
 kpt#   5, nband= 50, wtk=  0.00926, kpt=  0.0000  0.1667  0.0000 (reduced coord)
  -1.94365   -1.94305   -1.94302   -1.94299   -0.80436   -0.80414   -0.80412   -0.79411
  -0.79303   -0.79251   -0.79250   -0.79224   -0.79160   -0.78884   -0.78834   -0.78736
  -0.39030   -0.33666   -0.32816   -0.32697   -0.32198   -0.31949   -0.31726   -0.29918
   0.06604    0.07034    0.07101    0.09829    0.10566    0.11758    0.15211    0.15278
   0.16015    0.16254    0.17253    0.17504    0.21850    0.22051    0.22059    0.23706
   0.24544    0.24705    0.25035    0.25820    0.25984    0.26471    0.26585    0.27577
   0.45111    0.45185
 kpt#   6, nband= 50, wtk=  0.00926, kpt=  0.1667  0.1667  0.0000 (reduced coord)
  -1.94360   -1.94306   -1.94304   -1.94301   -0.80349   -0.80349   -0.80343   -0.79395
  -0.79379   -0.79379   -0.79207   -0.79206   -0.79106   -0.79005   -0.78916   -0.78716
  -0.38597   -0.33572   -0.32693   -0.32692   -0.32241   -0.32240   -0.31990   -0.30124
   0.07272    0.07578    0.07578    0.10000    0.10956    0.12835    0.14467    0.14467
   0.15947    0.16491    0.16491    0.17298    0.21400    0.21823    0.22414    0.22416
   0.24733    0.24796    0.25065    0.25067    0.25981    0.25983    0.26787    0.27608
   0.45572    0.45972
 kpt#   7, nband= 50, wtk=  0.00926, kpt=  0.3333  0.1667  0.0000 (reduced coord)
  -1.94348   -1.94316   -1.94305   -1.94302   -0.80173   -0.80147   -0.80103   -0.79642
  -0.79583   -0.79339   -0.79293   -0.79157   -0.79106   -0.79088   -0.78997   -0.78788
  -0.37383   -0.33807   -0.33321   -0.32679   -0.32444   -0.32105   -0.32023   -0.30671
   0.08188    0.09096    0.10215    0.10549    0.11871    0.12420    0.13182    0.13867
   0.14904    0.15872    0.17589    0.17936    0.18924    0.20491    0.20678    0.22966
   0.23107    0.23493    0.25024    0.25254    0.26293    0.26756    0.26965    0.27694
   0.46432    0.47343
 kpt#   8, nband= 50, wtk=  0.00926, kpt=  0.5000  0.1667  0.0000 (reduced coord)
  -1.94334   -1.94331   -1.94305   -1.94302   -0.79920   -0.79919   -0.79891   -0.79889
  -0.79716   -0.79714   -0.79183   -0.79181   -0.79087   -0.79085   -0.78931   -0.78930
  -0.35650   -0.35649   -0.32983   -0.32983   -0.32273   -0.32273   -0.31381   -0.31380
   0.09994    0.09995    0.11418    0.11419    0.11425    0.11426    0.13245    0.13245
   0.14635    0.14636    0.18898    0.18899    0.19028    0.19029    0.19797    0.19797
   0.23279    0.23280    0.25301    0.25302    0.26580    0.26581    0.27576    0.27576
   0.47234    0.47297
 kpt#   9, nband= 50, wtk=  0.00926, kpt= -0.3333  0.1667  0.0000 (reduced coord)
  -1.94348   -1.94316   -1.94305   -1.94302   -0.80173   -0.80147   -0.80103   -0.79642
  -0.79583   -0.79339   -0.79293   -0.79157   -0.79106   -0.79088   -0.78997   -0.78788
  -0.37383   -0.33807   -0.33321   -0.32679   -0.32444   -0.32105   -0.32023   -0.30671
   0.08188    0.09096    0.10215    0.10549    0.11871    0.12420    0.13182    0.13867
   0.14904    0.15872    0.17589    0.17936    0.18924    0.20491    0.20678    0.22966
   0.23107    0.23493    0.25024    0.25254    0.26293    0.26756    0.26965    0.27694
   0.46444    0.47360
 kpt#  10, nband= 50, wtk=  0.00926, kpt= -0.1667  0.1667  0.0000 (reduced coord)
  -1.94360   -1.94306   -1.94304   -1.94301   -0.80349   -0.80349   -0.80343   -0.79395
  -0.79379   -0.79379   -0.79207   -0.79206   -0.79106   -0.79005   -0.78916   -0.78716
  -0.38597   -0.33572   -0.32693   -0.32692   -0.32241   -0.32240   -0.31990   -0.30124
   0.07272    0.07578    0.07578    0.10000    0.10956    0.12835    0.14467    0.14467
   0.15947    0.16491    0.16491    0.17298    0.21400    0.21823    0.22414    0.22416
   0.24733    0.24796    0.25065    0.25067    0.25981    0.25983    0.26787    0.27608
   0.45572    0.45966
 kpt#  11, nband= 50, wtk=  0.00926, kpt=  0.0000  0.3333  0.0000 (reduced coord)
  -1.94352   -1.94317   -1.94303   -1.94300   -0.80209   -0.80197   -0.80102   -0.79632
  -0.79517   -0.79277   -0.79195   -0.79194   -0.79170   -0.79118   -0.78954   -0.78839
  -0.37704   -0.33790   -0.33246   -0.32617   -0.32152   -0.32126   -0.32118   -0.30552
   0.07817    0.08253    0.09885    0.10543    0.11444    0.12559    0.13429    0.13696
   0.14487    0.15219    0.18243    0.18318    0.18611    0.20741    0.21107    0.22857
   0.23679    0.24067    0.25204    0.26443    0.26506    0.26590    0.26992    0.27713
   0.46650    0.46659
 kpt#  12, nband= 50, wtk=  0.00926, kpt=  0.1667  0.3333  0.0000 (reduced coord)
  -1.94348   -1.94316   -1.94305   -1.94302   -0.80173   -0.80147   -0.80103   -0.79642
  -0.79583   -0.79339   -0.79292   -0.79158   -0.79106   -0.79088   -0.78997   -0.78788
  -0.37383   -0.33807   -0.33321   -0.32678   -0.32444   -0.32105   -0.32024   -0.30671
   0.08188    0.09096    0.10214    0.10549    0.11872    0.12419    0.13183    0.13867
   0.14904    0.15873    0.17589    0.17934    0.18923    0.20493    0.20679    0.22966
   0.23106    0.23488    0.25029    0.25253    0.26292    0.26755    0.26966    0.27694
   0.46439    0.47316
 kpt#  13, nband= 50, wtk=  0.00926, kpt=  0.3333  0.3333  0.0000 (reduced coord)
  -1.94339   -1.94314   -1.94313   -1.94305   -0.80080   -0.80080   -0.79984   -0.79840
  -0.79597   -0.79456   -0.79456   -0.79124   -0.79021   -0.79021   -0.79001   -0.78776
  -0.36483   -0.33791   -0.33790   -0.33499   -0.32077   -0.32019   -0.32018   -0.31009
   0.09230    0.10677    0.10975    0.10976    0.12601    0.12602    0.12923    0.13901
   0.16018    0.16018    0.17664    0.17799    0.18924    0.18989    0.20794    0.20796
   0.21463    0.23455    0.23456    0.24025    0.26744    0.26921    0.26922    0.27627
   0.46080    0.46800
 kpt#  14, nband= 50, wtk=  0.00926, kpt=  0.5000  0.3333  0.0000 (reduced coord)
  -1.94328   -1.94325   -1.94311   -1.94308   -0.79997   -0.79996   -0.79923   -0.79922
  -0.79674   -0.79672   -0.79289   -0.79287   -0.78978   -0.78977   -0.78867   -0.78866
  -0.35185   -0.35185   -0.33681   -0.33681   -0.32043   -0.32043   -0.31497   -0.31496
   0.10565    0.10565    0.11001    0.11001    0.13039    0.13039    0.14343    0.14343
   0.15631    0.15631    0.17500    0.17501    0.18732    0.18733    0.20567    0.20567
   0.21035    0.21036    0.23647    0.23648    0.26835    0.26836    0.27433    0.27433
   0.46143    0.46231
 kpt#  15, nband= 50, wtk=  0.00926, kpt= -0.3333  0.3333  0.0000 (reduced coord)
  -1.94339   -1.94314   -1.94313   -1.94305   -0.80080   -0.80080   -0.79984   -0.79840
  -0.79597   -0.79456   -0.79456   -0.79124   -0.79021   -0.79021   -0.79001   -0.78776
  -0.36483   -0.33791   -0.33790   -0.33499   -0.32077   -0.32019   -0.32018   -0.31009
   0.09230    0.10677    0.10975    0.10976    0.12601    0.12602    0.12923    0.13901
   0.16018    0.16018    0.17664    0.17799    0.18924    0.18989    0.20794    0.20796
   0.21463    0.23455    0.23456    0.24025    0.26744    0.26921    0.26922    0.27627
   0.46105    0.46800
 kpt#  16, nband= 50, wtk=  0.00926, kpt= -0.1667  0.3333  0.0000 (reduced coord)
  -1.94348   -1.94316   -1.94305   -1.94302   -0.80173   -0.80147   -0.80103   -0.79642
  -0.79583   -0.79339   -0.79292   -0.79158   -0.79106   -0.79088   -0.78997   -0.78788
  -0.37383   -0.33807   -0.33321   -0.32678   -0.32444   -0.32105   -0.32024   -0.30671
   0.08188    0.09096    0.10214    0.10549    0.11872    0.12419    0.13183    0.13867
   0.14904    0.15873    0.17589    0.17934    0.18923    0.20493    0.20679    0.22966
   0.23106    0.23488    0.25029    0.25253    0.26292    0.26755    0.26966    0.27694
   0.46442    0.47325
 kpt#  17, nband= 50, wtk=  0.00463, kpt=  0.0000  0.5000  0.0000 (reduced coord)
  -1.94336   -1.94333   -1.94303   -1.94300   -0.79925   -0.79923   -0.79864   -0.79862
  -0.79661   -0.79659   -0.79239   -0.79236   -0.79062   -0.79059   -0.78980   -0.78978
  -0.35810   -0.35810   -0.32681   -0.32681   -0.32360   -0.32359   -0.31375   -0.31374
   0.09520    0.09521    0.11095    0.11095    0.11756    0.11757    0.12822    0.12823
   0.14003    0.14003    0.19153    0.19154    0.19387    0.19389    0.19731    0.19732
   0.23749    0.23749    0.26179    0.26179    0.26635    0.26635    0.27638    0.27638
   0.47817    0.47924
 kpt#  18, nband= 50, wtk=  0.00926, kpt=  0.1667  0.5000  0.0000 (reduced coord)
  -1.94334   -1.94331   -1.94305   -1.94302   -0.79920   -0.79919   -0.79891   -0.79889
  -0.79716   -0.79714   -0.79183   -0.79181   -0.79088   -0.79086   -0.78931   -0.78930
  -0.35650   -0.35649   -0.32982   -0.32982   -0.32273   -0.32273   -0.31382   -0.31381
   0.09995    0.09995    0.11418    0.11419    0.11425    0.11426    0.13245    0.13246
   0.14635    0.14636    0.18900    0.18901    0.19029    0.19031    0.19794    0.19795
   0.23277    0.23278    0.25303    0.25304    0.26579    0.26580    0.27577    0.27577
   0.47219    0.47441
 kpt#  19, nband= 50, wtk=  0.00926, kpt=  0.3333  0.5000  0.0000 (reduced coord)
  -1.94328   -1.94325   -1.94311   -1.94308   -0.79997   -0.79996   -0.79923   -0.79922
  -0.79674   -0.79672   -0.79289   -0.79287   -0.78978   -0.78977   -0.78866   -0.78866
  -0.35185   -0.35185   -0.33681   -0.33681   -0.32043   -0.32043   -0.31497   -0.31497
   0.10565    0.10565    0.11000    0.11001    0.13038    0.13039    0.14343    0.14343
   0.15630    0.15631    0.17501    0.17503    0.18733    0.18734    0.20566    0.20566
   0.21033    0.21034    0.23648    0.23649    0.26835    0.26835    0.27433    0.27433
   0.46130    0.46169
 kpt#  20, nband= 50, wtk=  0.00463, kpt=  0.5000  0.5000  0.0000 (reduced coord)
  -1.94321   -1.94318   -1.94318   -1.94315   -0.79999   -0.79999   -0.79999   -0.79999
  -0.79488   -0.79486   -0.79486   -0.79484   -0.78878   -0.78877   -0.78877   -0.78877
  -0.34487   -0.34487   -0.34487   -0.34486   -0.31747   -0.31747   -0.31747   -0.31747
   0.10784    0.10785    0.10785    0.10785    0.15345    0.15345    0.15346    0.15346
   0.15793    0.15794    0.15794    0.15794    0.18934    0.18935    0.18935    0.18936
   0.21896    0.21896    0.21897    0.21897    0.27178    0.27178    0.27179    0.27179
   0.45758    0.45758
 kpt#  21, nband= 50, wtk=  0.00926, kpt=  0.0000  0.0000  0.1667 (reduced coord)
  -1.94365   -1.94308   -1.94300   -1.94299   -0.80444   -0.80444   -0.80389   -0.79396
  -0.79396   -0.79282   -0.79282   -0.79118   -0.79117   -0.78982   -0.78729   -0.78729
  -0.39059   -0.33578   -0.32799   -0.32798   -0.32508   -0.31667   -0.31666   -0.29982
   0.06597    0.06597    0.08176    0.10497    0.10517    0.10636    0.15794    0.15796
   0.16257    0.16258    0.16933    0.16935    0.22345    0.22350    0.23180    0.23185
   0.24083    0.24251    0.24258    0.25887    0.26087    0.26089    0.26721    0.26723
   0.44574    0.45106
 kpt#  22, nband= 50, wtk=  0.00926, kpt=  0.1667  0.0000  0.1667 (reduced coord)
  -1.94360   -1.94308   -1.94304   -1.94300   -0.80363   -0.80350   -0.80332   -0.79507
  -0.79361   -0.79248   -0.79224   -0.79222   -0.79127   -0.79061   -0.78781   -0.78770
  -0.38617   -0.33443   -0.32777   -0.32625   -0.32525   -0.32237   -0.31787   -0.30187
   0.07143    0.07566    0.08039    0.10504    0.10761    0.12322    0.15217    0.15294
   0.15574    0.15773    0.16499    0.16903    0.21708    0.22512    0.22653    0.23297
   0.24221    0.24272    0.24525    0.25026    0.25477    0.26419    0.26441    0.26624
   0.45367    0.45679
 kpt#  23, nband= 50, wtk=  0.00926, kpt=  0.3333  0.0000  0.1667 (reduced coord)
  -1.94349   -1.94316   -1.94306   -1.94301   -0.80173   -0.80138   -0.80086   -0.79711
  -0.79487   -0.79330   -0.79276   -0.79154   -0.79152   -0.79140   -0.78891   -0.78880
  -0.37380   -0.33723   -0.33081   -0.32715   -0.32571   -0.32155   -0.32109   -0.30736
   0.08627    0.08680    0.10248    0.11068    0.11464    0.12930    0.13669    0.14018
   0.14118    0.15636    0.16943    0.17939    0.19537    0.20346    0.21277    0.23000
   0.24118    0.24153    0.24816    0.24945    0.25118    0.26463    0.26625    0.26814
   0.46812    0.46921
 kpt#  24, nband= 50, wtk=  0.00926, kpt=  0.5000  0.0000  0.1667 (reduced coord)
  -1.94334   -1.94331   -1.94305   -1.94302   -0.79950   -0.79949   -0.79821   -0.79819
  -0.79714   -0.79712   -0.79201   -0.79199   -0.79023   -0.79023   -0.79022   -0.79021
  -0.35611   -0.35611   -0.32642   -0.32642   -0.32594   -0.32593   -0.31454   -0.31453
   0.10163    0.10163    0.11071    0.11072    0.12441    0.12441    0.12588    0.12589
   0.14425    0.14426    0.18982    0.18983    0.19376    0.19376    0.19642    0.19643
   0.24093    0.24094    0.25071    0.25072    0.26062    0.26062    0.26846    0.26846
   0.47675    0.47872
 kpt#  25, nband= 50, wtk=  0.00926, kpt= -0.3333  0.0000  0.1667 (reduced coord)
  -1.94349   -1.94316   -1.94306   -1.94301   -0.80173   -0.80138   -0.80086   -0.79711
  -0.79487   -0.79330   -0.79276   -0.79154   -0.79152   -0.79140   -0.78891   -0.78880
  -0.37380   -0.33723   -0.33081   -0.32715   -0.32571   -0.32155   -0.32109   -0.30736
   0.08627    0.08680    0.10248    0.11068    0.11464    0.12930    0.13669    0.14018
   0.14118    0.15636    0.16943    0.17938    0.19537    0.20346    0.21277    0.23001
   0.24118    0.24153    0.24816    0.24945    0.25118    0.26463    0.26625    0.26814
   0.46810    0.46960
 kpt#  26, nband= 50, wtk=  0.00926, kpt= -0.1667  0.0000  0.1667 (reduced coord)
  -1.94360   -1.94308   -1.94304   -1.94300   -0.80363   -0.80350   -0.80332   -0.79507
  -0.79361   -0.79248   -0.79224   -0.79222   -0.79127   -0.79061   -0.78781   -0.78770
  -0.38617   -0.33443   -0.32777   -0.32625   -0.32525   -0.32237   -0.31787   -0.30187
   0.07143    0.07566    0.08039    0.10504    0.10761    0.12322    0.15217    0.15294
   0.15574    0.15773    0.16499    0.16903    0.21708    0.22512    0.22653    0.23297
   0.24221    0.24272    0.24525    0.25026    0.25477    0.26419    0.26441    0.26624
   0.45367    0.45679
 kpt#  27, nband= 50, wtk=  0.00926, kpt=  0.0000  0.1667  0.1667 (reduced coord)
  -1.94360   -1.94308   -1.94304   -1.94300   -0.80363   -0.80350   -0.80332   -0.79507
  -0.79361   -0.79248   -0.79224   -0.79222   -0.79127   -0.79061   -0.78781   -0.78770
  -0.38617   -0.33443   -0.32776   -0.32625   -0.32525   -0.32239   -0.31786   -0.30187
   0.07143    0.07566    0.08039    0.10505    0.10761    0.12321    0.15226    0.15286
   0.15576    0.15771    0.16497    0.16904    0.21707    0.22516    0.22651    0.23303
   0.24212    0.24262    0.24530    0.25033    0.25473    0.26421    0.26447    0.26619
   0.45366    0.45678
 kpt#  28, nband= 50, wtk=  0.00926, kpt=  0.1667  0.1667  0.1667 (reduced coord)
  -1.94356   -1.94308   -1.94304   -1.94303   -0.80300   -0.80299   -0.80284   -0.79445
  -0.79442   -0.79344   -0.79198   -0.79195   -0.79193   -0.79080   -0.78847   -0.78743
  -0.38219   -0.33436   -0.32793   -0.32771   -0.32454   -0.32157   -0.32136   -0.30361
   0.08069    0.08081    0.08161    0.10623    0.11149    0.13332    0.14772    0.14784
   0.15497    0.15953    0.15955    0.16232    0.22086    0.22352    0.22403    0.22418
   0.24262    0.24446    0.24483    0.24958    0.25098    0.25856    0.25883    0.26797
   0.45975    0.46092
 kpt#  29, nband= 50, wtk=  0.00926, kpt=  0.3333  0.1667  0.1667 (reduced coord)
  -1.94345   -1.94315   -1.94307   -1.94304   -0.80171   -0.80163   -0.80113   -0.79593
  -0.79543   -0.79492   -0.79287   -0.79133   -0.79101   -0.79075   -0.78936   -0.78814
  -0.37105   -0.33831   -0.33381   -0.33020   -0.32302   -0.32167   -0.31948   -0.30824
   0.08957    0.09472    0.10550    0.11064    0.11900    0.12882    0.13734    0.13895
   0.14529    0.16129    0.16715    0.16975    0.19543    0.20880    0.21213    0.23023
   0.23190    0.23703    0.24625    0.24842    0.25292    0.25406    0.26391    0.26807
   0.46615    0.47369
 kpt#  30, nband= 50, wtk=  0.00926, kpt=  0.5000  0.1667  0.1667 (reduced coord)
  -1.94332   -1.94329   -1.94307   -1.94304   -0.80074   -0.80072   -0.79829   -0.79828
  -0.79678   -0.79676   -0.79137   -0.79136   -0.79047   -0.79045   -0.78963   -0.78961
  -0.35511   -0.35511   -0.33240   -0.33240   -0.32174   -0.32173   -0.31426   -0.31426
   0.10611    0.10612    0.11257    0.11258    0.12331    0.12332    0.12874    0.12875
   0.15045    0.15046    0.17823    0.17824    0.19640    0.19641    0.20238    0.20238
   0.23478    0.23479    0.24918    0.24919    0.25461    0.25461    0.26729    0.26730
   0.47181    0.47226
 kpt#  31, nband= 50, wtk=  0.00926, kpt= -0.3333  0.1667  0.1667 (reduced coord)
  -1.94345   -1.94315   -1.94307   -1.94304   -0.80171   -0.80163   -0.80113   -0.79593
  -0.79543   -0.79492   -0.79287   -0.79133   -0.79101   -0.79075   -0.78936   -0.78814
  -0.37105   -0.33831   -0.33381   -0.33020   -0.32302   -0.32167   -0.31948   -0.30824
   0.08957    0.09472    0.10550    0.11064    0.11900    0.12882    0.13734    0.13895
   0.14529    0.16129    0.16715    0.16975    0.19543    0.20880    0.21213    0.23023
   0.23190    0.23703    0.24625    0.24842    0.25292    0.25406    0.26391    0.26807
   0.46614    0.47331
 kpt#  32, nband= 50, wtk=  0.00926, kpt= -0.1667  0.1667  0.1667 (reduced coord)
  -1.94356   -1.94308   -1.94304   -1.94303   -0.80300   -0.80299   -0.80284   -0.79445
  -0.79442   -0.79344   -0.79198   -0.79195   -0.79193   -0.79080   -0.78847   -0.78743
  -0.38219   -0.33436   -0.32793   -0.32771   -0.32454   -0.32158   -0.32136   -0.30361
   0.08069    0.08081    0.08161    0.10623    0.11149    0.13332    0.14772    0.14784
   0.15497    0.15953    0.15955    0.16232    0.22086    0.22352    0.22403    0.22418
   0.24262    0.24446    0.24483    0.24958    0.25098    0.25856    0.25883    0.26797
   0.45974    0.46092
 kpt#  33, nband= 50, wtk=  0.00926, kpt=  0.0000  0.3333  0.1667 (reduced coord)
  -1.94349   -1.94316   -1.94306   -1.94301   -0.80173   -0.80138   -0.80085   -0.79711
  -0.79487   -0.79330   -0.79276   -0.79154   -0.79152   -0.79140   -0.78891   -0.78880
  -0.37380   -0.33723   -0.33080   -0.32715   -0.32571   -0.32141   -0.32123   -0.30737
   0.08627    0.08680    0.10248    0.11068    0.11464    0.12930    0.13669    0.14018
   0.14118    0.15637    0.16941    0.17939    0.19537    0.20346    0.21279    0.23001
   0.24107    0.24152    0.24825    0.24959    0.25100    0.26464    0.26625    0.26816
   0.46819    0.46992
 kpt#  34, nband= 50, wtk=  0.00926, kpt=  0.1667  0.3333  0.1667 (reduced coord)
  -1.94345   -1.94315   -1.94307   -1.94304   -0.80171   -0.80163   -0.80113   -0.79593
  -0.79543   -0.79492   -0.79287   -0.79133   -0.79101   -0.79075   -0.78936   -0.78814
  -0.37105   -0.33831   -0.33381   -0.33020   -0.32302   -0.32166   -0.31949   -0.30824
   0.08957    0.09473    0.10550    0.11064    0.11901    0.12882    0.13734    0.13895
   0.14529    0.16131    0.16712    0.16976    0.19543    0.20880    0.21214    0.23026
   0.23186    0.23695    0.24635    0.24844    0.25288    0.25401    0.26394    0.26808
   0.46610    0.47348
 kpt#  35, nband= 50, wtk=  0.00926, kpt=  0.3333  0.3333  0.1667 (reduced coord)
  -1.94337   -1.94314   -1.94313   -1.94307   -0.80159   -0.80157   -0.80156   -0.79779
  -0.79569   -0.79375   -0.79375   -0.79034   -0.79024   -0.79021   -0.78985   -0.78791
  -0.36326   -0.33982   -0.33975   -0.33759   -0.31995   -0.31843   -0.31837   -0.31072
   0.09895    0.11157    0.11214    0.11230    0.12867    0.13119    0.13124    0.14153
   0.15549    0.15579    0.16112    0.17862    0.19143    0.20569    0.21243    0.21270
   0.21884    0.23177    0.23192    0.23589    0.25561    0.26055    0.26093    0.26705
   0.46212    0.46987
 kpt#  36, nband= 50, wtk=  0.00926, kpt=  0.5000  0.3333  0.1667 (reduced coord)
  -1.94327   -1.94324   -1.94312   -1.94309   -0.80170   -0.80169   -0.80022   -0.80021
  -0.79497   -0.79495   -0.79181   -0.79179   -0.78969   -0.78968   -0.78878   -0.78877
  -0.35198   -0.35198   -0.33974   -0.33974   -0.31839   -0.31839   -0.31436   -0.31436
   0.11065    0.11066    0.11402    0.11403    0.13394    0.13395    0.13911    0.13912
   0.15810    0.15812    0.16652    0.16654    0.19910    0.19911    0.20577    0.20577
   0.21452    0.21453    0.23216    0.23216    0.25931    0.25931    0.26557    0.26557
   0.46252    0.46446
 kpt#  37, nband= 50, wtk=  0.00926, kpt= -0.3333  0.3333  0.1667 (reduced coord)
  -1.94337   -1.94314   -1.94313   -1.94307   -0.80158   -0.80158   -0.80156   -0.79779
  -0.79569   -0.79375   -0.79375   -0.79034   -0.79024   -0.79021   -0.78985   -0.78791
  -0.36326   -0.33982   -0.33975   -0.33759   -0.31995   -0.31844   -0.31837   -0.31072
   0.09895    0.11157    0.11214    0.11231    0.12867    0.13119    0.13124    0.14153
   0.15548    0.15580    0.16112    0.17862    0.19143    0.20569    0.21243    0.21270
   0.21884    0.23177    0.23192    0.23589    0.25561    0.26055    0.26092    0.26705
   0.46198    0.47028
 kpt#  38, nband= 50, wtk=  0.00926, kpt= -0.1667  0.3333  0.1667 (reduced coord)
  -1.94345   -1.94315   -1.94307   -1.94304   -0.80171   -0.80163   -0.80113   -0.79593
  -0.79543   -0.79492   -0.79287   -0.79133   -0.79101   -0.79075   -0.78936   -0.78814
  -0.37105   -0.33831   -0.33381   -0.33020   -0.32302   -0.32166   -0.31949   -0.30824
   0.08957    0.09473    0.10550    0.11064    0.11901    0.12882    0.13734    0.13895
   0.14529    0.16131    0.16712    0.16976    0.19543    0.20880    0.21214    0.23026
   0.23186    0.23695    0.24635    0.24844    0.25288    0.25401    0.26394    0.26808
   0.46610    0.47351
 kpt#  39, nband= 50, wtk=  0.00926, kpt=  0.0000  0.5000  0.1667 (reduced coord)
  -1.94334   -1.94331   -1.94305   -1.94302   -0.79950   -0.79949   -0.79821   -0.79819
  -0.79714   -0.79712   -0.79200   -0.79199   -0.79023   -0.79023   -0.79022   -0.79021
  -0.35611   -0.35611   -0.32639   -0.32639   -0.32595   -0.32595   -0.31455   -0.31454
   0.10162    0.10163    0.11072    0.11072    0.12441    0.12442    0.12588    0.12588
   0.14425    0.14425    0.18986    0.18987    0.19373    0.19373    0.19641    0.19642
   0.24088    0.24089    0.25075    0.25076    0.26059    0.26059    0.26848    0.26849
   0.47662    0.47847
 kpt#  40, nband= 50, wtk=  0.00926, kpt=  0.1667  0.5000  0.1667 (reduced coord)
  -1.94332   -1.94329   -1.94307   -1.94304   -0.80074   -0.80073   -0.79829   -0.79828
  -0.79678   -0.79676   -0.79137   -0.79135   -0.79047   -0.79045   -0.78963   -0.78961
  -0.35511   -0.35511   -0.33240   -0.33239   -0.32173   -0.32173   -0.31427   -0.31426
   0.10612    0.10612    0.11257    0.11258    0.12331    0.12332    0.12875    0.12876
   0.15045    0.15046    0.17824    0.17825    0.19642    0.19643    0.20236    0.20237
   0.23475    0.23476    0.24922    0.24923    0.25458    0.25459    0.26731    0.26731
   0.47170    0.47301
 kpt#  41, nband= 50, wtk=  0.00926, kpt=  0.3333  0.5000  0.1667 (reduced coord)
  -1.94327   -1.94324   -1.94312   -1.94309   -0.80170   -0.80169   -0.80022   -0.80021
  -0.79497   -0.79495   -0.79181   -0.79179   -0.78969   -0.78968   -0.78878   -0.78877
  -0.35198   -0.35198   -0.33974   -0.33973   -0.31839   -0.31839   -0.31436   -0.31436
   0.11066    0.11066    0.11402    0.11402    0.13394    0.13395    0.13911    0.13911
   0.15810    0.15811    0.16654    0.16655    0.19912    0.19913    0.20575    0.20575
   0.21450    0.21451    0.23217    0.23217    0.25930    0.25931    0.26558    0.26558
   0.46248    0.46263
 kpt#  42, nband= 50, wtk=  0.00926, kpt=  0.5000  0.5000  0.1667 (reduced coord)
  -1.94321   -1.94318   -1.94318   -1.94315   -0.80153   -0.80152   -0.80152   -0.80152
  -0.79327   -0.79325   -0.79325   -0.79324   -0.78877   -0.78877   -0.78877   -0.78877
  -0.34668   -0.34668   -0.34668   -0.34668   -0.31580   -0.31580   -0.31580   -0.31580
   0.11247    0.11248    0.11248    0.11248    0.15015    0.15016    0.15016    0.15016
   0.15687    0.15687    0.15687    0.15688    0.19974    0.19974    0.19974    0.19975
   0.21503    0.21503    0.21504    0.21504    0.26389    0.26389    0.26390    0.26390
   0.45985    0.45986
 kpt#  43, nband= 50, wtk=  0.00926, kpt= -0.3333  0.5000  0.1667 (reduced coord)
  -1.94327   -1.94324   -1.94312   -1.94309   -0.80170   -0.80169   -0.80022   -0.80021
  -0.79497   -0.79495   -0.79181   -0.79179   -0.78969   -0.78968   -0.78878   -0.78877
  -0.35198   -0.35198   -0.33974   -0.33973   -0.31839   -0.31839   -0.31436   -0.31436
   0.11066    0.11066    0.11402    0.11402    0.13394    0.13395    0.13911    0.13912
   0.15810    0.15811    0.16654    0.16655    0.19912    0.19913    0.20575    0.20575
   0.21450    0.21451    0.23217    0.23217    0.25930    0.25931    0.26557    0.26558
   0.46250    0.46292
 kpt#  44, nband= 50, wtk=  0.00926, kpt= -0.1667  0.5000  0.1667 (reduced coord)
  -1.94332   -1.94329   -1.94307   -1.94304   -0.80074   -0.80072   -0.79829   -0.79828
  -0.79678   -0.79676   -0.79137   -0.79135   -0.79047   -0.79045   -0.78963   -0.78961
  -0.35511   -0.35511   -0.33240   -0.33239   -0.32173   -0.32173   -0.31427   -0.31426
   0.10612    0.10612    0.11257    0.11258    0.12331    0.12332    0.12875    0.12876
   0.15044    0.15046    0.17824    0.17825    0.19642    0.19643    0.20236    0.20237
   0.23475    0.23476    0.24922    0.24923    0.25458    0.25458    0.26730    0.26731
   0.47189    0.47255
 kpt#  45, nband= 50, wtk=  0.00926, kpt=  0.0000 -0.3333  0.1667 (reduced coord)
  -1.94349   -1.94316   -1.94306   -1.94301   -0.80173   -0.80138   -0.80085   -0.79711
  -0.79487   -0.79330   -0.79276   -0.79154   -0.79152   -0.79140   -0.78891   -0.78880
  -0.37380   -0.33723   -0.33080   -0.32715   -0.32571   -0.32141   -0.32123   -0.30737
   0.08627    0.08680    0.10248    0.11068    0.11464    0.12930    0.13669    0.14018
   0.14118    0.15637    0.16941    0.17939    0.19537    0.20346    0.21279    0.23001
   0.24107    0.24152    0.24825    0.24959    0.25100    0.26464    0.26625    0.26816
   0.46813    0.47101
 kpt#  46, nband= 50, wtk=  0.00926, kpt=  0.1667 -0.3333  0.1667 (reduced coord)
  -1.94345   -1.94315   -1.94307   -1.94304   -0.80171   -0.80163   -0.80113   -0.79593
  -0.79543   -0.79492   -0.79287   -0.79133   -0.79101   -0.79075   -0.78936   -0.78814
  -0.37105   -0.33831   -0.33381   -0.33020   -0.32302   -0.32166   -0.31949   -0.30824
   0.08957    0.09473    0.10550    0.11064    0.11901    0.12882    0.13734    0.13895
   0.14529    0.16131    0.16712    0.16976    0.19543    0.20880    0.21214    0.23026
   0.23186    0.23695    0.24635    0.24844    0.25288    0.25401    0.26394    0.26808
   0.46609    0.47367
 kpt#  47, nband= 50, wtk=  0.00926, kpt=  0.3333 -0.3333  0.1667 (reduced coord)
  -1.94337   -1.94314   -1.94313   -1.94307   -0.80159   -0.80157   -0.80156   -0.79779
  -0.79569   -0.79375   -0.79375   -0.79034   -0.79024   -0.79021   -0.78985   -0.78791
  -0.36326   -0.33982   -0.33975   -0.33759   -0.31995   -0.31843   -0.31837   -0.31072
   0.09895    0.11157    0.11214    0.11230    0.12867    0.13119    0.13124    0.14153
   0.15549    0.15579    0.16112    0.17862    0.19143    0.20569    0.21243    0.21270
   0.21884    0.23177    0.23192    0.23589    0.25561    0.26055    0.26093    0.26705
   0.46198    0.46999
 kpt#  48, nband= 50, wtk=  0.00926, kpt=  0.5000 -0.3333  0.1667 (reduced coord)
  -1.94327   -1.94324   -1.94312   -1.94309   -0.80170   -0.80169   -0.80022   -0.80021
  -0.79497   -0.79495   -0.79181   -0.79179   -0.78969   -0.78968   -0.78878   -0.78877
  -0.35198   -0.35198   -0.33974   -0.33974   -0.31839   -0.31839   -0.31436   -0.31436
   0.11065    0.11066    0.11402    0.11403    0.13394    0.13395    0.13911    0.13912
   0.15810    0.15812    0.16652    0.16654    0.19910    0.19911    0.20577    0.20577
   0.21452    0.21453    0.23216    0.23216    0.25931    0.25931    0.26557    0.26557
   0.46252    0.46290
 kpt#  49, nband= 50, wtk=  0.00926, kpt= -0.3333 -0.3333  0.1667 (reduced coord)
  -1.94337   -1.94314   -1.94313   -1.94307   -0.80158   -0.80158   -0.80156   -0.79779
  -0.79569   -0.79375   -0.79375   -0.79034   -0.79024   -0.79021   -0.78985   -0.78791
  -0.36326   -0.33982   -0.33975   -0.33759   -0.31995   -0.31844   -0.31837   -0.31072
   0.09895    0.11157    0.11214    0.11231    0.12867    0.13119    0.13124    0.14153
   0.15548    0.15580    0.16112    0.17862    0.19143    0.20569    0.21243    0.21270
   0.21884    0.23177    0.23192    0.23589    0.25561    0.26055    0.26092    0.26705
   0.46199    0.47005
 kpt#  50, nband= 50, wtk=  0.00926, kpt= -0.1667 -0.3333  0.1667 (reduced coord)
  -1.94345   -1.94315   -1.94307   -1.94304   -0.80171   -0.80163   -0.80113   -0.79593
  -0.79543   -0.79492   -0.79287   -0.79133   -0.79101   -0.79075   -0.78936   -0.78814
  -0.37105   -0.33831   -0.33381   -0.33020   -0.32302   -0.32166   -0.31949   -0.30824
   0.08957    0.09473    0.10550    0.11064    0.11901    0.12882    0.13734    0.13895
   0.14529    0.16131    0.16712    0.16976    0.19543    0.20880    0.21214    0.23026
   0.23186    0.23695    0.24635    0.24844    0.25288    0.25401    0.26394    0.26808
   0.46636    0.47338
 kpt#  51, nband= 50, wtk=  0.00926, kpt=  0.0000 -0.1667  0.1667 (reduced coord)
  -1.94360   -1.94308   -1.94304   -1.94300   -0.80363   -0.80350   -0.80332   -0.79507
  -0.79361   -0.79248   -0.79224   -0.79222   -0.79127   -0.79061   -0.78781   -0.78770
  -0.38617   -0.33443   -0.32776   -0.32625   -0.32525   -0.32239   -0.31786   -0.30187
   0.07143    0.07566    0.08039    0.10505    0.10761    0.12321    0.15226    0.15286
   0.15576    0.15771    0.16497    0.16904    0.21707    0.22516    0.22651    0.23303
   0.24212    0.24262    0.24530    0.25033    0.25473    0.26421    0.26447    0.26619
   0.45366    0.45678
 kpt#  52, nband= 50, wtk=  0.00926, kpt=  0.1667 -0.1667  0.1667 (reduced coord)
  -1.94356   -1.94308   -1.94304   -1.94303   -0.80300   -0.80299   -0.80284   -0.79445
  -0.79442   -0.79344   -0.79198   -0.79195   -0.79193   -0.79080   -0.78847   -0.78743
  -0.38219   -0.33436   -0.32793   -0.32771   -0.32454   -0.32157   -0.32136   -0.30361
   0.08069    0.08081    0.08161    0.10623    0.11149    0.13332    0.14772    0.14784
   0.15497    0.15953    0.15955    0.16232    0.22086    0.22352    0.22403    0.22418
   0.24262    0.24446    0.24483    0.24958    0.25098    0.25856    0.25883    0.26797
   0.45975    0.46093
 kpt#  53, nband= 50, wtk=  0.00926, kpt=  0.3333 -0.1667  0.1667 (reduced coord)
  -1.94345   -1.94315   -1.94307   -1.94304   -0.80171   -0.80163   -0.80113   -0.79593
  -0.79543   -0.79492   -0.79287   -0.79133   -0.79101   -0.79075   -0.78936   -0.78814
  -0.37105   -0.33831   -0.33381   -0.33020   -0.32302   -0.32167   -0.31948   -0.30824
   0.08957    0.09472    0.10550    0.11064    0.11900    0.12882    0.13734    0.13895
   0.14529    0.16129    0.16715    0.16975    0.19543    0.20880    0.21213    0.23023
   0.23190    0.23703    0.24625    0.24842    0.25292    0.25406    0.26391    0.26807
   0.46611    0.47357
 kpt#  54, nband= 50, wtk=  0.00926, kpt=  0.5000 -0.1667  0.1667 (reduced coord)
  -1.94332   -1.94329   -1.94307   -1.94304   -0.80074   -0.80072   -0.79829   -0.79828
  -0.79678   -0.79676   -0.79137   -0.79136   -0.79047   -0.79045   -0.78963   -0.78961
  -0.35511   -0.35511   -0.33240   -0.33240   -0.32174   -0.32173   -0.31426   -0.31426
   0.10611    0.10612    0.11257    0.11258    0.12331    0.12332    0.12874    0.12875
   0.15045    0.15046    0.17823    0.17824    0.19640    0.19641    0.20238    0.20238
   0.23478    0.23479    0.24918    0.24919    0.25461    0.25461    0.26729    0.26730
   0.47182    0.47492
 kpt#  55, nband= 50, wtk=  0.00926, kpt= -0.3333 -0.1667  0.1667 (reduced coord)
  -1.94345   -1.94315   -1.94307   -1.94304   -0.80171   -0.80163   -0.80113   -0.79593
  -0.79543   -0.79492   -0.79287   -0.79133   -0.79101   -0.79075   -0.78936   -0.78814
  -0.37105   -0.33831   -0.33381   -0.33020   -0.32302   -0.32167   -0.31948   -0.30824
   0.08957    0.09472    0.10550    0.11064    0.11900    0.12882    0.13734    0.13895
   0.14529    0.16129    0.16715    0.16975    0.19543    0.20880    0.21213    0.23023
   0.23190    0.23703    0.24625    0.24842    0.25292    0.25406    0.26391    0.26807
   0.46615    0.47357
 kpt#  56, nband= 50, wtk=  0.00926, kpt= -0.1667 -0.1667  0.1667 (reduced coord)
  -1.94356   -1.94308   -1.94304   -1.94303   -0.80300   -0.80299   -0.80284   -0.79445
  -0.79442   -0.79344   -0.79198   -0.79195   -0.79193   -0.79080   -0.78847   -0.78743
  -0.38219   -0.33436   -0.32793   -0.32771   -0.32454   -0.32158   -0.32136   -0.30361
   0.08069    0.08081    0.08161    0.10623    0.11149    0.13332    0.14772    0.14784
   0.15497    0.15953    0.15955    0.16232    0.22086    0.22352    0.22403    0.22418
   0.24262    0.24446    0.24483    0.24958    0.25098    0.25856    0.25883    0.26797
   0.45975    0.46108
 kpt#  57, nband= 50, wtk=  0.00926, kpt=  0.0000  0.0000  0.3333 (reduced coord)
  -1.94353   -1.94320   -1.94300   -1.94299   -0.80229   -0.80229   -0.80111   -0.79624
  -0.79624   -0.79302   -0.79286   -0.79286   -0.79036   -0.79036   -0.78811   -0.78811
  -0.37814   -0.34076   -0.32884   -0.32548   -0.32548   -0.31896   -0.31895   -0.30806
   0.08232    0.08232    0.10967    0.11287    0.11290    0.13453    0.13496    0.13496
   0.14462    0.14465    0.18319    0.18319    0.19843    0.21908    0.21916    0.22022
   0.22511    0.22520    0.24375    0.24377    0.26707    0.26708    0.26872    0.26872
   0.45501    0.46584
 kpt#  58, nband= 50, wtk=  0.00926, kpt=  0.1667  0.0000  0.3333 (reduced coord)
  -1.94349   -1.94318   -1.94303   -1.94301   -0.80189   -0.80151   -0.80100   -0.79710
  -0.79573   -0.79401   -0.79237   -0.79214   -0.79114   -0.79039   -0.78860   -0.78816
  -0.37460   -0.33982   -0.32810   -0.32661   -0.32435   -0.32348   -0.31954   -0.30927
   0.08668    0.09078    0.10439    0.11353    0.11927    0.13370    0.13750    0.14368
   0.14442    0.14671    0.17132    0.17794    0.20186    0.20711    0.22083    0.22351
   0.22987    0.23475    0.23618    0.23890    0.25998    0.26026    0.26499    0.26612
   0.46079    0.46931
 kpt#  59, nband= 50, wtk=  0.00926, kpt=  0.3333  0.0000  0.3333 (reduced coord)
  -1.94339   -1.94315   -1.94312   -1.94304   -0.80066   -0.80060   -0.79937   -0.79856
  -0.79623   -0.79433   -0.79336   -0.79115   -0.79107   -0.79082   -0.78967   -0.78862
  -0.36467   -0.33718   -0.33533   -0.32959   -0.32615   -0.32135   -0.32111   -0.31254
   0.09808    0.10744    0.11156    0.11589    0.11941    0.13166    0.13507    0.14245
   0.15139    0.15644    0.17117    0.17465    0.19233    0.20383    0.21037    0.21610
   0.22046    0.23417    0.23583    0.24299    0.24945    0.25200    0.25777    0.26251
   0.47114    0.47401
 kpt#  60, nband= 50, wtk=  0.00926, kpt=  0.5000  0.0000  0.3333 (reduced coord)
  -1.94328   -1.94325   -1.94311   -1.94308   -0.79981   -0.79980   -0.79867   -0.79867
  -0.79640   -0.79638   -0.79244   -0.79242   -0.79032   -0.79031   -0.78971   -0.78970
  -0.35048   -0.35047   -0.33347   -0.33347   -0.32360   -0.32360   -0.31694   -0.31693
   0.11128    0.11128    0.11909    0.11910    0.11970    0.11970    0.14630    0.14631
   0.14657    0.14658    0.18455    0.18456    0.19143    0.19143    0.20451    0.20452
   0.21648    0.21648    0.24572    0.24573    0.24828    0.24828    0.25746    0.25747
   0.47354    0.47505
 kpt#  61, nband= 50, wtk=  0.00926, kpt= -0.3333  0.0000  0.3333 (reduced coord)
  -1.94339   -1.94315   -1.94312   -1.94304   -0.80066   -0.80060   -0.79937   -0.79856
  -0.79623   -0.79433   -0.79336   -0.79115   -0.79107   -0.79082   -0.78967   -0.78862
  -0.36467   -0.33718   -0.33533   -0.32959   -0.32615   -0.32136   -0.32110   -0.31254
   0.09808    0.10744    0.11156    0.11589    0.11941    0.13166    0.13507    0.14245
   0.15139    0.15644    0.17117    0.17465    0.19234    0.20383    0.21037    0.21610
   0.22046    0.23417    0.23583    0.24299    0.24945    0.25200    0.25777    0.26251
   0.47378    0.47444
 kpt#  62, nband= 50, wtk=  0.00926, kpt= -0.1667  0.0000  0.3333 (reduced coord)
  -1.94349   -1.94318   -1.94303   -1.94301   -0.80189   -0.80151   -0.80100   -0.79710
  -0.79573   -0.79401   -0.79237   -0.79214   -0.79114   -0.79039   -0.78860   -0.78816
  -0.37460   -0.33982   -0.32810   -0.32661   -0.32435   -0.32347   -0.31954   -0.30927
   0.08668    0.09078    0.10439    0.11353    0.11927    0.13370    0.13750    0.14368
   0.14442    0.14671    0.17132    0.17794    0.20186    0.20711    0.22083    0.22352
   0.22987    0.23474    0.23618    0.23890    0.25998    0.26026    0.26499    0.26612
   0.46078    0.46923
 kpt#  63, nband= 50, wtk=  0.00926, kpt=  0.0000  0.1667  0.3333 (reduced coord)
  -1.94349   -1.94318   -1.94303   -1.94301   -0.80189   -0.80151   -0.80100   -0.79710
  -0.79573   -0.79401   -0.79237   -0.79214   -0.79114   -0.79039   -0.78860   -0.78816
  -0.37460   -0.33982   -0.32810   -0.32661   -0.32435   -0.32349   -0.31954   -0.30927
   0.08668    0.09078    0.10439    0.11356    0.11925    0.13371    0.13750    0.14347
   0.14472    0.14661    0.17131    0.17795    0.20184    0.20710    0.22085    0.22353
   0.22990    0.23471    0.23619    0.23887    0.25999    0.26025    0.26500    0.26612
   0.46077    0.46920
 kpt#  64, nband= 50, wtk=  0.00926, kpt=  0.1667  0.1667  0.3333 (reduced coord)
  -1.94346   -1.94317   -1.94304   -1.94304   -0.80178   -0.80175   -0.80113   -0.79587
  -0.79586   -0.79510   -0.79201   -0.79186   -0.79183   -0.79009   -0.78870   -0.78815
  -0.37160   -0.34031   -0.32915   -0.32900   -0.32630   -0.32020   -0.32005   -0.31012
   0.09454    0.09475    0.10364    0.11740    0.11983    0.13719    0.13747    0.14473
   0.14654    0.15187    0.16491    0.16510    0.20557    0.21885    0.21893    0.21943
   0.23261    0.23269    0.23325    0.23678    0.25331    0.25748    0.25760    0.26054
   0.46450    0.47013
 kpt#  65, nband= 50, wtk=  0.00926, kpt=  0.3333  0.1667  0.3333 (reduced coord)
  -1.94337   -1.94315   -1.94312   -1.94307   -0.80181   -0.80141   -0.80126   -0.79748
  -0.79567   -0.79341   -0.79337   -0.79105   -0.79085   -0.79008   -0.78933   -0.78857
  -0.36318   -0.34025   -0.33834   -0.33421   -0.32275   -0.31928   -0.31813   -0.31244
   0.10442    0.10853    0.11380    0.12003    0.12108    0.13528    0.13895    0.14243
   0.15142    0.15217    0.15961    0.17347    0.20137    0.20713    0.21299    0.22144
   0.22596    0.23129    0.23284    0.23564    0.24380    0.24736    0.25041    0.25784
   0.46890    0.47453
 kpt#  66, nband= 50, wtk=  0.00926, kpt=  0.5000  0.1667  0.3333 (reduced coord)
  -1.94327   -1.94324   -1.94312   -1.94309   -0.80166   -0.80165   -0.79982   -0.79981
  -0.79477   -0.79475   -0.79109   -0.79108   -0.79014   -0.79012   -0.78976   -0.78974
  -0.35111   -0.35110   -0.33823   -0.33823   -0.31989   -0.31989   -0.31553   -0.31553
   0.11508    0.11508    0.12098    0.12099    0.12367    0.12368    0.13973    0.13973
   0.15338    0.15339    0.17347    0.17348    0.20234    0.20235    0.20575    0.20576
   0.22110    0.22111    0.23992    0.23993    0.24091    0.24092    0.25472    0.25473
   0.47154    0.47159
 kpt#  67, nband= 50, wtk=  0.00926, kpt= -0.3333  0.1667  0.3333 (reduced coord)
  -1.94337   -1.94315   -1.94312   -1.94307   -0.80181   -0.80141   -0.80126   -0.79748
  -0.79567   -0.79341   -0.79337   -0.79105   -0.79085   -0.79008   -0.78933   -0.78857
  -0.36318   -0.34025   -0.33834   -0.33421   -0.32275   -0.31928   -0.31813   -0.31244
   0.10442    0.10853    0.11380    0.12003    0.12108    0.13528    0.13895    0.14243
   0.15142    0.15217    0.15961    0.17347    0.20137    0.20713    0.21299    0.22144
   0.22596    0.23129    0.23284    0.23564    0.24380    0.24736    0.25041    0.25784
   0.46885    0.47499
 kpt#  68, nband= 50, wtk=  0.00926, kpt= -0.1667  0.1667  0.3333 (reduced coord)
  -1.94346   -1.94317   -1.94304   -1.94304   -0.80178   -0.80175   -0.80113   -0.79587
  -0.79586   -0.79510   -0.79201   -0.79186   -0.79183   -0.79009   -0.78870   -0.78815
  -0.37160   -0.34031   -0.32916   -0.32899   -0.32630   -0.32020   -0.32005   -0.31012
   0.09454    0.09475    0.10364    0.11740    0.11983    0.13719    0.13747    0.14473
   0.14654    0.15187    0.16491    0.16510    0.20557    0.21885    0.21893    0.21943
   0.23261    0.23269    0.23325    0.23678    0.25331    0.25748    0.25760    0.26054
   0.46449    0.46990
 kpt#  69, nband= 50, wtk=  0.00926, kpt=  0.0000  0.3333  0.3333 (reduced coord)
  -1.94339   -1.94315   -1.94312   -1.94304   -0.80066   -0.80060   -0.79937   -0.79857
  -0.79623   -0.79433   -0.79336   -0.79114   -0.79108   -0.79082   -0.78967   -0.78862
  -0.36467   -0.33718   -0.33533   -0.32959   -0.32614   -0.32126   -0.32119   -0.31254
   0.09808    0.10744    0.11156    0.11591    0.11940    0.13167    0.13506    0.14244
   0.15138    0.15644    0.17118    0.17466    0.19233    0.20378    0.21043    0.21609
   0.22046    0.23417    0.23582    0.24297    0.24945    0.25202    0.25779    0.26251
   0.47198    0.47420
 kpt#  70, nband= 50, wtk=  0.00926, kpt=  0.1667  0.3333  0.3333 (reduced coord)
  -1.94337   -1.94315   -1.94312   -1.94307   -0.80181   -0.80141   -0.80126   -0.79748
  -0.79567   -0.79341   -0.79337   -0.79104   -0.79085   -0.79008   -0.78933   -0.78857
  -0.36318   -0.34025   -0.33834   -0.33421   -0.32275   -0.31927   -0.31814   -0.31244
   0.10442    0.10853    0.11380    0.12005    0.12106    0.13527    0.13896    0.14243
   0.15141    0.15217    0.15962    0.17347    0.20134    0.20713    0.21302    0.22143
   0.22594    0.23130    0.23282    0.23564    0.24382    0.24735    0.25043    0.25784
   0.46885    0.47464
 kpt#  71, nband= 50, wtk=  0.00926, kpt=  0.3333  0.3333  0.3333 (reduced coord)
  -1.94331   -1.94316   -1.94313   -1.94311   -0.80277   -0.80275   -0.80272   -0.80011
  -0.79289   -0.79246   -0.79244   -0.79030   -0.79025   -0.78958   -0.78944   -0.78832
  -0.35874   -0.34405   -0.34284   -0.34279   -0.31801   -0.31559   -0.31554   -0.31245
   0.11414    0.11851    0.11871    0.12137    0.12896    0.14093    0.14105    0.14465
   0.14979    0.15016    0.15060    0.18296    0.19372    0.21739    0.21976    0.22005
   0.22216    0.22539    0.22563    0.22722    0.23037    0.24266    0.24316    0.25262
   0.46572    0.47408
 kpt#  72, nband= 50, wtk=  0.00926, kpt=  0.5000  0.3333  0.3333 (reduced coord)
  -1.94324   -1.94321   -1.94315   -1.94312   -0.80331   -0.80331   -0.80214   -0.80214
  -0.79250   -0.79248   -0.79044   -0.79042   -0.78950   -0.78949   -0.78908   -0.78907
  -0.35162   -0.35162   -0.34508   -0.34508   -0.31538   -0.31538   -0.31328   -0.31328
   0.12100    0.12101    0.12330    0.12331    0.13329    0.13329    0.14021    0.14021
   0.15479    0.15479    0.17105    0.17106    0.20152    0.20153    0.21347    0.21348
   0.21966    0.21967    0.22374    0.22376    0.23754    0.23755    0.24973    0.24974
   0.46587    0.46652
 kpt#  73, nband= 50, wtk=  0.00926, kpt= -0.3333  0.3333  0.3333 (reduced coord)
  -1.94331   -1.94316   -1.94313   -1.94311   -0.80277   -0.80275   -0.80272   -0.80011
  -0.79289   -0.79246   -0.79244   -0.79030   -0.79025   -0.78958   -0.78944   -0.78832
  -0.35874   -0.34405   -0.34284   -0.34279   -0.31801   -0.31559   -0.31554   -0.31245
   0.11414    0.11851    0.11871    0.12137    0.12896    0.14093    0.14105    0.14465
   0.14978    0.15016    0.15060    0.18296    0.19372    0.21739    0.21977    0.22005
   0.22216    0.22539    0.22563    0.22722    0.23037    0.24267    0.24316    0.25262
   0.46570    0.47454
 kpt#  74, nband= 50, wtk=  0.00926, kpt= -0.1667  0.3333  0.3333 (reduced coord)
  -1.94337   -1.94315   -1.94312   -1.94307   -0.80181   -0.80141   -0.80126   -0.79748
  -0.79567   -0.79341   -0.79337   -0.79104   -0.79085   -0.79008   -0.78933   -0.78857
  -0.36318   -0.34025   -0.33834   -0.33421   -0.32275   -0.31927   -0.31814   -0.31244
   0.10442    0.10853    0.11380    0.12005    0.12106    0.13527    0.13896    0.14243
   0.15141    0.15217    0.15962    0.17347    0.20134    0.20713    0.21302    0.22143
   0.22594    0.23130    0.23282    0.23564    0.24382    0.24735    0.25043    0.25784
   0.46877    0.47518
 kpt#  75, nband= 50, wtk=  0.00926, kpt=  0.0000  0.5000  0.3333 (reduced coord)
  -1.94328   -1.94325   -1.94311   -1.94308   -0.79981   -0.79980   -0.79867   -0.79867
  -0.79640   -0.79638   -0.79244   -0.79242   -0.79032   -0.79031   -0.78971   -0.78970
  -0.35048   -0.35048   -0.33347   -0.33347   -0.32360   -0.32359   -0.31694   -0.31694
   0.11128    0.11128    0.11921    0.11922    0.11958    0.11959    0.14636    0.14636
   0.14650    0.14651    0.18456    0.18457    0.19144    0.19145    0.20451    0.20452
   0.21645    0.21645    0.24565    0.24566    0.24837    0.24837    0.25746    0.25746
   0.47339    0.47429
 kpt#  76, nband= 50, wtk=  0.00926, kpt=  0.1667  0.5000  0.3333 (reduced coord)
  -1.94327   -1.94324   -1.94312   -1.94309   -0.80166   -0.80165   -0.79982   -0.79981
  -0.79477   -0.79475   -0.79109   -0.79108   -0.79014   -0.79012   -0.78976   -0.78974
  -0.35111   -0.35111   -0.33823   -0.33823   -0.31988   -0.31988   -0.31554   -0.31553
   0.11508    0.11509    0.12100    0.12100    0.12366    0.12367    0.13972    0.13973
   0.15337    0.15338    0.17347    0.17348    0.20239    0.20240    0.20571    0.20571
   0.22107    0.22108    0.23980    0.23982    0.24104    0.24106    0.25472    0.25473
   0.47140    0.47185
 kpt#  77, nband= 50, wtk=  0.00926, kpt=  0.3333  0.5000  0.3333 (reduced coord)
  -1.94324   -1.94321   -1.94315   -1.94312   -0.80331   -0.80331   -0.80214   -0.80214
  -0.79250   -0.79248   -0.79044   -0.79042   -0.78951   -0.78949   -0.78908   -0.78907
  -0.35162   -0.35162   -0.34508   -0.34508   -0.31538   -0.31538   -0.31328   -0.31328
   0.12100    0.12101    0.12330    0.12331    0.13329    0.13329    0.14020    0.14020
   0.15479    0.15479    0.17105    0.17106    0.20153    0.20154    0.21347    0.21348
   0.21961    0.21962    0.22377    0.22378    0.23755    0.23756    0.24973    0.24974
   0.46583    0.46591
 kpt#  78, nband= 50, wtk=  0.00926, kpt=  0.5000  0.5000  0.3333 (reduced coord)
  -1.94321   -1.94318   -1.94318   -1.94315   -0.80350   -0.80350   -0.80350   -0.80349
  -0.79116   -0.79115   -0.79115   -0.79113   -0.78876   -0.78876   -0.78876   -0.78876
  -0.34986   -0.34986   -0.34986   -0.34985   -0.31297   -0.31297   -0.31297   -0.31297
   0.12313    0.12313    0.12313    0.12313    0.14043    0.14043    0.14044    0.14044
   0.16506    0.16506    0.16506    0.16507    0.20589    0.20590    0.20590    0.20590
   0.21470    0.21471    0.21471    0.21471    0.24555    0.24556    0.24556    0.24557
   0.46419    0.46420
 kpt#  79, nband= 50, wtk=  0.00926, kpt= -0.3333  0.5000  0.3333 (reduced coord)
  -1.94324   -1.94321   -1.94315   -1.94312   -0.80331   -0.80331   -0.80214   -0.80214
  -0.79250   -0.79248   -0.79044   -0.79042   -0.78951   -0.78949   -0.78908   -0.78907
  -0.35162   -0.35162   -0.34508   -0.34508   -0.31538   -0.31538   -0.31328   -0.31328
   0.12100    0.12101    0.12330    0.12331    0.13329    0.13330    0.14020    0.14020
   0.15479    0.15479    0.17105    0.17106    0.20153    0.20154    0.21347    0.21348
   0.21961    0.21962    0.22377    0.22378    0.23755    0.23756    0.24973    0.24974
   0.46582    0.46608
 kpt#  80, nband= 50, wtk=  0.00926, kpt= -0.1667  0.5000  0.3333 (reduced coord)
  -1.94327   -1.94324   -1.94312   -1.94309   -0.80166   -0.80165   -0.79982   -0.79981
  -0.79477   -0.79475   -0.79109   -0.79108   -0.79014   -0.79012   -0.78976   -0.78974
  -0.35111   -0.35111   -0.33823   -0.33823   -0.31988   -0.31988   -0.31554   -0.31553
   0.11508    0.11508    0.12100    0.12100    0.12366    0.12367    0.13972    0.13973
   0.15337    0.15338    0.17348    0.17348    0.20239    0.20240    0.20571    0.20571
   0.22107    0.22108    0.23980    0.23982    0.24105    0.24106    0.25472    0.25473
   0.47139    0.47150
 kpt#  81, nband= 50, wtk=  0.00926, kpt=  0.0000 -0.3333  0.3333 (reduced coord)
  -1.94339   -1.94315   -1.94312   -1.94304   -0.80066   -0.80060   -0.79937   -0.79857
  -0.79623   -0.79433   -0.79336   -0.79114   -0.79108   -0.79082   -0.78967   -0.78862
  -0.36467   -0.33718   -0.33533   -0.32959   -0.32614   -0.32126   -0.32119   -0.31254
   0.09808    0.10744    0.11156    0.11591    0.11940    0.13167    0.13506    0.14244
   0.15138    0.15644    0.17118    0.17466    0.19233    0.20378    0.21043    0.21609
   0.22046    0.23417    0.23582    0.24297    0.24945    0.25202    0.25779    0.26251
   0.47122    0.47422
 kpt#  82, nband= 50, wtk=  0.00926, kpt=  0.1667 -0.3333  0.3333 (reduced coord)
  -1.94337   -1.94315   -1.94312   -1.94307   -0.80181   -0.80141   -0.80126   -0.79748
  -0.79567   -0.79341   -0.79337   -0.79104   -0.79085   -0.79008   -0.78933   -0.78857
  -0.36318   -0.34025   -0.33834   -0.33421   -0.32275   -0.31927   -0.31814   -0.31244
   0.10442    0.10853    0.11380    0.12005    0.12106    0.13527    0.13896    0.14243
   0.15141    0.15217    0.15962    0.17347    0.20134    0.20713    0.21302    0.22143
   0.22594    0.23130    0.23282    0.23564    0.24382    0.24735    0.25043    0.25784
   0.46877    0.47470
 kpt#  83, nband= 50, wtk=  0.00926, kpt=  0.3333 -0.3333  0.3333 (reduced coord)
  -1.94331   -1.94316   -1.94313   -1.94311   -0.80277   -0.80275   -0.80272   -0.80011
  -0.79289   -0.79246   -0.79244   -0.79030   -0.79025   -0.78958   -0.78944   -0.78832
  -0.35874   -0.34405   -0.34284   -0.34279   -0.31801   -0.31559   -0.31554   -0.31245
   0.11414    0.11851    0.11871    0.12137    0.12896    0.14093    0.14105    0.14465
   0.14979    0.15016    0.15060    0.18296    0.19372    0.21739    0.21976    0.22005
   0.22216    0.22539    0.22563    0.22722    0.23037    0.24266    0.24316    0.25262
   0.46572    0.47365
 kpt#  84, nband= 50, wtk=  0.00926, kpt=  0.5000 -0.3333  0.3333 (reduced coord)
  -1.94324   -1.94321   -1.94315   -1.94312   -0.80331   -0.80331   -0.80214   -0.80214
  -0.79250   -0.79248   -0.79044   -0.79042   -0.78950   -0.78949   -0.78908   -0.78907
  -0.35162   -0.35162   -0.34508   -0.34508   -0.31538   -0.31538   -0.31328   -0.31328
   0.12100    0.12101    0.12330    0.12331    0.13329    0.13329    0.14021    0.14021
   0.15479    0.15479    0.17105    0.17106    0.20152    0.20153    0.21347    0.21348
   0.21966    0.21967    0.22374    0.22376    0.23754    0.23755    0.24973    0.24974
   0.46589    0.46602
 kpt#  85, nband= 50, wtk=  0.00926, kpt= -0.3333 -0.3333  0.3333 (reduced coord)
  -1.94331   -1.94316   -1.94313   -1.94311   -0.80277   -0.80275   -0.80272   -0.80011
  -0.79289   -0.79246   -0.79244   -0.79030   -0.79025   -0.78958   -0.78944   -0.78832
  -0.35874   -0.34405   -0.34284   -0.34279   -0.31801   -0.31559   -0.31554   -0.31245
   0.11414    0.11851    0.11871    0.12137    0.12896    0.14093    0.14105    0.14465
   0.14978    0.15016    0.15060    0.18296    0.19372    0.21739    0.21977    0.22005
   0.22216    0.22539    0.22563    0.22722    0.23037    0.24267    0.24316    0.25262
   0.46570    0.47369
 kpt#  86, nband= 50, wtk=  0.00926, kpt= -0.1667 -0.3333  0.3333 (reduced coord)
  -1.94337   -1.94315   -1.94312   -1.94307   -0.80181   -0.80141   -0.80126   -0.79748
  -0.79567   -0.79341   -0.79337   -0.79104   -0.79085   -0.79008   -0.78933   -0.78857
  -0.36318   -0.34025   -0.33834   -0.33421   -0.32275   -0.31927   -0.31814   -0.31244
   0.10442    0.10853    0.11380    0.12005    0.12106    0.13527    0.13896    0.14243
   0.15141    0.15217    0.15962    0.17347    0.20134    0.20713    0.21302    0.22143
   0.22594    0.23130    0.23282    0.23564    0.24382    0.24735    0.25043    0.25784
   0.46878    0.47485
 kpt#  87, nband= 50, wtk=  0.00926, kpt=  0.0000 -0.1667  0.3333 (reduced coord)
  -1.94349   -1.94318   -1.94303   -1.94301   -0.80189   -0.80151   -0.80100   -0.79710
  -0.79573   -0.79401   -0.79237   -0.79214   -0.79114   -0.79039   -0.78860   -0.78816
  -0.37460   -0.33982   -0.32810   -0.32661   -0.32435   -0.32349   -0.31954   -0.30927
   0.08668    0.09078    0.10439    0.11356    0.11925    0.13371    0.13750    0.14347
   0.14472    0.14661    0.17131    0.17795    0.20184    0.20710    0.22085    0.22353
   0.22990    0.23471    0.23619    0.23887    0.25999    0.26025    0.26500    0.26612
   0.46077    0.46919
 kpt#  88, nband= 50, wtk=  0.00926, kpt=  0.1667 -0.1667  0.3333 (reduced coord)
  -1.94346   -1.94317   -1.94304   -1.94304   -0.80178   -0.80175   -0.80113   -0.79587
  -0.79586   -0.79510   -0.79201   -0.79186   -0.79183   -0.79009   -0.78870   -0.78815
  -0.37160   -0.34031   -0.32915   -0.32900   -0.32630   -0.32020   -0.32005   -0.31012
   0.09454    0.09475    0.10364    0.11740    0.11983    0.13719    0.13747    0.14473
   0.14654    0.15187    0.16491    0.16510    0.20557    0.21885    0.21893    0.21943
   0.23261    0.23269    0.23325    0.23678    0.25331    0.25748    0.25760    0.26054
   0.46449    0.46990
 kpt#  89, nband= 50, wtk=  0.00926, kpt=  0.3333 -0.1667  0.3333 (reduced coord)
  -1.94337   -1.94315   -1.94312   -1.94307   -0.80181   -0.80141   -0.80126   -0.79748
  -0.79567   -0.79341   -0.79337   -0.79105   -0.79085   -0.79008   -0.78933   -0.78857
  -0.36318   -0.34025   -0.33834   -0.33421   -0.32275   -0.31928   -0.31813   -0.31244
   0.10442    0.10853    0.11380    0.12003    0.12108    0.13528    0.13895    0.14243
   0.15142    0.15217    0.15961    0.17347    0.20137    0.20713    0.21299    0.22144
   0.22596    0.23129    0.23284    0.23564    0.24380    0.24736    0.25041    0.25784
   0.46890    0.47544
 kpt#  90, nband= 50, wtk=  0.00926, kpt=  0.5000 -0.1667  0.3333 (reduced coord)
  -1.94327   -1.94324   -1.94312   -1.94309   -0.80166   -0.80165   -0.79982   -0.79981
  -0.79477   -0.79475   -0.79109   -0.79108   -0.79014   -0.79012   -0.78976   -0.78974
  -0.35111   -0.35110   -0.33823   -0.33823   -0.31989   -0.31989   -0.31553   -0.31553
   0.11508    0.11508    0.12098    0.12099    0.12367    0.12368    0.13973    0.13973
   0.15338    0.15339    0.17347    0.17348    0.20234    0.20235    0.20575    0.20576
   0.22110    0.22111    0.23992    0.23993    0.24091    0.24092    0.25472    0.25473
   0.47156    0.47244
 kpt#  91, nband= 50, wtk=  0.00926, kpt= -0.3333 -0.1667  0.3333 (reduced coord)
  -1.94337   -1.94315   -1.94312   -1.94307   -0.80181   -0.80141   -0.80126   -0.79748
  -0.79567   -0.79341   -0.79337   -0.79105   -0.79085   -0.79008   -0.78933   -0.78857
  -0.36318   -0.34025   -0.33834   -0.33421   -0.32275   -0.31928   -0.31813   -0.31244
   0.10442    0.10853    0.11380    0.12003    0.12108    0.13528    0.13895    0.14243
   0.15142    0.15217    0.15961    0.17347    0.20137    0.20713    0.21299    0.22144
   0.22596    0.23129    0.23284    0.23564    0.24380    0.24736    0.25041    0.25784
   0.46891    0.47566
 kpt#  92, nband= 50, wtk=  0.00926, kpt= -0.1667 -0.1667  0.3333 (reduced coord)
  -1.94346   -1.94317   -1.94304   -1.94304   -0.80178   -0.80175   -0.80113   -0.79587
  -0.79586   -0.79510   -0.79201   -0.79186   -0.79183   -0.79009   -0.78870   -0.78815
  -0.37160   -0.34031   -0.32916   -0.32899   -0.32630   -0.32020   -0.32005   -0.31012
   0.09454    0.09475    0.10364    0.11740    0.11983    0.13719    0.13747    0.14473
   0.14654    0.15187    0.16491    0.16510    0.20557    0.21885    0.21893    0.21943
   0.23261    0.23269    0.23325    0.23678    0.25331    0.25748    0.25760    0.26054
   0.46449    0.46991
 kpt#  93, nband= 50, wtk=  0.00463, kpt=  0.0000  0.0000  0.5000 (reduced coord)
  -1.94336   -1.94336   -1.94300   -1.94299   -0.79929   -0.79929   -0.79929   -0.79929
  -0.79716   -0.79716   -0.79288   -0.79288   -0.78934   -0.78934   -0.78914   -0.78914
  -0.36019   -0.36019   -0.32217   -0.32217   -0.32217   -0.32216   -0.31880   -0.31880
   0.10667    0.10667    0.10722    0.10722    0.12207    0.12207    0.13141    0.13141
   0.15080    0.15080    0.17531    0.17531    0.20318    0.20319    0.20320    0.20321
   0.21807    0.21807    0.24878    0.24878    0.26911    0.26911    0.26968    0.26968
   0.46875    0.46996
 kpt#  94, nband= 50, wtk=  0.00926, kpt=  0.1667  0.0000  0.5000 (reduced coord)
  -1.94334   -1.94334   -1.94302   -1.94302   -0.79956   -0.79956   -0.79864   -0.79864
  -0.79765   -0.79765   -0.79223   -0.79223   -0.78999   -0.78999   -0.78909   -0.78909
  -0.35791   -0.35791   -0.32503   -0.32502   -0.32190   -0.32189   -0.31898   -0.31898
   0.10853    0.10853    0.11383    0.11383    0.12172    0.12172    0.12867    0.12867
   0.15817    0.15817    0.18073    0.18073    0.18989    0.18989    0.19900    0.19900
   0.23024    0.23024    0.24106    0.24106    0.26351    0.26351    0.26417    0.26417
   0.47135    0.47135
 kpt#  95, nband= 50, wtk=  0.00926, kpt=  0.3333  0.0000  0.5000 (reduced coord)
  -1.94327   -1.94327   -1.94309   -1.94308   -0.79984   -0.79984   -0.79869   -0.79868
  -0.79686   -0.79686   -0.79186   -0.79186   -0.79090   -0.79090   -0.78914   -0.78914
  -0.35148   -0.35148   -0.33259   -0.33259   -0.32119   -0.32119   -0.31950   -0.31949
   0.11160    0.11160    0.11866    0.11866    0.13013    0.13014    0.13097    0.13097
   0.16962    0.16962    0.17604    0.17604    0.18983    0.18983    0.19633    0.19633
   0.21740    0.21740    0.24078    0.24078    0.24946    0.24946    0.25818    0.25818
   0.47360    0.47514
 kpt#  96, nband= 50, wtk=  0.00463, kpt=  0.5000  0.0000  0.5000 (reduced coord)
  -1.94321   -1.94318   -1.94318   -1.94315   -0.79957   -0.79957   -0.79955   -0.79955
  -0.79440   -0.79438   -0.79438   -0.79436   -0.78975   -0.78975   -0.78973   -0.78973
  -0.34231   -0.34231   -0.34231   -0.34231   -0.32031   -0.32031   -0.32031   -0.32030
   0.11499    0.11499    0.11499    0.11500    0.13685    0.13685    0.13687    0.13688
   0.17759    0.17760    0.17761    0.17761    0.18694    0.18695    0.18695    0.18695
   0.22217    0.22217    0.22217    0.22217    0.25298    0.25298    0.25299    0.25299
   0.47383    0.47385
 kpt#  97, nband= 50, wtk=  0.00926, kpt=  0.0000  0.1667  0.5000 (reduced coord)
  -1.94334   -1.94334   -1.94302   -1.94302   -0.79956   -0.79956   -0.79864   -0.79864
  -0.79765   -0.79765   -0.79223   -0.79223   -0.78999   -0.78999   -0.78909   -0.78909
  -0.35791   -0.35791   -0.32503   -0.32503   -0.32189   -0.32189   -0.31898   -0.31898
   0.10852    0.10852    0.11384    0.11384    0.12172    0.12172    0.12867    0.12867
   0.15815    0.15815    0.18074    0.18074    0.18989    0.18989    0.19900    0.19900
   0.23024    0.23024    0.24106    0.24106    0.26351    0.26351    0.26418    0.26418
   0.47132    0.47132
 kpt#  98, nband= 50, wtk=  0.00926, kpt=  0.1667  0.1667  0.5000 (reduced coord)
  -1.94332   -1.94331   -1.94304   -1.94304   -0.80087   -0.80087   -0.79898   -0.79777
  -0.79683   -0.79682   -0.79182   -0.79182   -0.79089   -0.78943   -0.78921   -0.78903
  -0.35666   -0.35607   -0.32958   -0.32957   -0.31959   -0.31958   -0.31925   -0.31814
   0.11123    0.11125    0.11932    0.11934    0.12059    0.12327    0.12516    0.13247
   0.15497    0.17045    0.17506    0.17507    0.18419    0.18461    0.20919    0.20920
   0.23045    0.23045    0.23236    0.24217    0.25530    0.25709    0.25710    0.26024
   0.46793    0.47846
 kpt#  99, nband= 50, wtk=  0.00926, kpt=  0.3333  0.1667  0.5000 (reduced coord)
  -1.94326   -1.94326   -1.94310   -1.94309   -0.80190   -0.80132   -0.80068   -0.79916
  -0.79501   -0.79421   -0.79203   -0.79089   -0.79069   -0.79023   -0.78921   -0.78902
  -0.35239   -0.35139   -0.33739   -0.33676   -0.31892   -0.31839   -0.31756   -0.31719
   0.11427    0.11741    0.12066    0.12070    0.12925    0.13016    0.13324    0.13920
   0.15749    0.16151    0.16596    0.18359    0.19489    0.19564    0.20337    0.20860
   0.21228    0.22658    0.23595    0.23600    0.24132    0.24562    0.24703    0.25607
   0.46826    0.47999
 kpt# 100, nband= 50, wtk=  0.00926, kpt=  0.5000  0.1667  0.5000 (reduced coord)
  -1.94321   -1.94318   -1.94318   -1.94315   -0.80183   -0.80182   -0.80063   -0.80062
  -0.79344   -0.79343   -0.79187   -0.79186   -0.78988   -0.78986   -0.78956   -0.78954
  -0.34559   -0.34559   -0.34455   -0.34455   -0.31842   -0.31841   -0.31683   -0.31683
   0.11791    0.11792    0.12034    0.12034    0.13416    0.13417    0.13910    0.13912
   0.16575    0.16576    0.17295    0.17296    0.19782    0.19782    0.20349    0.20350
   0.21805    0.21805    0.21959    0.21960    0.24361    0.24362    0.25202    0.25203
   0.47118    0.47637
 kpt# 101, nband= 50, wtk=  0.00926, kpt= -0.3333  0.1667  0.5000 (reduced coord)
  -1.94326   -1.94326   -1.94310   -1.94309   -0.80190   -0.80132   -0.80068   -0.79916
  -0.79501   -0.79421   -0.79203   -0.79089   -0.79069   -0.79023   -0.78921   -0.78902
  -0.35239   -0.35139   -0.33739   -0.33676   -0.31892   -0.31839   -0.31756   -0.31719
   0.11427    0.11741    0.12066    0.12070    0.12925    0.13016    0.13324    0.13920
   0.15749    0.16151    0.16596    0.18359    0.19489    0.19564    0.20337    0.20860
   0.21228    0.22658    0.23595    0.23600    0.24132    0.24562    0.24703    0.25607
   0.46825    0.47899
 kpt# 102, nband= 50, wtk=  0.00926, kpt= -0.1667  0.1667  0.5000 (reduced coord)
  -1.94332   -1.94331   -1.94304   -1.94304   -0.80087   -0.80087   -0.79898   -0.79777
  -0.79683   -0.79682   -0.79182   -0.79182   -0.79089   -0.78943   -0.78921   -0.78903
  -0.35666   -0.35607   -0.32958   -0.32957   -0.31959   -0.31958   -0.31925   -0.31814
   0.11123    0.11125    0.11932    0.11934    0.12059    0.12327    0.12516    0.13247
   0.15497    0.17045    0.17506    0.17507    0.18419    0.18461    0.20919    0.20920
   0.23045    0.23045    0.23236    0.24217    0.25530    0.25709    0.25710    0.26024
   0.46793    0.47891
 kpt# 103, nband= 50, wtk=  0.00926, kpt=  0.0000  0.3333  0.5000 (reduced coord)
  -1.94327   -1.94327   -1.94309   -1.94308   -0.79984   -0.79984   -0.79868   -0.79868
  -0.79686   -0.79686   -0.79186   -0.79186   -0.79090   -0.79090   -0.78914   -0.78914
  -0.35148   -0.35148   -0.33259   -0.33259   -0.32119   -0.32118   -0.31949   -0.31949
   0.11160    0.11160    0.11867    0.11867    0.13014    0.13014    0.13096    0.13097
   0.16958    0.16958    0.17604    0.17604    0.18982    0.18982    0.19636    0.19636
   0.21739    0.21739    0.24079    0.24079    0.24945    0.24946    0.25819    0.25819
   0.47356    0.47476
 kpt# 104, nband= 50, wtk=  0.00926, kpt=  0.1667  0.3333  0.5000 (reduced coord)
  -1.94326   -1.94326   -1.94310   -1.94309   -0.80190   -0.80132   -0.80068   -0.79916
  -0.79501   -0.79421   -0.79203   -0.79089   -0.79069   -0.79023   -0.78921   -0.78902
  -0.35239   -0.35139   -0.33739   -0.33677   -0.31891   -0.31838   -0.31756   -0.31719
   0.11426    0.11742    0.12067    0.12070    0.12924    0.13016    0.13325    0.13921
   0.15749    0.16150    0.16596    0.18351    0.19497    0.19565    0.20338    0.20858
   0.21227    0.22658    0.23596    0.23601    0.24134    0.24561    0.24703    0.25608
   0.46818    0.47954
 kpt# 105, nband= 50, wtk=  0.00926, kpt=  0.3333  0.3333  0.5000 (reduced coord)
  -1.94323   -1.94322   -1.94313   -1.94312   -0.80326   -0.80326   -0.80280   -0.80138
  -0.79187   -0.79187   -0.79135   -0.79033   -0.79033   -0.78972   -0.78893   -0.78883
  -0.35244   -0.35125   -0.34412   -0.34411   -0.31626   -0.31437   -0.31437   -0.31415
   0.12338    0.12339    0.12449    0.12449    0.13217    0.13530    0.13872    0.13873
   0.15561    0.15562    0.16254    0.19053    0.19460    0.19580    0.21515    0.21938
   0.21949    0.22248    0.22256    0.22849    0.23147    0.23498    0.23501    0.24783
   0.46833    0.47180
 kpt# 106, nband= 50, wtk=  0.00926, kpt=  0.5000  0.3333  0.5000 (reduced coord)
  -1.94321   -1.94318   -1.94318   -1.94315   -0.80380   -0.80379   -0.80304   -0.80303
  -0.79126   -0.79126   -0.79005   -0.79004   -0.78955   -0.78955   -0.78916   -0.78915
  -0.34980   -0.34980   -0.34906   -0.34906   -0.31410   -0.31410   -0.31282   -0.31282
   0.12594    0.12595    0.12922    0.12923    0.13302    0.13303    0.13675    0.13676
   0.16398    0.16398    0.17248    0.17249    0.20476    0.20476    0.20503    0.20505
   0.21965    0.21965    0.22339    0.22341    0.22808    0.22809    0.24364    0.24365
   0.46778    0.46807
 kpt# 107, nband= 50, wtk=  0.00926, kpt= -0.3333  0.3333  0.5000 (reduced coord)
  -1.94323   -1.94322   -1.94313   -1.94312   -0.80326   -0.80326   -0.80280   -0.80138
  -0.79187   -0.79187   -0.79135   -0.79033   -0.79033   -0.78972   -0.78893   -0.78883
  -0.35244   -0.35125   -0.34412   -0.34411   -0.31626   -0.31437   -0.31437   -0.31415
   0.12338    0.12339    0.12449    0.12449    0.13217    0.13530    0.13872    0.13873
   0.15561    0.15562    0.16254    0.19053    0.19460    0.19580    0.21515    0.21938
   0.21949    0.22248    0.22256    0.22849    0.23147    0.23498    0.23501    0.24783
   0.46817    0.47155
 kpt# 108, nband= 50, wtk=  0.00926, kpt= -0.1667  0.3333  0.5000 (reduced coord)
  -1.94326   -1.94326   -1.94310   -1.94309   -0.80190   -0.80132   -0.80068   -0.79916
  -0.79501   -0.79421   -0.79203   -0.79089   -0.79069   -0.79023   -0.78921   -0.78902
  -0.35239   -0.35139   -0.33739   -0.33677   -0.31891   -0.31838   -0.31756   -0.31719
   0.11426    0.11742    0.12067    0.12070    0.12924    0.13016    0.13325    0.13921
   0.15749    0.16150    0.16596    0.18351    0.19497    0.19565    0.20338    0.20858
   0.21227    0.22658    0.23596    0.23601    0.24134    0.24561    0.24703    0.25608
   0.46817    0.47953
 kpt# 109, nband= 50, wtk=  0.00463, kpt=  0.0000  0.5000  0.5000 (reduced coord)
  -1.94321   -1.94318   -1.94318   -1.94315   -0.79957   -0.79957   -0.79955   -0.79955
  -0.79440   -0.79438   -0.79438   -0.79436   -0.78975   -0.78975   -0.78973   -0.78973
  -0.34232   -0.34232   -0.34231   -0.34231   -0.32031   -0.32030   -0.32030   -0.32030
   0.11499    0.11500    0.11500    0.11500    0.13685    0.13685    0.13687    0.13688
   0.17757    0.17757    0.17759    0.17759    0.18696    0.18696    0.18696    0.18697
   0.22218    0.22218    0.22218    0.22218    0.25298    0.25298    0.25299    0.25299
   0.47379    0.47382
 kpt# 110, nband= 50, wtk=  0.00926, kpt=  0.1667  0.5000  0.5000 (reduced coord)
  -1.94321   -1.94318   -1.94318   -1.94315   -0.80183   -0.80182   -0.80063   -0.80062
  -0.79345   -0.79343   -0.79187   -0.79186   -0.78988   -0.78986   -0.78956   -0.78954
  -0.34559   -0.34559   -0.34455   -0.34455   -0.31841   -0.31841   -0.31684   -0.31683
   0.11791    0.11792    0.12034    0.12034    0.13416    0.13417    0.13911    0.13913
   0.16574    0.16575    0.17294    0.17295    0.19779    0.19780    0.20350    0.20351
   0.21804    0.21804    0.21962    0.21963    0.24361    0.24362    0.25202    0.25203
   0.47102    0.47173
 kpt# 111, nband= 50, wtk=  0.00926, kpt=  0.3333  0.5000  0.5000 (reduced coord)
  -1.94321   -1.94318   -1.94318   -1.94315   -0.80380   -0.80379   -0.80304   -0.80303
  -0.79126   -0.79126   -0.79005   -0.79004   -0.78955   -0.78955   -0.78916   -0.78915
  -0.34980   -0.34980   -0.34907   -0.34906   -0.31410   -0.31410   -0.31283   -0.31282
   0.12594    0.12594    0.12922    0.12923    0.13303    0.13303    0.13676    0.13677
   0.16398    0.16398    0.17248    0.17249    0.20473    0.20473    0.20504    0.20506
   0.21964    0.21965    0.22341    0.22342    0.22809    0.22810    0.24363    0.24364
   0.46765    0.46771
 kpt# 112, nband= 50, wtk=  0.00463, kpt=  0.5000  0.5000  0.5000 (reduced coord)
  -1.94321   -1.94318   -1.94318   -1.94315   -0.80427   -0.80427   -0.80427   -0.80426
  -0.79033   -0.79032   -0.79032   -0.79030   -0.78876   -0.78876   -0.78876   -0.78876
  -0.35128   -0.35128   -0.35128   -0.35128   -0.31174   -0.31174   -0.31174   -0.31174
   0.12949    0.12950    0.12950    0.12950    0.13663    0.13663    0.13663    0.13663
   0.17041    0.17041    0.17042    0.17043    0.20010    0.20011    0.20011    0.20012
   0.22095    0.22096    0.22096    0.22096    0.23527    0.23529    0.23529    0.23530
   0.46623    0.46625
