 Fermi (or HOMO) energy (hartree) =   0.28073   Average Vxc (hartree)=  -0.44578
 Eigenvalues (hartree) for nkpt= 112  k points:
 kpt#   1, nband= 50, wtk=  0.00463, kpt=  0.0000  0.0000  0.0000 (reduced coord)
  -1.94163   -1.94099   -1.94079   -1.94049   -0.80624   -0.80551   -0.80455   -0.79576
  -0.79246   -0.79229   -0.79209   -0.79182   -0.79051   -0.78693   -0.78675   -0.78630
  -0.39586   -0.34750   -0.34271   -0.33947   -0.31297   -0.31212   -0.31115   -0.29870
   0.06646    0.06955    0.08031    0.09742    0.10348    0.10814    0.14906    0.16012
   0.16214    0.16571    0.17677    0.17979    0.18121    0.19507    0.19761    0.22476
   0.22594    0.23257    0.24996    0.25412    0.26128    0.27609    0.27661    0.28062
   0.45832    0.46277
 kpt#   2, nband= 50, wtk=  0.00926, kpt=  0.1667  0.0000  0.0000 (reduced coord)
  -1.94159   -1.94099   -1.94082   -1.94049   -0.80542   -0.80446   -0.80378   -0.79593
  -0.79337   -0.79312   -0.79184   -0.79142   -0.79037   -0.78829   -0.78706   -0.78665
  -0.39108   -0.34630   -0.34203   -0.33855   -0.31735   -0.31333   -0.31302   -0.29972
   0.07314    0.07565    0.07769    0.09949    0.10495    0.12355    0.14361    0.14947
   0.15225    0.15915    0.16874    0.17898    0.18804    0.18900    0.21040    0.21528
   0.23636    0.23957    0.24080    0.25061    0.26243    0.27258    0.27407    0.28073
   0.46441    0.47046
 kpt#   3, nband= 50, wtk=  0.00926, kpt=  0.3333  0.0000  0.0000 (reduced coord)
  -1.94150   -1.94099   -1.94091   -1.94049   -0.80324   -0.80174   -0.80144   -0.79724
  -0.79562   -0.79399   -0.79185   -0.79177   -0.79045   -0.78986   -0.78790   -0.78758
  -0.37787   -0.34418   -0.34360   -0.33656   -0.32752   -0.31625   -0.31514   -0.30195
   0.08041    0.08418    0.09830    0.10806    0.11227    0.12439    0.12712    0.13248
   0.14878    0.15559    0.15689    0.17262    0.19103    0.20089    0.20491    0.20710
   0.22482    0.23871    0.24734    0.25051    0.26356    0.27064    0.27182    0.28031
   0.46308    0.46964
 kpt#   4, nband= 50, wtk=  0.00463, kpt=  0.5000  0.0000  0.0000 (reduced coord)
  -1.94145   -1.94099   -1.94096   -1.94049   -0.80085   -0.79948   -0.79933   -0.79825
  -0.79806   -0.79541   -0.79404   -0.79178   -0.78953   -0.78912   -0.78881   -0.78849
  -0.36184   -0.35713   -0.34215   -0.33540   -0.32975   -0.31807   -0.31634   -0.30320
   0.09189    0.09403    0.10541    0.10676    0.10879    0.12003    0.13104    0.13241
   0.13674    0.14287    0.16946    0.17249    0.18359    0.19281    0.19846    0.21777
   0.22236    0.23159    0.24920    0.25182    0.26397    0.27056    0.27202    0.28051
   0.45902    0.46807
 kpt#   5, nband= 50, wtk=  0.00926, kpt=  0.0000  0.1667  0.0000 (reduced coord)
  -1.94158   -1.94102   -1.94078   -1.94052   -0.80522   -0.80465   -0.80411   -0.79672
  -0.79288   -0.79218   -0.79199   -0.79176   -0.79037   -0.78747   -0.78725   -0.78707
  -0.39135   -0.34705   -0.34186   -0.33913   -0.31628   -0.31313   -0.31233   -0.30013
   0.07157    0.07573    0.07751    0.09977    0.10631    0.12317    0.14444    0.14522
   0.15702    0.16788    0.16850    0.17614    0.18042    0.19855    0.20327    0.22688
   0.23213    0.23450    0.24038    0.25265    0.25752    0.26878    0.27575    0.27807
   0.45399    0.46400
 kpt#   6, nband= 50, wtk=  0.00926, kpt=  0.1667  0.1667  0.0000 (reduced coord)
  -1.94154   -1.94102   -1.94081   -1.94052   -0.80464   -0.80402   -0.80316   -0.79703
  -0.79327   -0.79317   -0.79169   -0.79121   -0.79026   -0.78946   -0.78742   -0.78672
  -0.38698   -0.34633   -0.34128   -0.33833   -0.31843   -0.31687   -0.31291   -0.30095
   0.07400    0.08025    0.08315    0.10147    0.10719    0.13283    0.13789    0.14835
   0.14986    0.15247    0.17053    0.17638    0.18198    0.19118    0.21111    0.21699
   0.23766    0.23911    0.24315    0.24566    0.25793    0.26414    0.27386    0.27728
   0.45508    0.46639
 kpt#   7, nband= 50, wtk=  0.00926, kpt=  0.3333  0.1667  0.0000 (reduced coord)
  -1.94147   -1.94102   -1.94089   -1.94052   -0.80305   -0.80199   -0.80079   -0.79844
  -0.79551   -0.79320   -0.79273   -0.79151   -0.79013   -0.78989   -0.78831   -0.78727
  -0.37492   -0.34458   -0.34361   -0.33697   -0.32739   -0.31771   -0.31548   -0.30300
   0.07975    0.09077    0.10048    0.10869    0.11395    0.12675    0.12996    0.13214
   0.14945    0.15253    0.16270    0.17136    0.18738    0.19586    0.20732    0.20825
   0.22229    0.23763    0.24719    0.24916    0.25985    0.26404    0.27075    0.27422
   0.45673    0.46547
 kpt#   8, nband= 50, wtk=  0.00926, kpt=  0.5000  0.1667  0.0000 (reduced coord)
  -1.94142   -1.94101   -1.94094   -1.94052   -0.80114   -0.80041   -0.79951   -0.79886
  -0.79752   -0.79566   -0.79280   -0.79151   -0.78950   -0.78919   -0.78890   -0.78821
  -0.36049   -0.35541   -0.34343   -0.33649   -0.32931   -0.31782   -0.31716   -0.30430
   0.09170    0.09282    0.10762    0.11072    0.11496    0.11830    0.13475    0.13649
   0.13721    0.14487    0.16771    0.17476    0.17656    0.19658    0.19941    0.21550
   0.22118    0.22797    0.24683    0.25211    0.26086    0.26542    0.27032    0.27206
   0.45868    0.46155
 kpt#   9, nband= 50, wtk=  0.00926, kpt= -0.3333  0.1667  0.0000 (reduced coord)
  -1.94147   -1.94102   -1.94089   -1.94052   -0.80295   -0.80183   -0.80094   -0.79856
  -0.79552   -0.79323   -0.79275   -0.79141   -0.79018   -0.78991   -0.78831   -0.78724
  -0.37483   -0.34461   -0.34370   -0.33691   -0.32730   -0.31764   -0.31559   -0.30311
   0.08014    0.09057    0.10039    0.10900    0.11408    0.12665    0.12955    0.13189
   0.14926    0.15255    0.16230    0.17163    0.18729    0.19597    0.20772    0.20852
   0.22254    0.23775    0.24715    0.24890    0.25934    0.26440    0.27074    0.27403
   0.45879    0.46400
 kpt#  10, nband= 50, wtk=  0.00926, kpt= -0.1667  0.1667  0.0000 (reduced coord)
  -1.94154   -1.94102   -1.94081   -1.94052   -0.80458   -0.80389   -0.80329   -0.79711
  -0.79332   -0.79313   -0.79159   -0.79126   -0.79029   -0.78949   -0.78742   -0.78668
  -0.38693   -0.34635   -0.34132   -0.33829   -0.31818   -0.31681   -0.31318   -0.30106
   0.07431    0.08032    0.08286    0.10143    0.10763    0.13239    0.13763    0.14833
   0.14956    0.15247    0.17052    0.17657    0.18178    0.19120    0.21143    0.21757
   0.23777    0.23930    0.24288    0.24554    0.25747    0.26450    0.27386    0.27703
   0.45643    0.46724
 kpt#  11, nband= 50, wtk=  0.00926, kpt=  0.0000  0.3333  0.0000 (reduced coord)
  -1.94145   -1.94111   -1.94075   -1.94058   -0.80291   -0.80266   -0.80213   -0.79875
  -0.79505   -0.79297   -0.79151   -0.79105   -0.79017   -0.78929   -0.78816   -0.78791
  -0.37896   -0.34964   -0.34004   -0.33851   -0.32328   -0.31741   -0.31109   -0.30380
   0.07614    0.08520    0.09819    0.10470    0.11542    0.12335    0.13344    0.13519
   0.14248    0.16192    0.16437    0.17617    0.18989    0.20386    0.20590    0.21409
   0.22326    0.23622    0.23709    0.24885    0.25169    0.26076    0.27554    0.27736
   0.44622    0.45622
 kpt#  12, nband= 50, wtk=  0.00926, kpt=  0.1667  0.3333  0.0000 (reduced coord)
  -1.94142   -1.94111   -1.94077   -1.94058   -0.80315   -0.80230   -0.80131   -0.79907
  -0.79484   -0.79422   -0.79087   -0.79067   -0.79059   -0.78995   -0.78832   -0.78746
  -0.37572   -0.34918   -0.33985   -0.33844   -0.32326   -0.32096   -0.31161   -0.30443
   0.07778    0.09253    0.10079    0.10481    0.11507    0.12180    0.13430    0.13505
   0.14362    0.16664    0.16770    0.17733    0.18192    0.18914    0.20777    0.21920
   0.22249    0.23789    0.23904    0.24716    0.25002    0.25320    0.27415    0.27585
   0.44441    0.45484
 kpt#  13, nband= 50, wtk=  0.00926, kpt=  0.3333  0.3333  0.0000 (reduced coord)
  -1.94137   -1.94110   -1.94083   -1.94059   -0.80247   -0.80196   -0.80022   -0.79948
  -0.79642   -0.79368   -0.79285   -0.79048   -0.78995   -0.78941   -0.78890   -0.78729
  -0.36676   -0.34790   -0.34262   -0.33901   -0.32664   -0.32233   -0.31343   -0.30610
   0.08490    0.10095    0.10370    0.11226    0.11993    0.12134    0.12813    0.13795
   0.14268    0.16135    0.16993    0.17847    0.18045    0.19193    0.20701    0.20895
   0.21615    0.23522    0.23628    0.24422    0.24953    0.25036    0.27104    0.27185
   0.44272    0.45287
 kpt#  14, nband= 50, wtk=  0.00926, kpt=  0.5000  0.3333  0.0000 (reduced coord)
  -1.94133   -1.94110   -1.94086   -1.94060   -0.80160   -0.80141   -0.80044   -0.80010
  -0.79605   -0.79502   -0.79216   -0.79158   -0.78990   -0.78890   -0.78825   -0.78787
  -0.35683   -0.35081   -0.34696   -0.33974   -0.32791   -0.32136   -0.31465   -0.30723
   0.09507    0.09634    0.10506    0.11496    0.12141    0.12379    0.12990    0.14146
   0.14694    0.15107    0.16845    0.17078    0.18346    0.19989    0.20111    0.21548
   0.21600    0.21924    0.23836    0.23886    0.24981    0.25192    0.26939    0.26991
   0.44341    0.45252
 kpt#  15, nband= 50, wtk=  0.00926, kpt= -0.3333  0.3333  0.0000 (reduced coord)
  -1.94137   -1.94110   -1.94083   -1.94059   -0.80228   -0.80185   -0.80038   -0.79966
  -0.79635   -0.79371   -0.79289   -0.79043   -0.78991   -0.78943   -0.78898   -0.78724
  -0.36662   -0.34790   -0.34273   -0.33905   -0.32659   -0.32219   -0.31353   -0.30621
   0.08555    0.10050    0.10350    0.11294    0.11951    0.12155    0.12742    0.13756
   0.14266    0.16095    0.17110    0.17819    0.18015    0.19174    0.20762    0.20959
   0.21633    0.23497    0.23657    0.24380    0.24933    0.24985    0.27103    0.27203
   0.44425    0.45250
 kpt#  16, nband= 50, wtk=  0.00926, kpt= -0.1667  0.3333  0.0000 (reduced coord)
  -1.94142   -1.94111   -1.94078   -1.94058   -0.80298   -0.80223   -0.80144   -0.79918
  -0.79485   -0.79419   -0.79101   -0.79074   -0.79046   -0.78991   -0.78835   -0.78741
  -0.37563   -0.34918   -0.33991   -0.33849   -0.32312   -0.32083   -0.31178   -0.30452
   0.07819    0.09254    0.10034    0.10495    0.11561    0.12130    0.13402    0.13487
   0.14330    0.16719    0.16803    0.17659    0.18168    0.18940    0.20863    0.21977
   0.22202    0.23817    0.23909    0.24664    0.24965    0.25315    0.27418    0.27591
   0.44578    0.45434
 kpt#  17, nband= 50, wtk=  0.00463, kpt=  0.0000  0.5000  0.0000 (reduced coord)
  -1.94131   -1.94123   -1.94073   -1.94061   -0.80112   -0.80088   -0.80046   -0.79998
  -0.79614   -0.79594   -0.79106   -0.79086   -0.78952   -0.78924   -0.78892   -0.78888
  -0.36276   -0.36226   -0.33899   -0.33829   -0.32273   -0.32233   -0.30821   -0.30786
   0.08554    0.08695    0.11348    0.11413    0.11865    0.11889    0.12605    0.12804
   0.13595    0.13709    0.18987    0.19051    0.19178    0.19250    0.20773    0.20809
   0.21320    0.21544    0.24424    0.24489    0.25740    0.25795    0.27602    0.27754
   0.44479    0.44577
 kpt#  18, nband= 50, wtk=  0.00926, kpt=  0.1667  0.5000  0.0000 (reduced coord)
  -1.94130   -1.94122   -1.94075   -1.94062   -0.80176   -0.80137   -0.79981   -0.79950
  -0.79655   -0.79630   -0.79045   -0.79036   -0.78991   -0.78982   -0.78873   -0.78851
  -0.36101   -0.36050   -0.33920   -0.33870   -0.32389   -0.32352   -0.30879   -0.30847
   0.08907    0.09041    0.11249    0.11330    0.11716    0.11791    0.12528    0.12651
   0.14684    0.14827    0.18153    0.18294    0.19198    0.19349    0.20265    0.20334
   0.22067    0.22283    0.24119    0.24225    0.25256    0.25308    0.27485    0.27591
   0.44320    0.44422
 kpt#  19, nband= 50, wtk=  0.00926, kpt=  0.3333  0.5000  0.0000 (reduced coord)
  -1.94127   -1.94119   -1.94078   -1.94065   -0.80211   -0.80161   -0.80035   -0.79996
  -0.79578   -0.79565   -0.79153   -0.79141   -0.78934   -0.78921   -0.78823   -0.78806
  -0.35632   -0.35582   -0.34147   -0.34132   -0.32551   -0.32471   -0.31027   -0.30996
   0.09616    0.09731    0.10896    0.10933    0.12057    0.12129    0.12899    0.12960
   0.15929    0.16051    0.17133    0.17223    0.19159    0.19265    0.20517    0.20677
   0.21671    0.21755    0.23610    0.23717    0.24603    0.24709    0.27157    0.27176
   0.44100    0.44292
 kpt#  20, nband= 50, wtk=  0.00463, kpt=  0.5000  0.5000  0.0000 (reduced coord)
  -1.94125   -1.94118   -1.94079   -1.94067   -0.80183   -0.80135   -0.80115   -0.80094
  -0.79417   -0.79392   -0.79344   -0.79308   -0.78880   -0.78845   -0.78820   -0.78802
  -0.35202   -0.35170   -0.34527   -0.34459   -0.32579   -0.32459   -0.31123   -0.31088
   0.10042    0.10174    0.10554    0.10653    0.12477    0.12522    0.13097    0.13203
   0.15835    0.16084    0.17015    0.17137    0.19604    0.19642    0.20106    0.20255
   0.22141    0.22257    0.22334    0.22516    0.24544    0.24713    0.26953    0.26990
   0.44109    0.44359
 kpt#  21, nband= 50, wtk=  0.00926, kpt=  0.0000  0.0000  0.1667 (reduced coord)
  -1.94159   -1.94102   -1.94079   -1.94050   -0.80552   -0.80470   -0.80361   -0.79619
  -0.79370   -0.79258   -0.79151   -0.79130   -0.79085   -0.78785   -0.78722   -0.78663
  -0.39141   -0.34579   -0.34200   -0.33952   -0.31737   -0.31286   -0.31227   -0.30059
   0.07017    0.07457    0.09025    0.09627    0.10608    0.11717    0.14019    0.15082
   0.15716    0.17105    0.17381    0.17890    0.18007    0.19578    0.19720    0.22706
   0.22811    0.23008    0.24613    0.25463    0.25575    0.26484    0.27574    0.27836
   0.45997    0.46412
 kpt#  22, nband= 50, wtk=  0.00926, kpt=  0.1667  0.0000  0.1667 (reduced coord)
  -1.94155   -1.94102   -1.94082   -1.94050   -0.80484   -0.80388   -0.80292   -0.79631
  -0.79476   -0.79254   -0.79168   -0.79115   -0.79060   -0.78941   -0.78703   -0.78693
  -0.38704   -0.34536   -0.34157   -0.33848   -0.31921   -0.31693   -0.31268   -0.30130
   0.07631    0.08033    0.08579    0.09863    0.11008    0.12761    0.13744    0.14506
   0.15057    0.16301    0.16831    0.17882    0.18569    0.19007    0.20489    0.21671
   0.23251    0.23834    0.24037    0.24792    0.25569    0.26632    0.27437    0.27791
   0.46273    0.46881
 kpt#  23, nband= 50, wtk=  0.00926, kpt=  0.3333  0.0000  0.1667 (reduced coord)
  -1.94148   -1.94101   -1.94089   -1.94050   -0.80307   -0.80156   -0.80109   -0.79743
  -0.79657   -0.79395   -0.79199   -0.79129   -0.79067   -0.78968   -0.78800   -0.78751
  -0.37502   -0.34521   -0.34311   -0.33634   -0.32784   -0.31928   -0.31403   -0.30307
   0.08560    0.08714    0.10113    0.10497    0.11511    0.12657    0.13131    0.13410
   0.14571    0.15694    0.16082    0.17432    0.19015    0.19630    0.20440    0.20552
   0.22012    0.23825    0.24281    0.24743    0.25683    0.26389    0.27284    0.27916
   0.46066    0.46762
 kpt#  24, nband= 50, wtk=  0.00926, kpt=  0.5000  0.0000  0.1667 (reduced coord)
  -1.94143   -1.94100   -1.94095   -1.94051   -0.80126   -0.79978   -0.79942   -0.79873
  -0.79761   -0.79650   -0.79269   -0.79114   -0.78983   -0.78900   -0.78882   -0.78842
  -0.36045   -0.35644   -0.34258   -0.33533   -0.33099   -0.31938   -0.31530   -0.30409
   0.09273    0.09671    0.10201    0.10660    0.12077    0.12458    0.12935    0.13219
   0.14349    0.14382    0.16899    0.16907    0.18424    0.19467    0.19581    0.21692
   0.22251    0.22912    0.23883    0.25176    0.25693    0.26211    0.27277    0.27998
   0.45772    0.46552
 kpt#  25, nband= 50, wtk=  0.00926, kpt= -0.3333  0.0000  0.1667 (reduced coord)
  -1.94148   -1.94101   -1.94090   -1.94050   -0.80313   -0.80152   -0.80112   -0.79739
  -0.79653   -0.79396   -0.79201   -0.79128   -0.79067   -0.78968   -0.78799   -0.78754
  -0.37503   -0.34520   -0.34311   -0.33634   -0.32783   -0.31928   -0.31401   -0.30308
   0.08551    0.08718    0.10111    0.10495    0.11517    0.12681    0.13119    0.13396
   0.14576    0.15697    0.16085    0.17425    0.19018    0.19628    0.20433    0.20558
   0.22015    0.23817    0.24282    0.24748    0.25685    0.26389    0.27282    0.27916
   0.46059    0.46747
 kpt#  26, nband= 50, wtk=  0.00926, kpt= -0.1667  0.0000  0.1667 (reduced coord)
  -1.94155   -1.94102   -1.94082   -1.94050   -0.80489   -0.80384   -0.80293   -0.79628
  -0.79472   -0.79262   -0.79162   -0.79118   -0.79059   -0.78940   -0.78701   -0.78697
  -0.38705   -0.34538   -0.34151   -0.33851   -0.31923   -0.31691   -0.31265   -0.30132
   0.07632    0.08030    0.08580    0.09855    0.11011    0.12759    0.13754    0.14511
   0.15052    0.16307    0.16833    0.17883    0.18566    0.18998    0.20493    0.21670
   0.23242    0.23843    0.24027    0.24798    0.25568    0.26646    0.27414    0.27803
   0.46256    0.46891
 kpt#  27, nband= 50, wtk=  0.00926, kpt=  0.0000  0.1667  0.1667 (reduced coord)
  -1.94154   -1.94104   -1.94078   -1.94053   -0.80458   -0.80400   -0.80335   -0.79711
  -0.79345   -0.79273   -0.79211   -0.79095   -0.79053   -0.78897   -0.78760   -0.78666
  -0.38725   -0.34552   -0.34249   -0.33829   -0.31697   -0.31661   -0.31367   -0.30169
   0.07374    0.08178    0.08615    0.10011    0.10834    0.12836    0.13913    0.14473
   0.15772    0.16073    0.16729    0.17496    0.17966    0.19992    0.20404    0.22501
   0.22899    0.23396    0.24109    0.25154    0.25444    0.26353    0.26816    0.27410
   0.45502    0.46589
 kpt#  28, nband= 50, wtk=  0.00926, kpt=  0.1667  0.1667  0.1667 (reduced coord)
  -1.94151   -1.94104   -1.94081   -1.94053   -0.80429   -0.80361   -0.80255   -0.79710
  -0.79440   -0.79252   -0.79221   -0.79087   -0.79067   -0.78995   -0.78724   -0.78690
  -0.38335   -0.34607   -0.34160   -0.33768   -0.32002   -0.31812   -0.31417   -0.30208
   0.07916    0.08326    0.08926    0.10177    0.11135    0.13211    0.13834    0.14299
   0.15074    0.15841    0.16381    0.17346    0.18471    0.19449    0.20724    0.21848
   0.23156    0.23842    0.23913    0.24792    0.25283    0.26178    0.26711    0.27403
   0.45449    0.46758
 kpt#  29, nband= 50, wtk=  0.00926, kpt=  0.3333  0.1667  0.1667 (reduced coord)
  -1.94144   -1.94103   -1.94088   -1.94053   -0.80332   -0.80210   -0.80127   -0.79768
  -0.79583   -0.79426   -0.79192   -0.79130   -0.79026   -0.78957   -0.78783   -0.78754
  -0.37259   -0.34664   -0.34380   -0.33639   -0.32809   -0.31864   -0.31452   -0.30360
   0.08493    0.09167    0.10361    0.10684    0.11653    0.12923    0.13179    0.13549
   0.14777    0.15248    0.16190    0.17351    0.18783    0.19577    0.20565    0.20926
   0.22003    0.23619    0.24077    0.24737    0.25546    0.26128    0.26494    0.27280
   0.45254    0.46468
 kpt#  30, nband= 50, wtk=  0.00926, kpt=  0.5000  0.1667  0.1667 (reduced coord)
  -1.94140   -1.94103   -1.94092   -1.94053   -0.80216   -0.80160   -0.79951   -0.79932
  -0.79639   -0.79574   -0.79200   -0.79097   -0.78919   -0.78908   -0.78878   -0.78843
  -0.35962   -0.35584   -0.34463   -0.33603   -0.33111   -0.31754   -0.31535   -0.30474
   0.09385    0.09422    0.10418    0.11206    0.12068    0.12562    0.13145    0.13505
   0.14562    0.14635    0.16602    0.16778    0.18226    0.19806    0.19862    0.21724
   0.22020    0.22733    0.23750    0.24939    0.25661    0.26114    0.26658    0.27050
   0.45190    0.46289
 kpt#  31, nband= 50, wtk=  0.00926, kpt= -0.3333  0.1667  0.1667 (reduced coord)
  -1.94144   -1.94103   -1.94088   -1.94053   -0.80325   -0.80196   -0.80141   -0.79778
  -0.79579   -0.79424   -0.79203   -0.79115   -0.79035   -0.78955   -0.78786   -0.78751
  -0.37252   -0.34673   -0.34370   -0.33637   -0.32812   -0.31849   -0.31461   -0.30375
   0.08531    0.09138    0.10376    0.10694    0.11668    0.12929    0.13117    0.13500
   0.14808    0.15251    0.16164    0.17369    0.18780    0.19571    0.20565    0.21000
   0.21991    0.23613    0.24056    0.24707    0.25547    0.26146    0.26586    0.27197
   0.45393    0.46575
 kpt#  32, nband= 50, wtk=  0.00926, kpt= -0.1667  0.1667  0.1667 (reduced coord)
  -1.94151   -1.94104   -1.94081   -1.94053   -0.80425   -0.80349   -0.80266   -0.79717
  -0.79433   -0.79263   -0.79217   -0.79089   -0.79064   -0.78995   -0.78727   -0.78688
  -0.38330   -0.34613   -0.34152   -0.33768   -0.31990   -0.31797   -0.31440   -0.30220
   0.07945    0.08327    0.08902    0.10196    0.11145    0.13148    0.13857    0.14239
   0.15104    0.15842    0.16409    0.17363    0.18424    0.19449    0.20730    0.21897
   0.23137    0.23825    0.23947    0.24759    0.25272    0.26252    0.26704    0.27364
   0.45558    0.46830
 kpt#  33, nband= 50, wtk=  0.00926, kpt=  0.0000  0.3333  0.1667 (reduced coord)
  -1.94142   -1.94112   -1.94077   -1.94059   -0.80254   -0.80219   -0.80187   -0.79907
  -0.79471   -0.79377   -0.79241   -0.79054   -0.79000   -0.78965   -0.78857   -0.78743
  -0.37576   -0.34821   -0.34151   -0.33791   -0.32309   -0.31764   -0.31447   -0.30520
   0.08099    0.09145    0.10025    0.10572    0.11514    0.12444    0.13379    0.13692
   0.14717    0.15647    0.17016    0.17081    0.18733    0.20578    0.20698    0.21242
   0.22332    0.23200    0.23358    0.24660    0.25039    0.25919    0.26510    0.27129
   0.44761    0.45733
 kpt#  34, nband= 50, wtk=  0.00926, kpt=  0.1667  0.3333  0.1667 (reduced coord)
  -1.94140   -1.94111   -1.94078   -1.94059   -0.80317   -0.80251   -0.80152   -0.79843
  -0.79517   -0.79431   -0.79183   -0.79055   -0.79018   -0.78961   -0.78797   -0.78760
  -0.37311   -0.34895   -0.34143   -0.33838   -0.32303   -0.32079   -0.31343   -0.30512
   0.08378    0.09270    0.10427    0.10767    0.11578    0.12435    0.13450    0.13622
   0.14601    0.15909    0.16956    0.17388    0.18229    0.19620    0.20866    0.21817
   0.22397    0.23126    0.23715    0.24409    0.24826    0.25058    0.26515    0.27028
   0.44504    0.45541
 kpt#  35, nband= 50, wtk=  0.00926, kpt=  0.3333  0.3333  0.1667 (reduced coord)
  -1.94135   -1.94111   -1.94083   -1.94060   -0.80327   -0.80265   -0.80198   -0.79895
  -0.79572   -0.79303   -0.79225   -0.79040   -0.78961   -0.78924   -0.78844   -0.78744
  -0.36573   -0.34943   -0.34517   -0.34030   -0.32566   -0.31973   -0.31316   -0.30594
   0.08953    0.09862    0.10714    0.11226    0.11967    0.12583    0.13273    0.13556
   0.14546    0.15862    0.16831    0.17644    0.18772    0.19250    0.20479    0.21135
   0.22154    0.23059    0.23544    0.23753    0.24558    0.25132    0.26184    0.26765
   0.44115    0.45292
 kpt#  36, nband= 50, wtk=  0.00926, kpt=  0.5000  0.3333  0.1667 (reduced coord)
  -1.94133   -1.94110   -1.94085   -1.94060   -0.80296   -0.80278   -0.80133   -0.80110
  -0.79444   -0.79376   -0.79135   -0.79062   -0.78977   -0.78874   -0.78831   -0.78790
  -0.35708   -0.35325   -0.34878   -0.34190   -0.32661   -0.31717   -0.31390   -0.30686
   0.09693    0.09831    0.10582    0.11550    0.12247    0.12461    0.13127    0.13610
   0.15334    0.15540    0.16739    0.17236    0.18821    0.19900    0.20003    0.21501
   0.21625    0.22142    0.23020    0.23942    0.24556    0.25447    0.26108    0.26496
   0.44052    0.45293
 kpt#  37, nband= 50, wtk=  0.00926, kpt= -0.3333  0.3333  0.1667 (reduced coord)
  -1.94135   -1.94111   -1.94083   -1.94060   -0.80321   -0.80255   -0.80202   -0.79910
  -0.79564   -0.79298   -0.79234   -0.79043   -0.78964   -0.78916   -0.78851   -0.78740
  -0.36562   -0.34944   -0.34518   -0.34029   -0.32582   -0.31939   -0.31331   -0.30607
   0.09016    0.09824    0.10699    0.11281    0.11949    0.12540    0.13217    0.13567
   0.14525    0.15860    0.16825    0.17699    0.18783    0.19226    0.20517    0.21195
   0.22147    0.23023    0.23514    0.23751    0.24551    0.25125    0.26202    0.26760
   0.44244    0.45279
 kpt#  38, nband= 50, wtk=  0.00926, kpt= -0.1667  0.3333  0.1667 (reduced coord)
  -1.94140   -1.94111   -1.94078   -1.94059   -0.80306   -0.80247   -0.80158   -0.79853
  -0.79512   -0.79427   -0.79190   -0.79061   -0.79017   -0.78956   -0.78801   -0.78754
  -0.37304   -0.34894   -0.34149   -0.33835   -0.32314   -0.32040   -0.31366   -0.30522
   0.08416    0.09271    0.10443    0.10731    0.11594    0.12385    0.13418    0.13630
   0.14572    0.15944    0.16998    0.17417    0.18167    0.19627    0.20913    0.21812
   0.22387    0.23096    0.23765    0.24394    0.24814    0.25036    0.26526    0.27031
   0.44620    0.45517
 kpt#  39, nband= 50, wtk=  0.00926, kpt=  0.0000  0.5000  0.1667 (reduced coord)
  -1.94130   -1.94122   -1.94075   -1.94062   -0.80117   -0.80095   -0.80018   -0.79973
  -0.79645   -0.79623   -0.79125   -0.79083   -0.78964   -0.78939   -0.78867   -0.78862
  -0.36062   -0.36009   -0.33971   -0.33901   -0.32257   -0.32212   -0.31038   -0.30997
   0.09101    0.09266    0.11263    0.11393    0.11648    0.11687    0.13170    0.13387
   0.13810    0.13912    0.18514    0.18697    0.19469    0.19531    0.20572    0.20651
   0.21366    0.21572    0.23891    0.23996    0.25584    0.25644    0.26778    0.26905
   0.44569    0.44811
 kpt#  40, nband= 50, wtk=  0.00926, kpt=  0.1667  0.5000  0.1667 (reduced coord)
  -1.94128   -1.94121   -1.94076   -1.94063   -0.80230   -0.80215   -0.79984   -0.79937
  -0.79631   -0.79607   -0.79049   -0.79026   -0.78959   -0.78949   -0.78871   -0.78852
  -0.35967   -0.35915   -0.34048   -0.34007   -0.32316   -0.32288   -0.31001   -0.30944
   0.09375    0.09489    0.10882    0.11020    0.12225    0.12310    0.12755    0.12896
   0.14722    0.14932    0.17764    0.17886    0.19291    0.19451    0.20719    0.20784
   0.21906    0.22055    0.23708    0.23865    0.24946    0.24966    0.26718    0.26844
   0.44411    0.44515
 kpt#  41, nband= 50, wtk=  0.00926, kpt=  0.3333  0.5000  0.1667 (reduced coord)
  -1.94126   -1.94119   -1.94078   -1.94065   -0.80313   -0.80290   -0.80138   -0.80088
  -0.79452   -0.79430   -0.79058   -0.79053   -0.78932   -0.78917   -0.78825   -0.78808
  -0.35672   -0.35625   -0.34430   -0.34406   -0.32270   -0.32210   -0.31005   -0.30941
   0.09947    0.10020    0.10762    0.10867    0.12245    0.12369    0.13054    0.13148
   0.15890    0.16026    0.17303    0.17341    0.19178    0.19303    0.20686    0.20803
   0.21873    0.21960    0.23139    0.23216    0.24429    0.24503    0.26472    0.26545
   0.44102    0.44212
 kpt#  42, nband= 50, wtk=  0.00926, kpt=  0.5000  0.5000  0.1667 (reduced coord)
  -1.94125   -1.94118   -1.94079   -1.94066   -0.80302   -0.80266   -0.80247   -0.80228
  -0.79287   -0.79253   -0.79200   -0.79174   -0.78886   -0.78852   -0.78814   -0.78794
  -0.35340   -0.35296   -0.34849   -0.34816   -0.32168   -0.32092   -0.31041   -0.30995
   0.10267    0.10373    0.10712    0.10806    0.12304    0.12448    0.13003    0.13110
   0.16445    0.16660    0.17144    0.17297    0.19908    0.20017    0.20071    0.20179
   0.21511    0.21667    0.22381    0.22442    0.24601    0.24735    0.26341    0.26364
   0.44028    0.44244
 kpt#  43, nband= 50, wtk=  0.00926, kpt= -0.3333  0.5000  0.1667 (reduced coord)
  -1.94126   -1.94119   -1.94078   -1.94065   -0.80332   -0.80278   -0.80120   -0.80099
  -0.79443   -0.79435   -0.79062   -0.79051   -0.78938   -0.78914   -0.78823   -0.78809
  -0.35673   -0.35624   -0.34427   -0.34408   -0.32276   -0.32203   -0.30987   -0.30958
   0.09913    0.10053    0.10773    0.10853    0.12263    0.12355    0.13046    0.13151
   0.15896    0.16023    0.17295    0.17350    0.19126    0.19351    0.20738    0.20758
   0.21850    0.21986    0.23125    0.23225    0.24408    0.24523    0.26482    0.26538
   0.44040    0.44267
 kpt#  44, nband= 50, wtk=  0.00926, kpt= -0.1667  0.5000  0.1667 (reduced coord)
  -1.94128   -1.94121   -1.94076   -1.94063   -0.80251   -0.80202   -0.79964   -0.79950
  -0.79623   -0.79611   -0.79055   -0.79022   -0.78967   -0.78943   -0.78869   -0.78854
  -0.35967   -0.35917   -0.34053   -0.34001   -0.32337   -0.32267   -0.30991   -0.30953
   0.09347    0.09519    0.10903    0.10994    0.12216    0.12322    0.12738    0.12911
   0.14768    0.14884    0.17777    0.17879    0.19284    0.19451    0.20698    0.20825
   0.21888    0.22063    0.23736    0.23836    0.24918    0.24991    0.26727    0.26838
   0.44328    0.44597
 kpt#  45, nband= 50, wtk=  0.00926, kpt=  0.0000 -0.3333  0.1667 (reduced coord)
  -1.94142   -1.94112   -1.94077   -1.94059   -0.80254   -0.80238   -0.80150   -0.79918
  -0.79490   -0.79369   -0.79209   -0.79066   -0.79023   -0.78962   -0.78849   -0.78748
  -0.37561   -0.34824   -0.34053   -0.33864   -0.32297   -0.31790   -0.31435   -0.30566
   0.08172    0.09139    0.10023    0.10665    0.11523    0.12457    0.13334    0.13739
   0.14546    0.15632    0.16954    0.17042    0.18679    0.20686    0.20772    0.21452
   0.22150    0.23204    0.23295    0.24712    0.25110    0.25906    0.26370    0.27156
   0.44601    0.45963
 kpt#  46, nband= 50, wtk=  0.00926, kpt=  0.1667 -0.3333  0.1667 (reduced coord)
  -1.94140   -1.94111   -1.94078   -1.94059   -0.80325   -0.80214   -0.80143   -0.79882
  -0.79523   -0.79425   -0.79166   -0.79054   -0.79023   -0.78974   -0.78795   -0.78759
  -0.37290   -0.34877   -0.34087   -0.33891   -0.32296   -0.32059   -0.31373   -0.30561
   0.08458    0.09305    0.10484    0.10733    0.11597    0.12389    0.13443    0.13618
   0.14506    0.15891    0.17061    0.17403    0.18050    0.19631    0.20967    0.21763
   0.22385    0.23067    0.23809    0.24468    0.24829    0.25038    0.26404    0.27063
   0.44509    0.45678
 kpt#  47, nband= 50, wtk=  0.00926, kpt=  0.3333 -0.3333  0.1667 (reduced coord)
  -1.94135   -1.94111   -1.94083   -1.94060   -0.80337   -0.80226   -0.80183   -0.79935
  -0.79573   -0.79318   -0.79212   -0.79032   -0.78953   -0.78934   -0.78854   -0.78740
  -0.36551   -0.34913   -0.34491   -0.34050   -0.32591   -0.31936   -0.31361   -0.30629
   0.09024    0.09889    0.10688    0.11296    0.12030    0.12474    0.13163    0.13602
   0.14606    0.15746    0.16925    0.17779    0.18572    0.19249    0.20580    0.21054
   0.22096    0.23004    0.23628    0.23814    0.24509    0.25128    0.26120    0.26758
   0.44295    0.45324
 kpt#  48, nband= 50, wtk=  0.00926, kpt=  0.5000 -0.3333  0.1667 (reduced coord)
  -1.94133   -1.94110   -1.94085   -1.94060   -0.80302   -0.80265   -0.80129   -0.80108
  -0.79470   -0.79371   -0.79121   -0.79076   -0.78964   -0.78868   -0.78838   -0.78795
  -0.35702   -0.35311   -0.34840   -0.34186   -0.32680   -0.31719   -0.31427   -0.30699
   0.09683    0.09892    0.10578    0.11559    0.12324    0.12416    0.13123    0.13684
   0.15157    0.15536    0.16936    0.17215    0.18749    0.19897    0.20092    0.21335
   0.21525    0.22205    0.23094    0.24011    0.24455    0.25425    0.26069    0.26463
   0.44196    0.45253
 kpt#  49, nband= 50, wtk=  0.00926, kpt= -0.3333 -0.3333  0.1667 (reduced coord)
  -1.94135   -1.94111   -1.94083   -1.94060   -0.80360   -0.80225   -0.80180   -0.79913
  -0.79576   -0.79322   -0.79200   -0.79037   -0.78957   -0.78935   -0.78850   -0.78745
  -0.36563   -0.34913   -0.34488   -0.34051   -0.32578   -0.31969   -0.31341   -0.30619
   0.08956    0.09930    0.10703    0.11236    0.12048    0.12518    0.13221    0.13593
   0.14627    0.15753    0.16933    0.17704    0.18574    0.19280    0.20517    0.21020
   0.22112    0.23026    0.23688    0.23786    0.24521    0.25127    0.26112    0.26760
   0.44145    0.45349
 kpt#  50, nband= 50, wtk=  0.00926, kpt= -0.1667 -0.3333  0.1667 (reduced coord)
  -1.94140   -1.94111   -1.94078   -1.94059   -0.80348   -0.80212   -0.80137   -0.79864
  -0.79522   -0.79430   -0.79157   -0.79052   -0.79022   -0.78983   -0.78795   -0.78763
  -0.37298   -0.34879   -0.34079   -0.33894   -0.32292   -0.32093   -0.31346   -0.30553
   0.08415    0.09303    0.10481    0.10762    0.11582    0.12439    0.13450    0.13638
   0.14529    0.15867    0.17003    0.17373    0.18113    0.19634    0.20935    0.21747
   0.22414    0.23098    0.23768    0.24460    0.24818    0.25079    0.26405    0.27058
   0.44385    0.45708
 kpt#  51, nband= 50, wtk=  0.00926, kpt=  0.0000 -0.1667  0.1667 (reduced coord)
  -1.94154   -1.94104   -1.94078   -1.94052   -0.80473   -0.80378   -0.80332   -0.79724
  -0.79315   -0.79299   -0.79189   -0.79104   -0.79065   -0.78894   -0.78758   -0.78673
  -0.38716   -0.34543   -0.34130   -0.33933   -0.31690   -0.31665   -0.31372   -0.30208
   0.07422    0.08178    0.08587    0.10172    0.10832    0.12785    0.13920    0.14452
   0.15652    0.15966    0.16709    0.17539    0.17919    0.20065    0.20497    0.22587
   0.22966    0.23246    0.24075    0.25234    0.25475    0.26234    0.26872    0.27353
   0.45425    0.46516
 kpt#  52, nband= 50, wtk=  0.00926, kpt=  0.1667 -0.1667  0.1667 (reduced coord)
  -1.94151   -1.94104   -1.94081   -1.94053   -0.80437   -0.80324   -0.80263   -0.79739
  -0.79437   -0.79238   -0.79217   -0.79090   -0.79064   -0.79008   -0.78723   -0.78693
  -0.38322   -0.34576   -0.34087   -0.33846   -0.31982   -0.31797   -0.31456   -0.30255
   0.07980    0.08323    0.08921    0.10290    0.11123    0.13198    0.13878    0.14146
   0.15113    0.15712    0.16397    0.17402    0.18337    0.19499    0.20788    0.21823
   0.23180    0.23788    0.23982    0.24786    0.25306    0.26234    0.26687    0.27316
   0.45519    0.46730
 kpt#  53, nband= 50, wtk=  0.00926, kpt=  0.3333 -0.1667  0.1667 (reduced coord)
  -1.94144   -1.94103   -1.94088   -1.94053   -0.80327   -0.80174   -0.80130   -0.79815
  -0.79584   -0.79414   -0.79198   -0.79116   -0.79018   -0.78975   -0.78788   -0.78749
  -0.37243   -0.34635   -0.34329   -0.33704   -0.32780   -0.31860   -0.31490   -0.30398
   0.08523    0.09226    0.10358    0.10691    0.11681    0.12882    0.13192    0.13544
   0.14872    0.15079    0.16227    0.17379    0.18731    0.19568    0.20615    0.20864
   0.21963    0.23588    0.24177    0.24697    0.25592    0.26052    0.26562    0.27184
   0.45445    0.46527
 kpt#  54, nband= 50, wtk=  0.00926, kpt=  0.5000 -0.1667  0.1667 (reduced coord)
  -1.94140   -1.94103   -1.94092   -1.94053   -0.80192   -0.80169   -0.79959   -0.79923
  -0.79665   -0.79564   -0.79204   -0.79090   -0.78919   -0.78903   -0.78878   -0.78852
  -0.35953   -0.35566   -0.34422   -0.33649   -0.33068   -0.31796   -0.31553   -0.30489
   0.09412    0.09493    0.10376    0.11128    0.12083    0.12678    0.13189    0.13520
   0.14444    0.14625    0.16679    0.16793    0.18280    0.19739    0.19790    0.21665
   0.22003    0.22734    0.23810    0.24929    0.25698    0.26016    0.26600    0.27065
   0.45312    0.46240
 kpt#  55, nband= 50, wtk=  0.00926, kpt= -0.3333 -0.1667  0.1667 (reduced coord)
  -1.94144   -1.94103   -1.94088   -1.94053   -0.80346   -0.80182   -0.80118   -0.79797
  -0.79582   -0.79416   -0.79194   -0.79123   -0.79014   -0.78977   -0.78788   -0.78753
  -0.37251   -0.34625   -0.34339   -0.33706   -0.32779   -0.31876   -0.31477   -0.30386
   0.08479    0.09255    0.10337    0.10681    0.11674    0.12942    0.13206    0.13567
   0.14858    0.15076    0.16256    0.17350    0.18745    0.19571    0.20609    0.20786
   0.21987    0.23588    0.24189    0.24739    0.25587    0.26054    0.26446    0.27270
   0.45295    0.46447
 kpt#  56, nband= 50, wtk=  0.00926, kpt= -0.1667 -0.1667  0.1667 (reduced coord)
  -1.94151   -1.94104   -1.94081   -1.94053   -0.80452   -0.80328   -0.80253   -0.79727
  -0.79435   -0.79243   -0.79212   -0.79087   -0.79065   -0.79009   -0.78725   -0.78694
  -0.38327   -0.34572   -0.34089   -0.33850   -0.32000   -0.31812   -0.31424   -0.30246
   0.07949    0.08320    0.08945    0.10263    0.11120    0.13258    0.13875    0.14192
   0.15084    0.15715    0.16386    0.17371    0.18379    0.19501    0.20791    0.21773
   0.23199    0.23799    0.23938    0.24819    0.25320    0.26195    0.26650    0.27373
   0.45396    0.46692
 kpt#  57, nband= 50, wtk=  0.00926, kpt=  0.0000  0.0000  0.3333 (reduced coord)
  -1.94149   -1.94110   -1.94079   -1.94051   -0.80354   -0.80249   -0.80120   -0.79763
  -0.79593   -0.79355   -0.79170   -0.79080   -0.79007   -0.79004   -0.78807   -0.78753
  -0.37910   -0.34689   -0.34161   -0.33803   -0.32374   -0.31713   -0.31235   -0.30552
   0.08240    0.08864    0.10052    0.11310    0.11672    0.12188    0.12839    0.13389
   0.13686    0.16706    0.16976    0.18412    0.18943    0.20031    0.20338    0.20833
   0.21741    0.23253    0.23773    0.24417    0.24965    0.25352    0.27508    0.27888
   0.46435    0.46693
 kpt#  58, nband= 50, wtk=  0.00926, kpt=  0.1667  0.0000  0.3333 (reduced coord)
  -1.94147   -1.94109   -1.94081   -1.94052   -0.80319   -0.80226   -0.80083   -0.79769
  -0.79671   -0.79376   -0.79140   -0.79084   -0.79055   -0.78996   -0.78797   -0.78755
  -0.37591   -0.34679   -0.34238   -0.33731   -0.32351   -0.32090   -0.31245   -0.30551
   0.08661    0.09204    0.10161    0.10714    0.11446    0.12553    0.13308    0.13446
   0.14315    0.16556    0.17202    0.18288    0.18399    0.19530    0.19827    0.21114
   0.21675    0.23133    0.23449    0.24414    0.24818    0.25471    0.27482    0.27723
   0.46299    0.46707
 kpt#  59, nband= 50, wtk=  0.00926, kpt=  0.3333  0.0000  0.3333 (reduced coord)
  -1.94142   -1.94106   -1.94087   -1.94053   -0.80238   -0.80136   -0.80029   -0.79833
  -0.79760   -0.79500   -0.79134   -0.79098   -0.79014   -0.78927   -0.78898   -0.78742
  -0.36722   -0.34825   -0.34321   -0.33716   -0.32803   -0.32292   -0.31268   -0.30605
   0.09263    0.09964    0.10367    0.10861    0.11514    0.12256    0.13554    0.14110
   0.14769    0.16446    0.17113    0.17679    0.18772    0.18928    0.19474    0.20183
   0.21534    0.23030    0.23226    0.23618    0.24752    0.25549    0.27406    0.27691
   0.45887    0.46290
 kpt#  60, nband= 50, wtk=  0.00926, kpt=  0.5000  0.0000  0.3333 (reduced coord)
  -1.94140   -1.94103   -1.94092   -1.94054   -0.80169   -0.80045   -0.80017   -0.79970
  -0.79668   -0.79658   -0.79139   -0.79043   -0.79014   -0.78975   -0.78841   -0.78788
  -0.35697   -0.35489   -0.34341   -0.33830   -0.33028   -0.32273   -0.31282   -0.30647
   0.09678    0.10119    0.10580    0.10900    0.11834    0.11913    0.14154    0.14631
   0.15072    0.15559    0.17061    0.17137    0.18336    0.18522    0.19427    0.21387
   0.22004    0.22052    0.22294    0.23675    0.25050    0.25115    0.27298    0.27831
   0.45640    0.45997
 kpt#  61, nband= 50, wtk=  0.00926, kpt= -0.3333  0.0000  0.3333 (reduced coord)
  -1.94142   -1.94106   -1.94087   -1.94053   -0.80246   -0.80134   -0.80025   -0.79828
  -0.79759   -0.79500   -0.79142   -0.79093   -0.79010   -0.78928   -0.78898   -0.78744
  -0.36724   -0.34823   -0.34321   -0.33717   -0.32800   -0.32294   -0.31266   -0.30607
   0.09258    0.09954    0.10368    0.10868    0.11519    0.12260    0.13557    0.14108
   0.14767    0.16455    0.17103    0.17680    0.18766    0.18923    0.19482    0.20185
   0.21538    0.23030    0.23223    0.23617    0.24756    0.25543    0.27403    0.27696
   0.45878    0.46269
 kpt#  62, nband= 50, wtk=  0.00926, kpt= -0.1667  0.0000  0.3333 (reduced coord)
  -1.94147   -1.94109   -1.94081   -1.94052   -0.80326   -0.80223   -0.80083   -0.79763
  -0.79672   -0.79377   -0.79141   -0.79085   -0.79052   -0.78997   -0.78796   -0.78758
  -0.37591   -0.34679   -0.34237   -0.33732   -0.32353   -0.32088   -0.31244   -0.30553
   0.08661    0.09198    0.10160    0.10712    0.11450    0.12558    0.13282    0.13470
   0.14318    0.16558    0.17214    0.18279    0.18399    0.19496    0.19859    0.21103
   0.21676    0.23133    0.23460    0.24402    0.24829    0.25467    0.27468    0.27737
   0.46284    0.46707
 kpt#  63, nband= 50, wtk=  0.00926, kpt=  0.0000  0.1667  0.3333 (reduced coord)
  -1.94145   -1.94110   -1.94080   -1.94054   -0.80310   -0.80189   -0.80135   -0.79832
  -0.79561   -0.79402   -0.79138   -0.79097   -0.79062   -0.78984   -0.78848   -0.78717
  -0.37583   -0.34647   -0.34180   -0.33825   -0.32284   -0.31868   -0.31442   -0.30659
   0.08458    0.09361    0.10208    0.11360    0.11400    0.12546    0.13052    0.13858
   0.13923    0.16528    0.16616    0.17607    0.18544    0.20204    0.20740    0.20868
   0.21815    0.23462    0.23645    0.24054    0.24994    0.25434    0.26696    0.26878
   0.45849    0.46692
 kpt#  64, nband= 50, wtk=  0.00926, kpt=  0.1667  0.1667  0.3333 (reduced coord)
  -1.94143   -1.94109   -1.94081   -1.94055   -0.80332   -0.80252   -0.80099   -0.79774
  -0.79591   -0.79452   -0.79144   -0.79087   -0.79036   -0.78982   -0.78790   -0.78742
  -0.37324   -0.34764   -0.34243   -0.33804   -0.32370   -0.32020   -0.31400   -0.30588
   0.08828    0.09537    0.10245    0.10912    0.11727    0.12690    0.13394    0.13664
   0.14549    0.15856    0.16882    0.17770    0.18526    0.19814    0.20303    0.21144
   0.21908    0.23024    0.23379    0.24255    0.24793    0.25289    0.26577    0.26906
   0.45517    0.46721
 kpt#  65, nband= 50, wtk=  0.00926, kpt=  0.3333  0.1667  0.3333 (reduced coord)
  -1.94139   -1.94107   -1.94086   -1.94056   -0.80343   -0.80267   -0.80131   -0.79866
  -0.79551   -0.79475   -0.79104   -0.79055   -0.78997   -0.78923   -0.78825   -0.78759
  -0.36608   -0.34999   -0.34500   -0.33929   -0.32682   -0.32007   -0.31251   -0.30583
   0.09325    0.10124    0.10529    0.10990    0.11681    0.12757    0.13528    0.13988
   0.14949    0.15779    0.16731    0.17903    0.18774    0.19261    0.19895    0.20807
   0.21611    0.22894    0.23116    0.23661    0.24480    0.25335    0.26545    0.26855
   0.45029    0.46141
 kpt#  66, nband= 50, wtk=  0.00926, kpt=  0.5000  0.1667  0.3333 (reduced coord)
  -1.94137   -1.94106   -1.94090   -1.94056   -0.80321   -0.80270   -0.80072   -0.80067
  -0.79492   -0.79472   -0.79093   -0.78994   -0.78946   -0.78926   -0.78848   -0.78804
  -0.35722   -0.35596   -0.34674   -0.34072   -0.32792   -0.31920   -0.31174   -0.30631
   0.09900    0.09954    0.10641    0.11133    0.11985    0.12451    0.13944    0.14025
   0.15481    0.15638    0.16732    0.17002    0.18768    0.19247    0.19841    0.21485
   0.21758    0.22137    0.22314    0.23617    0.24768    0.25043    0.26575    0.26867
   0.44880    0.45658
 kpt#  67, nband= 50, wtk=  0.00926, kpt= -0.3333  0.1667  0.3333 (reduced coord)
  -1.94139   -1.94107   -1.94086   -1.94056   -0.80335   -0.80259   -0.80140   -0.79872
  -0.79554   -0.79477   -0.79113   -0.79043   -0.78993   -0.78925   -0.78825   -0.78762
  -0.36606   -0.35007   -0.34482   -0.33919   -0.32682   -0.32021   -0.31241   -0.30602
   0.09355    0.10097    0.10529    0.11002    0.11729    0.12680    0.13537    0.14010
   0.14888    0.15790    0.16741    0.17945    0.18772    0.19215    0.19885    0.20884
   0.21562    0.22887    0.23085    0.23702    0.24453    0.25369    0.26649    0.26755
   0.45143    0.46119
 kpt#  68, nband= 50, wtk=  0.00926, kpt= -0.1667  0.1667  0.3333 (reduced coord)
  -1.94143   -1.94109   -1.94082   -1.94055   -0.80325   -0.80242   -0.80111   -0.79778
  -0.79591   -0.79459   -0.79136   -0.79095   -0.79027   -0.78983   -0.78791   -0.78745
  -0.37321   -0.34775   -0.34223   -0.33796   -0.32331   -0.32075   -0.31389   -0.30604
   0.08838    0.09575    0.10197    0.10950    0.11729    0.12620    0.13319    0.13719
   0.14597    0.15883    0.16869    0.17790    0.18484    0.19763    0.20302    0.21133
   0.21957    0.23047    0.23378    0.24254    0.24794    0.25292    0.26653    0.26832
   0.45620    0.46678
 kpt#  69, nband= 50, wtk=  0.00926, kpt=  0.0000  0.3333  0.3333 (reduced coord)
  -1.94136   -1.94113   -1.94079   -1.94061   -0.80184   -0.80150   -0.80014   -0.79981
  -0.79591   -0.79426   -0.79355   -0.79061   -0.78976   -0.78953   -0.78894   -0.78729
  -0.36680   -0.34493   -0.34467   -0.33951   -0.32221   -0.31989   -0.31795   -0.30997
   0.09164    0.10456    0.10714    0.11300    0.11486    0.12761    0.13241    0.14058
   0.14449    0.15814    0.15907    0.17821    0.19148    0.19699    0.20492    0.21112
   0.21657    0.22937    0.23278    0.24026    0.24492    0.24888    0.25482    0.25846
   0.45185    0.46249
 kpt#  70, nband= 50, wtk=  0.00926, kpt=  0.1667  0.3333  0.3333 (reduced coord)
  -1.94135   -1.94113   -1.94080   -1.94061   -0.80316   -0.80258   -0.80163   -0.79863
  -0.79584   -0.79359   -0.79248   -0.79023   -0.78952   -0.78941   -0.78850   -0.78744
  -0.36577   -0.34851   -0.34479   -0.34101   -0.32228   -0.31983   -0.31541   -0.30829
   0.09458    0.10043    0.10795    0.11210    0.12205    0.12729    0.13557    0.13922
   0.14495    0.15229    0.16637    0.18078    0.18672    0.19902    0.20522    0.21176
   0.22063    0.22677    0.23068    0.23729    0.24201    0.24719    0.25353    0.25884
   0.44744    0.45887
 kpt#  71, nband= 50, wtk=  0.00926, kpt=  0.3333  0.3333  0.3333 (reduced coord)
  -1.94132   -1.94112   -1.94082   -1.94062   -0.80433   -0.80390   -0.80308   -0.80094
  -0.79352   -0.79207   -0.79090   -0.79018   -0.78918   -0.78888   -0.78801   -0.78776
  -0.36239   -0.35202   -0.34907   -0.34512   -0.32196   -0.31612   -0.31237   -0.30682
   0.09794    0.10251    0.10819    0.11357    0.12341    0.12760    0.13216    0.13583
   0.15494    0.15918    0.17234    0.17997    0.18839    0.19186    0.20568    0.21070
   0.22140    0.22394    0.22702    0.23467    0.24024    0.24551    0.25030    0.25646
   0.44101    0.45383
 kpt#  72, nband= 50, wtk=  0.00926, kpt=  0.5000  0.3333  0.3333 (reduced coord)
  -1.94131   -1.94112   -1.94084   -1.94062   -0.80463   -0.80438   -0.80307   -0.80282
  -0.79236   -0.79160   -0.79018   -0.78993   -0.78882   -0.78850   -0.78832   -0.78803
  -0.35712   -0.35634   -0.35192   -0.34735   -0.32128   -0.31352   -0.31153   -0.30683
   0.10099    0.10358    0.10814    0.11351    0.12442    0.12684    0.13102    0.13318
   0.16350    0.16397    0.17309    0.17671    0.18909    0.19375    0.20468    0.21273
   0.21364    0.22122    0.22221    0.23846    0.24065    0.24220    0.25140    0.25483
   0.43949    0.45130
 kpt#  73, nband= 50, wtk=  0.00926, kpt= -0.3333  0.3333  0.3333 (reduced coord)
  -1.94132   -1.94112   -1.94083   -1.94062   -0.80427   -0.80383   -0.80311   -0.80103
  -0.79351   -0.79210   -0.79088   -0.79022   -0.78919   -0.78879   -0.78806   -0.78775
  -0.36237   -0.35209   -0.34896   -0.34502   -0.32212   -0.31575   -0.31263   -0.30696
   0.09826    0.10249    0.10813    0.11384    0.12341    0.12652    0.13221    0.13651
   0.15418    0.15903    0.17279    0.18045    0.18840    0.19180    0.20539    0.21095
   0.22099    0.22385    0.22713    0.23473    0.24032    0.24566    0.25037    0.25639
   0.44207    0.45468
 kpt#  74, nband= 50, wtk=  0.00926, kpt= -0.1667  0.3333  0.3333 (reduced coord)
  -1.94135   -1.94113   -1.94080   -1.94061   -0.80304   -0.80253   -0.80171   -0.79871
  -0.79582   -0.79360   -0.79250   -0.79026   -0.78956   -0.78932   -0.78851   -0.78745
  -0.36574   -0.34854   -0.34476   -0.34085   -0.32247   -0.31939   -0.31580   -0.30836
   0.09461    0.10101    0.10793    0.11204    0.12160    0.12664    0.13588    0.13934
   0.14442    0.15271    0.16692    0.18027    0.18722    0.19885    0.20484    0.21133
   0.22078    0.22709    0.23072    0.23759    0.24228    0.24699    0.25342    0.25879
   0.44838    0.45906
 kpt#  75, nband= 50, wtk=  0.00926, kpt=  0.0000  0.5000  0.3333 (reduced coord)
  -1.94127   -1.94119   -1.94078   -1.94065   -0.80114   -0.80092   -0.80007   -0.79977
  -0.79623   -0.79592   -0.79256   -0.79206   -0.78915   -0.78895   -0.78834   -0.78826
  -0.35494   -0.35432   -0.34240   -0.34169   -0.32185   -0.32127   -0.31530   -0.31473
   0.10173    0.10342    0.11271    0.11346    0.11882    0.12024    0.13754    0.13925
   0.14287    0.14598    0.17699    0.17866    0.19717    0.19831    0.20571    0.20676
   0.20989    0.21104    0.23355    0.23498    0.25032    0.25061    0.25102    0.25131
   0.45104    0.45406
 kpt#  76, nband= 50, wtk=  0.00926, kpt=  0.1667  0.5000  0.3333 (reduced coord)
  -1.94126   -1.94119   -1.94078   -1.94065   -0.80279   -0.80270   -0.80100   -0.80062
  -0.79484   -0.79447   -0.79123   -0.79084   -0.78903   -0.78890   -0.78843   -0.78824
  -0.35589   -0.35536   -0.34454   -0.34405   -0.32080   -0.32041   -0.31309   -0.31220
   0.10265    0.10375    0.10905    0.11057    0.12458    0.12605    0.13426    0.13512
   0.14958    0.15115    0.17606    0.17716    0.19714    0.19793    0.20566    0.20669
   0.21336    0.21439    0.23311    0.23402    0.24182    0.24258    0.25400    0.25479
   0.44748    0.44942
 kpt#  77, nband= 50, wtk=  0.00926, kpt=  0.3333  0.5000  0.3333 (reduced coord)
  -1.94125   -1.94118   -1.94079   -1.94066   -0.80441   -0.80430   -0.80328   -0.80285
  -0.79232   -0.79195   -0.78970   -0.78947   -0.78910   -0.78901   -0.78827   -0.78801
  -0.35673   -0.35623   -0.34982   -0.34935   -0.31723   -0.31697   -0.31038   -0.30939
   0.10473    0.10524    0.10856    0.10963    0.12488    0.12645    0.13142    0.13226
   0.16366    0.16433    0.17890    0.18046    0.19010    0.19025    0.20591    0.20789
   0.21590    0.21664    0.22843    0.22960    0.24039    0.24116    0.25014    0.25123
   0.44223    0.44295
 kpt#  78, nband= 50, wtk=  0.00926, kpt=  0.5000  0.5000  0.3333 (reduced coord)
  -1.94125   -1.94118   -1.94079   -1.94066   -0.80480   -0.80455   -0.80436   -0.80421
  -0.79094   -0.79054   -0.78983   -0.78962   -0.78902   -0.78872   -0.78804   -0.78781
  -0.35581   -0.35518   -0.35366   -0.35314   -0.31521   -0.31463   -0.30948   -0.30884
   0.10679    0.10719    0.10829    0.10920    0.12481    0.12644    0.12885    0.12991
   0.17412    0.17595    0.17669    0.17824    0.19443    0.19678    0.19835    0.19960
   0.21442    0.21564    0.22569    0.22709    0.24208    0.24263    0.24831    0.24933
   0.44044    0.44219
 kpt#  79, nband= 50, wtk=  0.00926, kpt= -0.3333  0.5000  0.3333 (reduced coord)
  -1.94125   -1.94118   -1.94079   -1.94066   -0.80462   -0.80416   -0.80310   -0.80296
  -0.79222   -0.79198   -0.78979   -0.78948   -0.78908   -0.78899   -0.78824   -0.78804
  -0.35677   -0.35622   -0.34979   -0.34937   -0.31755   -0.31666   -0.31002   -0.30974
   0.10453    0.10540    0.10870    0.10950    0.12468    0.12675    0.13117    0.13240
   0.16328    0.16465    0.17921    0.18031    0.18943    0.19092    0.20573    0.20800
   0.21546    0.21713    0.22813    0.22984    0.24044    0.24108    0.25025    0.25118
   0.44168    0.44347
 kpt#  80, nband= 50, wtk=  0.00926, kpt= -0.1667  0.5000  0.3333 (reduced coord)
  -1.94126   -1.94119   -1.94078   -1.94065   -0.80300   -0.80257   -0.80085   -0.80071
  -0.79475   -0.79450   -0.79130   -0.79085   -0.78908   -0.78883   -0.78840   -0.78830
  -0.35590   -0.35536   -0.34455   -0.34403   -0.32106   -0.32015   -0.31289   -0.31240
   0.10241    0.10398    0.10948    0.11015    0.12436    0.12630    0.13388    0.13547
   0.14945    0.15124    0.17626    0.17702    0.19681    0.19835    0.20589    0.20633
   0.21344    0.21438    0.23279    0.23429    0.24193    0.24249    0.25396    0.25487
   0.44704    0.44986
 kpt#  81, nband= 50, wtk=  0.00926, kpt=  0.0000 -0.3333  0.3333 (reduced coord)
  -1.94136   -1.94113   -1.94079   -1.94061   -0.80181   -0.80144   -0.80003   -0.79991
  -0.79604   -0.79408   -0.79359   -0.79071   -0.78976   -0.78963   -0.78878   -0.78737
  -0.36655   -0.34501   -0.34444   -0.33951   -0.32195   -0.31984   -0.31827   -0.31047
   0.09293    0.10425    0.10729    0.11315    0.11502    0.12836    0.13167    0.14182
   0.14302    0.15496    0.16089    0.17675    0.19129    0.19854    0.20627    0.21189
   0.21600    0.22803    0.23173    0.24097    0.24474    0.24996    0.25479    0.25789
   0.44970    0.46536
 kpt#  82, nband= 50, wtk=  0.00926, kpt=  0.1667 -0.3333  0.3333 (reduced coord)
  -1.94134   -1.94113   -1.94080   -1.94061   -0.80324   -0.80220   -0.80156   -0.79896
  -0.79598   -0.79350   -0.79242   -0.79015   -0.78969   -0.78942   -0.78837   -0.78753
  -0.36552   -0.34827   -0.34485   -0.34086   -0.32227   -0.31949   -0.31599   -0.30876
   0.09570    0.10081    0.10838    0.11188    0.12092    0.12732    0.13590    0.14011
   0.14390    0.15240    0.16624    0.17945    0.18701    0.19960    0.20448    0.21184
   0.22048    0.22621    0.23006    0.23859    0.24262    0.24721    0.25339    0.25856
   0.44695    0.46271
 kpt#  83, nband= 50, wtk=  0.00926, kpt=  0.3333 -0.3333  0.3333 (reduced coord)
  -1.94132   -1.94112   -1.94083   -1.94062   -0.80440   -0.80362   -0.80295   -0.80119
  -0.79378   -0.79205   -0.79069   -0.79008   -0.78920   -0.78900   -0.78800   -0.78781
  -0.36220   -0.35190   -0.34853   -0.34543   -0.32182   -0.31606   -0.31290   -0.30715
   0.09801    0.10340    0.10845    0.11379    0.12287    0.12685    0.13268    0.13636
   0.15538    0.15848    0.17267    0.18062    0.18674    0.19216    0.20517    0.21019
   0.22128    0.22356    0.22733    0.23489    0.24002    0.24552    0.25024    0.25660
   0.44245    0.45559
 kpt#  84, nband= 50, wtk=  0.00926, kpt=  0.5000 -0.3333  0.3333 (reduced coord)
  -1.94131   -1.94112   -1.94084   -1.94062   -0.80465   -0.80428   -0.80309   -0.80281
  -0.79264   -0.79151   -0.79007   -0.78976   -0.78884   -0.78857   -0.78834   -0.78810
  -0.35721   -0.35605   -0.35131   -0.34779   -0.32093   -0.31408   -0.31174   -0.30689
   0.10052    0.10388    0.10903    0.11395    0.12389    0.12686    0.13125    0.13329
   0.16304    0.16440    0.17454    0.17574    0.18922    0.19337    0.20448    0.21231
   0.21366    0.22083    0.22176    0.23923    0.23983    0.24190    0.25143    0.25454
   0.44131    0.45109
 kpt#  85, nband= 50, wtk=  0.00926, kpt= -0.3333 -0.3333  0.3333 (reduced coord)
  -1.94132   -1.94112   -1.94082   -1.94062   -0.80461   -0.80361   -0.80291   -0.80106
  -0.79369   -0.79206   -0.79065   -0.79009   -0.78922   -0.78907   -0.78797   -0.78784
  -0.36225   -0.35184   -0.34859   -0.34554   -0.32172   -0.31636   -0.31259   -0.30707
   0.09763    0.10343    0.10854    0.11346    0.12302    0.12790    0.13237    0.13587
   0.15618    0.15857    0.17233    0.18005    0.18679    0.19226    0.20531    0.21007
   0.22106    0.22429    0.22714    0.23487    0.23993    0.24542    0.25002    0.25678
   0.44126    0.45490
 kpt#  86, nband= 50, wtk=  0.00926, kpt= -0.1667 -0.3333  0.3333 (reduced coord)
  -1.94134   -1.94113   -1.94080   -1.94061   -0.80347   -0.80220   -0.80148   -0.79882
  -0.79591   -0.79351   -0.79238   -0.79017   -0.78972   -0.78945   -0.78838   -0.78753
  -0.36556   -0.34825   -0.34487   -0.34101   -0.32220   -0.31983   -0.31555   -0.30872
   0.09562    0.10020    0.10863    0.11167    0.12147    0.12808    0.13539    0.13979
   0.14462    0.15216    0.16551    0.18000    0.18657    0.19995    0.20485    0.21223
   0.22015    0.22587    0.23017    0.23829    0.24236    0.24724    0.25356    0.25869
   0.44593    0.46122
 kpt#  87, nband= 50, wtk=  0.00926, kpt=  0.0000 -0.1667  0.3333 (reduced coord)
  -1.94145   -1.94110   -1.94079   -1.94054   -0.80315   -0.80172   -0.80133   -0.79845
  -0.79541   -0.79418   -0.79142   -0.79105   -0.79046   -0.78992   -0.78842   -0.78724
  -0.37570   -0.34620   -0.34175   -0.33818   -0.32290   -0.31888   -0.31440   -0.30696
   0.08540    0.09336    0.10278    0.11367    0.11418    0.12564    0.13117    0.13722
   0.13861    0.16503    0.16658    0.17458    0.18485    0.20235    0.20836    0.21004
   0.21845    0.23260    0.23615    0.24126    0.25011    0.25453    0.26603    0.26948
   0.45771    0.46639
 kpt#  88, nband= 50, wtk=  0.00926, kpt=  0.1667 -0.1667  0.3333 (reduced coord)
  -1.94143   -1.94109   -1.94081   -1.94055   -0.80336   -0.80215   -0.80102   -0.79808
  -0.79596   -0.79445   -0.79140   -0.79089   -0.79025   -0.78989   -0.78785   -0.78753
  -0.37308   -0.34744   -0.34215   -0.33798   -0.32339   -0.32086   -0.31396   -0.30637
   0.08889    0.09573    0.10275    0.10968    0.11670    0.12661    0.13299    0.13784
   0.14534    0.15878    0.16743    0.17815    0.18425    0.19828    0.20289    0.21206
   0.21886    0.22948    0.23404    0.24253    0.24800    0.25401    0.26586    0.26838
   0.45590    0.46613
 kpt#  89, nband= 50, wtk=  0.00926, kpt=  0.3333 -0.1667  0.3333 (reduced coord)
  -1.94139   -1.94107   -1.94086   -1.94056   -0.80339   -0.80241   -0.80127   -0.79892
  -0.79579   -0.79462   -0.79091   -0.79057   -0.78982   -0.78936   -0.78832   -0.78759
  -0.36593   -0.34988   -0.34425   -0.33975   -0.32643   -0.32066   -0.31256   -0.30624
   0.09335    0.10206    0.10565    0.10962    0.11760    0.12598    0.13552    0.14087
   0.14934    0.15756    0.16730    0.17952    0.18733    0.19158    0.19845    0.20862
   0.21589    0.22851    0.23086    0.23723    0.24388    0.25405    0.26632    0.26757
   0.45213    0.46099
 kpt#  90, nband= 50, wtk=  0.00926, kpt=  0.5000 -0.1667  0.3333 (reduced coord)
  -1.94137   -1.94106   -1.94090   -1.94056   -0.80296   -0.80286   -0.80088   -0.80050
  -0.79517   -0.79463   -0.79084   -0.78983   -0.78957   -0.78926   -0.78848   -0.78809
  -0.35718   -0.35574   -0.34610   -0.34134   -0.32737   -0.31983   -0.31190   -0.30646
   0.09904    0.09985    0.10702    0.11095    0.11968    0.12456    0.13990    0.14059
   0.15505    0.15608    0.16742    0.17055    0.18810    0.19066    0.19773    0.21568
   0.21799    0.22185    0.22253    0.23538    0.24708    0.24992    0.26571    0.26896
   0.45034    0.45647
 kpt#  91, nband= 50, wtk=  0.00926, kpt= -0.3333 -0.1667  0.3333 (reduced coord)
  -1.94139   -1.94107   -1.94086   -1.94056   -0.80359   -0.80244   -0.80118   -0.79880
  -0.79570   -0.79462   -0.79085   -0.79071   -0.78982   -0.78935   -0.78832   -0.78760
  -0.36598   -0.34978   -0.34441   -0.33984   -0.32648   -0.32046   -0.31264   -0.30608
   0.09301    0.10220    0.10568    0.10955    0.11714    0.12685    0.13543    0.14063
   0.14994    0.15749    0.16720    0.17907    0.18754    0.19191    0.19838    0.20788
   0.21645    0.22863    0.23114    0.23685    0.24422    0.25364    0.26507    0.26875
   0.45085    0.46104
 kpt#  92, nband= 50, wtk=  0.00926, kpt= -0.1667 -0.1667  0.3333 (reduced coord)
  -1.94143   -1.94109   -1.94081   -1.94055   -0.80355   -0.80220   -0.80091   -0.79796
  -0.79592   -0.79439   -0.79151   -0.79079   -0.79032   -0.78992   -0.78787   -0.78751
  -0.37312   -0.34732   -0.34234   -0.33806   -0.32384   -0.32025   -0.31404   -0.30624
   0.08876    0.09531    0.10320    0.10927    0.11675    0.12733    0.13373    0.13731
   0.14484    0.15858    0.16760    0.17783    0.18475    0.19875    0.20310    0.21186
   0.21846    0.22936    0.23407    0.24242    0.24814    0.25397    0.26481    0.26934
   0.45468    0.46656
 kpt#  93, nband= 50, wtk=  0.00463, kpt=  0.0000  0.0000  0.5000 (reduced coord)
  -1.94141   -1.94116   -1.94079   -1.94052   -0.80109   -0.80096   -0.79963   -0.79944
  -0.79623   -0.79618   -0.79178   -0.79158   -0.78932   -0.78923   -0.78885   -0.78867
  -0.36235   -0.36198   -0.33805   -0.33797   -0.32254   -0.32193   -0.31081   -0.30999
   0.10108    0.10120    0.10936    0.10991    0.11352    0.11409    0.12376    0.12527
   0.15130    0.15170    0.17657    0.17802    0.19868    0.19884    0.20583    0.20601
   0.21177    0.21332    0.23695    0.23744    0.25052    0.25073    0.27702    0.27881
   0.46663    0.46826
 kpt#  94, nband= 50, wtk=  0.00926, kpt=  0.1667  0.0000  0.5000 (reduced coord)
  -1.94140   -1.94114   -1.94081   -1.94053   -0.80123   -0.80111   -0.79962   -0.79945
  -0.79655   -0.79653   -0.79131   -0.79115   -0.78940   -0.78924   -0.78878   -0.78870
  -0.36081   -0.36046   -0.33873   -0.33864   -0.32378   -0.32312   -0.31057   -0.30975
   0.10124    0.10138    0.10676    0.10699    0.11602    0.11661    0.13042    0.13109
   0.15411    0.15433    0.17634    0.17734    0.19292    0.19360    0.20158    0.20172
   0.21502    0.21612    0.23665    0.23680    0.24833    0.24864    0.27588    0.27754
   0.46395    0.46500
 kpt#  95, nband= 50, wtk=  0.00926, kpt=  0.3333  0.0000  0.5000 (reduced coord)
  -1.94139   -1.94109   -1.94086   -1.94055   -0.80145   -0.80133   -0.79998   -0.79981
  -0.79654   -0.79651   -0.79070   -0.79061   -0.79003   -0.78996   -0.78820   -0.78810
  -0.35701   -0.35672   -0.34077   -0.34069   -0.32612   -0.32537   -0.31022   -0.30939
   0.10255    0.10292    0.10640    0.10693    0.11552    0.11599    0.14267    0.14286
   0.16208    0.16232    0.17361    0.17440    0.18379    0.18456    0.19824    0.19850
   0.21946    0.21972    0.22368    0.22384    0.24946    0.24984    0.27469    0.27609
   0.45815    0.45890
 kpt#  96, nband= 50, wtk=  0.00463, kpt=  0.5000  0.0000  0.5000 (reduced coord)
  -1.94138   -1.94105   -1.94090   -1.94056   -0.80144   -0.80127   -0.80049   -0.80027
  -0.79613   -0.79609   -0.79135   -0.79118   -0.78961   -0.78957   -0.78801   -0.78790
  -0.35442   -0.35417   -0.34253   -0.34248   -0.32722   -0.32644   -0.31008   -0.30924
   0.10478    0.10517    0.10878    0.10917    0.11075    0.11132    0.15100    0.15163
   0.16683    0.16726    0.17046    0.17201    0.17977    0.17989    0.19771    0.19844
   0.21281    0.21301    0.22279    0.22288    0.24894    0.24955    0.27432    0.27560
   0.45466    0.45546
 kpt#  97, nband= 50, wtk=  0.00926, kpt=  0.0000  0.1667  0.5000 (reduced coord)
  -1.94138   -1.94115   -1.94080   -1.94055   -0.80125   -0.80110   -0.79928   -0.79908
  -0.79677   -0.79666   -0.79129   -0.79114   -0.79009   -0.78985   -0.78837   -0.78822
  -0.36029   -0.35991   -0.33888   -0.33865   -0.32241   -0.32186   -0.31244   -0.31167
   0.09918    0.10059    0.11291    0.11328    0.11857    0.11954    0.12652    0.12772
   0.14740    0.14827    0.17755    0.17859    0.19512    0.19693    0.20000    0.20127
   0.21764    0.21908    0.23546    0.23761    0.25115    0.25146    0.26636    0.26849
   0.46253    0.46383
 kpt#  98, nband= 50, wtk=  0.00926, kpt=  0.1667  0.1667  0.5000 (reduced coord)
  -1.94138   -1.94114   -1.94082   -1.94056   -0.80243   -0.80198   -0.79953   -0.79854
  -0.79672   -0.79619   -0.79112   -0.79076   -0.78963   -0.78929   -0.78852   -0.78837
  -0.35954   -0.35916   -0.34099   -0.33882   -0.32542   -0.32017   -0.31236   -0.30971
   0.09951    0.10092    0.10824    0.11250    0.11986    0.12124    0.13091    0.13492
   0.14722    0.15466    0.17422    0.17613    0.19094    0.19326    0.20335    0.20604
   0.21462    0.21828    0.23494    0.23660    0.24608    0.24962    0.26554    0.26899
   0.45618    0.46566
 kpt#  99, nband= 50, wtk=  0.00926, kpt=  0.3333  0.1667  0.5000 (reduced coord)
  -1.94136   -1.94110   -1.94085   -1.94057   -0.80332   -0.80289   -0.80098   -0.80001
  -0.79519   -0.79480   -0.79046   -0.79007   -0.78960   -0.78924   -0.78827   -0.78821
  -0.35744   -0.35705   -0.34436   -0.34242   -0.32538   -0.32080   -0.31051   -0.30829
   0.10019    0.10357    0.10936    0.11161    0.11495    0.12239    0.13908    0.14124
   0.15501    0.16478    0.17401    0.17991    0.18099    0.18836    0.20057    0.20711
   0.21378    0.22073    0.22310    0.22812    0.24613    0.24812    0.26610    0.26697
   0.45086    0.45872
 kpt# 100, nband= 50, wtk=  0.00926, kpt=  0.5000  0.1667  0.5000 (reduced coord)
  -1.94136   -1.94107   -1.94088   -1.94058   -0.80343   -0.80311   -0.80151   -0.80125
  -0.79431   -0.79413   -0.79026   -0.79015   -0.78942   -0.78934   -0.78810   -0.78798
  -0.35567   -0.35543   -0.34630   -0.34557   -0.32332   -0.32246   -0.30915   -0.30844
   0.10380    0.10429    0.11018    0.11066    0.11571    0.11638    0.14344    0.14439
   0.16483    0.16562    0.17275    0.17350    0.18796    0.18886    0.20332    0.20413
   0.21326    0.21377    0.21892    0.21947    0.24806    0.24861    0.26564    0.26682
   0.45049    0.45197
 kpt# 101, nband= 50, wtk=  0.00926, kpt= -0.3333  0.1667  0.5000 (reduced coord)
  -1.94136   -1.94110   -1.94086   -1.94057   -0.80318   -0.80280   -0.80113   -0.80003
  -0.79526   -0.79488   -0.79032   -0.78994   -0.78959   -0.78936   -0.78834   -0.78817
  -0.35771   -0.35682   -0.34425   -0.34224   -0.32501   -0.32147   -0.30980   -0.30897
   0.10048    0.10379    0.10917    0.11144    0.11532    0.12169    0.13957    0.14120
   0.15495    0.16399    0.17392    0.18000    0.18162    0.18814    0.20046    0.20742
   0.21354    0.22106    0.22279    0.22827    0.24623    0.24790    0.26570    0.26757
   0.45211    0.45810
 kpt# 102, nband= 50, wtk=  0.00926, kpt= -0.1667  0.1667  0.5000 (reduced coord)
  -1.94138   -1.94114   -1.94082   -1.94056   -0.80225   -0.80189   -0.79975   -0.79851
  -0.79681   -0.79628   -0.79110   -0.79062   -0.78965   -0.78926   -0.78856   -0.78841
  -0.35986   -0.35884   -0.34083   -0.33868   -0.32512   -0.32089   -0.31158   -0.31038
   0.09976    0.10122    0.10821    0.11258    0.11952    0.12047    0.13096    0.13566
   0.14758    0.15394    0.17435    0.17592    0.19008    0.19370    0.20310    0.20662
   0.21393    0.21952    0.23500    0.23652    0.24567    0.24950    0.26678    0.26805
   0.45746    0.46508
 kpt# 103, nband= 50, wtk=  0.00926, kpt=  0.0000  0.3333  0.5000 (reduced coord)
  -1.94131   -1.94115   -1.94081   -1.94062   -0.80131   -0.80111   -0.79950   -0.79931
  -0.79648   -0.79639   -0.79212   -0.79203   -0.78966   -0.78949   -0.78804   -0.78791
  -0.35477   -0.35439   -0.34192   -0.34154   -0.32164   -0.32123   -0.31608   -0.31548
   0.10232    0.10340    0.11302    0.11338    0.12607    0.12687    0.13462    0.13521
   0.14794    0.14856    0.17074    0.17313    0.18775    0.18921    0.20723    0.20851
   0.21935    0.21991    0.23671    0.23814    0.24266    0.24418    0.25036    0.25090
   0.45831    0.45967
 kpt# 104, nband= 50, wtk=  0.00926, kpt=  0.1667  0.3333  0.5000 (reduced coord)
  -1.94131   -1.94115   -1.94081   -1.94062   -0.80313   -0.80254   -0.80108   -0.80001
  -0.79512   -0.79429   -0.79150   -0.79047   -0.78964   -0.78927   -0.78811   -0.78794
  -0.35604   -0.35520   -0.34514   -0.34315   -0.32267   -0.31795   -0.31424   -0.31237
   0.10225    0.10467    0.10988    0.11266    0.12572    0.12761    0.13559    0.13808
   0.14873    0.15560    0.16887    0.17309    0.19131    0.19576    0.20215    0.21445
   0.21534    0.21756    0.22936    0.23525    0.24063    0.24529    0.24799    0.25571
   0.44975    0.46425
 kpt# 105, nband= 50, wtk=  0.00926, kpt=  0.3333  0.3333  0.5000 (reduced coord)
  -1.94130   -1.94113   -1.94082   -1.94062   -0.80477   -0.80433   -0.80316   -0.80230
  -0.79254   -0.79195   -0.79000   -0.78946   -0.78908   -0.78894   -0.78815   -0.78798
  -0.35737   -0.35655   -0.34985   -0.34835   -0.31931   -0.31568   -0.31028   -0.30891
   0.10302    0.10473    0.11120    0.11180    0.12316    0.12867    0.13270    0.13492
   0.16043    0.16784    0.17458    0.17994    0.18723    0.19151    0.20297    0.21117
   0.21590    0.22105    0.22217    0.22778    0.24110    0.24205    0.24973    0.25082
   0.44275    0.45540
 kpt# 106, nband= 50, wtk=  0.00926, kpt=  0.5000  0.3333  0.5000 (reduced coord)
  -1.94130   -1.94113   -1.94083   -1.94063   -0.80525   -0.80489   -0.80390   -0.80359
  -0.79140   -0.79119   -0.78924   -0.78914   -0.78894   -0.78885   -0.78809   -0.78796
  -0.35726   -0.35690   -0.35217   -0.35143   -0.31634   -0.31560   -0.30846   -0.30792
   0.10447    0.10520    0.11125    0.11169    0.12448    0.12518    0.13278    0.13388
   0.16950    0.17055    0.17538    0.17779    0.19285    0.19367    0.20535    0.20593
   0.21596    0.21663    0.22285    0.22377    0.24043    0.24110    0.24883    0.24957
   0.44402    0.44547
 kpt# 107, nband= 50, wtk=  0.00926, kpt= -0.3333  0.3333  0.5000 (reduced coord)
  -1.94130   -1.94113   -1.94082   -1.94062   -0.80463   -0.80425   -0.80329   -0.80236
  -0.79262   -0.79205   -0.78986   -0.78939   -0.78910   -0.78896   -0.78817   -0.78800
  -0.35756   -0.35644   -0.34975   -0.34819   -0.31905   -0.31611   -0.30983   -0.30940
   0.10319    0.10471    0.11146    0.11198    0.12269    0.12780    0.13328    0.13531
   0.16019    0.16685    0.17533    0.18024    0.18699    0.19166    0.20306    0.21053
   0.21573    0.22150    0.22212    0.22833    0.24090    0.24190    0.24923    0.25145
   0.44372    0.45493
 kpt# 108, nband= 50, wtk=  0.00926, kpt= -0.1667  0.3333  0.5000 (reduced coord)
  -1.94131   -1.94115   -1.94081   -1.94062   -0.80295   -0.80247   -0.80126   -0.80004
  -0.79519   -0.79439   -0.79144   -0.79042   -0.78955   -0.78935   -0.78809   -0.78797
  -0.35632   -0.35499   -0.34494   -0.34299   -0.32254   -0.31849   -0.31367   -0.31283
   0.10228    0.10462    0.11043    0.11293    0.12504    0.12696    0.13597    0.13853
   0.14883    0.15464    0.16926    0.17323    0.19131    0.19549    0.20175    0.21391
   0.21619    0.21786    0.23001    0.23542    0.23986    0.24500    0.24859    0.25546
   0.45060    0.46245
 kpt# 109, nband= 50, wtk=  0.00463, kpt=  0.0000  0.5000  0.5000 (reduced coord)
  -1.94125   -1.94118   -1.94079   -1.94067   -0.80078   -0.80066   -0.80047   -0.80042
  -0.79461   -0.79455   -0.79421   -0.79408   -0.78861   -0.78847   -0.78839   -0.78826
  -0.34805   -0.34778   -0.34731   -0.34704   -0.32002   -0.31971   -0.31899   -0.31866
   0.10818    0.10899    0.10915    0.11001    0.13038    0.13094    0.13168    0.13221
   0.16019    0.16120    0.16254    0.16344    0.19597    0.19604    0.19817    0.19834
   0.22564    0.22645    0.22693    0.22783    0.24284    0.24324    0.24394    0.24432
   0.46136    0.46348
 kpt# 110, nband= 50, wtk=  0.00926, kpt=  0.1667  0.5000  0.5000 (reduced coord)
  -1.94125   -1.94118   -1.94079   -1.94066   -0.80271   -0.80253   -0.80186   -0.80171
  -0.79320   -0.79313   -0.79222   -0.79213   -0.78860   -0.78845   -0.78837   -0.78822
  -0.35093   -0.35065   -0.34944   -0.34926   -0.31777   -0.31712   -0.31639   -0.31553
   0.10781    0.10865    0.10912    0.10986    0.12898    0.12970    0.13179    0.13247
   0.16358    0.16419    0.16680    0.16799    0.19854    0.19913    0.20127    0.20164
   0.21580    0.21668    0.22490    0.22525    0.24355    0.24439    0.24665    0.24703
   0.45254    0.45315
 kpt# 111, nband= 50, wtk=  0.00926, kpt=  0.3333  0.5000  0.5000 (reduced coord)
  -1.94125   -1.94118   -1.94079   -1.94066   -0.80480   -0.80460   -0.80414   -0.80400
  -0.79084   -0.79075   -0.79004   -0.78996   -0.78857   -0.78839   -0.78827   -0.78810
  -0.35491   -0.35476   -0.35365   -0.35360   -0.31332   -0.31264   -0.31215   -0.31131
   0.10791    0.10845    0.10873    0.10914    0.12734    0.12838    0.13078    0.13181
   0.17058    0.17123    0.17781    0.17949    0.19439    0.19528    0.19926    0.19998
   0.21579    0.21656    0.22481    0.22541    0.24168    0.24248    0.24295    0.24340
   0.44484    0.44539
 kpt# 112, nband= 50, wtk=  0.00463, kpt=  0.5000  0.5000  0.5000 (reduced coord)
  -1.94125   -1.94118   -1.94079   -1.94066   -0.80553   -0.80532   -0.80512   -0.80500
  -0.78985   -0.78973   -0.78938   -0.78936   -0.78846   -0.78830   -0.78814   -0.78797
  -0.35641   -0.35632   -0.35570   -0.35567   -0.31120   -0.31053   -0.31043   -0.30976
   0.10782    0.10819    0.10856    0.10898    0.12804    0.12896    0.12966    0.13053
   0.17563    0.17604    0.17838    0.17869    0.19629    0.19670    0.19737    0.19756
   0.22144    0.22218    0.22289    0.22351    0.23851    0.23915    0.23956    0.24023
   0.44587    0.44673
