 Fermi (or HOMO) energy (hartree) =   0.27643   Average Vxc (hartree)=  -0.44593
 Eigenvalues (hartree) for nkpt= 112  k points:
 kpt#   1, nband= 50, wtk=  0.00463, kpt=  0.0000  0.0000  0.0000 (reduced coord)
  -1.94309   -1.94243   -1.94240   -1.94239   -0.80513   -0.80512   -0.80472   -0.79321
  -0.79294   -0.79252   -0.79228   -0.79129   -0.79126   -0.78831   -0.78671   -0.78669
  -0.39521   -0.33885   -0.32928   -0.32916   -0.31897   -0.31565   -0.31553   -0.29757
   0.06021    0.06041    0.07246    0.09535    0.10255    0.10263    0.16315    0.16426
   0.16575    0.16775    0.17268    0.17311    0.22237    0.22256    0.22339    0.22839
   0.24469    0.25319    0.25332    0.25677    0.25692    0.26526    0.26573    0.27462
   0.44364    0.44591
 kpt#   2, nband= 50, wtk=  0.00926, kpt=  0.1667  0.0000  0.0000 (reduced coord)
  -1.94304   -1.94244   -1.94242   -1.94239   -0.80425   -0.80404   -0.80398   -0.79386
  -0.79307   -0.79233   -0.79203   -0.79201   -0.79140   -0.78852   -0.78806   -0.78708
  -0.39047   -0.33731   -0.32892   -0.32750   -0.32117   -0.31953   -0.31698   -0.29985
   0.06599    0.07047    0.07134    0.09770    0.10549    0.11775    0.15150    0.15209
   0.16042    0.16296    0.17193    0.17534    0.21720    0.21924    0.22023    0.23120
   0.24636    0.24783    0.24826    0.25832    0.25970    0.26269    0.26502    0.27513
   0.45226    0.45246
 kpt#   3, nband= 50, wtk=  0.00926, kpt=  0.3333  0.0000  0.0000 (reduced coord)
  -1.94292   -1.94257   -1.94242   -1.94240   -0.80197   -0.80185   -0.80103   -0.79595
  -0.79501   -0.79271   -0.79177   -0.79164   -0.79130   -0.79095   -0.78922   -0.78812
  -0.37725   -0.33860   -0.33311   -0.32546   -0.32397   -0.32111   -0.31924   -0.30591
   0.07798    0.08238    0.09882    0.10470    0.11375    0.12486    0.13347    0.13785
   0.14525    0.15239    0.18237    0.18278    0.18525    0.20744    0.20989    0.22793
   0.23615    0.23769    0.25175    0.26269    0.26458    0.26557    0.26890    0.27643
   0.46720    0.46933
 kpt#   4, nband= 50, wtk=  0.00463, kpt=  0.5000  0.0000  0.0000 (reduced coord)
  -1.94275   -1.94274   -1.94241   -1.94240   -0.79938   -0.79938   -0.79850   -0.79849
  -0.79608   -0.79607   -0.79226   -0.79225   -0.79025   -0.79025   -0.78954   -0.78953
  -0.35841   -0.35840   -0.32760   -0.32760   -0.32334   -0.32334   -0.31367   -0.31367
   0.09475    0.09475    0.10996    0.10997    0.11669    0.11670    0.12938    0.12939
   0.13977    0.13977    0.19130    0.19131    0.19424    0.19425    0.19626    0.19627
   0.23623    0.23624    0.25974    0.25975    0.26639    0.26640    0.27550    0.27550
   0.47946    0.48041
 kpt#   5, nband= 50, wtk=  0.00926, kpt=  0.0000  0.1667  0.0000 (reduced coord)
  -1.94304   -1.94244   -1.94242   -1.94240   -0.80426   -0.80400   -0.80397   -0.79399
  -0.79285   -0.79230   -0.79222   -0.79193   -0.79143   -0.78853   -0.78808   -0.78708
  -0.39044   -0.33725   -0.32850   -0.32722   -0.32183   -0.31959   -0.31704   -0.29989
   0.06625    0.07023    0.07132    0.09774    0.10560    0.11783    0.15182    0.15262
   0.15934    0.16263    0.17249    0.17543    0.21720    0.21771    0.21955    0.23718
   0.24248    0.24535    0.24889    0.25928    0.25963    0.26306    0.26542    0.27510
   0.45198    0.45235
 kpt#   6, nband= 50, wtk=  0.00926, kpt=  0.1667  0.1667  0.0000 (reduced coord)
  -1.94300   -1.94244   -1.94244   -1.94242   -0.80340   -0.80337   -0.80327   -0.79377
  -0.79368   -0.79356   -0.79182   -0.79174   -0.79089   -0.78979   -0.78883   -0.78688
  -0.38612   -0.33631   -0.32771   -0.32749   -0.32209   -0.32165   -0.31997   -0.30187
   0.07282    0.07561    0.07590    0.09944    0.10948    0.12854    0.14410    0.14436
   0.15969    0.16426    0.16497    0.17337    0.21287    0.21695    0.22152    0.22332
   0.24379    0.24913    0.24947    0.24966    0.25936    0.26089    0.26629    0.27536
   0.45622    0.46051
 kpt#   7, nband= 50, wtk=  0.00926, kpt=  0.3333  0.1667  0.0000 (reduced coord)
  -1.94288   -1.94256   -1.94244   -1.94242   -0.80160   -0.80136   -0.80101   -0.79627
  -0.79550   -0.79310   -0.79283   -0.79121   -0.79095   -0.79062   -0.78959   -0.78760
  -0.37402   -0.33859   -0.33377   -0.32749   -0.32397   -0.32103   -0.31995   -0.30711
   0.08159    0.09072    0.10205    0.10483    0.11827    0.12371    0.13117    0.13910
   0.14923    0.15899    0.17508    0.17979    0.18841    0.20385    0.20636    0.22766
   0.23061    0.23379    0.24958    0.25149    0.26317    0.26617    0.26873    0.27609
   0.46488    0.47453
 kpt#   8, nband= 50, wtk=  0.00926, kpt=  0.5000  0.1667  0.0000 (reduced coord)
  -1.94272   -1.94272   -1.94243   -1.94243   -0.79910   -0.79909   -0.79906   -0.79906
  -0.79659   -0.79659   -0.79175   -0.79175   -0.79046   -0.79045   -0.78904   -0.78904
  -0.35677   -0.35677   -0.33040   -0.33040   -0.32255   -0.32255   -0.31391   -0.31391
   0.09932    0.09932    0.11346    0.11347    0.11377    0.11377    0.13317    0.13317
   0.14607    0.14607    0.18875    0.18876    0.18929    0.18930    0.19821    0.19822
   0.23139    0.23140    0.25215    0.25215    0.26505    0.26505    0.27481    0.27481
   0.47319    0.47391
 kpt#   9, nband= 50, wtk=  0.00926, kpt= -0.3333  0.1667  0.0000 (reduced coord)
  -1.94288   -1.94256   -1.94244   -1.94242   -0.80160   -0.80136   -0.80101   -0.79627
  -0.79550   -0.79310   -0.79283   -0.79121   -0.79095   -0.79062   -0.78959   -0.78760
  -0.37402   -0.33859   -0.33377   -0.32749   -0.32397   -0.32103   -0.31995   -0.30711
   0.08159    0.09072    0.10205    0.10483    0.11827    0.12371    0.13117    0.13910
   0.14923    0.15899    0.17508    0.17979    0.18841    0.20385    0.20636    0.22766
   0.23061    0.23379    0.24958    0.25149    0.26317    0.26617    0.26873    0.27609
   0.46501    0.47423
 kpt#  10, nband= 50, wtk=  0.00926, kpt= -0.1667  0.1667  0.0000 (reduced coord)
  -1.94300   -1.94244   -1.94244   -1.94242   -0.80340   -0.80337   -0.80327   -0.79377
  -0.79368   -0.79356   -0.79182   -0.79174   -0.79089   -0.78979   -0.78883   -0.78688
  -0.38612   -0.33631   -0.32771   -0.32749   -0.32209   -0.32165   -0.31997   -0.30187
   0.07282    0.07561    0.07590    0.09944    0.10948    0.12854    0.14410    0.14436
   0.15969    0.16426    0.16497    0.17337    0.21287    0.21695    0.22152    0.22332
   0.24379    0.24913    0.24947    0.24966    0.25936    0.26089    0.26629    0.27536
   0.45622    0.46051
 kpt#  11, nband= 50, wtk=  0.00926, kpt=  0.0000  0.3333  0.0000 (reduced coord)
  -1.94292   -1.94257   -1.94242   -1.94240   -0.80191   -0.80185   -0.80087   -0.79615
  -0.79499   -0.79259   -0.79177   -0.79171   -0.79141   -0.79092   -0.78924   -0.78812
  -0.37711   -0.33781   -0.33289   -0.32646   -0.32183   -0.32132   -0.32122   -0.30609
   0.07800    0.08268    0.09856    0.10492    0.11430    0.12512    0.13405    0.13716
   0.14434    0.15250    0.18253    0.18288    0.18514    0.20623    0.21025    0.22812
   0.23562    0.23894    0.25202    0.26277    0.26392    0.26464    0.26974    0.27636
   0.46657    0.46714
 kpt#  12, nband= 50, wtk=  0.00926, kpt=  0.1667  0.3333  0.0000 (reduced coord)
  -1.94288   -1.94256   -1.94244   -1.94243   -0.80162   -0.80130   -0.80089   -0.79626
  -0.79565   -0.79316   -0.79273   -0.79128   -0.79093   -0.79061   -0.78961   -0.78760
  -0.37392   -0.33807   -0.33363   -0.32709   -0.32467   -0.32118   -0.32019   -0.30722
   0.08165    0.09112    0.10181    0.10500    0.11854    0.12372    0.13160    0.13889
   0.14834    0.15877    0.17566    0.17972    0.18836    0.20408    0.20560    0.22819
   0.23071    0.23312    0.25016    0.25201    0.26188    0.26606    0.26933    0.27602
   0.46452    0.47324
 kpt#  13, nband= 50, wtk=  0.00926, kpt=  0.3333  0.3333  0.0000 (reduced coord)
  -1.94279   -1.94253   -1.94253   -1.94245   -0.80072   -0.80068   -0.79975   -0.79826
  -0.79569   -0.79437   -0.79431   -0.79110   -0.78994   -0.78993   -0.78965   -0.78748
  -0.36497   -0.33819   -0.33808   -0.33537   -0.32084   -0.32038   -0.32013   -0.31047
   0.09191    0.10623    0.10915    0.10950    0.12575    0.12600    0.12897    0.13910
   0.15940    0.16002    0.17429    0.18072    0.18805    0.18966    0.20682    0.20700
   0.21340    0.23422    0.23434    0.23974    0.26625    0.26832    0.26845    0.27519
   0.46127    0.46814
 kpt#  14, nband= 50, wtk=  0.00926, kpt=  0.5000  0.3333  0.0000 (reduced coord)
  -1.94266   -1.94265   -1.94250   -1.94249   -0.79983   -0.79983   -0.79925   -0.79924
  -0.79637   -0.79636   -0.79269   -0.79269   -0.78947   -0.78947   -0.78838   -0.78838
  -0.35207   -0.35207   -0.33712   -0.33712   -0.32043   -0.32043   -0.31521   -0.31521
   0.10508    0.10508    0.10949    0.10949    0.13030    0.13030    0.14334    0.14334
   0.15600    0.15600    0.17420    0.17421    0.18678    0.18678    0.20599    0.20599
   0.20933    0.20933    0.23605    0.23605    0.26731    0.26731    0.27325    0.27325
   0.46218    0.46307
 kpt#  15, nband= 50, wtk=  0.00926, kpt= -0.3333  0.3333  0.0000 (reduced coord)
  -1.94279   -1.94253   -1.94253   -1.94245   -0.80072   -0.80068   -0.79975   -0.79826
  -0.79569   -0.79437   -0.79431   -0.79110   -0.78994   -0.78993   -0.78965   -0.78748
  -0.36497   -0.33819   -0.33808   -0.33537   -0.32084   -0.32038   -0.32013   -0.31047
   0.09191    0.10623    0.10915    0.10950    0.12575    0.12600    0.12897    0.13910
   0.15940    0.16002    0.17429    0.18072    0.18805    0.18966    0.20682    0.20700
   0.21340    0.23422    0.23434    0.23974    0.26625    0.26832    0.26845    0.27519
   0.46177    0.46832
 kpt#  16, nband= 50, wtk=  0.00926, kpt= -0.1667  0.3333  0.0000 (reduced coord)
  -1.94288   -1.94256   -1.94244   -1.94243   -0.80162   -0.80130   -0.80089   -0.79626
  -0.79565   -0.79316   -0.79273   -0.79128   -0.79093   -0.79061   -0.78961   -0.78760
  -0.37392   -0.33807   -0.33363   -0.32709   -0.32467   -0.32118   -0.32019   -0.30722
   0.08165    0.09112    0.10181    0.10500    0.11854    0.12372    0.13160    0.13889
   0.14834    0.15877    0.17566    0.17972    0.18836    0.20408    0.20560    0.22819
   0.23071    0.23312    0.25016    0.25201    0.26188    0.26606    0.26933    0.27602
   0.46464    0.47320
 kpt#  17, nband= 50, wtk=  0.00463, kpt=  0.0000  0.5000  0.0000 (reduced coord)
  -1.94274   -1.94274   -1.94241   -1.94241   -0.79906   -0.79906   -0.79849   -0.79848
  -0.79642   -0.79642   -0.79220   -0.79220   -0.79031   -0.79030   -0.78953   -0.78952
  -0.35809   -0.35809   -0.32701   -0.32700   -0.32381   -0.32381   -0.31417   -0.31417
   0.09483    0.09483    0.11102    0.11102    0.11717    0.11717    0.12794    0.12794
   0.13945    0.13945    0.19170    0.19170    0.19355    0.19355    0.19673    0.19674
   0.23628    0.23628    0.26155    0.26155    0.26432    0.26432    0.27564    0.27564
   0.47704    0.47846
 kpt#  18, nband= 50, wtk=  0.00926, kpt=  0.1667  0.5000  0.0000 (reduced coord)
  -1.94272   -1.94272   -1.94243   -1.94243   -0.79906   -0.79906   -0.79877   -0.79876
  -0.79693   -0.79693   -0.79169   -0.79169   -0.79051   -0.79051   -0.78904   -0.78904
  -0.35651   -0.35651   -0.33005   -0.33005   -0.32293   -0.32293   -0.31416   -0.31416
   0.09951    0.09951    0.11373    0.11373    0.11444    0.11445    0.13201    0.13201
   0.14590    0.14590    0.18837    0.18837    0.18977    0.18977    0.19841    0.19841
   0.23118    0.23118    0.25266    0.25266    0.26454    0.26454    0.27487    0.27487
   0.47180    0.47300
 kpt#  19, nband= 50, wtk=  0.00926, kpt=  0.3333  0.5000  0.0000 (reduced coord)
  -1.94266   -1.94266   -1.94249   -1.94249   -0.79984   -0.79984   -0.79914   -0.79914
  -0.79647   -0.79647   -0.79268   -0.79268   -0.78948   -0.78948   -0.78838   -0.78838
  -0.35196   -0.35196   -0.33707   -0.33707   -0.32061   -0.32061   -0.31521   -0.31521
   0.10529    0.10529    0.10956    0.10956    0.13023    0.13023    0.14304    0.14304
   0.15598    0.15598    0.17450    0.17450    0.18645    0.18645    0.20631    0.20632
   0.20923    0.20923    0.23604    0.23604    0.26732    0.26732    0.27314    0.27314
   0.46156    0.46210
 kpt#  20, nband= 50, wtk=  0.00463, kpt=  0.5000  0.5000  0.0000 (reduced coord)
  -1.94258   -1.94258   -1.94257   -1.94257   -0.79989   -0.79989   -0.79989   -0.79989
  -0.79463   -0.79463   -0.79462   -0.79462   -0.78849   -0.78849   -0.78849   -0.78848
  -0.34507   -0.34507   -0.34506   -0.34506   -0.31766   -0.31766   -0.31766   -0.31766
   0.10744    0.10744    0.10744    0.10744    0.15292    0.15293    0.15293    0.15293
   0.15766    0.15766    0.15766    0.15766    0.18861    0.18862    0.18862    0.18862
   0.21902    0.21902    0.21902    0.21902    0.27063    0.27063    0.27063    0.27063
   0.45813    0.45813
 kpt#  21, nband= 50, wtk=  0.00926, kpt=  0.0000  0.0000  0.1667 (reduced coord)
  -1.94305   -1.94247   -1.94240   -1.94239   -0.80435   -0.80433   -0.80372   -0.79395
  -0.79379   -0.79253   -0.79240   -0.79104   -0.79099   -0.78945   -0.78702   -0.78700
  -0.39075   -0.33643   -0.32830   -0.32818   -0.32518   -0.31653   -0.31640   -0.30055
   0.06591    0.06608    0.08239    0.10479    0.10515    0.10595    0.15716    0.15743
   0.16253    0.16289    0.16920    0.16983    0.21758    0.22301    0.23034    0.23083
   0.23939    0.24095    0.24661    0.25802    0.25938    0.25986    0.26609    0.26660
   0.44694    0.45171
 kpt#  22, nband= 50, wtk=  0.00926, kpt=  0.1667  0.0000  0.1667 (reduced coord)
  -1.94300   -1.94246   -1.94244   -1.94240   -0.80353   -0.80341   -0.80316   -0.79490
  -0.79348   -0.79222   -0.79207   -0.79186   -0.79121   -0.79016   -0.78756   -0.78740
  -0.38634   -0.33507   -0.32841   -0.32674   -0.32532   -0.32167   -0.31764   -0.30251
   0.07136    0.07568    0.08060    0.10434    0.10768    0.12327    0.15129    0.15270
   0.15607    0.15757    0.16509    0.16879    0.21617    0.22362    0.22543    0.22760
   0.24135    0.24205    0.24834    0.24972    0.25364    0.26317    0.26376    0.26536
   0.45481    0.45739
 kpt#  23, nband= 50, wtk=  0.00926, kpt=  0.3333  0.0000  0.1667 (reduced coord)
  -1.94288   -1.94256   -1.94245   -1.94241   -0.80161   -0.80127   -0.80083   -0.79680
  -0.79471   -0.79310   -0.79263   -0.79128   -0.79126   -0.79104   -0.78864   -0.78851
  -0.37399   -0.33783   -0.33143   -0.32657   -0.32567   -0.32353   -0.31951   -0.30776
   0.08598    0.08663    0.10225    0.10974    0.11444    0.12866    0.13741    0.13914
   0.14164    0.15642    0.16919    0.17862    0.19481    0.20322    0.21181    0.22901
   0.23975    0.24038    0.24574    0.24674    0.25467    0.26401    0.26562    0.26722
   0.46931    0.46986
 kpt#  24, nband= 50, wtk=  0.00926, kpt=  0.5000  0.0000  0.1667 (reduced coord)
  -1.94272   -1.94272   -1.94243   -1.94243   -0.79958   -0.79957   -0.79802   -0.79802
  -0.79674   -0.79674   -0.79182   -0.79181   -0.78996   -0.78996   -0.78990   -0.78990
  -0.35638   -0.35638   -0.32681   -0.32680   -0.32606   -0.32605   -0.31453   -0.31453
   0.10100    0.10101    0.10981    0.10981    0.12362    0.12362    0.12689    0.12689
   0.14393    0.14393    0.18920    0.18920    0.19346    0.19346    0.19640    0.19641
   0.23979    0.23979    0.24872    0.24872    0.26096    0.26096    0.26775    0.26775
   0.47764    0.47951
 kpt#  25, nband= 50, wtk=  0.00926, kpt= -0.3333  0.0000  0.1667 (reduced coord)
  -1.94288   -1.94256   -1.94245   -1.94241   -0.80161   -0.80127   -0.80083   -0.79680
  -0.79471   -0.79310   -0.79263   -0.79128   -0.79126   -0.79104   -0.78864   -0.78851
  -0.37399   -0.33783   -0.33143   -0.32657   -0.32567   -0.32353   -0.31950   -0.30776
   0.08598    0.08663    0.10225    0.10974    0.11443    0.12866    0.13741    0.13915
   0.14163    0.15642    0.16919    0.17862    0.19481    0.20322    0.21181    0.22901
   0.23975    0.24038    0.24575    0.24674    0.25467    0.26401    0.26562    0.26722
   0.46927    0.47002
 kpt#  26, nband= 50, wtk=  0.00926, kpt= -0.1667  0.0000  0.1667 (reduced coord)
  -1.94300   -1.94246   -1.94244   -1.94240   -0.80353   -0.80341   -0.80316   -0.79490
  -0.79348   -0.79222   -0.79207   -0.79186   -0.79121   -0.79016   -0.78756   -0.78740
  -0.38634   -0.33507   -0.32841   -0.32674   -0.32532   -0.32167   -0.31764   -0.30251
   0.07136    0.07568    0.08060    0.10434    0.10768    0.12327    0.15129    0.15270
   0.15607    0.15756    0.16509    0.16879    0.21617    0.22363    0.22543    0.22760
   0.24135    0.24205    0.24834    0.24972    0.25364    0.26317    0.26376    0.26536
   0.45481    0.45739
 kpt#  27, nband= 50, wtk=  0.00926, kpt=  0.0000  0.1667  0.1667 (reduced coord)
  -1.94300   -1.94246   -1.94244   -1.94240   -0.80365   -0.80326   -0.80315   -0.79497
  -0.79342   -0.79218   -0.79212   -0.79190   -0.79109   -0.79025   -0.78754   -0.78741
  -0.38632   -0.33501   -0.32842   -0.32612   -0.32540   -0.32239   -0.31754   -0.30251
   0.07155    0.07554    0.08061    0.10450    0.10757    0.12348    0.15136    0.15210
   0.15576    0.15783    0.16516    0.16935    0.21327    0.22395    0.22556    0.23253
   0.24000    0.24077    0.24656    0.25033    0.25384    0.26362    0.26368    0.26562
   0.45467    0.45725
 kpt#  28, nband= 50, wtk=  0.00926, kpt=  0.1667  0.1667  0.1667 (reduced coord)
  -1.94296   -1.94246   -1.94244   -1.94244   -0.80308   -0.80269   -0.80268   -0.79461
  -0.79390   -0.79331   -0.79183   -0.79173   -0.79152   -0.79051   -0.78818   -0.78715
  -0.38234   -0.33489   -0.32935   -0.32685   -0.32470   -0.32255   -0.32009   -0.30417
   0.08040    0.08092    0.08159    0.10559    0.11145    0.13353    0.14638    0.14795
   0.15504    0.15896    0.15979    0.16259    0.21963    0.22079    0.22250    0.22336
   0.24004    0.24272    0.24613    0.24888    0.25137    0.25786    0.25899    0.26737
   0.46018    0.46183
 kpt#  29, nband= 50, wtk=  0.00926, kpt=  0.3333  0.1667  0.1667 (reduced coord)
  -1.94285   -1.94255   -1.94246   -1.94244   -0.80169   -0.80151   -0.80095   -0.79571
  -0.79538   -0.79457   -0.79267   -0.79107   -0.79069   -0.79054   -0.78905   -0.78786
  -0.37123   -0.33882   -0.33422   -0.33019   -0.32319   -0.32219   -0.31892   -0.30859
   0.08914    0.09443    0.10518    0.10987    0.11877    0.12843    0.13662    0.13941
   0.14547    0.16120    0.16725    0.16900    0.19478    0.20832    0.21124    0.22783
   0.23197    0.23569    0.24512    0.24655    0.25263    0.25514    0.26348    0.26756
   0.46654    0.47448
 kpt#  30, nband= 50, wtk=  0.00926, kpt=  0.5000  0.1667  0.1667 (reduced coord)
  -1.94270   -1.94270   -1.94245   -1.94245   -0.80068   -0.80068   -0.79817   -0.79817
  -0.79645   -0.79645   -0.79123   -0.79123   -0.79010   -0.79009   -0.78935   -0.78935
  -0.35538   -0.35538   -0.33265   -0.33265   -0.32196   -0.32196   -0.31428   -0.31428
   0.10516    0.10516    0.11199    0.11199    0.12264    0.12264    0.12970    0.12971
   0.15003    0.15003    0.17767    0.17767    0.19599    0.19599    0.20236    0.20237
   0.23337    0.23337    0.24762    0.24763    0.25479    0.25479    0.26682    0.26682
   0.47235    0.47274
 kpt#  31, nband= 50, wtk=  0.00926, kpt= -0.3333  0.1667  0.1667 (reduced coord)
  -1.94285   -1.94255   -1.94246   -1.94244   -0.80169   -0.80151   -0.80095   -0.79571
  -0.79538   -0.79457   -0.79267   -0.79107   -0.79069   -0.79054   -0.78905   -0.78786
  -0.37123   -0.33882   -0.33422   -0.33019   -0.32319   -0.32219   -0.31892   -0.30859
   0.08914    0.09443    0.10518    0.10987    0.11877    0.12843    0.13663    0.13941
   0.14547    0.16120    0.16725    0.16900    0.19478    0.20832    0.21124    0.22783
   0.23197    0.23569    0.24512    0.24655    0.25263    0.25514    0.26348    0.26756
   0.46655    0.47402
 kpt#  32, nband= 50, wtk=  0.00926, kpt= -0.1667  0.1667  0.1667 (reduced coord)
  -1.94296   -1.94246   -1.94244   -1.94244   -0.80308   -0.80269   -0.80268   -0.79461
  -0.79390   -0.79331   -0.79183   -0.79173   -0.79152   -0.79051   -0.78818   -0.78715
  -0.38234   -0.33489   -0.32936   -0.32685   -0.32470   -0.32255   -0.32008   -0.30417
   0.08040    0.08092    0.08159    0.10559    0.11145    0.13353    0.14638    0.14795
   0.15504    0.15896    0.15979    0.16259    0.21963    0.22079    0.22250    0.22336
   0.24004    0.24272    0.24613    0.24888    0.25137    0.25786    0.25899    0.26737
   0.46018    0.46183
 kpt#  33, nband= 50, wtk=  0.00926, kpt=  0.0000  0.3333  0.1667 (reduced coord)
  -1.94288   -1.94256   -1.94245   -1.94241   -0.80157   -0.80141   -0.80055   -0.79697
  -0.79479   -0.79296   -0.79257   -0.79136   -0.79123   -0.79112   -0.78863   -0.78852
  -0.37391   -0.33727   -0.33119   -0.32775   -0.32598   -0.32134   -0.32110   -0.30778
   0.08594    0.08682    0.10212    0.11018    0.11448    0.12828    0.13680    0.14037
   0.14066    0.15683    0.16896    0.17922    0.19489    0.20198    0.21208    0.22956
   0.23945    0.24008    0.24683    0.24859    0.25096    0.26408    0.26594    0.26791
   0.46901    0.46989
 kpt#  34, nband= 50, wtk=  0.00926, kpt=  0.1667  0.3333  0.1667 (reduced coord)
  -1.94285   -1.94255   -1.94246   -1.94244   -0.80169   -0.80148   -0.80090   -0.79579
  -0.79547   -0.79449   -0.79263   -0.79109   -0.79069   -0.79056   -0.78905   -0.78786
  -0.37117   -0.33841   -0.33416   -0.33065   -0.32330   -0.32169   -0.31938   -0.30860
   0.08912    0.09466    0.10508    0.11009    0.11879    0.12798    0.13733    0.13912
   0.14479    0.16117    0.16740    0.16962    0.19479    0.20738    0.21145    0.22934
   0.23114    0.23512    0.24507    0.24742    0.25264    0.25357    0.26410    0.26788
   0.46608    0.47365
 kpt#  35, nband= 50, wtk=  0.00926, kpt=  0.3333  0.3333  0.1667 (reduced coord)
  -1.94276   -1.94253   -1.94253   -1.94248   -0.80167   -0.80145   -0.80124   -0.79770
  -0.79540   -0.79387   -0.79321   -0.79024   -0.79005   -0.78985   -0.78945   -0.78762
  -0.36344   -0.34045   -0.33964   -0.33790   -0.32019   -0.31882   -0.31805   -0.31095
   0.09831    0.11093    0.11101    0.11221    0.12844    0.13056    0.13153    0.14172
   0.15417    0.15632    0.16063    0.17901    0.19081    0.20519    0.21042    0.21260
   0.21755    0.23131    0.23168    0.23533    0.25457    0.25888    0.26181    0.26680
   0.46212    0.46962
 kpt#  36, nband= 50, wtk=  0.00926, kpt=  0.5000  0.3333  0.1667 (reduced coord)
  -1.94265   -1.94264   -1.94251   -1.94250   -0.80160   -0.80160   -0.80007   -0.80007
  -0.79473   -0.79473   -0.79161   -0.79160   -0.78938   -0.78938   -0.78849   -0.78849
  -0.35224   -0.35224   -0.33998   -0.33998   -0.31857   -0.31857   -0.31443   -0.31443
   0.10986    0.10986    0.11323    0.11323    0.13400    0.13400    0.13917    0.13917
   0.15732    0.15733    0.16632    0.16632    0.19826    0.19826    0.20599    0.20599
   0.21354    0.21354    0.23178    0.23178    0.25853    0.25853    0.26506    0.26506
   0.46274    0.46525
 kpt#  37, nband= 50, wtk=  0.00926, kpt= -0.3333  0.3333  0.1667 (reduced coord)
  -1.94276   -1.94253   -1.94253   -1.94248   -0.80167   -0.80145   -0.80124   -0.79769
  -0.79540   -0.79386   -0.79321   -0.79024   -0.79005   -0.78985   -0.78945   -0.78762
  -0.36344   -0.34045   -0.33964   -0.33790   -0.32019   -0.31882   -0.31804   -0.31095
   0.09831    0.11093    0.11101    0.11221    0.12844    0.13057    0.13153    0.14172
   0.15417    0.15632    0.16063    0.17901    0.19081    0.20520    0.21042    0.21260
   0.21755    0.23131    0.23168    0.23533    0.25457    0.25888    0.26180    0.26680
   0.46205    0.46970
 kpt#  38, nband= 50, wtk=  0.00926, kpt= -0.1667  0.3333  0.1667 (reduced coord)
  -1.94285   -1.94255   -1.94246   -1.94244   -0.80169   -0.80148   -0.80090   -0.79579
  -0.79547   -0.79449   -0.79263   -0.79109   -0.79069   -0.79056   -0.78905   -0.78786
  -0.37117   -0.33841   -0.33416   -0.33065   -0.32330   -0.32169   -0.31938   -0.30860
   0.08912    0.09466    0.10508    0.11009    0.11879    0.12798    0.13733    0.13912
   0.14479    0.16117    0.16740    0.16962    0.19479    0.20738    0.21145    0.22934
   0.23114    0.23512    0.24507    0.24742    0.25264    0.25358    0.26410    0.26788
   0.46610    0.47383
 kpt#  39, nband= 50, wtk=  0.00926, kpt=  0.0000  0.5000  0.1667 (reduced coord)
  -1.94272   -1.94272   -1.94243   -1.94243   -0.79934   -0.79934   -0.79819   -0.79818
  -0.79681   -0.79681   -0.79181   -0.79181   -0.78995   -0.78994   -0.78994   -0.78993
  -0.35618   -0.35618   -0.32683   -0.32683   -0.32608   -0.32608   -0.31469   -0.31469
   0.10089    0.10089    0.11060    0.11060    0.12401    0.12401    0.12585    0.12585
   0.14360    0.14360    0.18956    0.18956    0.19354    0.19354    0.19642    0.19642
   0.23968    0.23968    0.24866    0.24866    0.26025    0.26025    0.26843    0.26843
   0.47585    0.47849
 kpt#  40, nband= 50, wtk=  0.00926, kpt=  0.1667  0.5000  0.1667 (reduced coord)
  -1.94270   -1.94270   -1.94245   -1.94245   -0.80059   -0.80059   -0.79824   -0.79824
  -0.79647   -0.79646   -0.79121   -0.79120   -0.79013   -0.79013   -0.78935   -0.78934
  -0.35521   -0.35521   -0.33271   -0.33270   -0.32197   -0.32197   -0.31439   -0.31439
   0.10525    0.10525    0.11230    0.11230    0.12339    0.12339    0.12836    0.12837
   0.14993    0.14993    0.17795    0.17795    0.19641    0.19641    0.20211    0.20211
   0.23330    0.23330    0.24738    0.24738    0.25441    0.25441    0.26736    0.26736
   0.47125    0.47246
 kpt#  41, nband= 50, wtk=  0.00926, kpt=  0.3333  0.5000  0.1667 (reduced coord)
  -1.94265   -1.94265   -1.94250   -1.94250   -0.80156   -0.80156   -0.80011   -0.80011
  -0.79473   -0.79473   -0.79161   -0.79160   -0.78938   -0.78938   -0.78850   -0.78850
  -0.35215   -0.35215   -0.34004   -0.34004   -0.31857   -0.31857   -0.31447   -0.31447
   0.10993    0.10993    0.11341    0.11341    0.13368    0.13368    0.13890    0.13891
   0.15779    0.15779    0.16621    0.16621    0.19805    0.19806    0.20630    0.20630
   0.21357    0.21357    0.23151    0.23151    0.25826    0.25826    0.26545    0.26545
   0.46230    0.46239
 kpt#  42, nband= 50, wtk=  0.00926, kpt=  0.5000  0.5000  0.1667 (reduced coord)
  -1.94258   -1.94258   -1.94257   -1.94257   -0.80141   -0.80141   -0.80141   -0.80141
  -0.79304   -0.79304   -0.79304   -0.79303   -0.78848   -0.78848   -0.78848   -0.78848
  -0.34694   -0.34694   -0.34693   -0.34693   -0.31593   -0.31592   -0.31592   -0.31592
   0.11184    0.11184    0.11184    0.11184    0.14946    0.14946    0.14946    0.14946
   0.15691    0.15691    0.15691    0.15692    0.19879    0.19879    0.19879    0.19880
   0.21519    0.21519    0.21519    0.21520    0.26314    0.26314    0.26314    0.26314
   0.46007    0.46007
 kpt#  43, nband= 50, wtk=  0.00926, kpt= -0.3333  0.5000  0.1667 (reduced coord)
  -1.94265   -1.94265   -1.94250   -1.94250   -0.80156   -0.80156   -0.80011   -0.80011
  -0.79473   -0.79473   -0.79160   -0.79160   -0.78938   -0.78938   -0.78850   -0.78850
  -0.35215   -0.35215   -0.34004   -0.34004   -0.31857   -0.31857   -0.31447   -0.31447
   0.10993    0.10993    0.11341    0.11341    0.13368    0.13368    0.13890    0.13891
   0.15779    0.15779    0.16621    0.16621    0.19805    0.19806    0.20630    0.20630
   0.21357    0.21357    0.23151    0.23151    0.25826    0.25826    0.26545    0.26545
   0.46232    0.46250
 kpt#  44, nband= 50, wtk=  0.00926, kpt= -0.1667  0.5000  0.1667 (reduced coord)
  -1.94270   -1.94270   -1.94245   -1.94245   -0.80059   -0.80059   -0.79824   -0.79824
  -0.79646   -0.79646   -0.79121   -0.79120   -0.79013   -0.79013   -0.78935   -0.78934
  -0.35521   -0.35521   -0.33271   -0.33271   -0.32197   -0.32197   -0.31439   -0.31439
   0.10524    0.10525    0.11230    0.11230    0.12339    0.12339    0.12836    0.12837
   0.14993    0.14993    0.17795    0.17795    0.19641    0.19641    0.20211    0.20211
   0.23330    0.23330    0.24738    0.24738    0.25441    0.25441    0.26736    0.26736
   0.47132    0.47137
 kpt#  45, nband= 50, wtk=  0.00926, kpt=  0.0000 -0.3333  0.1667 (reduced coord)
  -1.94288   -1.94256   -1.94245   -1.94241   -0.80157   -0.80141   -0.80055   -0.79697
  -0.79479   -0.79296   -0.79257   -0.79136   -0.79123   -0.79112   -0.78863   -0.78852
  -0.37391   -0.33727   -0.33119   -0.32775   -0.32598   -0.32134   -0.32110   -0.30778
   0.08594    0.08682    0.10212    0.11018    0.11448    0.12828    0.13680    0.14037
   0.14066    0.15683    0.16896    0.17922    0.19489    0.20198    0.21208    0.22956
   0.23945    0.24008    0.24683    0.24859    0.25096    0.26408    0.26594    0.26791
   0.46901    0.46958
 kpt#  46, nband= 50, wtk=  0.00926, kpt=  0.1667 -0.3333  0.1667 (reduced coord)
  -1.94285   -1.94255   -1.94246   -1.94244   -0.80169   -0.80148   -0.80090   -0.79579
  -0.79547   -0.79449   -0.79263   -0.79109   -0.79069   -0.79056   -0.78905   -0.78786
  -0.37117   -0.33841   -0.33416   -0.33065   -0.32330   -0.32169   -0.31938   -0.30860
   0.08912    0.09466    0.10508    0.11009    0.11879    0.12798    0.13733    0.13912
   0.14479    0.16117    0.16740    0.16962    0.19479    0.20738    0.21145    0.22934
   0.23114    0.23512    0.24507    0.24742    0.25264    0.25357    0.26410    0.26788
   0.46607    0.47349
 kpt#  47, nband= 50, wtk=  0.00926, kpt=  0.3333 -0.3333  0.1667 (reduced coord)
  -1.94276   -1.94253   -1.94253   -1.94248   -0.80167   -0.80145   -0.80124   -0.79770
  -0.79540   -0.79387   -0.79321   -0.79024   -0.79005   -0.78985   -0.78945   -0.78762
  -0.36344   -0.34045   -0.33964   -0.33790   -0.32019   -0.31882   -0.31805   -0.31095
   0.09831    0.11093    0.11101    0.11221    0.12844    0.13056    0.13153    0.14172
   0.15417    0.15632    0.16063    0.17901    0.19081    0.20519    0.21042    0.21260
   0.21755    0.23131    0.23168    0.23533    0.25457    0.25888    0.26181    0.26680
   0.46205    0.46964
 kpt#  48, nband= 50, wtk=  0.00926, kpt=  0.5000 -0.3333  0.1667 (reduced coord)
  -1.94265   -1.94264   -1.94251   -1.94250   -0.80160   -0.80160   -0.80007   -0.80007
  -0.79473   -0.79473   -0.79161   -0.79160   -0.78938   -0.78938   -0.78849   -0.78849
  -0.35224   -0.35224   -0.33998   -0.33998   -0.31857   -0.31857   -0.31443   -0.31443
   0.10986    0.10986    0.11323    0.11323    0.13400    0.13400    0.13917    0.13917
   0.15732    0.15733    0.16632    0.16632    0.19826    0.19826    0.20599    0.20599
   0.21354    0.21354    0.23178    0.23178    0.25853    0.25853    0.26506    0.26506
   0.46271    0.46299
 kpt#  49, nband= 50, wtk=  0.00926, kpt= -0.3333 -0.3333  0.1667 (reduced coord)
  -1.94276   -1.94253   -1.94253   -1.94248   -0.80167   -0.80145   -0.80124   -0.79769
  -0.79540   -0.79386   -0.79321   -0.79024   -0.79005   -0.78985   -0.78945   -0.78762
  -0.36344   -0.34045   -0.33964   -0.33790   -0.32019   -0.31882   -0.31804   -0.31095
   0.09831    0.11093    0.11101    0.11221    0.12844    0.13057    0.13153    0.14172
   0.15417    0.15632    0.16063    0.17901    0.19081    0.20520    0.21042    0.21260
   0.21755    0.23131    0.23168    0.23533    0.25457    0.25888    0.26180    0.26680
   0.46215    0.47017
 kpt#  50, nband= 50, wtk=  0.00926, kpt= -0.1667 -0.3333  0.1667 (reduced coord)
  -1.94285   -1.94255   -1.94246   -1.94244   -0.80169   -0.80148   -0.80090   -0.79579
  -0.79547   -0.79449   -0.79263   -0.79109   -0.79069   -0.79056   -0.78905   -0.78786
  -0.37117   -0.33841   -0.33416   -0.33065   -0.32330   -0.32169   -0.31938   -0.30860
   0.08912    0.09466    0.10508    0.11009    0.11879    0.12798    0.13733    0.13912
   0.14479    0.16117    0.16740    0.16962    0.19479    0.20738    0.21145    0.22934
   0.23114    0.23512    0.24507    0.24742    0.25264    0.25358    0.26410    0.26788
   0.46641    0.47358
 kpt#  51, nband= 50, wtk=  0.00926, kpt=  0.0000 -0.1667  0.1667 (reduced coord)
  -1.94300   -1.94246   -1.94244   -1.94240   -0.80365   -0.80326   -0.80315   -0.79497
  -0.79342   -0.79218   -0.79212   -0.79190   -0.79109   -0.79025   -0.78754   -0.78741
  -0.38632   -0.33501   -0.32842   -0.32612   -0.32540   -0.32239   -0.31754   -0.30251
   0.07155    0.07554    0.08061    0.10450    0.10757    0.12348    0.15136    0.15210
   0.15576    0.15783    0.16516    0.16935    0.21327    0.22395    0.22556    0.23253
   0.24000    0.24077    0.24656    0.25033    0.25384    0.26362    0.26368    0.26562
   0.45467    0.45725
 kpt#  52, nband= 50, wtk=  0.00926, kpt=  0.1667 -0.1667  0.1667 (reduced coord)
  -1.94296   -1.94246   -1.94244   -1.94244   -0.80308   -0.80269   -0.80268   -0.79461
  -0.79390   -0.79331   -0.79183   -0.79173   -0.79152   -0.79051   -0.78818   -0.78715
  -0.38234   -0.33489   -0.32935   -0.32685   -0.32470   -0.32255   -0.32009   -0.30417
   0.08040    0.08092    0.08159    0.10559    0.11145    0.13353    0.14638    0.14795
   0.15504    0.15896    0.15979    0.16259    0.21963    0.22079    0.22250    0.22336
   0.24004    0.24272    0.24613    0.24888    0.25137    0.25786    0.25899    0.26737
   0.46018    0.46183
 kpt#  53, nband= 50, wtk=  0.00926, kpt=  0.3333 -0.1667  0.1667 (reduced coord)
  -1.94285   -1.94255   -1.94246   -1.94244   -0.80169   -0.80151   -0.80095   -0.79571
  -0.79538   -0.79457   -0.79267   -0.79107   -0.79069   -0.79054   -0.78905   -0.78786
  -0.37123   -0.33882   -0.33422   -0.33019   -0.32319   -0.32219   -0.31892   -0.30859
   0.08914    0.09443    0.10518    0.10987    0.11877    0.12843    0.13662    0.13941
   0.14547    0.16120    0.16725    0.16900    0.19478    0.20832    0.21124    0.22783
   0.23197    0.23569    0.24512    0.24655    0.25263    0.25514    0.26348    0.26756
   0.46652    0.47442
 kpt#  54, nband= 50, wtk=  0.00926, kpt=  0.5000 -0.1667  0.1667 (reduced coord)
  -1.94270   -1.94270   -1.94245   -1.94245   -0.80068   -0.80068   -0.79817   -0.79817
  -0.79645   -0.79645   -0.79123   -0.79123   -0.79010   -0.79009   -0.78935   -0.78935
  -0.35538   -0.35538   -0.33265   -0.33265   -0.32196   -0.32196   -0.31428   -0.31428
   0.10516    0.10516    0.11199    0.11199    0.12264    0.12264    0.12970    0.12971
   0.15003    0.15003    0.17767    0.17767    0.19599    0.19599    0.20236    0.20237
   0.23337    0.23337    0.24762    0.24763    0.25479    0.25479    0.26682    0.26682
   0.47236    0.47825
 kpt#  55, nband= 50, wtk=  0.00926, kpt= -0.3333 -0.1667  0.1667 (reduced coord)
  -1.94285   -1.94255   -1.94246   -1.94244   -0.80169   -0.80151   -0.80095   -0.79571
  -0.79538   -0.79457   -0.79267   -0.79107   -0.79069   -0.79054   -0.78905   -0.78786
  -0.37123   -0.33882   -0.33422   -0.33019   -0.32319   -0.32219   -0.31892   -0.30859
   0.08914    0.09443    0.10518    0.10987    0.11877    0.12843    0.13663    0.13941
   0.14547    0.16120    0.16725    0.16900    0.19478    0.20832    0.21124    0.22783
   0.23197    0.23569    0.24512    0.24655    0.25263    0.25514    0.26348    0.26756
   0.46652    0.47429
 kpt#  56, nband= 50, wtk=  0.00926, kpt= -0.1667 -0.1667  0.1667 (reduced coord)
  -1.94296   -1.94246   -1.94244   -1.94244   -0.80308   -0.80269   -0.80268   -0.79461
  -0.79390   -0.79331   -0.79183   -0.79173   -0.79152   -0.79051   -0.78818   -0.78715
  -0.38234   -0.33489   -0.32936   -0.32685   -0.32470   -0.32255   -0.32008   -0.30417
   0.08040    0.08092    0.08159    0.10559    0.11145    0.13353    0.14638    0.14795
   0.15504    0.15896    0.15979    0.16259    0.21963    0.22079    0.22250    0.22336
   0.24004    0.24272    0.24613    0.24888    0.25137    0.25786    0.25899    0.26737
   0.46018    0.46183
 kpt#  57, nband= 50, wtk=  0.00926, kpt=  0.0000  0.0000  0.3333 (reduced coord)
  -1.94292   -1.94259   -1.94239   -1.94239   -0.80220   -0.80216   -0.80094   -0.79617
  -0.79608   -0.79288   -0.79256   -0.79251   -0.79016   -0.79000   -0.78786   -0.78782
  -0.37829   -0.34089   -0.32948   -0.32570   -0.32558   -0.31891   -0.31878   -0.30873
   0.08224    0.08228    0.10925    0.11283    0.11368    0.13374    0.13421    0.13490
   0.14469    0.14477    0.18230    0.18330    0.19786    0.21075    0.21875    0.21910
   0.22489    0.23149    0.24275    0.24282    0.26583    0.26594    0.26760    0.26795
   0.45626    0.46652
 kpt#  58, nband= 50, wtk=  0.00926, kpt=  0.1667  0.0000  0.3333 (reduced coord)
  -1.94289   -1.94258   -1.94243   -1.94241   -0.80179   -0.80138   -0.80083   -0.79697
  -0.79557   -0.79384   -0.79209   -0.79183   -0.79095   -0.79007   -0.78835   -0.78787
  -0.37475   -0.33993   -0.32872   -0.32696   -0.32471   -0.32304   -0.31945   -0.30988
   0.08662    0.09052    0.10420    0.11336    0.11941    0.13364    0.13680    0.14344
   0.14396    0.14714    0.17024    0.17790    0.20116    0.20493    0.21980    0.22136
   0.22883    0.23490    0.23774    0.23811    0.25931    0.25948    0.26410    0.26526
   0.46197    0.47020
 kpt#  59, nband= 50, wtk=  0.00926, kpt=  0.3333  0.0000  0.3333 (reduced coord)
  -1.94279   -1.94254   -1.94253   -1.94244   -0.80059   -0.80045   -0.79924   -0.79834
  -0.79603   -0.79416   -0.79318   -0.79091   -0.79074   -0.79058   -0.78939   -0.78834
  -0.36482   -0.33721   -0.33568   -0.32925   -0.32671   -0.32259   -0.32028   -0.31297
   0.09787    0.10679    0.11097    0.11523    0.11969    0.13161    0.13438    0.14253
   0.15083    0.15561    0.17118    0.17424    0.19161    0.20300    0.20980    0.21529
   0.21943    0.23319    0.23526    0.24321    0.24941    0.25161    0.25728    0.26181
   0.47236    0.47485
 kpt#  60, nband= 50, wtk=  0.00926, kpt=  0.5000  0.0000  0.3333 (reduced coord)
  -1.94266   -1.94265   -1.94250   -1.94249   -0.79976   -0.79976   -0.79839   -0.79839
  -0.79623   -0.79622   -0.79225   -0.79224   -0.79004   -0.79004   -0.78942   -0.78942
  -0.35065   -0.35065   -0.33339   -0.33339   -0.32415   -0.32415   -0.31708   -0.31708
   0.11067    0.11067    0.11785    0.11785    0.12037    0.12037    0.14532    0.14532
   0.14643    0.14644    0.18390    0.18390    0.19092    0.19092    0.20469    0.20469
   0.21567    0.21568    0.24466    0.24467    0.24829    0.24829    0.25716    0.25716
   0.47431    0.47653
 kpt#  61, nband= 50, wtk=  0.00926, kpt= -0.3333  0.0000  0.3333 (reduced coord)
  -1.94279   -1.94254   -1.94253   -1.94244   -0.80059   -0.80045   -0.79924   -0.79834
  -0.79603   -0.79416   -0.79318   -0.79091   -0.79074   -0.79059   -0.78939   -0.78834
  -0.36482   -0.33721   -0.33568   -0.32925   -0.32671   -0.32259   -0.32028   -0.31297
   0.09787    0.10679    0.11097    0.11523    0.11969    0.13161    0.13438    0.14253
   0.15083    0.15561    0.17118    0.17424    0.19161    0.20300    0.20980    0.21529
   0.21943    0.23318    0.23526    0.24321    0.24941    0.25161    0.25728    0.26181
   0.47293    0.47504
 kpt#  62, nband= 50, wtk=  0.00926, kpt= -0.1667  0.0000  0.3333 (reduced coord)
  -1.94289   -1.94258   -1.94243   -1.94241   -0.80179   -0.80138   -0.80083   -0.79697
  -0.79557   -0.79384   -0.79209   -0.79182   -0.79095   -0.79007   -0.78835   -0.78787
  -0.37475   -0.33993   -0.32872   -0.32696   -0.32471   -0.32305   -0.31945   -0.30988
   0.08662    0.09052    0.10420    0.11336    0.11941    0.13364    0.13679    0.14344
   0.14396    0.14714    0.17024    0.17790    0.20116    0.20493    0.21980    0.22136
   0.22883    0.23490    0.23774    0.23811    0.25931    0.25948    0.26410    0.26526
   0.46196    0.46992
 kpt#  63, nband= 50, wtk=  0.00926, kpt=  0.0000  0.1667  0.3333 (reduced coord)
  -1.94289   -1.94258   -1.94243   -1.94241   -0.80196   -0.80121   -0.80084   -0.79706
  -0.79549   -0.79390   -0.79208   -0.79184   -0.79078   -0.79019   -0.78831   -0.78790
  -0.37476   -0.34002   -0.32866   -0.32749   -0.32387   -0.32380   -0.31899   -0.30982
   0.08657    0.09062    0.10425    0.11349    0.11899    0.13304    0.13711    0.14178
   0.14638    0.14658    0.17006    0.17884    0.20068    0.20281    0.22015    0.22515
   0.22913    0.23484    0.23540    0.23827    0.25892    0.25959    0.26417    0.26537
   0.46190    0.46950
 kpt#  64, nband= 50, wtk=  0.00926, kpt=  0.1667  0.1667  0.3333 (reduced coord)
  -1.94286   -1.94257   -1.94244   -1.94244   -0.80194   -0.80136   -0.80097   -0.79611
  -0.79531   -0.79496   -0.79176   -0.79166   -0.79146   -0.78984   -0.78842   -0.78787
  -0.37177   -0.34052   -0.33024   -0.32842   -0.32680   -0.32087   -0.31911   -0.31061
   0.09400    0.09475    0.10327    0.11706    0.11972    0.13656    0.13713    0.14439
   0.14627    0.15253    0.16318    0.16580    0.20425    0.21430    0.21838    0.22080
   0.23151    0.23165    0.23483    0.23603    0.25259    0.25690    0.25728    0.26017
   0.46535    0.47066
 kpt#  65, nband= 50, wtk=  0.00926, kpt=  0.3333  0.1667  0.3333 (reduced coord)
  -1.94277   -1.94254   -1.94253   -1.94247   -0.80179   -0.80127   -0.80102   -0.79730
  -0.79554   -0.79320   -0.79315   -0.79080   -0.79052   -0.78987   -0.78902   -0.78829
  -0.36337   -0.34043   -0.33875   -0.33417   -0.32318   -0.31978   -0.31771   -0.31275
   0.10407    0.10774    0.11314    0.11891    0.12155    0.13485    0.13830    0.14257
   0.15092    0.15150    0.15949    0.17358    0.20075    0.20646    0.21160    0.22090
   0.22450    0.23002    0.23243    0.23616    0.24353    0.24654    0.25132    0.25753
   0.46910    0.47550
 kpt#  66, nband= 50, wtk=  0.00926, kpt=  0.5000  0.1667  0.3333 (reduced coord)
  -1.94265   -1.94264   -1.94251   -1.94250   -0.80156   -0.80156   -0.79962   -0.79962
  -0.79458   -0.79458   -0.79091   -0.79091   -0.78982   -0.78982   -0.78945   -0.78945
  -0.35134   -0.35134   -0.33833   -0.33833   -0.32029   -0.32029   -0.31555   -0.31555
   0.11435    0.11435    0.11961    0.11961    0.12404    0.12404    0.13956    0.13957
   0.15268    0.15268    0.17323    0.17323    0.20135    0.20135    0.20612    0.20612
   0.22010    0.22010    0.23876    0.23877    0.24120    0.24120    0.25476    0.25477
   0.47167    0.47167
 kpt#  67, nband= 50, wtk=  0.00926, kpt= -0.3333  0.1667  0.3333 (reduced coord)
  -1.94277   -1.94254   -1.94253   -1.94247   -0.80179   -0.80127   -0.80103   -0.79730
  -0.79554   -0.79320   -0.79315   -0.79080   -0.79052   -0.78987   -0.78902   -0.78829
  -0.36337   -0.34043   -0.33875   -0.33417   -0.32318   -0.31978   -0.31771   -0.31275
   0.10407    0.10774    0.11314    0.11891    0.12155    0.13485    0.13830    0.14257
   0.15092    0.15150    0.15949    0.17358    0.20075    0.20646    0.21160    0.22090
   0.22450    0.23001    0.23243    0.23617    0.24353    0.24654    0.25132    0.25753
   0.46900    0.47568
 kpt#  68, nband= 50, wtk=  0.00926, kpt= -0.1667  0.1667  0.3333 (reduced coord)
  -1.94286   -1.94257   -1.94244   -1.94244   -0.80193   -0.80136   -0.80097   -0.79611
  -0.79531   -0.79495   -0.79176   -0.79166   -0.79145   -0.78984   -0.78842   -0.78787
  -0.37177   -0.34052   -0.33025   -0.32842   -0.32680   -0.32088   -0.31911   -0.31061
   0.09400    0.09476    0.10327    0.11706    0.11972    0.13656    0.13713    0.14439
   0.14627    0.15253    0.16318    0.16580    0.20425    0.21430    0.21838    0.22081
   0.23151    0.23165    0.23483    0.23603    0.25259    0.25690    0.25728    0.26017
   0.46534    0.47031
 kpt#  69, nband= 50, wtk=  0.00926, kpt=  0.0000  0.3333  0.3333 (reduced coord)
  -1.94279   -1.94254   -1.94252   -1.94244   -0.80073   -0.80046   -0.79902   -0.79849
  -0.79618   -0.79408   -0.79300   -0.79085   -0.79080   -0.79060   -0.78938   -0.78834
  -0.36488   -0.33755   -0.33568   -0.33043   -0.32645   -0.32085   -0.32079   -0.31277
   0.09780    0.10671    0.11100    0.11571    0.11903    0.13125    0.13345    0.14204
   0.15077    0.15706    0.17198    0.17462    0.19063    0.20224    0.20996    0.21565
   0.22012    0.23374    0.23622    0.24208    0.24925    0.25099    0.25773    0.26173
   0.47293    0.47466
 kpt#  70, nband= 50, wtk=  0.00926, kpt=  0.1667  0.3333  0.3333 (reduced coord)
  -1.94277   -1.94254   -1.94253   -1.94247   -0.80180   -0.80127   -0.80106   -0.79737
  -0.79552   -0.79313   -0.79312   -0.79080   -0.79053   -0.78987   -0.78903   -0.78829
  -0.36341   -0.34060   -0.33864   -0.33473   -0.32307   -0.31910   -0.31791   -0.31263
   0.10401    0.10766    0.11322    0.11959    0.12082    0.13363    0.13823    0.14204
   0.15114    0.15276    0.15964    0.17408    0.19995    0.20578    0.21235    0.22089
   0.22493    0.23100    0.23310    0.23496    0.24274    0.24723    0.25094    0.25766
   0.46842    0.47559
 kpt#  71, nband= 50, wtk=  0.00926, kpt=  0.3333  0.3333  0.3333 (reduced coord)
  -1.94270   -1.94254   -1.94253   -1.94253   -0.80280   -0.80260   -0.80248   -0.79996
  -0.79267   -0.79256   -0.79193   -0.79014   -0.78984   -0.78948   -0.78902   -0.78803
  -0.35900   -0.34434   -0.34345   -0.34281   -0.31830   -0.31581   -0.31523   -0.31251
   0.11297    0.11691    0.11871    0.12049    0.12867    0.13851    0.14026    0.14436
   0.15028    0.15082    0.15155    0.18305    0.19290    0.21579    0.21738    0.21997
   0.22164    0.22479    0.22525    0.22695    0.23063    0.24160    0.24527    0.25287
   0.46477    0.47277
 kpt#  72, nband= 50, wtk=  0.00926, kpt=  0.5000  0.3333  0.3333 (reduced coord)
  -1.94262   -1.94261   -1.94254   -1.94253   -0.80320   -0.80320   -0.80199   -0.80199
  -0.79229   -0.79229   -0.79024   -0.79024   -0.78919   -0.78918   -0.78878   -0.78878
  -0.35194   -0.35194   -0.34533   -0.34533   -0.31561   -0.31560   -0.31320   -0.31320
   0.12005    0.12005    0.12166    0.12167    0.13294    0.13294    0.14027    0.14027
   0.15452    0.15452    0.17110    0.17110    0.20107    0.20107    0.21263    0.21264
   0.21834    0.21834    0.22398    0.22399    0.23762    0.23763    0.25009    0.25009
   0.46530    0.46594
 kpt#  73, nband= 50, wtk=  0.00926, kpt= -0.3333  0.3333  0.3333 (reduced coord)
  -1.94270   -1.94254   -1.94253   -1.94253   -0.80280   -0.80260   -0.80248   -0.79996
  -0.79267   -0.79256   -0.79193   -0.79014   -0.78984   -0.78948   -0.78902   -0.78803
  -0.35900   -0.34434   -0.34345   -0.34281   -0.31830   -0.31582   -0.31523   -0.31251
   0.11297    0.11691    0.11872    0.12049    0.12867    0.13851    0.14026    0.14436
   0.15028    0.15082    0.15155    0.18305    0.19290    0.21579    0.21738    0.21998
   0.22164    0.22479    0.22525    0.22695    0.23063    0.24160    0.24527    0.25287
   0.46477    0.47388
 kpt#  74, nband= 50, wtk=  0.00926, kpt= -0.1667  0.3333  0.3333 (reduced coord)
  -1.94277   -1.94254   -1.94253   -1.94247   -0.80179   -0.80127   -0.80106   -0.79737
  -0.79552   -0.79313   -0.79312   -0.79080   -0.79053   -0.78987   -0.78903   -0.78829
  -0.36341   -0.34060   -0.33864   -0.33473   -0.32307   -0.31910   -0.31791   -0.31263
   0.10401    0.10766    0.11322    0.11959    0.12082    0.13363    0.13823    0.14204
   0.15114    0.15276    0.15964    0.17408    0.19995    0.20578    0.21235    0.22089
   0.22493    0.23100    0.23310    0.23496    0.24274    0.24722    0.25094    0.25766
   0.46844    0.47556
 kpt#  75, nband= 50, wtk=  0.00926, kpt=  0.0000  0.5000  0.3333 (reduced coord)
  -1.94266   -1.94266   -1.94249   -1.94249   -0.79969   -0.79969   -0.79868   -0.79868
  -0.79603   -0.79603   -0.79219   -0.79219   -0.79005   -0.79004   -0.78943   -0.78943
  -0.35075   -0.35075   -0.33409   -0.33409   -0.32357   -0.32357   -0.31678   -0.31678
   0.11086    0.11086    0.11832    0.11832    0.11883    0.11883    0.14520    0.14521
   0.14663    0.14663    0.18461    0.18461    0.19129    0.19129    0.20499    0.20499
   0.21483    0.21483    0.24510    0.24510    0.24843    0.24843    0.25686    0.25686
   0.47345    0.47503
 kpt#  76, nband= 50, wtk=  0.00926, kpt=  0.1667  0.5000  0.3333 (reduced coord)
  -1.94265   -1.94265   -1.94250   -1.94250   -0.80154   -0.80154   -0.79972   -0.79972
  -0.79450   -0.79450   -0.79088   -0.79088   -0.78985   -0.78984   -0.78945   -0.78945
  -0.35139   -0.35139   -0.33868   -0.33868   -0.32000   -0.32000   -0.31539   -0.31539
   0.11458    0.11458    0.11940    0.11940    0.12331    0.12331    0.13951    0.13951
   0.15282    0.15282    0.17373    0.17373    0.20214    0.20214    0.20572    0.20572
   0.21943    0.21943    0.23940    0.23940    0.24108    0.24109    0.25466    0.25466
   0.47092    0.47109
 kpt#  77, nband= 50, wtk=  0.00926, kpt=  0.3333  0.5000  0.3333 (reduced coord)
  -1.94262   -1.94262   -1.94253   -1.94253   -0.80319   -0.80319   -0.80202   -0.80202
  -0.79228   -0.79227   -0.79024   -0.79023   -0.78919   -0.78919   -0.78878   -0.78878
  -0.35192   -0.35192   -0.34545   -0.34545   -0.31549   -0.31549   -0.31321   -0.31321
   0.11985    0.11985    0.12196    0.12196    0.13263    0.13263    0.13991    0.13991
   0.15522    0.15522    0.17089    0.17090    0.20109    0.20109    0.21311    0.21311
   0.21850    0.21850    0.22305    0.22305    0.23796    0.23796    0.25013    0.25014
   0.46488    0.46499
 kpt#  78, nband= 50, wtk=  0.00926, kpt=  0.5000  0.5000  0.3333 (reduced coord)
  -1.94258   -1.94258   -1.94257   -1.94257   -0.80338   -0.80337   -0.80337   -0.80337
  -0.79094   -0.79094   -0.79094   -0.79094   -0.78847   -0.78847   -0.78847   -0.78846
  -0.35019   -0.35019   -0.35018   -0.35018   -0.31299   -0.31299   -0.31299   -0.31299
   0.12178    0.12179    0.12179    0.12179    0.13999    0.13999    0.13999    0.13999
   0.16520    0.16520    0.16520    0.16520    0.20509    0.20509    0.20509    0.20509
   0.21448    0.21448    0.21449    0.21449    0.24578    0.24578    0.24579    0.24579
   0.46368    0.46368
 kpt#  79, nband= 50, wtk=  0.00926, kpt= -0.3333  0.5000  0.3333 (reduced coord)
  -1.94262   -1.94262   -1.94253   -1.94253   -0.80319   -0.80319   -0.80202   -0.80202
  -0.79228   -0.79227   -0.79024   -0.79023   -0.78919   -0.78919   -0.78878   -0.78878
  -0.35192   -0.35192   -0.34545   -0.34545   -0.31549   -0.31548   -0.31321   -0.31321
   0.11984    0.11985    0.12196    0.12196    0.13263    0.13263    0.13991    0.13991
   0.15522    0.15522    0.17089    0.17090    0.20109    0.20109    0.21311    0.21311
   0.21850    0.21850    0.22305    0.22305    0.23796    0.23797    0.25013    0.25014
   0.46488    0.46502
 kpt#  80, nband= 50, wtk=  0.00926, kpt= -0.1667  0.5000  0.3333 (reduced coord)
  -1.94265   -1.94265   -1.94250   -1.94250   -0.80154   -0.80154   -0.79972   -0.79972
  -0.79450   -0.79450   -0.79088   -0.79087   -0.78985   -0.78984   -0.78945   -0.78945
  -0.35139   -0.35139   -0.33868   -0.33868   -0.32000   -0.32000   -0.31540   -0.31539
   0.11458    0.11458    0.11940    0.11940    0.12331    0.12331    0.13951    0.13951
   0.15282    0.15282    0.17373    0.17373    0.20214    0.20214    0.20572    0.20572
   0.21943    0.21943    0.23940    0.23940    0.24109    0.24109    0.25466    0.25466
   0.47091    0.47101
 kpt#  81, nband= 50, wtk=  0.00926, kpt=  0.0000 -0.3333  0.3333 (reduced coord)
  -1.94279   -1.94254   -1.94252   -1.94244   -0.80073   -0.80046   -0.79902   -0.79849
  -0.79618   -0.79408   -0.79300   -0.79085   -0.79080   -0.79060   -0.78938   -0.78834
  -0.36488   -0.33755   -0.33568   -0.33043   -0.32645   -0.32085   -0.32079   -0.31277
   0.09780    0.10671    0.11100    0.11571    0.11903    0.13125    0.13345    0.14204
   0.15077    0.15706    0.17198    0.17462    0.19063    0.20224    0.20996    0.21565
   0.22012    0.23374    0.23622    0.24208    0.24925    0.25099    0.25773    0.26173
   0.47243    0.47444
 kpt#  82, nband= 50, wtk=  0.00926, kpt=  0.1667 -0.3333  0.3333 (reduced coord)
  -1.94277   -1.94254   -1.94253   -1.94247   -0.80180   -0.80127   -0.80106   -0.79737
  -0.79552   -0.79313   -0.79312   -0.79080   -0.79053   -0.78987   -0.78903   -0.78829
  -0.36341   -0.34060   -0.33864   -0.33473   -0.32307   -0.31910   -0.31791   -0.31263
   0.10401    0.10766    0.11322    0.11959    0.12082    0.13363    0.13823    0.14204
   0.15114    0.15276    0.15964    0.17408    0.19995    0.20578    0.21235    0.22089
   0.22493    0.23100    0.23310    0.23496    0.24274    0.24723    0.25094    0.25766
   0.46844    0.47589
 kpt#  83, nband= 50, wtk=  0.00926, kpt=  0.3333 -0.3333  0.3333 (reduced coord)
  -1.94270   -1.94254   -1.94253   -1.94253   -0.80280   -0.80260   -0.80248   -0.79996
  -0.79267   -0.79256   -0.79193   -0.79014   -0.78984   -0.78948   -0.78902   -0.78803
  -0.35900   -0.34434   -0.34345   -0.34281   -0.31830   -0.31581   -0.31523   -0.31251
   0.11297    0.11691    0.11871    0.12049    0.12867    0.13851    0.14026    0.14436
   0.15028    0.15082    0.15155    0.18305    0.19290    0.21579    0.21738    0.21997
   0.22164    0.22479    0.22525    0.22695    0.23063    0.24160    0.24527    0.25287
   0.46478    0.47268
 kpt#  84, nband= 50, wtk=  0.00926, kpt=  0.5000 -0.3333  0.3333 (reduced coord)
  -1.94262   -1.94261   -1.94254   -1.94253   -0.80320   -0.80320   -0.80199   -0.80199
  -0.79229   -0.79229   -0.79024   -0.79024   -0.78919   -0.78918   -0.78878   -0.78878
  -0.35194   -0.35194   -0.34533   -0.34533   -0.31561   -0.31560   -0.31320   -0.31320
   0.12005    0.12005    0.12166    0.12167    0.13294    0.13294    0.14027    0.14027
   0.15452    0.15452    0.17110    0.17110    0.20107    0.20107    0.21263    0.21264
   0.21834    0.21834    0.22398    0.22399    0.23762    0.23763    0.25009    0.25009
   0.46530    0.46559
 kpt#  85, nband= 50, wtk=  0.00926, kpt= -0.3333 -0.3333  0.3333 (reduced coord)
  -1.94270   -1.94254   -1.94253   -1.94253   -0.80280   -0.80260   -0.80248   -0.79996
  -0.79267   -0.79256   -0.79193   -0.79014   -0.78984   -0.78948   -0.78902   -0.78803
  -0.35900   -0.34434   -0.34345   -0.34281   -0.31830   -0.31582   -0.31523   -0.31251
   0.11297    0.11691    0.11872    0.12049    0.12867    0.13851    0.14026    0.14436
   0.15028    0.15082    0.15155    0.18305    0.19290    0.21579    0.21738    0.21998
   0.22164    0.22479    0.22525    0.22695    0.23063    0.24160    0.24527    0.25287
   0.46476    0.47251
 kpt#  86, nband= 50, wtk=  0.00926, kpt= -0.1667 -0.3333  0.3333 (reduced coord)
  -1.94277   -1.94254   -1.94253   -1.94247   -0.80179   -0.80127   -0.80106   -0.79737
  -0.79552   -0.79313   -0.79312   -0.79080   -0.79053   -0.78987   -0.78903   -0.78829
  -0.36341   -0.34060   -0.33864   -0.33473   -0.32307   -0.31910   -0.31791   -0.31263
   0.10401    0.10766    0.11322    0.11959    0.12082    0.13363    0.13823    0.14204
   0.15114    0.15276    0.15964    0.17408    0.19995    0.20578    0.21235    0.22089
   0.22493    0.23100    0.23310    0.23496    0.24274    0.24722    0.25094    0.25766
   0.46841    0.47563
 kpt#  87, nband= 50, wtk=  0.00926, kpt=  0.0000 -0.1667  0.3333 (reduced coord)
  -1.94289   -1.94258   -1.94243   -1.94241   -0.80196   -0.80121   -0.80084   -0.79706
  -0.79549   -0.79390   -0.79208   -0.79184   -0.79078   -0.79019   -0.78831   -0.78790
  -0.37476   -0.34002   -0.32866   -0.32749   -0.32387   -0.32380   -0.31899   -0.30982
   0.08657    0.09062    0.10425    0.11349    0.11899    0.13304    0.13711    0.14178
   0.14638    0.14658    0.17006    0.17884    0.20068    0.20281    0.22015    0.22515
   0.22913    0.23484    0.23540    0.23827    0.25892    0.25959    0.26417    0.26537
   0.46190    0.46949
 kpt#  88, nband= 50, wtk=  0.00926, kpt=  0.1667 -0.1667  0.3333 (reduced coord)
  -1.94286   -1.94257   -1.94244   -1.94244   -0.80194   -0.80136   -0.80097   -0.79611
  -0.79531   -0.79496   -0.79176   -0.79166   -0.79146   -0.78984   -0.78842   -0.78787
  -0.37177   -0.34052   -0.33024   -0.32842   -0.32680   -0.32087   -0.31911   -0.31061
   0.09400    0.09475    0.10327    0.11706    0.11972    0.13656    0.13713    0.14439
   0.14627    0.15253    0.16318    0.16580    0.20425    0.21430    0.21838    0.22080
   0.23151    0.23165    0.23483    0.23603    0.25259    0.25690    0.25728    0.26017
   0.46533    0.47031
 kpt#  89, nband= 50, wtk=  0.00926, kpt=  0.3333 -0.1667  0.3333 (reduced coord)
  -1.94277   -1.94254   -1.94253   -1.94247   -0.80179   -0.80127   -0.80102   -0.79730
  -0.79554   -0.79320   -0.79315   -0.79080   -0.79052   -0.78987   -0.78902   -0.78829
  -0.36337   -0.34043   -0.33875   -0.33417   -0.32318   -0.31978   -0.31771   -0.31275
   0.10407    0.10774    0.11314    0.11891    0.12155    0.13485    0.13830    0.14257
   0.15092    0.15150    0.15949    0.17358    0.20075    0.20646    0.21160    0.22090
   0.22450    0.23002    0.23243    0.23616    0.24353    0.24654    0.25132    0.25753
   0.46907    0.47573
 kpt#  90, nband= 50, wtk=  0.00926, kpt=  0.5000 -0.1667  0.3333 (reduced coord)
  -1.94265   -1.94264   -1.94251   -1.94250   -0.80156   -0.80156   -0.79962   -0.79962
  -0.79458   -0.79458   -0.79091   -0.79091   -0.78982   -0.78982   -0.78945   -0.78945
  -0.35134   -0.35134   -0.33833   -0.33833   -0.32029   -0.32029   -0.31555   -0.31555
   0.11435    0.11435    0.11961    0.11961    0.12404    0.12404    0.13956    0.13957
   0.15268    0.15268    0.17323    0.17323    0.20135    0.20135    0.20612    0.20612
   0.22010    0.22010    0.23876    0.23877    0.24120    0.24120    0.25476    0.25477
   0.47167    0.47194
 kpt#  91, nband= 50, wtk=  0.00926, kpt= -0.3333 -0.1667  0.3333 (reduced coord)
  -1.94277   -1.94254   -1.94253   -1.94247   -0.80179   -0.80127   -0.80103   -0.79730
  -0.79554   -0.79320   -0.79315   -0.79080   -0.79052   -0.78987   -0.78902   -0.78829
  -0.36337   -0.34043   -0.33875   -0.33417   -0.32318   -0.31978   -0.31771   -0.31275
   0.10407    0.10774    0.11314    0.11891    0.12155    0.13485    0.13830    0.14257
   0.15092    0.15150    0.15949    0.17358    0.20075    0.20646    0.21160    0.22090
   0.22450    0.23001    0.23243    0.23617    0.24353    0.24654    0.25132    0.25753
   0.46902    0.47584
 kpt#  92, nband= 50, wtk=  0.00926, kpt= -0.1667 -0.1667  0.3333 (reduced coord)
  -1.94286   -1.94257   -1.94244   -1.94244   -0.80193   -0.80136   -0.80097   -0.79611
  -0.79531   -0.79495   -0.79176   -0.79166   -0.79145   -0.78984   -0.78842   -0.78787
  -0.37177   -0.34052   -0.33025   -0.32842   -0.32680   -0.32088   -0.31911   -0.31061
   0.09400    0.09476    0.10327    0.11706    0.11972    0.13656    0.13713    0.14439
   0.14627    0.15253    0.16318    0.16580    0.20425    0.21430    0.21838    0.22081
   0.23151    0.23165    0.23483    0.23603    0.25259    0.25690    0.25728    0.26017
   0.46534    0.47031
 kpt#  93, nband= 50, wtk=  0.00463, kpt=  0.0000  0.0000  0.5000 (reduced coord)
  -1.94276   -1.94276   -1.94239   -1.94239   -0.79921   -0.79921   -0.79915   -0.79915
  -0.79699   -0.79699   -0.79256   -0.79256   -0.78910   -0.78909   -0.78885   -0.78885
  -0.36034   -0.36033   -0.32226   -0.32226   -0.32213   -0.32213   -0.31945   -0.31945
   0.10644    0.10645    0.10697    0.10697    0.12197    0.12197    0.13133    0.13133
   0.15095    0.15095    0.17453    0.17453    0.19930    0.19930    0.20331    0.20331
   0.22015    0.22016    0.24776    0.24776    0.26804    0.26804    0.26867    0.26867
   0.46980    0.46981
 kpt#  94, nband= 50, wtk=  0.00926, kpt=  0.1667  0.0000  0.5000 (reduced coord)
  -1.94273   -1.94273   -1.94242   -1.94242   -0.79945   -0.79945   -0.79850   -0.79850
  -0.79747   -0.79747   -0.79193   -0.79193   -0.78978   -0.78978   -0.78879   -0.78879
  -0.35804   -0.35804   -0.32500   -0.32500   -0.32201   -0.32201   -0.31959   -0.31958
   0.10818    0.10818    0.11361    0.11361    0.12156    0.12157    0.12847    0.12847
   0.15821    0.15821    0.18009    0.18009    0.18798    0.18798    0.19887    0.19887
   0.23056    0.23056    0.24000    0.24001    0.26273    0.26273    0.26346    0.26346
   0.47244    0.47244
 kpt#  95, nband= 50, wtk=  0.00926, kpt=  0.3333  0.0000  0.5000 (reduced coord)
  -1.94267   -1.94267   -1.94249   -1.94248   -0.79969   -0.79969   -0.79851   -0.79850
  -0.79670   -0.79670   -0.79166   -0.79166   -0.79062   -0.79062   -0.78886   -0.78886
  -0.35158   -0.35157   -0.33259   -0.33259   -0.32140   -0.32140   -0.31999   -0.31998
   0.11136    0.11136    0.11857    0.11857    0.12938    0.12938    0.13029    0.13029
   0.16931    0.16931    0.17513    0.17513    0.18950    0.18951    0.19590    0.19590
   0.21693    0.21693    0.24045    0.24045    0.24922    0.24923    0.25756    0.25756
   0.47467    0.47653
 kpt#  96, nband= 50, wtk=  0.00463, kpt=  0.5000  0.0000  0.5000 (reduced coord)
  -1.94258   -1.94258   -1.94257   -1.94257   -0.79939   -0.79939   -0.79939   -0.79939
  -0.79421   -0.79421   -0.79420   -0.79420   -0.78947   -0.78947   -0.78946   -0.78946
  -0.34236   -0.34236   -0.34236   -0.34235   -0.32066   -0.32065   -0.32065   -0.32065
   0.11486    0.11486    0.11486    0.11486    0.13575    0.13575    0.13576    0.13576
   0.17691    0.17691    0.17691    0.17691    0.18670    0.18671    0.18671    0.18671
   0.22227    0.22227    0.22228    0.22228    0.25246    0.25246    0.25246    0.25246
   0.47460    0.47460
 kpt#  97, nband= 50, wtk=  0.00926, kpt=  0.0000  0.1667  0.5000 (reduced coord)
  -1.94273   -1.94273   -1.94242   -1.94242   -0.79958   -0.79958   -0.79837   -0.79837
  -0.79750   -0.79750   -0.79193   -0.79193   -0.78971   -0.78971   -0.78884   -0.78884
  -0.35810   -0.35810   -0.32578   -0.32577   -0.32122   -0.32122   -0.31951   -0.31951
   0.10787    0.10787    0.11385    0.11385    0.12153    0.12153    0.12852    0.12852
   0.15753    0.15754    0.18073    0.18074    0.18696    0.18696    0.20050    0.20050
   0.22988    0.22988    0.24033    0.24033    0.26283    0.26283    0.26317    0.26317
   0.47209    0.47209
 kpt#  98, nband= 50, wtk=  0.00926, kpt=  0.1667  0.1667  0.5000 (reduced coord)
  -1.94271   -1.94271   -1.94244   -1.94244   -0.80078   -0.80077   -0.79883   -0.79759
  -0.79666   -0.79666   -0.79152   -0.79152   -0.79066   -0.78919   -0.78891   -0.78875
  -0.35686   -0.35625   -0.32991   -0.32982   -0.31975   -0.31945   -0.31936   -0.31861
   0.11048    0.11076    0.11898    0.11939    0.12010    0.12297    0.12513    0.13232
   0.15455    0.16948    0.17375    0.17397    0.18448    0.18454    0.20887    0.20907
   0.22983    0.23031    0.23134    0.24136    0.25458    0.25647    0.25693    0.25966
   0.46836    0.47929
 kpt#  99, nband= 50, wtk=  0.00926, kpt=  0.3333  0.1667  0.5000 (reduced coord)
  -1.94265   -1.94265   -1.94250   -1.94250   -0.80178   -0.80118   -0.80054   -0.79897
  -0.79485   -0.79403   -0.79184   -0.79060   -0.79040   -0.79001   -0.78891   -0.78873
  -0.35257   -0.35156   -0.33755   -0.33698   -0.31930   -0.31840   -0.31762   -0.31755
   0.11394    0.11689    0.12002    0.12057    0.12859    0.12949    0.13272    0.13769
   0.15773    0.16119    0.16534    0.18270    0.19503    0.19548    0.20285    0.20794
   0.21182    0.22606    0.23481    0.23581    0.24099    0.24643    0.24644    0.25581
   0.46843    0.47960
 kpt# 100, nband= 50, wtk=  0.00926, kpt=  0.5000  0.1667  0.5000 (reduced coord)
  -1.94258   -1.94258   -1.94257   -1.94257   -0.80168   -0.80168   -0.80046   -0.80046
  -0.79327   -0.79326   -0.79167   -0.79167   -0.78958   -0.78957   -0.78927   -0.78927
  -0.34575   -0.34575   -0.34472   -0.34472   -0.31863   -0.31863   -0.31705   -0.31705
   0.11774    0.11774    0.11990    0.11990    0.13306    0.13306    0.13767    0.13767
   0.16558    0.16558    0.17304    0.17304    0.19707    0.19707    0.20263    0.20263
   0.21828    0.21828    0.21983    0.21983    0.24304    0.24304    0.25190    0.25190
   0.47119    0.47409
 kpt# 101, nband= 50, wtk=  0.00926, kpt= -0.3333  0.1667  0.5000 (reduced coord)
  -1.94265   -1.94265   -1.94250   -1.94250   -0.80178   -0.80118   -0.80054   -0.79897
  -0.79485   -0.79403   -0.79184   -0.79060   -0.79040   -0.79001   -0.78891   -0.78873
  -0.35257   -0.35156   -0.33755   -0.33698   -0.31930   -0.31840   -0.31762   -0.31755
   0.11394    0.11689    0.12002    0.12057    0.12859    0.12949    0.13272    0.13769
   0.15773    0.16119    0.16534    0.18270    0.19503    0.19548    0.20285    0.20794
   0.21182    0.22606    0.23481    0.23581    0.24099    0.24643    0.24644    0.25581
   0.46842    0.47931
 kpt# 102, nband= 50, wtk=  0.00926, kpt= -0.1667  0.1667  0.5000 (reduced coord)
  -1.94271   -1.94271   -1.94244   -1.94244   -0.80078   -0.80077   -0.79883   -0.79759
  -0.79666   -0.79666   -0.79152   -0.79152   -0.79066   -0.78919   -0.78891   -0.78875
  -0.35686   -0.35625   -0.32991   -0.32982   -0.31975   -0.31945   -0.31936   -0.31861
   0.11048    0.11076    0.11898    0.11939    0.12010    0.12297    0.12513    0.13232
   0.15455    0.16948    0.17375    0.17397    0.18448    0.18454    0.20887    0.20907
   0.22983    0.23031    0.23134    0.24136    0.25458    0.25647    0.25693    0.25966
   0.46836    0.47994
 kpt# 103, nband= 50, wtk=  0.00926, kpt=  0.0000  0.3333  0.5000 (reduced coord)
  -1.94267   -1.94267   -1.94249   -1.94248   -0.79983   -0.79983   -0.79858   -0.79857
  -0.79657   -0.79657   -0.79157   -0.79157   -0.79062   -0.79062   -0.78888   -0.78888
  -0.35181   -0.35181   -0.33329   -0.33329   -0.32066   -0.32066   -0.31972   -0.31972
   0.11111    0.11111    0.11843    0.11843    0.12920    0.12920    0.13020    0.13020
   0.16831    0.16831    0.17513    0.17513    0.19013    0.19013    0.19720    0.19720
   0.21730    0.21730    0.24015    0.24016    0.24929    0.24930    0.25715    0.25715
   0.47406    0.47490
 kpt# 104, nband= 50, wtk=  0.00926, kpt=  0.1667  0.3333  0.5000 (reduced coord)
  -1.94265   -1.94265   -1.94250   -1.94250   -0.80181   -0.80123   -0.80057   -0.79902
  -0.79480   -0.79399   -0.79179   -0.79060   -0.79040   -0.78995   -0.78894   -0.78874
  -0.35272   -0.35170   -0.33788   -0.33720   -0.31913   -0.31815   -0.31737   -0.31726
   0.11364    0.11687    0.11988    0.12030    0.12807    0.12972    0.13271    0.13794
   0.15767    0.16076    0.16571    0.18061    0.19609    0.19754    0.20327    0.20788
   0.21179    0.22639    0.23464    0.23560    0.24242    0.24529    0.24612    0.25545
   0.46777    0.47926
 kpt# 105, nband= 50, wtk=  0.00926, kpt=  0.3333  0.3333  0.5000 (reduced coord)
  -1.94262   -1.94262   -1.94253   -1.94253   -0.80314   -0.80314   -0.80268   -0.80123
  -0.79171   -0.79169   -0.79114   -0.79002   -0.79001   -0.78949   -0.78863   -0.78854
  -0.35276   -0.35156   -0.34448   -0.34443   -0.31641   -0.31432   -0.31427   -0.31426
   0.12245    0.12281    0.12296    0.12362    0.13196    0.13502    0.13625    0.13726
   0.15630    0.15691    0.16229    0.18722    0.19588    0.19707    0.21513    0.21762
   0.21908    0.22180    0.22199    0.22796    0.23090    0.23524    0.23658    0.24809
   0.46556    0.47465
 kpt# 106, nband= 50, wtk=  0.00926, kpt=  0.5000  0.3333  0.5000 (reduced coord)
  -1.94258   -1.94258   -1.94257   -1.94257   -0.80368   -0.80368   -0.80290   -0.80290
  -0.79106   -0.79106   -0.78990   -0.78990   -0.78919   -0.78919   -0.78886   -0.78886
  -0.35010   -0.35010   -0.34938   -0.34938   -0.31414   -0.31414   -0.31287   -0.31287
   0.12529    0.12529    0.12712    0.12712    0.13311    0.13311    0.13540    0.13540
   0.16419    0.16419    0.17280    0.17280    0.20396    0.20396    0.20431    0.20431
   0.21928    0.21928    0.22327    0.22327    0.22824    0.22824    0.24423    0.24423
   0.46652    0.46662
 kpt# 107, nband= 50, wtk=  0.00926, kpt= -0.3333  0.3333  0.5000 (reduced coord)
  -1.94262   -1.94262   -1.94253   -1.94253   -0.80314   -0.80314   -0.80268   -0.80123
  -0.79171   -0.79169   -0.79114   -0.79002   -0.79001   -0.78949   -0.78863   -0.78854
  -0.35276   -0.35156   -0.34448   -0.34443   -0.31641   -0.31432   -0.31427   -0.31426
   0.12245    0.12281    0.12296    0.12362    0.13196    0.13502    0.13625    0.13726
   0.15630    0.15691    0.16229    0.18722    0.19588    0.19707    0.21513    0.21762
   0.21908    0.22180    0.22199    0.22796    0.23090    0.23524    0.23658    0.24809
   0.46542    0.47430
 kpt# 108, nband= 50, wtk=  0.00926, kpt= -0.1667  0.3333  0.5000 (reduced coord)
  -1.94265   -1.94265   -1.94250   -1.94250   -0.80181   -0.80123   -0.80057   -0.79902
  -0.79480   -0.79399   -0.79179   -0.79060   -0.79040   -0.78995   -0.78894   -0.78874
  -0.35272   -0.35170   -0.33788   -0.33720   -0.31913   -0.31815   -0.31737   -0.31726
   0.11364    0.11687    0.11988    0.12030    0.12807    0.12972    0.13271    0.13794
   0.15767    0.16076    0.16571    0.18061    0.19609    0.19754    0.20327    0.20788
   0.21179    0.22639    0.23464    0.23560    0.24242    0.24529    0.24612    0.25545
   0.46777    0.47916
 kpt# 109, nband= 50, wtk=  0.00463, kpt=  0.0000  0.5000  0.5000 (reduced coord)
  -1.94258   -1.94258   -1.94257   -1.94257   -0.79950   -0.79950   -0.79949   -0.79949
  -0.79409   -0.79409   -0.79409   -0.79408   -0.78947   -0.78947   -0.78947   -0.78947
  -0.34283   -0.34283   -0.34283   -0.34283   -0.32013   -0.32013   -0.32013   -0.32013
   0.11465    0.11465    0.11465    0.11465    0.13523    0.13523    0.13524    0.13524
   0.17728    0.17728    0.17729    0.17729    0.18687    0.18687    0.18688    0.18688
   0.22283    0.22283    0.22283    0.22283    0.25209    0.25209    0.25209    0.25209
   0.47439    0.47440
 kpt# 110, nband= 50, wtk=  0.00926, kpt=  0.1667  0.5000  0.5000 (reduced coord)
  -1.94258   -1.94258   -1.94257   -1.94257   -0.80173   -0.80172   -0.80052   -0.80052
  -0.79321   -0.79321   -0.79161   -0.79161   -0.78959   -0.78959   -0.78927   -0.78926
  -0.34604   -0.34604   -0.34499   -0.34498   -0.31833   -0.31833   -0.31671   -0.31671
   0.11745    0.11745    0.11966    0.11966    0.13271    0.13272    0.13767    0.13768
   0.16565    0.16565    0.17319    0.17319    0.19644    0.19644    0.20345    0.20345
   0.21840    0.21840    0.22091    0.22091    0.24279    0.24280    0.25145    0.25145
   0.47067    0.47109
 kpt# 111, nband= 50, wtk=  0.00926, kpt=  0.3333  0.5000  0.5000 (reduced coord)
  -1.94258   -1.94258   -1.94257   -1.94257   -0.80369   -0.80368   -0.80291   -0.80291
  -0.79106   -0.79106   -0.78987   -0.78986   -0.78921   -0.78921   -0.78885   -0.78885
  -0.35019   -0.35019   -0.34943   -0.34943   -0.31408   -0.31408   -0.31277   -0.31276
   0.12479    0.12479    0.12702    0.12703    0.13287    0.13287    0.13612    0.13612
   0.16425    0.16426    0.17246    0.17247    0.20336    0.20337    0.20491    0.20492
   0.21933    0.21933    0.22434    0.22435    0.22793    0.22793    0.24382    0.24382
   0.46597    0.46601
 kpt# 112, nband= 50, wtk=  0.00463, kpt=  0.5000  0.5000  0.5000 (reduced coord)
  -1.94258   -1.94258   -1.94257   -1.94257   -0.80414   -0.80414   -0.80414   -0.80414
  -0.79012   -0.79011   -0.79011   -0.79011   -0.78846   -0.78846   -0.78846   -0.78846
  -0.35164   -0.35164   -0.35164   -0.35164   -0.31172   -0.31172   -0.31172   -0.31172
   0.12750    0.12750    0.12750    0.12750    0.13643    0.13643    0.13643    0.13643
   0.17076    0.17077    0.17077    0.17077    0.19950    0.19950    0.19951    0.19951
   0.22033    0.22033    0.22034    0.22034    0.23602    0.23602    0.23602    0.23603
   0.46517    0.46517
