 Fermi (or HOMO) energy (hartree) =   0.27914   Average Vxc (hartree)=  -0.44621
 Eigenvalues (hartree) for nkpt= 112  k points:
 kpt#   1, nband= 50, wtk=  0.00463, kpt=  0.0000  0.0000  0.0000 (reduced coord)
  -1.94377   -1.94311   -1.94282   -1.94235   -0.80692   -0.80625   -0.80620   -0.79600
  -0.79347   -0.79343   -0.79309   -0.79292   -0.79212   -0.78806   -0.78801   -0.78760
  -0.39867   -0.34518   -0.34169   -0.33617   -0.31876   -0.31113   -0.30982   -0.30904
   0.06800    0.07077    0.07522    0.10007    0.10796    0.10928    0.15862    0.15977
   0.16044    0.16111    0.17668    0.18968    0.19762    0.20265    0.20982    0.21416
   0.22798    0.23032    0.23409    0.23827    0.24595    0.26544    0.27885    0.27914
   0.45755    0.46531
 kpt#   2, nband= 50, wtk=  0.00926, kpt=  0.1667  0.0000  0.0000 (reduced coord)
  -1.94374   -1.94311   -1.94285   -1.94236   -0.80625   -0.80555   -0.80517   -0.79618
  -0.79419   -0.79389   -0.79302   -0.79259   -0.79209   -0.78933   -0.78838   -0.78794
  -0.39437   -0.34405   -0.34075   -0.33534   -0.31912   -0.31770   -0.30999   -0.30951
   0.07199    0.07458    0.07647    0.10137    0.10202    0.12506    0.14829    0.15159
   0.15571    0.16196    0.17620    0.18499    0.19062    0.20693    0.21114    0.21995
   0.22951    0.23118    0.23794    0.24481    0.24628    0.25272    0.27611    0.27798
   0.46285    0.46732
 kpt#   3, nband= 50, wtk=  0.00926, kpt=  0.3333  0.0000  0.0000 (reduced coord)
  -1.94368   -1.94310   -1.94291   -1.94237   -0.80455   -0.80377   -0.80227   -0.79739
  -0.79607   -0.79417   -0.79296   -0.79276   -0.79194   -0.79168   -0.78917   -0.78880
  -0.38338   -0.34184   -0.33872   -0.33360   -0.33078   -0.31975   -0.31196   -0.31148
   0.07524    0.07691    0.09685    0.10397    0.10799    0.12084    0.13401    0.13927
   0.16209    0.16392    0.16509    0.17801    0.19287    0.20824    0.21038    0.21509
   0.22607    0.23473    0.24115    0.24246    0.24740    0.25406    0.27435    0.27490
   0.45412    0.46250
 kpt#   4, nband= 50, wtk=  0.00463, kpt=  0.5000  0.0000  0.0000 (reduced coord)
  -1.94364   -1.94310   -1.94295   -1.94237   -0.80327   -0.80241   -0.79926   -0.79860
  -0.79745   -0.79613   -0.79409   -0.79286   -0.79166   -0.79101   -0.78974   -0.78952
  -0.37507   -0.34330   -0.33756   -0.33724   -0.33267   -0.31999   -0.31349   -0.31247
   0.07800    0.08056    0.10639    0.10822    0.11017    0.11669    0.12761    0.13218
   0.15482    0.16631    0.17534    0.17936    0.18544    0.19266    0.21433    0.21702
   0.22679    0.23497    0.23787    0.24252    0.24950    0.25676    0.27249    0.27622
   0.44882    0.45802
 kpt#   5, nband= 50, wtk=  0.00926, kpt=  0.0000  0.1667  0.0000 (reduced coord)
  -1.94372   -1.94313   -1.94282   -1.94237   -0.80590   -0.80569   -0.80542   -0.79702
  -0.79414   -0.79343   -0.79309   -0.79291   -0.79155   -0.78875   -0.78837   -0.78826
  -0.39425   -0.34419   -0.34246   -0.33631   -0.32162   -0.31152   -0.31100   -0.30951
   0.07234    0.07353    0.07939    0.10142    0.11141    0.11819    0.14791    0.15380
   0.15916    0.16301    0.16918    0.19121    0.19347    0.19976    0.20905    0.21993
   0.22363    0.22974    0.23667    0.23789    0.24116    0.26395    0.27668    0.27739
   0.45417    0.46677
 kpt#   6, nband= 50, wtk=  0.00926, kpt=  0.1667  0.1667  0.0000 (reduced coord)
  -1.94370   -1.94313   -1.94285   -1.94238   -0.80546   -0.80508   -0.80449   -0.79721
  -0.79448   -0.79411   -0.79291   -0.79258   -0.79152   -0.79037   -0.78874   -0.78795
  -0.39032   -0.34310   -0.34198   -0.33550   -0.32184   -0.31843   -0.31016   -0.30994
   0.07195    0.08084    0.08230    0.10291    0.10571    0.12911    0.14347    0.14938
   0.15524    0.15953    0.17218    0.18640    0.18767    0.20230    0.21141    0.21775
   0.22840    0.23273    0.23393    0.23957    0.24840    0.25178    0.27504    0.27585
   0.45459    0.46669
 kpt#   7, nband= 50, wtk=  0.00926, kpt=  0.3333  0.1667  0.0000 (reduced coord)
  -1.94364   -1.94313   -1.94290   -1.94239   -0.80430   -0.80333   -0.80211   -0.79834
  -0.79599   -0.79424   -0.79397   -0.79266   -0.79152   -0.79108   -0.78961   -0.78853
  -0.38026   -0.34112   -0.34080   -0.33391   -0.33060   -0.32182   -0.31201   -0.31139
   0.07526    0.08448    0.09953    0.10685    0.10827    0.12359    0.13491    0.13869
   0.15795    0.16105    0.17050    0.17871    0.19139    0.20371    0.20947    0.21168
   0.22574    0.23217    0.23776    0.23959    0.24840    0.24946    0.27287    0.27389
   0.45345    0.45752
 kpt#   8, nband= 50, wtk=  0.00926, kpt=  0.5000  0.1667  0.0000 (reduced coord)
  -1.94361   -1.94312   -1.94293   -1.94239   -0.80343   -0.80189   -0.79975   -0.79931
  -0.79723   -0.79698   -0.79342   -0.79276   -0.79151   -0.79026   -0.79018   -0.78934
  -0.37272   -0.34200   -0.34042   -0.33679   -0.33308   -0.32147   -0.31347   -0.31231
   0.08063    0.08430    0.10704    0.11069    0.11161    0.11847    0.12917    0.13493
   0.15699    0.16248    0.17753    0.17881    0.18012    0.19549    0.21319    0.21507
   0.22408    0.23271    0.23449    0.23813    0.24943    0.25099    0.27119    0.27494
   0.45335    0.45580
 kpt#   9, nband= 50, wtk=  0.00926, kpt= -0.3333  0.1667  0.0000 (reduced coord)
  -1.94364   -1.94313   -1.94290   -1.94239   -0.80423   -0.80333   -0.80207   -0.79847
  -0.79598   -0.79423   -0.79388   -0.79271   -0.79157   -0.79118   -0.78960   -0.78846
  -0.38019   -0.34125   -0.34092   -0.33360   -0.33051   -0.32185   -0.31214   -0.31148
   0.07478    0.08529    0.09967    0.10750    0.10825    0.12266    0.13486    0.13800
   0.15768    0.16129    0.17009    0.17898    0.19162    0.20400    0.20981    0.21206
   0.22588    0.23240    0.23783    0.23975    0.24718    0.24936    0.27305    0.27386
   0.45612    0.45773
 kpt#  10, nband= 50, wtk=  0.00926, kpt= -0.1667  0.1667  0.0000 (reduced coord)
  -1.94370   -1.94313   -1.94285   -1.94238   -0.80541   -0.80507   -0.80448   -0.79734
  -0.79439   -0.79405   -0.79294   -0.79258   -0.79155   -0.79049   -0.78874   -0.78789
  -0.39027   -0.34315   -0.34213   -0.33522   -0.32184   -0.31824   -0.31030   -0.31011
   0.07150    0.08093    0.08300    0.10282    0.10637    0.12831    0.14312    0.14880
   0.15529    0.15909    0.17263    0.18655    0.18775    0.20261    0.21152    0.21852
   0.22748    0.23343    0.23434    0.24009    0.24828    0.25031    0.27501    0.27601
   0.45625    0.46820
 kpt#  11, nband= 50, wtk=  0.00926, kpt=  0.0000  0.3333  0.0000 (reduced coord)
  -1.94361   -1.94321   -1.94283   -1.94241   -0.80414   -0.80342   -0.80306   -0.79929
  -0.79614   -0.79400   -0.79317   -0.79275   -0.79077   -0.79052   -0.78919   -0.78895
  -0.38206   -0.34969   -0.34168   -0.33704   -0.32392   -0.31536   -0.31146   -0.31043
   0.07426    0.08570    0.10186    0.10271    0.11876    0.13167    0.13488    0.14025
   0.14409    0.16384    0.17040    0.17918    0.19260    0.19851    0.20377    0.20812
   0.20930    0.22300    0.24173    0.24395    0.25163    0.26285    0.27319    0.27405
   0.44760    0.46046
 kpt#  12, nband= 50, wtk=  0.00926, kpt=  0.1667  0.3333  0.0000 (reduced coord)
  -1.94359   -1.94320   -1.94284   -1.94242   -0.80396   -0.80330   -0.80251   -0.79917
  -0.79633   -0.79517   -0.79282   -0.79246   -0.79110   -0.79064   -0.78958   -0.78854
  -0.37910   -0.34923   -0.34072   -0.33631   -0.32455   -0.32033   -0.31123   -0.31055
   0.07528    0.09208    0.10230    0.10401    0.11489    0.13039    0.13540    0.14317
   0.14478    0.16668    0.16952    0.18276    0.18875    0.19055    0.19626    0.21287
   0.21500    0.23003    0.23755    0.24072    0.25336    0.25413    0.27250    0.27327
   0.44542    0.45745
 kpt#  13, nband= 50, wtk=  0.00926, kpt=  0.3333  0.3333  0.0000 (reduced coord)
  -1.94355   -1.94319   -1.94287   -1.94243   -0.80351   -0.80285   -0.80082   -0.79978
  -0.79736   -0.79549   -0.79429   -0.79203   -0.79085   -0.79048   -0.79005   -0.78852
  -0.37161   -0.34826   -0.33885   -0.33493   -0.32987   -0.32531   -0.31251   -0.31141
   0.08000    0.10129    0.10178    0.11044    0.11572    0.12582    0.13017    0.14432
   0.14702    0.16211    0.17570    0.17858    0.18771    0.19594    0.19729    0.21111
   0.21816    0.22694    0.23723    0.23810    0.24224    0.24960    0.26983    0.27182
   0.44345    0.45391
 kpt#  14, nband= 50, wtk=  0.00926, kpt=  0.5000  0.3333  0.0000 (reduced coord)
  -1.94353   -1.94319   -1.94289   -1.94244   -0.80345   -0.80124   -0.80084   -0.80029
  -0.79787   -0.79598   -0.79439   -0.79260   -0.79098   -0.79003   -0.78946   -0.78912
  -0.36623   -0.34776   -0.33887   -0.33525   -0.33400   -0.32546   -0.31348   -0.31206
   0.08466    0.09923    0.10324    0.11758    0.12134    0.12201    0.12255    0.14458
   0.15195    0.16251    0.16767    0.18058    0.18093    0.20322    0.20615    0.21328
   0.21460    0.22784    0.22973    0.23244    0.24241    0.24717    0.26787    0.27111
   0.44594    0.45376
 kpt#  15, nband= 50, wtk=  0.00926, kpt= -0.3333  0.3333  0.0000 (reduced coord)
  -1.94355   -1.94319   -1.94288   -1.94243   -0.80338   -0.80285   -0.80077   -0.79995
  -0.79736   -0.79542   -0.79432   -0.79209   -0.79073   -0.79054   -0.79020   -0.78842
  -0.37149   -0.34838   -0.33899   -0.33469   -0.32973   -0.32538   -0.31262   -0.31147
   0.08004    0.10133    0.10201    0.11060    0.11687    0.12563    0.12887    0.14352
   0.14635    0.16178    0.17646    0.17845    0.18868    0.19592    0.19802    0.21185
   0.21814    0.22613    0.23717    0.23775    0.24186    0.24953    0.27003    0.27180
   0.44548    0.45387
 kpt#  16, nband= 50, wtk=  0.00926, kpt= -0.1667  0.3333  0.0000 (reduced coord)
  -1.94359   -1.94320   -1.94284   -1.94242   -0.80395   -0.80320   -0.80248   -0.79939
  -0.79624   -0.79512   -0.79283   -0.79248   -0.79129   -0.79055   -0.78964   -0.78844
  -0.37902   -0.34933   -0.34079   -0.33614   -0.32456   -0.32011   -0.31143   -0.31066
   0.07530    0.09204    0.10239    0.10437    0.11599    0.12982    0.13427    0.14288
   0.14396    0.16679    0.16927    0.18261    0.19013    0.19059    0.19758    0.21230
   0.21521    0.22917    0.23816    0.24060    0.25282    0.25394    0.27261    0.27336
   0.44696    0.45738
 kpt#  17, nband= 50, wtk=  0.00463, kpt=  0.0000  0.5000  0.0000 (reduced coord)
  -1.94353   -1.94327   -1.94283   -1.94243   -0.80197   -0.80177   -0.80132   -0.80098
  -0.79710   -0.79689   -0.79304   -0.79264   -0.79039   -0.79009   -0.78996   -0.78966
  -0.36560   -0.36511   -0.33923   -0.33856   -0.32080   -0.32016   -0.31179   -0.31074
   0.08279    0.08422    0.11348    0.11487    0.12509    0.12598    0.13562    0.13790
   0.14198    0.14231    0.17946    0.18014    0.18200    0.18268    0.20397    0.20773
   0.21294    0.21369    0.24419    0.24590    0.26017    0.26096    0.27169    0.27256
   0.44709    0.44919
 kpt#  18, nband= 50, wtk=  0.00926, kpt=  0.1667  0.5000  0.0000 (reduced coord)
  -1.94352   -1.94326   -1.94284   -1.94244   -0.80261   -0.80228   -0.80034   -0.80004
  -0.79783   -0.79774   -0.79248   -0.79224   -0.79085   -0.79058   -0.78962   -0.78934
  -0.36395   -0.36342   -0.33853   -0.33777   -0.32338   -0.32255   -0.31200   -0.31082
   0.08514    0.08650    0.11415    0.11513    0.12290    0.12496    0.13264    0.13451
   0.15106    0.15228    0.17516    0.17865    0.18226    0.18377    0.19882    0.19997
   0.22059    0.22265    0.24010    0.24121    0.25574    0.25668    0.27124    0.27234
   0.44531    0.44663
 kpt#  19, nband= 50, wtk=  0.00926, kpt=  0.3333  0.5000  0.0000 (reduced coord)
  -1.94349   -1.94324   -1.94286   -1.94246   -0.80293   -0.80257   -0.80006   -0.79987
  -0.79787   -0.79772   -0.79294   -0.79288   -0.79063   -0.79045   -0.78920   -0.78907
  -0.35999   -0.35940   -0.33719   -0.33612   -0.32867   -0.32743   -0.31288   -0.31149
   0.09027    0.09142    0.11380    0.11474    0.12409    0.12490    0.13225    0.13350
   0.15686    0.15809    0.16939    0.17258    0.18736    0.18819    0.20538    0.20595
   0.21769    0.21991    0.23644    0.23754    0.24522    0.24639    0.26841    0.27017
   0.44340    0.44477
 kpt#  20, nband= 50, wtk=  0.00463, kpt=  0.5000  0.5000  0.0000 (reduced coord)
  -1.94348   -1.94323   -1.94287   -1.94247   -0.80289   -0.80251   -0.80075   -0.80053
  -0.79672   -0.79646   -0.79419   -0.79403   -0.79009   -0.78994   -0.78917   -0.78907
  -0.35748   -0.35687   -0.33682   -0.33544   -0.33154   -0.32994   -0.31350   -0.31201
   0.09349    0.09438    0.11178    0.11275    0.12577    0.12755    0.13416    0.13517
   0.15099    0.15438    0.16998    0.17106    0.19333    0.19529    0.21117    0.21241
   0.21819    0.21937    0.22589    0.22648    0.24316    0.24344    0.26608    0.26833
   0.44633    0.44707
 kpt#  21, nband= 50, wtk=  0.00926, kpt=  0.0000  0.0000  0.1667 (reduced coord)
  -1.94373   -1.94314   -1.94283   -1.94236   -0.80616   -0.80540   -0.80526   -0.79634
  -0.79445   -0.79359   -0.79301   -0.79279   -0.79216   -0.78919   -0.78829   -0.78792
  -0.39411   -0.34495   -0.34027   -0.33558   -0.31887   -0.31722   -0.31158   -0.30879
   0.07218    0.07422    0.08413    0.09711    0.11143    0.11567    0.14567    0.15174
   0.15821    0.16815    0.17858    0.19084    0.19308    0.19925    0.20860    0.21566
   0.22026    0.23164    0.23830    0.24139    0.24827    0.26377    0.26813    0.27295
   0.45962    0.46581
 kpt#  22, nband= 50, wtk=  0.00926, kpt=  0.1667  0.0000  0.1667 (reduced coord)
  -1.94371   -1.94313   -1.94285   -1.94237   -0.80569   -0.80469   -0.80451   -0.79636
  -0.79550   -0.79337   -0.79314   -0.79261   -0.79223   -0.79041   -0.78829   -0.78813
  -0.39023   -0.34467   -0.33925   -0.33487   -0.32134   -0.31873   -0.31288   -0.30972
   0.07366    0.08092    0.08375    0.09763    0.10960    0.12478    0.14276    0.15092
   0.15490    0.16153    0.17639    0.18584    0.19014    0.20105    0.21281    0.21803
   0.22175    0.23215    0.23702    0.24356    0.24945    0.25212    0.26870    0.27365
   0.46256    0.47119
 kpt#  23, nband= 50, wtk=  0.00926, kpt=  0.3333  0.0000  0.1667 (reduced coord)
  -1.94365   -1.94312   -1.94290   -1.94238   -0.80437   -0.80327   -0.80226   -0.79752
  -0.79672   -0.79467   -0.79322   -0.79278   -0.79192   -0.79102   -0.78920   -0.78872
  -0.38040   -0.34367   -0.33771   -0.33437   -0.33094   -0.31901   -0.31428   -0.31180
   0.07674    0.08243    0.09949    0.10549    0.11174    0.12210    0.13443    0.14541
   0.15423    0.16129    0.16811    0.17864    0.19507    0.20142    0.20630    0.21791
   0.22294    0.22676    0.24042    0.24361    0.24679    0.25457    0.26526    0.27393
   0.45507    0.46089
 kpt#  24, nband= 50, wtk=  0.00926, kpt=  0.5000  0.0000  0.1667 (reduced coord)
  -1.94362   -1.94312   -1.94294   -1.94238   -0.80303   -0.80282   -0.79993   -0.79824
  -0.79786   -0.79706   -0.79304   -0.79261   -0.79138   -0.79077   -0.78993   -0.78937
  -0.37314   -0.34305   -0.34069   -0.33725   -0.33143   -0.31870   -0.31521   -0.31292
   0.07931    0.08381    0.10494    0.11195    0.11331    0.12417    0.12979    0.13718
   0.15265    0.16657    0.17193    0.17401    0.18213    0.19119    0.21380    0.22139
   0.22471    0.22822    0.23608    0.24277    0.24748    0.25691    0.26334    0.27393
   0.45020    0.45666
 kpt#  25, nband= 50, wtk=  0.00926, kpt= -0.3333  0.0000  0.1667 (reduced coord)
  -1.94365   -1.94312   -1.94290   -1.94238   -0.80439   -0.80327   -0.80227   -0.79747
  -0.79671   -0.79466   -0.79321   -0.79275   -0.79194   -0.79107   -0.78919   -0.78874
  -0.38041   -0.34366   -0.33772   -0.33434   -0.33093   -0.31899   -0.31435   -0.31177
   0.07678    0.08236    0.09948    0.10547    0.11173    0.12220    0.13444    0.14534
   0.15423    0.16135    0.16811    0.17861    0.19502    0.20144    0.20628    0.21784
   0.22303    0.22674    0.24061    0.24359    0.24663    0.25460    0.26524    0.27396
   0.45494    0.46101
 kpt#  26, nband= 50, wtk=  0.00926, kpt= -0.1667  0.0000  0.1667 (reduced coord)
  -1.94371   -1.94313   -1.94285   -1.94237   -0.80571   -0.80468   -0.80452   -0.79635
  -0.79543   -0.79350   -0.79304   -0.79261   -0.79223   -0.79043   -0.78828   -0.78816
  -0.39024   -0.34467   -0.33923   -0.33487   -0.32126   -0.31877   -0.31289   -0.30973
   0.07366    0.08102    0.08366    0.09759    0.10956    0.12485    0.14277    0.15093
   0.15492    0.16152    0.17640    0.18597    0.19003    0.20103    0.21265    0.21826
   0.22160    0.23219    0.23689    0.24403    0.24878    0.25238    0.26874    0.27369
   0.46207    0.46863
 kpt#  27, nband= 50, wtk=  0.00926, kpt=  0.0000  0.1667  0.1667 (reduced coord)
  -1.94369   -1.94315   -1.94283   -1.94238   -0.80536   -0.80488   -0.80463   -0.79755
  -0.79426   -0.79383   -0.79330   -0.79240   -0.79188   -0.79025   -0.78858   -0.78796
  -0.39005   -0.34455   -0.34129   -0.33582   -0.32141   -0.31700   -0.31269   -0.30891
   0.07590    0.08200    0.08262    0.10147    0.11319    0.12076    0.14516    0.14719
   0.15716    0.16036    0.17468    0.19056    0.19168    0.19786    0.21121    0.21758
   0.21980    0.22912    0.23129    0.24205    0.24350    0.26217    0.26824    0.27153
   0.45592    0.46811
 kpt#  28, nband= 50, wtk=  0.00926, kpt=  0.1667  0.1667  0.1667 (reduced coord)
  -1.94367   -1.94315   -1.94285   -1.94239   -0.80533   -0.80423   -0.80403   -0.79735
  -0.79526   -0.79393   -0.79331   -0.79220   -0.79196   -0.79101   -0.78838   -0.78820
  -0.38658   -0.34470   -0.34055   -0.33549   -0.32175   -0.32018   -0.31357   -0.30914
   0.07732    0.08419    0.08731    0.10205    0.11116    0.12690    0.14234    0.14825
   0.15380    0.15808    0.17300    0.18122    0.19386    0.20271    0.21137    0.21525
   0.22359    0.22863    0.23356    0.24013    0.24615    0.25171    0.26794    0.27264
   0.45480    0.46970
 kpt#  29, nband= 50, wtk=  0.00926, kpt=  0.3333  0.1667  0.1667 (reduced coord)
  -1.94362   -1.94314   -1.94290   -1.94240   -0.80461   -0.80322   -0.80243   -0.79771
  -0.79658   -0.79555   -0.79328   -0.79212   -0.79142   -0.79103   -0.78905   -0.78877
  -0.37775   -0.34419   -0.34025   -0.33694   -0.32817   -0.32009   -0.31424   -0.31078
   0.07959    0.08655    0.10135    0.10863    0.11234    0.12404    0.13696    0.14354
   0.15368    0.15879    0.16623    0.17928    0.19429    0.20324    0.20564    0.21569
   0.22252    0.22763    0.23464    0.23947    0.24457    0.25000    0.26516    0.27302
   0.45003    0.46091
 kpt#  30, nband= 50, wtk=  0.00926, kpt=  0.5000  0.1667  0.1667 (reduced coord)
  -1.94359   -1.94314   -1.94293   -1.94240   -0.80373   -0.80320   -0.80038   -0.79917
  -0.79729   -0.79671   -0.79256   -0.79218   -0.79103   -0.79044   -0.78987   -0.78946
  -0.37125   -0.34362   -0.34184   -0.34065   -0.32955   -0.31895   -0.31461   -0.31217
   0.08395    0.08533    0.10751    0.11182    0.11293    0.12789    0.13366    0.13678
   0.15369    0.16274    0.16761    0.17461    0.18388    0.19647    0.21005    0.22216
   0.22277    0.22785    0.23459    0.23565    0.24279    0.25241    0.26407    0.27257
   0.44866    0.45471
 kpt#  31, nband= 50, wtk=  0.00926, kpt= -0.3333  0.1667  0.1667 (reduced coord)
  -1.94362   -1.94314   -1.94290   -1.94240   -0.80445   -0.80339   -0.80241   -0.79755
  -0.79673   -0.79547   -0.79330   -0.79209   -0.79143   -0.79114   -0.78908   -0.78870
  -0.37769   -0.34433   -0.34016   -0.33690   -0.32803   -0.32007   -0.31422   -0.31105
   0.07916    0.08705    0.10176    0.10896    0.11261    0.12324    0.13672    0.14290
   0.15326    0.15904    0.16636    0.17965    0.19437    0.20326    0.20563    0.21631
   0.22250    0.22700    0.23481    0.24031    0.24429    0.24949    0.26501    0.27312
   0.45174    0.46140
 kpt#  32, nband= 50, wtk=  0.00926, kpt= -0.1667  0.1667  0.1667 (reduced coord)
  -1.94367   -1.94315   -1.94285   -1.94239   -0.80522   -0.80430   -0.80404   -0.79741
  -0.79509   -0.79386   -0.79350   -0.79215   -0.79197   -0.79110   -0.78844   -0.78812
  -0.38653   -0.34486   -0.34047   -0.33531   -0.32171   -0.32008   -0.31359   -0.30942
   0.07697    0.08423    0.08786    0.10246    0.11114    0.12653    0.14158    0.14816
   0.15357    0.15802    0.17348    0.18163    0.19376    0.20226    0.21131    0.21606
   0.22304    0.22841    0.23551    0.23971    0.24550    0.25121    0.26791    0.27283
   0.45620    0.46881
 kpt#  33, nband= 50, wtk=  0.00926, kpt=  0.0000  0.3333  0.1667 (reduced coord)
  -1.94359   -1.94321   -1.94284   -1.94242   -0.80378   -0.80326   -0.80246   -0.79978
  -0.79588   -0.79470   -0.79350   -0.79236   -0.79099   -0.79085   -0.78933   -0.78871
  -0.37877   -0.34843   -0.34269   -0.33729   -0.32349   -0.31601   -0.31541   -0.31036
   0.08172    0.08982    0.10345    0.10599    0.11840    0.12494    0.13646    0.13988
   0.15008    0.16137    0.16987    0.17920    0.18998    0.19772    0.20561    0.20945
   0.21463    0.22192    0.22777    0.24061    0.25136    0.26146    0.26735    0.26910
   0.45004    0.46179
 kpt#  34, nband= 50, wtk=  0.00926, kpt=  0.1667  0.3333  0.1667 (reduced coord)
  -1.94357   -1.94321   -1.94285   -1.94243   -0.80424   -0.80344   -0.80235   -0.79895
  -0.79619   -0.79575   -0.79305   -0.79199   -0.79133   -0.79055   -0.78906   -0.78881
  -0.37636   -0.34895   -0.34222   -0.33735   -0.32371   -0.32042   -0.31374   -0.30988
   0.08239    0.09327    0.10515    0.10799    0.11539    0.12667    0.13784    0.14228
   0.14806    0.15983    0.16873    0.18165    0.18793    0.19702    0.20200    0.21097
   0.21702    0.22607    0.22846    0.23680    0.25014    0.25417    0.26642    0.26954
   0.44698    0.45885
 kpt#  35, nband= 50, wtk=  0.00926, kpt=  0.3333  0.3333  0.1667 (reduced coord)
  -1.94354   -1.94320   -1.94288   -1.94244   -0.80448   -0.80342   -0.80260   -0.79943
  -0.79689   -0.79469   -0.79346   -0.79155   -0.79073   -0.79029   -0.78969   -0.78867
  -0.37023   -0.34906   -0.34287   -0.33978   -0.32547   -0.32185   -0.31322   -0.31052
   0.08510    0.09970    0.10766    0.11054    0.11765    0.12493    0.13716    0.14193
   0.14962    0.15799    0.16827    0.18367    0.18860    0.19632    0.20497    0.20790
   0.21691    0.22313    0.23122    0.23531    0.24111    0.24898    0.26407    0.26939
   0.44241    0.45469
 kpt#  36, nband= 50, wtk=  0.00926, kpt=  0.5000  0.3333  0.1667 (reduced coord)
  -1.94352   -1.94319   -1.94289   -1.94244   -0.80438   -0.80335   -0.80228   -0.80120
  -0.79586   -0.79495   -0.79292   -0.79171   -0.79067   -0.78997   -0.78951   -0.78921
  -0.36580   -0.34864   -0.34414   -0.34307   -0.32637   -0.32040   -0.31328   -0.31149
   0.08825    0.10023    0.10756    0.11520    0.11655    0.12733    0.13225    0.14481
   0.14780    0.16483    0.16612    0.17876    0.18700    0.20108    0.20280    0.21357
   0.21580    0.22301    0.22434    0.23387    0.23927    0.24759    0.26366    0.26880
   0.44254    0.45208
 kpt#  37, nband= 50, wtk=  0.00926, kpt= -0.3333  0.3333  0.1667 (reduced coord)
  -1.94354   -1.94320   -1.94288   -1.94244   -0.80431   -0.80353   -0.80267   -0.79941
  -0.79684   -0.79452   -0.79365   -0.79160   -0.79073   -0.79024   -0.78985   -0.78856
  -0.37013   -0.34923   -0.34269   -0.33982   -0.32538   -0.32184   -0.31316   -0.31078
   0.08510    0.09985    0.10738    0.11115    0.11828    0.12484    0.13629    0.14139
   0.14892    0.15784    0.16835    0.18419    0.18931    0.19653    0.20522    0.20823
   0.21680    0.22303    0.23096    0.23466    0.24124    0.24896    0.26403    0.26952
   0.44403    0.45526
 kpt#  38, nband= 50, wtk=  0.00926, kpt= -0.1667  0.3333  0.1667 (reduced coord)
  -1.94357   -1.94321   -1.94285   -1.94243   -0.80412   -0.80345   -0.80245   -0.79898
  -0.79615   -0.79558   -0.79320   -0.79193   -0.79148   -0.79055   -0.78915   -0.78866
  -0.37628   -0.34911   -0.34209   -0.33731   -0.32371   -0.32024   -0.31379   -0.31013
   0.08239    0.09340    0.10513    0.10829    0.11607    0.12636    0.13669    0.14194
   0.14760    0.16001    0.16910    0.18173    0.18813    0.19775    0.20258    0.21021
   0.21695    0.22636    0.22848    0.23653    0.24969    0.25418    0.26643    0.26975
   0.44833    0.45877
 kpt#  39, nband= 50, wtk=  0.00926, kpt=  0.0000  0.5000  0.1667 (reduced coord)
  -1.94352   -1.94326   -1.94284   -1.94244   -0.80209   -0.80193   -0.80114   -0.80085
  -0.79721   -0.79711   -0.79287   -0.79256   -0.79039   -0.79013   -0.78991   -0.78976
  -0.36341   -0.36290   -0.34009   -0.33955   -0.32082   -0.32013   -0.31348   -0.31248
   0.09013    0.09168    0.11221    0.11362    0.12082    0.12170    0.13902    0.14143
   0.14767    0.14797    0.17254    0.17545    0.18182    0.18361    0.20912    0.21212
   0.21315    0.21386    0.23369    0.23534    0.25839    0.25923    0.26705    0.26804
   0.44906    0.45193
 kpt#  40, nband= 50, wtk=  0.00926, kpt=  0.1667  0.5000  0.1667 (reduced coord)
  -1.94351   -1.94325   -1.94285   -1.94245   -0.80327   -0.80307   -0.80046   -0.80017
  -0.79749   -0.79721   -0.79222   -0.79194   -0.79062   -0.79028   -0.78971   -0.78952
  -0.36245   -0.36190   -0.34035   -0.33947   -0.32267   -0.32212   -0.31239   -0.31170
   0.09177    0.09289    0.11062    0.11186    0.12408    0.12568    0.13807    0.13948
   0.15143    0.15266    0.16734    0.17017    0.18800    0.18842    0.20345    0.20388
   0.21910    0.22039    0.23196    0.23341    0.25435    0.25530    0.26628    0.26701
   0.44697    0.44849
 kpt#  41, nband= 50, wtk=  0.00926, kpt=  0.3333  0.5000  0.1667 (reduced coord)
  -1.94349   -1.94324   -1.94287   -1.94246   -0.80402   -0.80382   -0.80171   -0.80158
  -0.79597   -0.79568   -0.79202   -0.79190   -0.79057   -0.79033   -0.78926   -0.78914
  -0.35985   -0.35933   -0.34229   -0.34123   -0.32394   -0.32337   -0.31215   -0.31122
   0.09539    0.09617    0.11167    0.11273    0.12479    0.12627    0.13629    0.13773
   0.15551    0.15725    0.16895    0.17126    0.19257    0.19361    0.20198    0.20264
   0.21675    0.21726    0.23083    0.23180    0.24635    0.24728    0.26447    0.26563
   0.44396    0.44450
 kpt#  42, nband= 50, wtk=  0.00926, kpt=  0.5000  0.5000  0.1667 (reduced coord)
  -1.94348   -1.94323   -1.94287   -1.94247   -0.80402   -0.80372   -0.80281   -0.80262
  -0.79460   -0.79429   -0.79293   -0.79277   -0.79009   -0.78992   -0.78917   -0.78907
  -0.35795   -0.35747   -0.34414   -0.34348   -0.32351   -0.32296   -0.31265   -0.31139
   0.09762    0.09825    0.11333    0.11408    0.12380    0.12548    0.13365    0.13456
   0.15749    0.16005    0.17203    0.17358    0.19440    0.19686    0.20406    0.20620
   0.21380    0.21484    0.22574    0.22608    0.24361    0.24428    0.26379    0.26560
   0.44378    0.44533
 kpt#  43, nband= 50, wtk=  0.00926, kpt= -0.3333  0.5000  0.1667 (reduced coord)
  -1.94349   -1.94324   -1.94287   -1.94246   -0.80410   -0.80380   -0.80172   -0.80152
  -0.79587   -0.79571   -0.79203   -0.79191   -0.79059   -0.79037   -0.78927   -0.78910
  -0.35987   -0.35932   -0.34193   -0.34161   -0.32397   -0.32325   -0.31234   -0.31109
   0.09520    0.09636    0.11184    0.11253    0.12508    0.12595    0.13646    0.13754
   0.15612    0.15665    0.16963    0.17061    0.19227    0.19391    0.20194    0.20275
   0.21639    0.21766    0.23064    0.23189    0.24634    0.24727    0.26433    0.26582
   0.44312    0.44521
 kpt#  44, nband= 50, wtk=  0.00926, kpt= -0.1667  0.5000  0.1667 (reduced coord)
  -1.94351   -1.94325   -1.94285   -1.94245   -0.80335   -0.80306   -0.80044   -0.80016
  -0.79737   -0.79724   -0.79218   -0.79201   -0.79065   -0.79026   -0.78980   -0.78944
  -0.36242   -0.36193   -0.34014   -0.33970   -0.32278   -0.32191   -0.31265   -0.31151
   0.09155    0.09314    0.11082    0.11164    0.12398    0.12578    0.13783    0.13969
   0.15146    0.15256    0.16803    0.16958    0.18741    0.18897    0.20294    0.20451
   0.21896    0.22054    0.23198    0.23334    0.25454    0.25501    0.26621    0.26717
   0.44639    0.44905
 kpt#  45, nband= 50, wtk=  0.00926, kpt=  0.0000 -0.3333  0.1667 (reduced coord)
  -1.94359   -1.94321   -1.94284   -1.94242   -0.80377   -0.80344   -0.80215   -0.79978
  -0.79600   -0.79469   -0.79341   -0.79243   -0.79112   -0.79082   -0.78924   -0.78876
  -0.37863   -0.34842   -0.34243   -0.33702   -0.32359   -0.31613   -0.31581   -0.31055
   0.08238    0.08990    0.10370    0.10635    0.11808    0.12514    0.13730    0.14022
   0.14868    0.15895    0.16846    0.18111    0.19221    0.19675    0.20776    0.21035
   0.21085    0.22260    0.22788    0.24115    0.25090    0.26144    0.26717    0.26866
   0.44818    0.46411
 kpt#  46, nband= 50, wtk=  0.00926, kpt=  0.1667 -0.3333  0.1667 (reduced coord)
  -1.94357   -1.94321   -1.94285   -1.94243   -0.80418   -0.80342   -0.80223   -0.79902
  -0.79627   -0.79566   -0.79319   -0.79197   -0.79145   -0.79050   -0.78914   -0.78869
  -0.37615   -0.34892   -0.34201   -0.33694   -0.32407   -0.32012   -0.31457   -0.30999
   0.08271    0.09372    0.10541    0.10875    0.11622    0.12530    0.13793    0.14247
   0.14666    0.15853    0.16839    0.18304    0.18876    0.19872    0.20150    0.20864
   0.21679    0.22643    0.22907    0.23690    0.24940    0.25484    0.26631    0.26906
   0.44680    0.46031
 kpt#  47, nband= 50, wtk=  0.00926, kpt=  0.3333 -0.3333  0.1667 (reduced coord)
  -1.94354   -1.94320   -1.94288   -1.94244   -0.80440   -0.80342   -0.80249   -0.79939
  -0.79706   -0.79465   -0.79356   -0.79160   -0.79078   -0.79017   -0.78981   -0.78858
  -0.37005   -0.34894   -0.34250   -0.33941   -0.32582   -0.32200   -0.31435   -0.31007
   0.08519    0.10057    0.10754    0.11141    0.11806    0.12490    0.13547    0.14190
   0.14863    0.15822    0.16890    0.18425    0.18931    0.19700    0.20476    0.20570
   0.21658    0.22409    0.23086    0.23560    0.24064    0.24915    0.26440    0.26843
   0.44385    0.45520
 kpt#  48, nband= 50, wtk=  0.00926, kpt=  0.5000 -0.3333  0.1667 (reduced coord)
  -1.94352   -1.94319   -1.94289   -1.94244   -0.80447   -0.80324   -0.80211   -0.80121
  -0.79607   -0.79496   -0.79281   -0.79191   -0.79054   -0.78998   -0.78952   -0.78921
  -0.36578   -0.34841   -0.34373   -0.34267   -0.32666   -0.32100   -0.31463   -0.31043
   0.08836    0.10085    0.10776    0.11569    0.11636    0.12734    0.13094    0.14513
   0.14863    0.16436    0.16569    0.18000    0.18787    0.19917    0.20372    0.21253
   0.21479    0.22343    0.22488    0.23465    0.23862    0.24735    0.26387    0.26770
   0.44345    0.45227
 kpt#  49, nband= 50, wtk=  0.00926, kpt= -0.3333 -0.3333  0.1667 (reduced coord)
  -1.94354   -1.94320   -1.94288   -1.94244   -0.80462   -0.80336   -0.80237   -0.79940
  -0.79699   -0.79481   -0.79332   -0.79161   -0.79080   -0.79029   -0.78967   -0.78867
  -0.37016   -0.34878   -0.34256   -0.33952   -0.32585   -0.32193   -0.31445   -0.30987
   0.08518    0.10043    0.10777    0.11083    0.11742    0.12498    0.13638    0.14243
   0.14931    0.15834    0.16877    0.18401    0.18848    0.19660    0.20432    0.20580
   0.21674    0.22413    0.23106    0.23614    0.24060    0.24911    0.26444    0.26837
   0.44210    0.45542
 kpt#  50, nband= 50, wtk=  0.00926, kpt= -0.1667 -0.3333  0.1667 (reduced coord)
  -1.94357   -1.94321   -1.94285   -1.94243   -0.80438   -0.80340   -0.80212   -0.79896
  -0.79619   -0.79580   -0.79299   -0.79210   -0.79127   -0.79064   -0.78907   -0.78879
  -0.37624   -0.34877   -0.34210   -0.33705   -0.32404   -0.32021   -0.31459   -0.30977
   0.08270    0.09360    0.10552    0.10843    0.11536    0.12579    0.13889    0.14276
   0.14730    0.15825    0.16807    0.18306    0.18850    0.19796    0.20070    0.20961
   0.21710    0.22610    0.22898    0.23706    0.24984    0.25474    0.26633    0.26895
   0.44543    0.46036
 kpt#  51, nband= 50, wtk=  0.00926, kpt=  0.0000 -0.1667  0.1667 (reduced coord)
  -1.94369   -1.94315   -1.94283   -1.94238   -0.80552   -0.80486   -0.80441   -0.79754
  -0.79419   -0.79402   -0.79312   -0.79262   -0.79182   -0.79024   -0.78855   -0.78802
  -0.38997   -0.34418   -0.34113   -0.33579   -0.32168   -0.31705   -0.31270   -0.30935
   0.07665    0.08176    0.08242    0.10300    0.11299    0.12018    0.14572    0.14713
   0.15538    0.15941    0.17429    0.19079    0.19369    0.20020    0.20744    0.21788
   0.22034    0.22832    0.23237    0.24253    0.24331    0.26227    0.26814    0.27071
   0.45511    0.46740
 kpt#  52, nband= 50, wtk=  0.00926, kpt=  0.1667 -0.1667  0.1667 (reduced coord)
  -1.94367   -1.94315   -1.94285   -1.94239   -0.80528   -0.80432   -0.80384   -0.79743
  -0.79515   -0.79393   -0.79345   -0.79241   -0.79187   -0.79096   -0.78842   -0.78815
  -0.38645   -0.34434   -0.34052   -0.33510   -0.32222   -0.32009   -0.31373   -0.30965
   0.07722    0.08386    0.08848    0.10361    0.11084    0.12617    0.14216    0.14770
   0.15306    0.15715    0.17302    0.18299    0.19391    0.20256    0.21015    0.21582
   0.22312    0.22777    0.23652    0.23944    0.24584    0.25169    0.26796    0.27190
   0.45529    0.46904
 kpt#  53, nband= 50, wtk=  0.00926, kpt=  0.3333 -0.1667  0.1667 (reduced coord)
  -1.94362   -1.94314   -1.94290   -1.94240   -0.80447   -0.80335   -0.80225   -0.79756
  -0.79679   -0.79567   -0.79328   -0.79211   -0.79152   -0.79098   -0.78909   -0.78870
  -0.37761   -0.34379   -0.34010   -0.33633   -0.32872   -0.32032   -0.31502   -0.31065
   0.07903    0.08769    0.10183    0.10961    0.11241    0.12316    0.13695    0.14251
   0.15230    0.15947    0.16702    0.17986    0.19481    0.20258    0.20519    0.21543
   0.22176    0.22824    0.23455    0.24028    0.24386    0.25031    0.26528    0.27215
   0.45149    0.46119
 kpt#  54, nband= 50, wtk=  0.00926, kpt=  0.5000 -0.1667  0.1667 (reduced coord)
  -1.94359   -1.94314   -1.94293   -1.94240   -0.80377   -0.80310   -0.80022   -0.79912
  -0.79736   -0.79693   -0.79263   -0.79209   -0.79108   -0.79042   -0.78979   -0.78954
  -0.37121   -0.34314   -0.34138   -0.34039   -0.33007   -0.31945   -0.31584   -0.31127
   0.08412    0.08560    0.10787    0.11197    0.11284    0.12791    0.13400    0.13613
   0.15359    0.16337    0.16662    0.17514    0.18590    0.19487    0.21028    0.22108
   0.22195    0.22832    0.23445    0.23570    0.24284    0.25277    0.26417    0.27164
   0.44917    0.45513
 kpt#  55, nband= 50, wtk=  0.00926, kpt= -0.3333 -0.1667  0.1667 (reduced coord)
  -1.94362   -1.94314   -1.94290   -1.94240   -0.80467   -0.80321   -0.80225   -0.79766
  -0.79663   -0.79565   -0.79321   -0.79212   -0.79150   -0.79101   -0.78908   -0.78877
  -0.37769   -0.34363   -0.34018   -0.33642   -0.32881   -0.32031   -0.31507   -0.31042
   0.07946    0.08716    0.10143    0.10916    0.11220    0.12413    0.13724    0.14298
   0.15270    0.15929    0.16687    0.17958    0.19464    0.20262    0.20497    0.21502
   0.22197    0.22873    0.23439    0.23948    0.24404    0.25079    0.26544    0.27207
   0.44973    0.46108
 kpt#  56, nband= 50, wtk=  0.00926, kpt= -0.1667 -0.1667  0.1667 (reduced coord)
  -1.94367   -1.94315   -1.94285   -1.94239   -0.80544   -0.80425   -0.80382   -0.79736
  -0.79522   -0.79394   -0.79331   -0.79238   -0.79188   -0.79098   -0.78841   -0.78822
  -0.38650   -0.34419   -0.34056   -0.33532   -0.32213   -0.32023   -0.31375   -0.30940
   0.07759    0.08382    0.08789    0.10313    0.11080    0.12671    0.14283    0.14788
   0.15327    0.15716    0.17261    0.18263    0.19405    0.20276    0.21004    0.21563
   0.22346    0.22758    0.23505    0.23954    0.24660    0.25212    0.26807    0.27175
   0.45373    0.46830
 kpt#  57, nband= 50, wtk=  0.00926, kpt=  0.0000  0.0000  0.3333 (reduced coord)
  -1.94364   -1.94320   -1.94283   -1.94238   -0.80406   -0.80323   -0.80264   -0.79812
  -0.79624   -0.79455   -0.79377   -0.79261   -0.79130   -0.79106   -0.78911   -0.78879
  -0.38151   -0.34921   -0.33699   -0.33434   -0.32411   -0.31881   -0.31601   -0.31213
   0.08271    0.08420    0.09484    0.11053    0.11777    0.12505    0.12826    0.13854
   0.14146    0.17468    0.18284    0.18432    0.19192    0.19766    0.20002    0.21266
   0.21741    0.23000    0.23925    0.24576    0.24831    0.25715    0.26040    0.26079
   0.46423    0.46812
 kpt#  58, nband= 50, wtk=  0.00926, kpt=  0.1667  0.0000  0.3333 (reduced coord)
  -1.94362   -1.94319   -1.94285   -1.94239   -0.80400   -0.80313   -0.80221   -0.79792
  -0.79721   -0.79495   -0.79339   -0.79255   -0.79161   -0.79082   -0.78920   -0.78866
  -0.37882   -0.34953   -0.33689   -0.33407   -0.32530   -0.31893   -0.31762   -0.31207
   0.08033    0.09191    0.09635    0.10648    0.11870    0.12383    0.13627    0.13938
   0.14584    0.16942    0.17844    0.18436    0.18518    0.19903    0.20433    0.20896
   0.21795    0.22728    0.23633    0.24702    0.25020    0.25352    0.25991    0.26118
   0.46155    0.46544
 kpt#  59, nband= 50, wtk=  0.00926, kpt=  0.3333  0.0000  0.3333 (reduced coord)
  -1.94359   -1.94317   -1.94289   -1.94240   -0.80378   -0.80290   -0.80100   -0.79892
  -0.79742   -0.79666   -0.79289   -0.79202   -0.79156   -0.79026   -0.79003   -0.78855
  -0.37222   -0.35020   -0.33695   -0.33471   -0.32940   -0.31998   -0.31702   -0.31297
   0.08151    0.09589    0.09995    0.11371    0.11818    0.12393    0.13850    0.14241
   0.15603    0.16295    0.17321    0.17737    0.18565    0.19191    0.19778    0.21143
   0.21832    0.22402    0.23594    0.24515    0.24829    0.25213    0.25603    0.26480
   0.45354    0.45838
 kpt#  60, nband= 50, wtk=  0.00926, kpt=  0.5000  0.0000  0.3333 (reduced coord)
  -1.94358   -1.94315   -1.94292   -1.94240   -0.80363   -0.80267   -0.79990   -0.79931
  -0.79883   -0.79681   -0.79289   -0.79151   -0.79118   -0.79088   -0.78959   -0.78893
  -0.36772   -0.35066   -0.33835   -0.33655   -0.32995   -0.32018   -0.31649   -0.31365
   0.08467    0.09234    0.10331    0.11661    0.12061    0.12673    0.13860    0.14219
   0.16440    0.16866    0.16904    0.17060    0.17585    0.18033    0.20704    0.20911
   0.21714    0.22640    0.24001    0.24351    0.24466    0.24655    0.25700    0.26616
   0.45040    0.45345
 kpt#  61, nband= 50, wtk=  0.00926, kpt= -0.3333  0.0000  0.3333 (reduced coord)
  -1.94359   -1.94317   -1.94289   -1.94240   -0.80381   -0.80292   -0.80100   -0.79886
  -0.79738   -0.79667   -0.79289   -0.79205   -0.79151   -0.79029   -0.79003   -0.78857
  -0.37223   -0.35018   -0.33699   -0.33466   -0.32936   -0.32005   -0.31701   -0.31297
   0.08152    0.09583    0.09994    0.11371    0.11814    0.12408    0.13842    0.14245
   0.15609    0.16292    0.17329    0.17731    0.18551    0.19197    0.19770    0.21147
   0.21838    0.22409    0.23590    0.24552    0.24786    0.25209    0.25601    0.26490
   0.45332    0.45848
 kpt#  62, nband= 50, wtk=  0.00926, kpt= -0.1667  0.0000  0.3333 (reduced coord)
  -1.94362   -1.94319   -1.94285   -1.94239   -0.80404   -0.80314   -0.80221   -0.79789
  -0.79718   -0.79495   -0.79337   -0.79254   -0.79160   -0.79087   -0.78920   -0.78868
  -0.37883   -0.34952   -0.33697   -0.33398   -0.32526   -0.31902   -0.31758   -0.31208
   0.08036    0.09185    0.09640    0.10645    0.11852    0.12403    0.13609    0.13960
   0.14580    0.16950    0.17836    0.18426    0.18527    0.19899    0.20435    0.20904
   0.21783    0.22734    0.23638    0.24740    0.24950    0.25365    0.25986    0.26137
   0.46110    0.46563
 kpt#  63, nband= 50, wtk=  0.00926, kpt=  0.0000  0.1667  0.3333 (reduced coord)
  -1.94361   -1.94320   -1.94284   -1.94240   -0.80383   -0.80270   -0.80252   -0.79920
  -0.79584   -0.79506   -0.79296   -0.79284   -0.79174   -0.79113   -0.78938   -0.78846
  -0.37837   -0.34864   -0.33859   -0.33592   -0.32286   -0.32057   -0.31624   -0.31224
   0.08708    0.08942    0.09807    0.11081    0.11780    0.12748    0.12928    0.13956
   0.14205    0.16638    0.17768    0.18590    0.19208    0.19630    0.20305    0.21253
   0.21982    0.22322    0.23386    0.24183    0.24632    0.25490    0.25843    0.26183
   0.46029    0.47000
 kpt#  64, nband= 50, wtk=  0.00926, kpt=  0.1667  0.1667  0.3333 (reduced coord)
  -1.94360   -1.94320   -1.94286   -1.94241   -0.80434   -0.80314   -0.80232   -0.79832
  -0.79658   -0.79557   -0.79293   -0.79246   -0.79143   -0.79099   -0.78899   -0.78866
  -0.37617   -0.34940   -0.33935   -0.33657   -0.32323   -0.31966   -0.31782   -0.31126
   0.08497    0.09637    0.09926    0.10733    0.11895    0.12566    0.13616    0.14202
   0.14538    0.16115    0.17459    0.18137    0.19116    0.20172    0.20630    0.21041
   0.21452    0.22385    0.23431    0.24060    0.24441    0.25041    0.25923    0.26299
   0.45545    0.47013
 kpt#  65, nband= 50, wtk=  0.00926, kpt=  0.3333  0.1667  0.3333 (reduced coord)
  -1.94357   -1.94318   -1.94289   -1.94241   -0.80467   -0.80376   -0.80218   -0.79924
  -0.79670   -0.79553   -0.79229   -0.79184   -0.79110   -0.79048   -0.78939   -0.78868
  -0.37068   -0.35078   -0.34127   -0.33934   -0.32484   -0.31839   -0.31670   -0.31148
   0.08600    0.09867    0.10368    0.11264    0.11794    0.12714    0.14013    0.14196
   0.15379    0.15935    0.16809    0.17872    0.18908    0.19649    0.19824    0.21474
   0.22032    0.22270    0.22973    0.23751    0.24286    0.25077    0.25395    0.26480
   0.44818    0.45833
 kpt#  66, nband= 50, wtk=  0.00926, kpt=  0.5000  0.1667  0.3333 (reduced coord)
  -1.94356   -1.94317   -1.94291   -1.94242   -0.80450   -0.80418   -0.80169   -0.80083
  -0.79652   -0.79516   -0.79189   -0.79130   -0.79084   -0.79035   -0.78964   -0.78903
  -0.36687   -0.35154   -0.34317   -0.34132   -0.32509   -0.31753   -0.31558   -0.31239
   0.09044    0.09313    0.10639    0.11657    0.12116    0.12684    0.13958    0.14527
   0.15608    0.16255    0.16367    0.17487    0.18261    0.19035    0.20748    0.21075
   0.21805    0.22640    0.23312    0.23541    0.23973    0.24867    0.25342    0.26514
   0.44619    0.45121
 kpt#  67, nband= 50, wtk=  0.00926, kpt= -0.3333  0.1667  0.3333 (reduced coord)
  -1.94357   -1.94318   -1.94289   -1.94241   -0.80450   -0.80383   -0.80232   -0.79913
  -0.79671   -0.79559   -0.79228   -0.79183   -0.79105   -0.79057   -0.78935   -0.78870
  -0.37066   -0.35069   -0.34150   -0.33909   -0.32477   -0.31816   -0.31681   -0.31181
   0.08590    0.09851    0.10403    0.11304    0.11823    0.12695    0.13962    0.14134
   0.15390    0.15956    0.16758    0.17961    0.18914    0.19609    0.19838    0.21428
   0.22055    0.22261    0.22955    0.23884    0.24237    0.25093    0.25343    0.26493
   0.44933    0.45750
 kpt#  68, nband= 50, wtk=  0.00926, kpt= -0.1667  0.1667  0.3333 (reduced coord)
  -1.94360   -1.94320   -1.94286   -1.94241   -0.80419   -0.80308   -0.80254   -0.79822
  -0.79659   -0.79561   -0.79288   -0.79252   -0.79143   -0.79102   -0.78892   -0.78872
  -0.37614   -0.34937   -0.33959   -0.33619   -0.32320   -0.31953   -0.31790   -0.31154
   0.08491    0.09659    0.09909    0.10779    0.11900    0.12540    0.13557    0.14222
   0.14536    0.16116    0.17465    0.18176    0.19089    0.20120    0.20533    0.21066
   0.21542    0.22397    0.23485    0.24095    0.24402    0.25029    0.25913    0.26295
   0.45673    0.46900
 kpt#  69, nband= 50, wtk=  0.00926, kpt=  0.0000  0.3333  0.3333 (reduced coord)
  -1.94353   -1.94322   -1.94286   -1.94244   -0.80293   -0.80257   -0.80099   -0.80083
  -0.79683   -0.79485   -0.79446   -0.79216   -0.79113   -0.79086   -0.78980   -0.78859
  -0.36957   -0.34662   -0.34530   -0.33936   -0.32201   -0.32000   -0.31769   -0.31358
   0.09563    0.10541    0.10594    0.11389    0.11784    0.12716    0.13435    0.13468
   0.14867    0.16000    0.16933    0.17648    0.18617    0.19894    0.20358    0.21038
   0.21441    0.22105    0.22161    0.23095    0.24804    0.25326    0.25778    0.26042
   0.45580    0.46846
 kpt#  70, nband= 50, wtk=  0.00926, kpt=  0.1667  0.3333  0.3333 (reduced coord)
  -1.94353   -1.94322   -1.94287   -1.94244   -0.80430   -0.80337   -0.80258   -0.79977
  -0.79654   -0.79468   -0.79330   -0.79165   -0.79091   -0.79058   -0.78948   -0.78874
  -0.36864   -0.34875   -0.34617   -0.34093   -0.32077   -0.32023   -0.31702   -0.31147
   0.09513    0.10373    0.10975    0.11411    0.11956    0.12620    0.13450    0.14121
   0.14922    0.15637    0.16631    0.17979    0.18860    0.19952    0.20355    0.21082
   0.21259    0.22084    0.22278    0.22808    0.24516    0.24907    0.25781    0.26207
   0.45012    0.46382
 kpt#  71, nband= 50, wtk=  0.00926, kpt=  0.3333  0.3333  0.3333 (reduced coord)
  -1.94351   -1.94321   -1.94288   -1.94245   -0.80550   -0.80471   -0.80390   -0.80188
  -0.79442   -0.79341   -0.79197   -0.79117   -0.79049   -0.79014   -0.78909   -0.78901
  -0.36601   -0.35140   -0.34898   -0.34534   -0.32030   -0.31690   -0.31459   -0.31021
   0.09511    0.10650    0.11260    0.11579    0.11945    0.12522    0.13424    0.14510
   0.15010    0.16180    0.16839    0.17901    0.18815    0.19484    0.20401    0.20941
   0.21522    0.21935    0.22161    0.22893    0.23888    0.24820    0.25378    0.26155
   0.44250    0.45738
 kpt#  72, nband= 50, wtk=  0.00926, kpt=  0.5000  0.3333  0.3333 (reduced coord)
  -1.94351   -1.94320   -1.94289   -1.94245   -0.80569   -0.80539   -0.80404   -0.80343
  -0.79334   -0.79306   -0.79120   -0.79089   -0.79012   -0.78989   -0.78932   -0.78921
  -0.36392   -0.35259   -0.35021   -0.34855   -0.31937   -0.31473   -0.31369   -0.31056
   0.09723    0.10485    0.11384    0.11713    0.11996    0.12636    0.13262    0.14526
   0.15156    0.16421    0.17047    0.17773    0.18899    0.19490    0.20097    0.20964
   0.21468    0.21849    0.22316    0.22935    0.23434    0.24949    0.25073    0.26131
   0.44152    0.44809
 kpt#  73, nband= 50, wtk=  0.00926, kpt= -0.3333  0.3333  0.3333 (reduced coord)
  -1.94351   -1.94321   -1.94288   -1.94245   -0.80530   -0.80478   -0.80405   -0.80184
  -0.79437   -0.79331   -0.79211   -0.79120   -0.79052   -0.79018   -0.78915   -0.78889
  -0.36597   -0.35145   -0.34873   -0.34547   -0.32028   -0.31677   -0.31451   -0.31055
   0.09510    0.10644    0.11291    0.11577    0.11957    0.12561    0.13348    0.14506
   0.15025    0.16111    0.16851    0.17895    0.18888    0.19419    0.20430    0.20932
   0.21534    0.21960    0.22166    0.22901    0.23857    0.24848    0.25358    0.26158
   0.44354    0.45665
 kpt#  74, nband= 50, wtk=  0.00926, kpt= -0.1667  0.3333  0.3333 (reduced coord)
  -1.94353   -1.94322   -1.94287   -1.94244   -0.80408   -0.80334   -0.80287   -0.79968
  -0.79659   -0.79440   -0.79355   -0.79161   -0.79109   -0.79058   -0.78937   -0.78874
  -0.36860   -0.34893   -0.34587   -0.34096   -0.32076   -0.32007   -0.31709   -0.31172
   0.09514    0.10404    0.10970    0.11423    0.11930    0.12648    0.13376    0.14143
   0.14911    0.15624    0.16654    0.17992    0.18868    0.19866    0.20302    0.21112
   0.21340    0.22094    0.22279    0.22859    0.24447    0.24939    0.25800    0.26182
   0.45111    0.46394
 kpt#  75, nband= 50, wtk=  0.00926, kpt=  0.0000  0.5000  0.3333 (reduced coord)
  -1.94349   -1.94324   -1.94287   -1.94246   -0.80218   -0.80209   -0.80120   -0.80100
  -0.79684   -0.79656   -0.79352   -0.79311   -0.79037   -0.79024   -0.78958   -0.78950
  -0.35748   -0.35699   -0.34334   -0.34303   -0.32069   -0.31990   -0.31701   -0.31610
   0.10667    0.10834    0.11532    0.11596    0.11658    0.11755    0.14306    0.14639
   0.14854    0.15063    0.16451    0.16563    0.18838    0.18962    0.20270    0.20472
   0.21479    0.21686    0.22487    0.22648    0.25289    0.25396    0.25545    0.25635
   0.45602    0.45923
 kpt#  76, nband= 50, wtk=  0.00926, kpt=  0.1667  0.5000  0.3333 (reduced coord)
  -1.94348   -1.94324   -1.94287   -1.94246   -0.80386   -0.80367   -0.80191   -0.80172
  -0.79568   -0.79534   -0.79227   -0.79205   -0.79026   -0.79006   -0.78972   -0.78944
  -0.35818   -0.35766   -0.34531   -0.34445   -0.32057   -0.32023   -0.31409   -0.31380
   0.10581    0.10701    0.11170    0.11337    0.12291    0.12451    0.14441    0.14601
   0.14821    0.14933    0.16602    0.16747    0.19100    0.19162    0.20328    0.20508
   0.21241    0.21321    0.22587    0.22664    0.24769    0.24853    0.25825    0.25873
   0.45171    0.45372
 kpt#  77, nband= 50, wtk=  0.00926, kpt=  0.3333  0.5000  0.3333 (reduced coord)
  -1.94348   -1.94323   -1.94288   -1.94247   -0.80538   -0.80523   -0.80401   -0.80385
  -0.79333   -0.79301   -0.79102   -0.79084   -0.79034   -0.78992   -0.78946   -0.78922
  -0.35871   -0.35835   -0.34970   -0.34858   -0.31798   -0.31770   -0.31161   -0.31128
   0.10588    0.10661    0.11336    0.11449    0.12408    0.12592    0.13713    0.13855
   0.15938    0.16054    0.17101    0.17244    0.18902    0.18980    0.20275    0.20404
   0.21100    0.21165    0.22484    0.22583    0.24483    0.24560    0.25594    0.25654
   0.44552    0.44655
 kpt#  78, nband= 50, wtk=  0.00926, kpt=  0.5000  0.5000  0.3333 (reduced coord)
  -1.94347   -1.94323   -1.94288   -1.94247   -0.80572   -0.80553   -0.80517   -0.80502
  -0.79209   -0.79177   -0.79109   -0.79083   -0.79006   -0.78985   -0.78919   -0.78910
  -0.35847   -0.35801   -0.35214   -0.35140   -0.31611   -0.31561   -0.31140   -0.31056
   0.10669    0.10733    0.11563    0.11616    0.12360    0.12585    0.13245    0.13360
   0.16627    0.16878    0.17156    0.17412    0.19131    0.19392    0.19600    0.19709
   0.21357    0.21430    0.22304    0.22450    0.24272    0.24389    0.25520    0.25623
   0.44432    0.44568
 kpt#  79, nband= 50, wtk=  0.00926, kpt= -0.3333  0.5000  0.3333 (reduced coord)
  -1.94348   -1.94323   -1.94288   -1.94247   -0.80546   -0.80522   -0.80399   -0.80380
  -0.79327   -0.79297   -0.79104   -0.79086   -0.79037   -0.79000   -0.78942   -0.78920
  -0.35891   -0.35815   -0.34922   -0.34907   -0.31797   -0.31761   -0.31190   -0.31108
   0.10587    0.10664    0.11358    0.11425    0.12384    0.12615    0.13693    0.13874
   0.15881    0.16116    0.17132    0.17216    0.18843    0.19036    0.20281    0.20384
   0.21072    0.21209    0.22431    0.22632    0.24487    0.24549    0.25617    0.25641
   0.44515    0.44689
 kpt#  80, nband= 50, wtk=  0.00926, kpt= -0.1667  0.5000  0.3333 (reduced coord)
  -1.94348   -1.94324   -1.94287   -1.94246   -0.80391   -0.80369   -0.80192   -0.80165
  -0.79561   -0.79529   -0.79235   -0.79204   -0.79041   -0.78997   -0.78969   -0.78945
  -0.35820   -0.35765   -0.34508   -0.34469   -0.32073   -0.31996   -0.31438   -0.31361
   0.10575    0.10709    0.11238    0.11267    0.12269    0.12475    0.14455    0.14544
   0.14794    0.14996    0.16637    0.16721    0.19068    0.19188    0.20326    0.20511
   0.21203    0.21370    0.22539    0.22706    0.24744    0.24867    0.25824    0.25882
   0.45126    0.45420
 kpt#  81, nband= 50, wtk=  0.00926, kpt=  0.0000 -0.3333  0.3333 (reduced coord)
  -1.94353   -1.94322   -1.94286   -1.94244   -0.80299   -0.80256   -0.80087   -0.80071
  -0.79690   -0.79483   -0.79455   -0.79236   -0.79105   -0.79082   -0.78972   -0.78866
  -0.36935   -0.34651   -0.34535   -0.33891   -0.32224   -0.32029   -0.31765   -0.31395
   0.09705    0.10547    0.10583    0.11467    0.11739    0.12617    0.13442    0.13583
   0.14663    0.15860    0.17228    0.17422    0.18786    0.19946    0.20294    0.20874
   0.21536    0.22068    0.22253    0.23054    0.24759    0.25407    0.25782    0.25970
   0.45337    0.47069
 kpt#  82, nband= 50, wtk=  0.00926, kpt=  0.1667 -0.3333  0.3333 (reduced coord)
  -1.94353   -1.94322   -1.94287   -1.94244   -0.80418   -0.80323   -0.80271   -0.79971
  -0.79665   -0.79455   -0.79356   -0.79163   -0.79105   -0.79048   -0.78935   -0.78881
  -0.36841   -0.34862   -0.34601   -0.34063   -0.32110   -0.31980   -0.31778   -0.31174
   0.09559    0.10443    0.11029    0.11469    0.11927    0.12524    0.13385    0.14293
   0.14783    0.15615    0.16569    0.18091    0.18831    0.19914    0.20252    0.20990
   0.21317    0.22023    0.22344    0.22945    0.24433    0.24989    0.25805    0.26135
   0.44932    0.46545
 kpt#  83, nband= 50, wtk=  0.00926, kpt=  0.3333 -0.3333  0.3333 (reduced coord)
  -1.94351   -1.94321   -1.94288   -1.94245   -0.80540   -0.80464   -0.80392   -0.80191
  -0.79443   -0.79349   -0.79209   -0.79103   -0.79068   -0.79002   -0.78917   -0.78892
  -0.36587   -0.35111   -0.34867   -0.34529   -0.32025   -0.31720   -0.31531   -0.31013
   0.09496    0.10744    0.11310    0.11621    0.12003    0.12438    0.13333    0.14553
   0.15092    0.16135    0.16771    0.17968    0.18768    0.19419    0.20381    0.20910
   0.21414    0.21913    0.22265    0.23012    0.23790    0.24873    0.25375    0.26097
   0.44326    0.45852
 kpt#  84, nband= 50, wtk=  0.00926, kpt=  0.5000 -0.3333  0.3333 (reduced coord)
  -1.94351   -1.94320   -1.94289   -1.94245   -0.80580   -0.80526   -0.80387   -0.80353
  -0.79341   -0.79313   -0.79114   -0.79089   -0.79016   -0.78987   -0.78933   -0.78921
  -0.36392   -0.35215   -0.35006   -0.34844   -0.31930   -0.31543   -0.31460   -0.30982
   0.09715    0.10512    0.11475    0.11809    0.12008    0.12579    0.13114    0.14504
   0.15287    0.16644    0.16886    0.17627    0.19146    0.19345    0.20131    0.20842
   0.21330    0.21874    0.22334    0.23037    0.23395    0.24940    0.25073    0.26052
   0.44273    0.44858
 kpt#  85, nband= 50, wtk=  0.00926, kpt= -0.3333 -0.3333  0.3333 (reduced coord)
  -1.94351   -1.94321   -1.94288   -1.94245   -0.80564   -0.80461   -0.80376   -0.80190
  -0.79438   -0.79357   -0.79185   -0.79112   -0.79059   -0.79016   -0.78914   -0.78898
  -0.36593   -0.35102   -0.34883   -0.34530   -0.32016   -0.31719   -0.31552   -0.30987
   0.09498    0.10744    0.11281    0.11631    0.11970    0.12412    0.13415    0.14536
   0.15094    0.16198    0.16765    0.17978    0.18705    0.19490    0.20305    0.20968
   0.21389    0.21875    0.22256    0.23006    0.23823    0.24843    0.25399    0.26101
   0.44217    0.45959
 kpt#  86, nband= 50, wtk=  0.00926, kpt= -0.1667 -0.3333  0.3333 (reduced coord)
  -1.94353   -1.94322   -1.94287   -1.94244   -0.80444   -0.80328   -0.80241   -0.79976
  -0.79651   -0.79477   -0.79328   -0.79172   -0.79094   -0.79058   -0.78941   -0.78880
  -0.36846   -0.34842   -0.34632   -0.34063   -0.32111   -0.31980   -0.31783   -0.31153
   0.09560    0.10410    0.11033    0.11458    0.11951    0.12497    0.13457    0.14245
   0.14804    0.15637    0.16549    0.18087    0.18830    0.19978    0.20320    0.20982
   0.21217    0.21995    0.22357    0.22895    0.24487    0.24946    0.25810    0.26160
   0.44825    0.46573
 kpt#  87, nband= 50, wtk=  0.00926, kpt=  0.0000 -0.1667  0.3333 (reduced coord)
  -1.94361   -1.94320   -1.94284   -1.94240   -0.80397   -0.80268   -0.80227   -0.79917
  -0.79583   -0.79513   -0.79308   -0.79297   -0.79162   -0.79111   -0.78934   -0.78851
  -0.37824   -0.34849   -0.33841   -0.33541   -0.32327   -0.32116   -0.31596   -0.31261
   0.08795    0.08950    0.09829    0.11150    0.11725    0.12652    0.12957    0.14000
   0.14104    0.16606    0.18047    0.18387    0.19210    0.19695    0.20075    0.21213
   0.22092    0.22590    0.23252    0.23984    0.24698    0.25596    0.25887    0.26059
   0.45945    0.46983
 kpt#  88, nband= 50, wtk=  0.00926, kpt=  0.1667 -0.1667  0.3333 (reduced coord)
  -1.94359   -1.94320   -1.94286   -1.94241   -0.80429   -0.80290   -0.80245   -0.79821
  -0.79664   -0.79574   -0.79305   -0.79250   -0.79135   -0.79093   -0.78892   -0.78875
  -0.37602   -0.34915   -0.33935   -0.33586   -0.32352   -0.32023   -0.31782   -0.31162
   0.08504    0.09713    0.09936    0.10848    0.11894    0.12452    0.13596    0.14141
   0.14569    0.16174    0.17405    0.18164    0.19063    0.20147    0.20488    0.21037
   0.21616    0.22307    0.23436    0.24061    0.24508    0.25138    0.25927    0.26177
   0.45592    0.46934
 kpt#  89, nband= 50, wtk=  0.00926, kpt=  0.3333 -0.1667  0.3333 (reduced coord)
  -1.94357   -1.94318   -1.94289   -1.94241   -0.80454   -0.80374   -0.80218   -0.79917
  -0.79676   -0.79573   -0.79237   -0.79180   -0.79106   -0.79042   -0.78942   -0.78870
  -0.37058   -0.35039   -0.34115   -0.33893   -0.32498   -0.31890   -0.31723   -0.31146
   0.08577    0.09897    0.10463    0.11337    0.11831    0.12619    0.14013    0.14161
   0.15336    0.16062    0.16688    0.17896    0.18906    0.19501    0.19947    0.21483
   0.21972    0.22209    0.22950    0.23880    0.24229    0.25134    0.25378    0.26420
   0.44941    0.45844
 kpt#  90, nband= 50, wtk=  0.00926, kpt=  0.5000 -0.1667  0.3333 (reduced coord)
  -1.94356   -1.94317   -1.94291   -1.94242   -0.80443   -0.80424   -0.80146   -0.80091
  -0.79662   -0.79522   -0.79198   -0.79127   -0.79078   -0.79033   -0.78964   -0.78907
  -0.36686   -0.35114   -0.34290   -0.34105   -0.32529   -0.31850   -0.31614   -0.31171
   0.09062    0.09308    0.10712    0.11723    0.12038    0.12660    0.14005    0.14584
   0.15610    0.16057    0.16596    0.17301    0.18464    0.18886    0.20796    0.21054
   0.21845    0.22577    0.23306    0.23460    0.23957    0.24844    0.25390    0.26467
   0.44722    0.45149
 kpt#  91, nband= 50, wtk=  0.00926, kpt= -0.3333 -0.1667  0.3333 (reduced coord)
  -1.94357   -1.94318   -1.94289   -1.94241   -0.80476   -0.80369   -0.80204   -0.79921
  -0.79678   -0.79555   -0.79239   -0.79182   -0.79100   -0.79046   -0.78947   -0.78870
  -0.37063   -0.35045   -0.34082   -0.33928   -0.32493   -0.31917   -0.31711   -0.31120
   0.08590    0.09902    0.10425    0.11299    0.11797    0.12661    0.14054    0.14226
   0.15331    0.16047    0.16720    0.17819    0.18915    0.19519    0.19920    0.21551
   0.21947    0.22219    0.22978    0.23760    0.24249    0.25111    0.25432    0.26418
   0.44815    0.45909
 kpt#  92, nband= 50, wtk=  0.00926, kpt= -0.1667 -0.1667  0.3333 (reduced coord)
  -1.94359   -1.94320   -1.94286   -1.94241   -0.80449   -0.80298   -0.80222   -0.79827
  -0.79661   -0.79557   -0.79308   -0.79248   -0.79127   -0.79106   -0.78899   -0.78870
  -0.37606   -0.34917   -0.33916   -0.33617   -0.32344   -0.32043   -0.31775   -0.31137
   0.08514    0.09683    0.09953    0.10802    0.11863    0.12509    0.13648    0.14134
   0.14562    0.16179    0.17399    0.18120    0.19090    0.20197    0.20572    0.21028
   0.21528    0.22301    0.23401    0.24008    0.24525    0.25139    0.25960    0.26185
   0.45442    0.47174
 kpt#  93, nband= 50, wtk=  0.00463, kpt=  0.0000  0.0000  0.5000 (reduced coord)
  -1.94358   -1.94325   -1.94283   -1.94239   -0.80130   -0.80107   -0.80085   -0.80066
  -0.79731   -0.79699   -0.79368   -0.79344   -0.79046   -0.79035   -0.78999   -0.78984
  -0.36467   -0.36388   -0.33488   -0.33384   -0.32208   -0.32196   -0.31645   -0.31618
   0.09034    0.09090    0.10597    0.10626    0.12552    0.12615    0.12874    0.12975
   0.14842    0.14943    0.18237    0.18267    0.19508    0.19650    0.20710    0.20942
   0.21648    0.21785    0.24565    0.24602    0.24826    0.24892    0.25871    0.25975
   0.46665    0.46984
 kpt#  94, nband= 50, wtk=  0.00926, kpt=  0.1667  0.0000  0.5000 (reduced coord)
  -1.94357   -1.94324   -1.94285   -1.94240   -0.80218   -0.80212   -0.79990   -0.79974
  -0.79800   -0.79776   -0.79292   -0.79279   -0.79067   -0.79038   -0.78986   -0.78968
  -0.36365   -0.36286   -0.33514   -0.33415   -0.32353   -0.32343   -0.31574   -0.31549
   0.08925    0.08977    0.10851    0.10872    0.12483    0.12555    0.13446    0.13524
   0.15185    0.15232    0.17819    0.17854    0.18936    0.19037    0.20467    0.20647
   0.22200    0.22227    0.24309    0.24329    0.24948    0.25047    0.25625    0.25715
   0.46116    0.46270
 kpt#  95, nband= 50, wtk=  0.00926, kpt=  0.3333  0.0000  0.5000 (reduced coord)
  -1.94356   -1.94320   -1.94289   -1.94241   -0.80310   -0.80307   -0.79925   -0.79907
  -0.79871   -0.79844   -0.79214   -0.79179   -0.79113   -0.79104   -0.78929   -0.78909
  -0.36140   -0.36061   -0.33604   -0.33522   -0.32554   -0.32539   -0.31508   -0.31481
   0.09039    0.09110    0.11012    0.11042    0.12270    0.12384    0.14670    0.14735
   0.15906    0.15990    0.17036    0.17132    0.18330    0.18427    0.19856    0.19967
   0.22434    0.22493    0.23646    0.23682    0.24846    0.24978    0.25727    0.25784
   0.45331    0.45405
 kpt#  96, nband= 50, wtk=  0.00463, kpt=  0.5000  0.0000  0.5000 (reduced coord)
  -1.94355   -1.94318   -1.94291   -1.94242   -0.80345   -0.80343   -0.79976   -0.79957
  -0.79816   -0.79777   -0.79259   -0.79202   -0.79078   -0.79069   -0.78909   -0.78889
  -0.36015   -0.35935   -0.33674   -0.33604   -0.32629   -0.32601   -0.31494   -0.31465
   0.09299    0.09408    0.10829    0.10902    0.12108    0.12244    0.15464    0.15599
   0.16150    0.16224    0.16922    0.17061    0.18100    0.18234    0.19417    0.19438
   0.21811    0.21927    0.23758    0.23852    0.24795    0.24898    0.25746    0.25792
   0.44936    0.44996
 kpt#  97, nband= 50, wtk=  0.00926, kpt=  0.0000  0.1667  0.5000 (reduced coord)
  -1.94355   -1.94324   -1.94285   -1.94241   -0.80177   -0.80140   -0.80080   -0.80045
  -0.79737   -0.79716   -0.79315   -0.79297   -0.79109   -0.79092   -0.78955   -0.78940
  -0.36274   -0.36192   -0.33700   -0.33593   -0.32169   -0.32141   -0.31703   -0.31658
   0.09546    0.09620    0.10704    0.10757    0.12674    0.12791    0.13082    0.13141
   0.14732    0.14830    0.17856    0.17902    0.19507    0.19580    0.20354    0.20568
   0.21940    0.21974    0.23993    0.24082    0.24733    0.24796    0.25644    0.25743
   0.46516    0.46766
 kpt#  98, nband= 50, wtk=  0.00926, kpt=  0.1667  0.1667  0.5000 (reduced coord)
  -1.94355   -1.94323   -1.94286   -1.94242   -0.80326   -0.80284   -0.80029   -0.79995
  -0.79716   -0.79709   -0.79273   -0.79236   -0.79086   -0.79035   -0.78965   -0.78948
  -0.36219   -0.36158   -0.33788   -0.33754   -0.32300   -0.32123   -0.31666   -0.31414
   0.09382    0.09487    0.10920    0.11040    0.12360    0.12907    0.13550    0.13710
   0.14934    0.15289    0.17136    0.17552    0.19196    0.19467    0.20405    0.20629
   0.21981    0.22211    0.23722    0.23918    0.24416    0.24937    0.25156    0.26024
   0.45578    0.46886
 kpt#  99, nband= 50, wtk=  0.00926, kpt=  0.3333  0.1667  0.5000 (reduced coord)
  -1.94354   -1.94320   -1.94289   -1.94242   -0.80441   -0.80414   -0.80146   -0.80106
  -0.79602   -0.79589   -0.79197   -0.79132   -0.79079   -0.79038   -0.78936   -0.78914
  -0.36109   -0.36035   -0.34086   -0.34049   -0.32230   -0.32127   -0.31477   -0.31291
   0.09376    0.09753    0.10852    0.11410    0.12189    0.12628    0.14154    0.14922
   0.15607    0.15735    0.16726    0.17636    0.18512    0.18747    0.19846    0.20780
   0.22191    0.22372    0.22745    0.23954    0.24023    0.24626    0.25542    0.25721
   0.44869    0.45544
 kpt# 100, nband= 50, wtk=  0.00926, kpt=  0.5000  0.1667  0.5000 (reduced coord)
  -1.94353   -1.94318   -1.94291   -1.94243   -0.80473   -0.80456   -0.80208   -0.80185
  -0.79544   -0.79519   -0.79176   -0.79121   -0.79059   -0.79044   -0.78914   -0.78893
  -0.36038   -0.35955   -0.34272   -0.34202   -0.32139   -0.32088   -0.31386   -0.31321
   0.09769    0.09857    0.10983    0.11022    0.12199    0.12359    0.14623    0.14756
   0.16337    0.16383    0.16881    0.16987    0.18802    0.18903    0.19661    0.19782
   0.21932    0.22072    0.23311    0.23424    0.24162    0.24295    0.25656    0.25689
   0.44728    0.44823
 kpt# 101, nband= 50, wtk=  0.00926, kpt= -0.3333  0.1667  0.5000 (reduced coord)
  -1.94354   -1.94320   -1.94289   -1.94242   -0.80427   -0.80413   -0.80165   -0.80097
  -0.79611   -0.79594   -0.79170   -0.79140   -0.79075   -0.79057   -0.78929   -0.78916
  -0.36182   -0.35947   -0.34152   -0.33986   -0.32199   -0.32141   -0.31466   -0.31333
   0.09321    0.09815    0.10867    0.11453    0.12260    0.12504    0.14082    0.14921
   0.15646    0.15748    0.16702    0.17709    0.18486    0.18697    0.19920    0.20676
   0.22243    0.22357    0.22792    0.23919    0.24075    0.24547    0.25611    0.25700
   0.44967    0.45472
 kpt# 102, nband= 50, wtk=  0.00926, kpt= -0.1667  0.1667  0.5000 (reduced coord)
  -1.94355   -1.94323   -1.94286   -1.94242   -0.80304   -0.80283   -0.80049   -0.79992
  -0.79726   -0.79711   -0.79271   -0.79224   -0.79088   -0.79042   -0.78964   -0.78946
  -0.36292   -0.36071   -0.33870   -0.33670   -0.32290   -0.32115   -0.31665   -0.31452
   0.09338    0.09524    0.10958    0.11078    0.12330    0.12817    0.13555    0.13768
   0.14967    0.15221    0.17161    0.17564    0.19222    0.19332    0.20408    0.20603
   0.22066    0.22275    0.23827    0.23896    0.24329    0.24860    0.25233    0.25999
   0.45721    0.46718
 kpt# 103, nband= 50, wtk=  0.00926, kpt=  0.0000  0.3333  0.5000 (reduced coord)
  -1.94350   -1.94323   -1.94287   -1.94245   -0.80221   -0.80186   -0.80113   -0.80078
  -0.79682   -0.79664   -0.79338   -0.79318   -0.79098   -0.79082   -0.78929   -0.78915
  -0.35743   -0.35654   -0.34261   -0.34154   -0.32077   -0.32028   -0.31822   -0.31761
   0.10523    0.10584    0.11357    0.11434    0.12633    0.12726    0.13823    0.13849
   0.14624    0.14699    0.17146    0.17297    0.18078    0.18318    0.20841    0.20963
   0.22117    0.22230    0.22592    0.22826    0.24412    0.24496    0.25456    0.25487
   0.46342    0.46545
 kpt# 104, nband= 50, wtk=  0.00926, kpt=  0.1667  0.3333  0.5000 (reduced coord)
  -1.94350   -1.94322   -1.94288   -1.94245   -0.80406   -0.80345   -0.80201   -0.80148
  -0.79554   -0.79506   -0.79264   -0.79187   -0.79076   -0.79061   -0.78932   -0.78920
  -0.35847   -0.35721   -0.34498   -0.34371   -0.31988   -0.31927   -0.31706   -0.31409
   0.10326    0.10578    0.11426    0.11584    0.12231    0.13248    0.13806    0.13918
   0.14977    0.15201    0.16652    0.16843    0.18888    0.19073    0.20646    0.20983
   0.21819    0.21937    0.22205    0.22399    0.24227    0.24820    0.24962    0.26043
   0.45190    0.46910
 kpt# 105, nband= 50, wtk=  0.00926, kpt=  0.3333  0.3333  0.5000 (reduced coord)
  -1.94350   -1.94321   -1.94289   -1.94246   -0.80576   -0.80532   -0.80389   -0.80349
  -0.79318   -0.79301   -0.79139   -0.79083   -0.79033   -0.78998   -0.78925   -0.78915
  -0.35974   -0.35855   -0.34906   -0.34806   -0.31723   -0.31651   -0.31360   -0.31139
   0.10356    0.10610    0.11537    0.11931    0.11944    0.13097    0.13567    0.13753
   0.15753    0.16026    0.17051    0.17194    0.18792    0.19256    0.20436    0.20618
   0.21463    0.21918    0.22109    0.22343    0.23784    0.24733    0.24980    0.25694
   0.44355    0.45764
 kpt# 106, nband= 50, wtk=  0.00926, kpt=  0.5000  0.3333  0.5000 (reduced coord)
  -1.94349   -1.94321   -1.94289   -1.94246   -0.80624   -0.80600   -0.80474   -0.80448
  -0.79234   -0.79213   -0.79089   -0.79049   -0.79015   -0.78988   -0.78909   -0.78896
  -0.35997   -0.35912   -0.35101   -0.35024   -0.31548   -0.31487   -0.31197   -0.31119
   0.10591    0.10618    0.11747    0.11828    0.12222    0.12438    0.13551    0.13638
   0.16182    0.16243    0.17352    0.17430    0.19135    0.19203    0.19849    0.20078
   0.21975    0.22039    0.22453    0.22509    0.23680    0.23756    0.25286    0.25343
   0.44474    0.44553
 kpt# 107, nband= 50, wtk=  0.00926, kpt= -0.3333  0.3333  0.5000 (reduced coord)
  -1.94350   -1.94321   -1.94289   -1.94246   -0.80552   -0.80536   -0.80417   -0.80339
  -0.79330   -0.79296   -0.79126   -0.79085   -0.79037   -0.79014   -0.78918   -0.78911
  -0.36044   -0.35763   -0.34891   -0.34831   -0.31736   -0.31615   -0.31348   -0.31187
   0.10328    0.10623    0.11582    0.11963    0.11983    0.12983    0.13558    0.13755
   0.15728    0.16054    0.17075    0.17221    0.18733    0.19252    0.20398    0.20609
   0.21409    0.21980    0.22188    0.22405    0.23671    0.24750    0.25061    0.25645
   0.44417    0.45713
 kpt# 108, nband= 50, wtk=  0.00926, kpt= -0.1667  0.3333  0.5000 (reduced coord)
  -1.94350   -1.94322   -1.94288   -1.94245   -0.80377   -0.80350   -0.80232   -0.80139
  -0.79554   -0.79511   -0.79265   -0.79180   -0.79079   -0.79067   -0.78930   -0.78917
  -0.35921   -0.35628   -0.34466   -0.34407   -0.31974   -0.31921   -0.31706   -0.31445
   0.10330    0.10552    0.11451    0.11658    0.12186    0.13218    0.13804    0.13947
   0.14966    0.15138    0.16669    0.16891    0.18859    0.19014    0.20576    0.20964
   0.21847    0.21952    0.22335    0.22490    0.24132    0.24862    0.24930    0.26023
   0.45276    0.47138
 kpt# 109, nband= 50, wtk=  0.00463, kpt=  0.0000  0.5000  0.5000 (reduced coord)
  -1.94347   -1.94323   -1.94288   -1.94247   -0.80208   -0.80198   -0.80155   -0.80141
  -0.79541   -0.79518   -0.79505   -0.79463   -0.79009   -0.78997   -0.78955   -0.78943
  -0.35030   -0.34993   -0.34928   -0.34887   -0.31990   -0.31954   -0.31896   -0.31863
   0.11192    0.11214    0.11297    0.11325    0.13666    0.13706    0.13877    0.13925
   0.15099    0.15116    0.15301    0.15318    0.19203    0.19283    0.19378    0.19452
   0.22280    0.22316    0.22501    0.22537    0.24744    0.24813    0.24868    0.24939
   0.46706    0.46827
 kpt# 110, nband= 50, wtk=  0.00926, kpt=  0.1667  0.5000  0.5000 (reduced coord)
  -1.94347   -1.94323   -1.94288   -1.94247   -0.80377   -0.80339   -0.80314   -0.80274
  -0.79399   -0.79381   -0.79323   -0.79300   -0.79006   -0.78994   -0.78953   -0.78940
  -0.35295   -0.35202   -0.35125   -0.35025   -0.31826   -0.31803   -0.31638   -0.31579
   0.11035    0.11071    0.11478    0.11514    0.13343    0.13387    0.13709    0.13757
   0.15515    0.15588    0.15827    0.15850    0.19482    0.19512    0.19599    0.19689
   0.21792    0.21834    0.22020    0.22102    0.24389    0.24499    0.25462    0.25524
   0.45645    0.45752
 kpt# 111, nband= 50, wtk=  0.00926, kpt=  0.3333  0.5000  0.5000 (reduced coord)
  -1.94347   -1.94323   -1.94288   -1.94247   -0.80573   -0.80544   -0.80525   -0.80496
  -0.79172   -0.79166   -0.79117   -0.79105   -0.78989   -0.78982   -0.78941   -0.78931
  -0.35629   -0.35543   -0.35482   -0.35391   -0.31447   -0.31412   -0.31286   -0.31226
   0.11176    0.11198    0.11465    0.11492    0.12913    0.12981    0.13455    0.13545
   0.16217    0.16337    0.16621    0.16705    0.19380    0.19465    0.19652    0.19771
   0.21455    0.21557    0.21924    0.22035    0.24292    0.24407    0.25238    0.25308
   0.44794    0.44875
 kpt# 112, nband= 50, wtk=  0.00463, kpt=  0.5000  0.5000  0.5000 (reduced coord)
  -1.94347   -1.94323   -1.94288   -1.94247   -0.80640   -0.80629   -0.80604   -0.80596
  -0.79087   -0.79084   -0.79056   -0.79048   -0.78966   -0.78960   -0.78925   -0.78920
  -0.35742   -0.35681   -0.35654   -0.35590   -0.31223   -0.31217   -0.31147   -0.31131
   0.11338    0.11350    0.11407    0.11413    0.12926    0.12997    0.13211    0.13273
   0.16433    0.16544    0.16817    0.16922    0.19362    0.19466    0.19529    0.19633
   0.21825    0.21889    0.22005    0.22061    0.24446    0.24541    0.24579    0.24666
   0.44867    0.44982
