 Fermi (or HOMO) energy (hartree) =   0.28103   Average Vxc (hartree)=  -0.44562
 Eigenvalues (hartree) for nkpt= 112  k points:
 kpt#   1, nband= 50, wtk=  0.00463, kpt=  0.0000  0.0000  0.0000 (reduced coord)
  -1.94256   -1.94189   -1.94167   -1.94125   -0.80671   -0.80551   -0.80539   -0.79492
  -0.79289   -0.79258   -0.79213   -0.79187   -0.79155   -0.78748   -0.78702   -0.78666
  -0.39842   -0.34493   -0.34157   -0.33646   -0.31586   -0.31321   -0.31176   -0.30520
   0.06441    0.06474    0.07498    0.09576    0.10298    0.10388    0.15889    0.15957
   0.16117    0.16741    0.17569    0.18680    0.19459    0.20216    0.21751    0.22352
   0.22727    0.23461    0.23611    0.23878    0.25048    0.26420    0.28034    0.28103
   0.45549    0.46133
 kpt#   2, nband= 50, wtk=  0.00926, kpt=  0.1667  0.0000  0.0000 (reduced coord)
  -1.94253   -1.94189   -1.94169   -1.94126   -0.80592   -0.80472   -0.80442   -0.79514
  -0.79374   -0.79272   -0.79207   -0.79179   -0.79149   -0.78838   -0.78776   -0.78703
  -0.39399   -0.34344   -0.34075   -0.33530   -0.31950   -0.31704   -0.31176   -0.30652
   0.06815    0.07297    0.07364    0.09748    0.10038    0.12077    0.14872    0.15141
   0.15651    0.16384    0.17339    0.18346    0.19023    0.20774    0.21574    0.22097
   0.23277    0.23778    0.24073    0.24207    0.24977    0.25240    0.27763    0.27956
   0.45962    0.46756
 kpt#   3, nband= 50, wtk=  0.00926, kpt=  0.3333  0.0000  0.0000 (reduced coord)
  -1.94245   -1.94192   -1.94173   -1.94127   -0.80387   -0.80293   -0.80146   -0.79659
  -0.79563   -0.79320   -0.79198   -0.79179   -0.79136   -0.79082   -0.78849   -0.78801
  -0.38245   -0.33986   -0.33950   -0.33304   -0.33255   -0.31988   -0.31309   -0.30961
   0.07532    0.07707    0.09700    0.10374    0.10557    0.12135    0.13474    0.13690
   0.15658    0.15953    0.16559    0.18216    0.18976    0.20220    0.20927    0.21744
   0.23020    0.23730    0.24141    0.24426    0.24936    0.25476    0.27586    0.27635
   0.46010    0.46189
 kpt#   4, nband= 50, wtk=  0.00463, kpt=  0.5000  0.0000  0.0000 (reduced coord)
  -1.94241   -1.94194   -1.94175   -1.94128   -0.80216   -0.80153   -0.79840   -0.79823
  -0.79687   -0.79551   -0.79318   -0.79181   -0.79097   -0.78992   -0.78917   -0.78885
  -0.37314   -0.34501   -0.33748   -0.33692   -0.33121   -0.32160   -0.31396   -0.31148
   0.08138    0.08352    0.10643    0.10693    0.11051    0.12066    0.12640    0.12709
   0.14970    0.15990    0.17587    0.17881    0.18658    0.18872    0.21042    0.22009
   0.22324    0.23151    0.24272    0.24522    0.25360    0.25653    0.27457    0.27708
   0.45598    0.46084
 kpt#   5, nband= 50, wtk=  0.00926, kpt=  0.0000  0.1667  0.0000 (reduced coord)
  -1.94252   -1.94189   -1.94170   -1.94126   -0.80561   -0.80483   -0.80464   -0.79600
  -0.79278   -0.79275   -0.79243   -0.79211   -0.79101   -0.78799   -0.78772   -0.78732
  -0.39375   -0.34433   -0.34078   -0.33641   -0.32039   -0.31364   -0.31290   -0.30606
   0.06979    0.07184    0.07408    0.09737    0.10635    0.11595    0.14757    0.15287
   0.15764    0.16666    0.16923    0.18419    0.19343    0.20270    0.21988    0.22287
   0.22887    0.23250    0.23731    0.23806    0.24532    0.26271    0.27851    0.27936
   0.45578    0.46144
 kpt#   6, nband= 50, wtk=  0.00926, kpt=  0.1667  0.1667  0.0000 (reduced coord)
  -1.94249   -1.94189   -1.94172   -1.94127   -0.80505   -0.80422   -0.80373   -0.79629
  -0.79361   -0.79326   -0.79199   -0.79180   -0.79084   -0.78974   -0.78812   -0.78692
  -0.38975   -0.34353   -0.33998   -0.33526   -0.32125   -0.32039   -0.31187   -0.30708
   0.07093    0.07846    0.07871    0.09891    0.10476    0.12651    0.14170    0.15172
   0.15550    0.15713    0.17252    0.17891    0.19073    0.20297    0.21685    0.21857
   0.23217    0.23596    0.23873    0.24430    0.24628    0.24997    0.27658    0.27783
   0.45633    0.46355
 kpt#   7, nband= 50, wtk=  0.00926, kpt=  0.3333  0.1667  0.0000 (reduced coord)
  -1.94242   -1.94191   -1.94175   -1.94129   -0.80359   -0.80247   -0.80133   -0.79766
  -0.79546   -0.79344   -0.79298   -0.79173   -0.79078   -0.79036   -0.78892   -0.78756
  -0.37932   -0.34160   -0.33885   -0.33318   -0.33249   -0.32271   -0.31292   -0.30963
   0.07608    0.08550    0.09904    0.10549    0.10869    0.12367    0.13173    0.13954
   0.15647    0.15947    0.16606    0.18199    0.18665    0.20004    0.20835    0.21132
   0.22758    0.23634    0.23837    0.24243    0.24869    0.25063    0.27464    0.27533
   0.45608    0.46085
 kpt#   8, nband= 50, wtk=  0.00926, kpt=  0.5000  0.1667  0.0000 (reduced coord)
  -1.94238   -1.94193   -1.94177   -1.94129   -0.80241   -0.80104   -0.79892   -0.79891
  -0.79666   -0.79637   -0.79247   -0.79185   -0.79066   -0.78948   -0.78918   -0.78871
  -0.37102   -0.34380   -0.34039   -0.33636   -0.33181   -0.32306   -0.31373   -0.31131
   0.08326    0.08928    0.10474    0.10896    0.11501    0.12366    0.12472    0.13275
   0.15151    0.16002    0.17640    0.17714    0.18068    0.19098    0.21001    0.21517
   0.22286    0.22535    0.24007    0.24217    0.25088    0.25354    0.27294    0.27615
   0.45827    0.45868
 kpt#   9, nband= 50, wtk=  0.00926, kpt= -0.3333  0.1667  0.0000 (reduced coord)
  -1.94242   -1.94191   -1.94175   -1.94129   -0.80357   -0.80248   -0.80132   -0.79770
  -0.79543   -0.79342   -0.79288   -0.79179   -0.79084   -0.79032   -0.78891   -0.78762
  -0.37926   -0.34173   -0.33899   -0.33298   -0.33229   -0.32269   -0.31301   -0.30976
   0.07580    0.08593    0.09912    0.10539    0.10933    0.12307    0.13170    0.13904
   0.15660    0.15931    0.16551    0.18200    0.18704    0.20019    0.20882    0.21167
   0.22782    0.23638    0.23861    0.24247    0.24754    0.25059    0.27478    0.27531
   0.45831    0.46118
 kpt#  10, nband= 50, wtk=  0.00926, kpt= -0.1667  0.1667  0.0000 (reduced coord)
  -1.94249   -1.94189   -1.94172   -1.94127   -0.80503   -0.80423   -0.80371   -0.79634
  -0.79357   -0.79313   -0.79205   -0.79181   -0.79091   -0.78966   -0.78812   -0.78700
  -0.38971   -0.34364   -0.34002   -0.33508   -0.32121   -0.32021   -0.31207   -0.30719
   0.07058    0.07854    0.07912    0.09882    0.10530    0.12595    0.14152    0.15151
   0.15550    0.15678    0.17266    0.17893    0.19063    0.20339    0.21735    0.21887
   0.23188    0.23654    0.23896    0.24445    0.24601    0.24888    0.27658    0.27794
   0.45758    0.46387
 kpt#  11, nband= 50, wtk=  0.00926, kpt=  0.0000  0.3333  0.0000 (reduced coord)
  -1.94242   -1.94190   -1.94177   -1.94129   -0.80327   -0.80270   -0.80218   -0.79833
  -0.79511   -0.79337   -0.79231   -0.79181   -0.79029   -0.78997   -0.78859   -0.78815
  -0.38088   -0.34783   -0.33893   -0.33648   -0.32696   -0.31828   -0.31226   -0.30823
   0.07364    0.08419    0.09922    0.10012    0.11485    0.12775    0.13315    0.13844
   0.14133    0.15854    0.17452    0.18023    0.19214    0.19494    0.20861    0.21105
   0.22130    0.22347    0.24379    0.24865    0.25169    0.26265    0.27496    0.27612
   0.45428    0.46424
 kpt#  12, nband= 50, wtk=  0.00926, kpt=  0.1667  0.3333  0.0000 (reduced coord)
  -1.94240   -1.94189   -1.94178   -1.94130   -0.80313   -0.80257   -0.80160   -0.79841
  -0.79533   -0.79448   -0.79214   -0.79143   -0.79064   -0.78998   -0.78897   -0.78757
  -0.37801   -0.34788   -0.33826   -0.33539   -0.32748   -0.32296   -0.31184   -0.30881
   0.07568    0.09172    0.10049    0.10175    0.11422    0.12623    0.13338    0.14130
   0.14210    0.16242    0.17355    0.18266    0.18531    0.19286    0.19682    0.21679
   0.21974    0.22934    0.24160    0.24657    0.25201    0.25282    0.27429    0.27531
   0.45147    0.45861
 kpt#  13, nband= 50, wtk=  0.00926, kpt=  0.3333  0.3333  0.0000 (reduced coord)
  -1.94235   -1.94189   -1.94180   -1.94132   -0.80274   -0.80199   -0.80005   -0.79924
  -0.79670   -0.79454   -0.79373   -0.79114   -0.78998   -0.78978   -0.78924   -0.78746
  -0.37064   -0.34779   -0.33747   -0.33388   -0.33200   -0.32752   -0.31248   -0.31032
   0.08279    0.10135    0.10281    0.11114    0.11791    0.12356    0.12935    0.14222
   0.14678    0.16000    0.17655    0.17787    0.18783    0.18959    0.19507    0.20907
   0.21721    0.22648    0.23743    0.24047    0.24549    0.25093    0.27192    0.27371
   0.44815    0.45456
 kpt#  14, nband= 50, wtk=  0.00926, kpt=  0.5000  0.3333  0.0000 (reduced coord)
  -1.94233   -1.94189   -1.94182   -1.94133   -0.80259   -0.80048   -0.80026   -0.79972
  -0.79718   -0.79537   -0.79355   -0.79176   -0.79006   -0.78911   -0.78852   -0.78816
  -0.36511   -0.34767   -0.34061   -0.33476   -0.33341   -0.32684   -0.31312   -0.31131
   0.08938    0.10223    0.10269    0.11750    0.11866    0.12540    0.12938    0.14257
   0.15229    0.15692    0.16809    0.17860    0.17911    0.19718    0.20205    0.20758
   0.21188    0.22248    0.23084    0.23535    0.24629    0.25183    0.27000    0.27308
   0.44936    0.45411
 kpt#  15, nband= 50, wtk=  0.00926, kpt= -0.3333  0.3333  0.0000 (reduced coord)
  -1.94235   -1.94189   -1.94181   -1.94132   -0.80268   -0.80203   -0.80002   -0.79931
  -0.79666   -0.79449   -0.79374   -0.79118   -0.78993   -0.78973   -0.78931   -0.78751
  -0.37054   -0.34788   -0.33769   -0.33362   -0.33177   -0.32762   -0.31259   -0.31038
   0.08284    0.10121    0.10301    0.11131    0.11881    0.12341    0.12863    0.14153
   0.14633    0.15955    0.17630    0.17814    0.18855    0.18980    0.19586    0.20991
   0.21689    0.22600    0.23739    0.24021    0.24514    0.25083    0.27207    0.27372
   0.44967    0.45476
 kpt#  16, nband= 50, wtk=  0.00926, kpt= -0.1667  0.3333  0.0000 (reduced coord)
  -1.94240   -1.94189   -1.94178   -1.94130   -0.80314   -0.80254   -0.80157   -0.79852
  -0.79525   -0.79443   -0.79213   -0.79148   -0.79067   -0.78990   -0.78902   -0.78762
  -0.37794   -0.34798   -0.33834   -0.33520   -0.32751   -0.32276   -0.31203   -0.30887
   0.07570    0.09171    0.10052    0.10190    0.11490    0.12591    0.13280    0.14118
   0.14152    0.16259    0.17309    0.18239    0.18528    0.19404    0.19778    0.21635
   0.22021    0.22861    0.24191    0.24659    0.25158    0.25259    0.27435    0.27542
   0.45271    0.45867
 kpt#  17, nband= 50, wtk=  0.00463, kpt=  0.0000  0.5000  0.0000 (reduced coord)
  -1.94236   -1.94191   -1.94181   -1.94130   -0.80118   -0.80074   -0.80011   -0.79952
  -0.79675   -0.79668   -0.79205   -0.79171   -0.78986   -0.78958   -0.78939   -0.78897
  -0.36343   -0.36304   -0.33749   -0.33700   -0.32438   -0.32401   -0.31095   -0.31032
   0.08347    0.08513    0.11235    0.11327    0.12221    0.12299    0.12721    0.12958
   0.14148    0.14173    0.18114    0.18167    0.18320    0.18380    0.20842    0.20868
   0.21579    0.21815    0.24753    0.24958    0.26052    0.26095    0.27330    0.27461
   0.45372    0.45478
 kpt#  18, nband= 50, wtk=  0.00926, kpt=  0.1667  0.5000  0.0000 (reduced coord)
  -1.94234   -1.94190   -1.94182   -1.94131   -0.80172   -0.80119   -0.79936   -0.79887
  -0.79753   -0.79728   -0.79154   -0.79143   -0.79023   -0.78994   -0.78897   -0.78854
  -0.36215   -0.36170   -0.33688   -0.33623   -0.32670   -0.32609   -0.31118   -0.31043
   0.08679    0.08842    0.11357    0.11433    0.11998    0.12184    0.12873    0.13007
   0.14808    0.14868    0.17775    0.18066    0.18260    0.18355    0.20090    0.20251
   0.22080    0.22306    0.24516    0.24645    0.25448    0.25497    0.27317    0.27434
   0.45075    0.45143
 kpt#  19, nband= 50, wtk=  0.00926, kpt=  0.3333  0.5000  0.0000 (reduced coord)
  -1.94231   -1.94187   -1.94185   -1.94134   -0.80217   -0.80163   -0.79963   -0.79924
  -0.79714   -0.79680   -0.79240   -0.79209   -0.78963   -0.78957   -0.78836   -0.78807
  -0.35905   -0.35845   -0.33639   -0.33505   -0.33101   -0.32974   -0.31201   -0.31109
   0.09358    0.09494    0.11311    0.11419    0.12341    0.12451    0.13326    0.13423
   0.15605    0.15663    0.16930    0.17157    0.18351    0.18480    0.20505    0.20720
   0.21306    0.21471    0.23817    0.23890    0.24771    0.24812    0.27092    0.27238
   0.44611    0.44788
 kpt#  20, nband= 50, wtk=  0.00463, kpt=  0.5000  0.5000  0.0000 (reduced coord)
  -1.94230   -1.94187   -1.94186   -1.94135   -0.80221   -0.80167   -0.80041   -0.79985
  -0.79597   -0.79558   -0.79360   -0.79325   -0.78913   -0.78892   -0.78824   -0.78798
  -0.35705   -0.35634   -0.33744   -0.33592   -0.33197   -0.33061   -0.31260   -0.31162
   0.09730    0.09833    0.11076    0.11204    0.12980    0.13096    0.13637    0.13721
   0.15249    0.15488    0.16658    0.16733    0.18879    0.19028    0.20298    0.20329
   0.21742    0.21900    0.22342    0.22520    0.24840    0.24918    0.26892    0.27081
   0.44660    0.45738
 kpt#  21, nband= 50, wtk=  0.00926, kpt=  0.0000  0.0000  0.1667 (reduced coord)
  -1.94252   -1.94192   -1.94167   -1.94126   -0.80592   -0.80471   -0.80442   -0.79541
  -0.79383   -0.79293   -0.79234   -0.79147   -0.79133   -0.78855   -0.78727   -0.78699
  -0.39394   -0.34295   -0.34193   -0.33562   -0.31800   -0.31653   -0.31316   -0.30672
   0.06894    0.06928    0.08445    0.09590    0.10635    0.11078    0.14948    0.15231
   0.15992    0.16839    0.17333    0.18383    0.19459    0.20311    0.21420    0.21743
   0.22593    0.23199    0.24066    0.24271    0.25152    0.26325    0.26850    0.27470
   0.45844    0.46252
 kpt#  22, nband= 50, wtk=  0.00926, kpt=  0.1667  0.0000  0.1667 (reduced coord)
  -1.94249   -1.94192   -1.94169   -1.94127   -0.80527   -0.80393   -0.80373   -0.79549
  -0.79489   -0.79254   -0.79215   -0.79181   -0.79137   -0.78961   -0.78742   -0.78733
  -0.38992   -0.34308   -0.34018   -0.33458   -0.32207   -0.31757   -0.31453   -0.30769
   0.07163    0.07779    0.08186    0.09780    0.10585    0.12332    0.14539    0.15021
   0.15290    0.16272    0.17331    0.17751    0.19575    0.20293    0.21595    0.21849
   0.22490    0.23474    0.23800    0.24564    0.25048    0.25261    0.26981    0.27410
   0.46023    0.46831
 kpt#  23, nband= 50, wtk=  0.00926, kpt=  0.3333  0.0000  0.1667 (reduced coord)
  -1.94243   -1.94193   -1.94173   -1.94128   -0.80358   -0.80239   -0.80138   -0.79691
  -0.79618   -0.79372   -0.79238   -0.79176   -0.79118   -0.79035   -0.78845   -0.78802
  -0.37948   -0.34204   -0.33792   -0.33481   -0.33120   -0.31977   -0.31554   -0.31024
   0.07907    0.08187    0.10051    0.10487    0.10866    0.12244    0.13668    0.14138
   0.15293    0.15722    0.16688    0.18055    0.19200    0.19858    0.20557    0.21905
   0.22686    0.23045    0.24090    0.24137    0.24783    0.25546    0.26606    0.27465
   0.45823    0.46264
 kpt#  24, nband= 50, wtk=  0.00926, kpt=  0.5000  0.0000  0.1667 (reduced coord)
  -1.94239   -1.94194   -1.94175   -1.94129   -0.80195   -0.80170   -0.79897   -0.79757
  -0.79749   -0.79651   -0.79231   -0.79158   -0.79045   -0.79003   -0.78946   -0.78865
  -0.37123   -0.34367   -0.34107   -0.33710   -0.32991   -0.32061   -0.31625   -0.31181
   0.08435    0.08600    0.10766    0.10984    0.11099    0.12732    0.12930    0.13311
   0.14623    0.15985    0.17230    0.17614    0.18442    0.18983    0.21167    0.22121
   0.22267    0.23023    0.23449    0.24267    0.24977    0.25706    0.26400    0.27520
   0.45519    0.45946
 kpt#  25, nband= 50, wtk=  0.00926, kpt= -0.3333  0.0000  0.1667 (reduced coord)
  -1.94243   -1.94193   -1.94173   -1.94128   -0.80361   -0.80238   -0.80139   -0.79687
  -0.79617   -0.79370   -0.79241   -0.79174   -0.79116   -0.79039   -0.78846   -0.78801
  -0.37948   -0.34204   -0.33792   -0.33479   -0.33119   -0.31975   -0.31555   -0.31025
   0.07911    0.08179    0.10051    0.10485    0.10867    0.12253    0.13667    0.14132
   0.15295    0.15723    0.16690    0.18053    0.19200    0.19854    0.20559    0.21906
   0.22688    0.23044    0.24055    0.24185    0.24768    0.25549    0.26603    0.27466
   0.45803    0.46286
 kpt#  26, nband= 50, wtk=  0.00926, kpt= -0.1667  0.0000  0.1667 (reduced coord)
  -1.94249   -1.94192   -1.94169   -1.94127   -0.80529   -0.80394   -0.80372   -0.79547
  -0.79485   -0.79261   -0.79216   -0.79178   -0.79134   -0.78962   -0.78747   -0.78729
  -0.38992   -0.34311   -0.34015   -0.33459   -0.32205   -0.31759   -0.31450   -0.30771
   0.07163    0.07780    0.08185    0.09775    0.10583    0.12336    0.14548    0.15018
   0.15289    0.16271    0.17332    0.17757    0.19568    0.20289    0.21590    0.21859
   0.22479    0.23485    0.23795    0.24580    0.25011    0.25281    0.26982    0.27412
   0.46010    0.46780
 kpt#  27, nband= 50, wtk=  0.00926, kpt=  0.0000  0.1667  0.1667 (reduced coord)
  -1.94248   -1.94191   -1.94170   -1.94128   -0.80492   -0.80403   -0.80396   -0.79669
  -0.79358   -0.79302   -0.79221   -0.79151   -0.79121   -0.78962   -0.78764   -0.78713
  -0.38965   -0.34266   -0.34188   -0.33552   -0.32077   -0.31761   -0.31444   -0.30704
   0.07343    0.07798    0.08110    0.10002    0.10846    0.11949    0.14593    0.14725
   0.15914    0.16106    0.16870    0.18231    0.19093    0.20558    0.21923    0.21987
   0.22333    0.23095    0.23383    0.24308    0.24419    0.26164    0.26903    0.27322
   0.45781    0.46364
 kpt#  28, nband= 50, wtk=  0.00926, kpt=  0.1667  0.1667  0.1667 (reduced coord)
  -1.94246   -1.94192   -1.94171   -1.94128   -0.80467   -0.80346   -0.80333   -0.79655
  -0.79463   -0.79280   -0.79259   -0.79148   -0.79099   -0.79045   -0.78769   -0.78717
  -0.38609   -0.34375   -0.34003   -0.33511   -0.32180   -0.32113   -0.31489   -0.30743
   0.07671    0.08237    0.08407    0.10149    0.10816    0.12688    0.14323    0.14670
   0.15417    0.15880    0.16907    0.17324    0.19668    0.20416    0.21478    0.21812
   0.22797    0.23148    0.23519    0.24203    0.24543    0.25077    0.26944    0.27319
   0.45665    0.46549
 kpt#  29, nband= 50, wtk=  0.00926, kpt=  0.3333  0.1667  0.1667 (reduced coord)
  -1.94240   -1.94192   -1.94175   -1.94130   -0.80373   -0.80232   -0.80167   -0.79703
  -0.79605   -0.79482   -0.79234   -0.79118   -0.79062   -0.79040   -0.78837   -0.78782
  -0.37684   -0.34341   -0.33961   -0.33746   -0.32831   -0.32126   -0.31530   -0.30928
   0.08138    0.08772    0.10186    0.10823    0.11043    0.12431    0.13642    0.14236
   0.15325    0.15599    0.16292    0.17906    0.19158    0.20079    0.20771    0.21431
   0.22492    0.23174    0.23598    0.23968    0.24464    0.24948    0.26590    0.27377
   0.45271    0.46143
 kpt#  30, nband= 50, wtk=  0.00926, kpt=  0.5000  0.1667  0.1667 (reduced coord)
  -1.94237   -1.94193   -1.94177   -1.94130   -0.80267   -0.80227   -0.79937   -0.79861
  -0.79684   -0.79625   -0.79169   -0.79117   -0.79023   -0.78950   -0.78927   -0.78875
  -0.36960   -0.34441   -0.34199   -0.34063   -0.32845   -0.32057   -0.31564   -0.31078
   0.08726    0.08999    0.10821    0.11137    0.11202    0.13025    0.13226    0.13524
   0.14748    0.15778    0.16845    0.17390    0.18505    0.19405    0.21104    0.21894
   0.22243    0.22589    0.23492    0.23662    0.24564    0.25257    0.26457    0.27363
   0.45187    0.45628
 kpt#  31, nband= 50, wtk=  0.00926, kpt= -0.3333  0.1667  0.1667 (reduced coord)
  -1.94240   -1.94192   -1.94175   -1.94130   -0.80366   -0.80240   -0.80171   -0.79689
  -0.79612   -0.79476   -0.79230   -0.79123   -0.79064   -0.79040   -0.78836   -0.78788
  -0.37679   -0.34360   -0.33950   -0.33742   -0.32814   -0.32121   -0.31529   -0.30952
   0.08105    0.08806    0.10209    0.10814    0.11098    0.12384    0.13629    0.14184
   0.15309    0.15623    0.16246    0.17945    0.19176    0.20093    0.20784    0.21481
   0.22529    0.23052    0.23624    0.23999    0.24501    0.24884    0.26573    0.27394
   0.45435    0.46150
 kpt#  32, nband= 50, wtk=  0.00926, kpt= -0.1667  0.1667  0.1667 (reduced coord)
  -1.94246   -1.94191   -1.94172   -1.94128   -0.80463   -0.80351   -0.80334   -0.79655
  -0.79452   -0.79282   -0.79258   -0.79149   -0.79096   -0.79049   -0.78769   -0.78723
  -0.38605   -0.34398   -0.33985   -0.33501   -0.32176   -0.32096   -0.31497   -0.30764
   0.07643    0.08234    0.08447    0.10172    0.10825    0.12661    0.14251    0.14691
   0.15395    0.15868    0.16933    0.17357    0.19647    0.20413    0.21493    0.21894
   0.22711    0.23187    0.23571    0.24224    0.24468    0.25055    0.26936    0.27338
   0.45768    0.46585
 kpt#  33, nband= 50, wtk=  0.00926, kpt=  0.0000  0.3333  0.1667 (reduced coord)
  -1.94239   -1.94190   -1.94177   -1.94130   -0.80289   -0.80244   -0.80167   -0.79893
  -0.79508   -0.79392   -0.79270   -0.79134   -0.79037   -0.79032   -0.78860   -0.78802
  -0.37773   -0.34660   -0.34068   -0.33655   -0.32649   -0.31843   -0.31553   -0.30899
   0.08110    0.08818    0.10126    0.10465    0.11510    0.12364    0.13704    0.13737
   0.14508    0.16440    0.16501    0.18084    0.19083    0.19379    0.20909    0.21354
   0.22240    0.22305    0.23089    0.24154    0.25131    0.26172    0.26856    0.27080
   0.45550    0.46356
 kpt#  34, nband= 50, wtk=  0.00926, kpt=  0.1667  0.3333  0.1667 (reduced coord)
  -1.94238   -1.94190   -1.94178   -1.94131   -0.80329   -0.80260   -0.80166   -0.79815
  -0.79561   -0.79473   -0.79239   -0.79101   -0.79068   -0.78990   -0.78846   -0.78784
  -0.37540   -0.34767   -0.34055   -0.33690   -0.32587   -0.32218   -0.31424   -0.30868
   0.08277    0.09312    0.10357    0.10645    0.11456    0.12543    0.13729    0.13970
   0.14388    0.16178    0.16621    0.17958    0.18644    0.19814    0.20374    0.21468
   0.22192    0.22769    0.23072    0.23838    0.24866    0.25428    0.26786    0.27052
   0.45197    0.46000
 kpt#  35, nband= 50, wtk=  0.00926, kpt=  0.3333  0.3333  0.1667 (reduced coord)
  -1.94234   -1.94190   -1.94180   -1.94133   -0.80353   -0.80260   -0.80194   -0.79877
  -0.79622   -0.79395   -0.79280   -0.79062   -0.78985   -0.78946   -0.78907   -0.78763
  -0.36938   -0.34866   -0.34220   -0.34049   -0.32569   -0.32321   -0.31357   -0.30929
   0.08797    0.10139    0.10744    0.11130    0.11825    0.12531    0.13703    0.14087
   0.14584    0.15607    0.16501    0.18432    0.18830    0.19576    0.20143    0.20838
   0.21801    0.22427    0.23185    0.23558    0.24302    0.24816    0.26484    0.27064
   0.44602    0.45568
 kpt#  36, nband= 50, wtk=  0.00926, kpt=  0.5000  0.3333  0.1667 (reduced coord)
  -1.94232   -1.94190   -1.94182   -1.94134   -0.80345   -0.80260   -0.80150   -0.80058
  -0.79526   -0.79444   -0.79212   -0.79077   -0.78986   -0.78904   -0.78857   -0.78831
  -0.36482   -0.34868   -0.34496   -0.34353   -0.32588   -0.32140   -0.31355   -0.31018
   0.09309    0.10319    0.10680    0.11582    0.11902    0.12674    0.13591    0.14541
   0.14545    0.15781    0.16294    0.17822    0.18783    0.19868    0.20242    0.21014
   0.21297    0.22138    0.22577    0.23197    0.24347    0.24879    0.26419    0.27002
   0.44495    0.45265
 kpt#  37, nband= 50, wtk=  0.00926, kpt= -0.3333  0.3333  0.1667 (reduced coord)
  -1.94234   -1.94190   -1.94181   -1.94133   -0.80344   -0.80265   -0.80205   -0.79870
  -0.79617   -0.79382   -0.79290   -0.79070   -0.78979   -0.78938   -0.78916   -0.78768
  -0.36930   -0.34880   -0.34223   -0.34034   -0.32558   -0.32321   -0.31353   -0.30951
   0.08799    0.10144    0.10721    0.11173    0.11868    0.12537    0.13631    0.14061
   0.14539    0.15576    0.16498    0.18460    0.18877    0.19612    0.20201    0.20873
   0.21806    0.22361    0.23176    0.23512    0.24309    0.24808    0.26476    0.27082
   0.44725    0.45609
 kpt#  38, nband= 50, wtk=  0.00926, kpt= -0.1667  0.3333  0.1667 (reduced coord)
  -1.94238   -1.94190   -1.94178   -1.94131   -0.80324   -0.80260   -0.80177   -0.79812
  -0.79558   -0.79459   -0.79245   -0.79107   -0.79065   -0.78993   -0.78848   -0.78786
  -0.37534   -0.34784   -0.34047   -0.33678   -0.32590   -0.32201   -0.31431   -0.30887
   0.08277    0.09317    0.10365    0.10649    0.11501    0.12530    0.13647    0.13956
   0.14354    0.16199    0.16632    0.17967    0.18650    0.19876    0.20425    0.21417
   0.22225    0.22702    0.23114    0.23812    0.24848    0.25422    0.26777    0.27078
   0.45309    0.45994
 kpt#  39, nband= 50, wtk=  0.00926, kpt=  0.0000  0.5000  0.1667 (reduced coord)
  -1.94234   -1.94190   -1.94182   -1.94131   -0.80131   -0.80093   -0.80001   -0.79951
  -0.79688   -0.79669   -0.79186   -0.79156   -0.78991   -0.78951   -0.78936   -0.78912
  -0.36145   -0.36105   -0.33872   -0.33829   -0.32399   -0.32359   -0.31261   -0.31203
   0.09042    0.09219    0.11092    0.11211    0.11932    0.12010    0.13329    0.13563
   0.14529    0.14581    0.17640    0.17853    0.18277    0.18413    0.20810    0.20865
   0.21854    0.22064    0.23589    0.23748    0.25904    0.25953    0.26847    0.26947
   0.45427    0.45642
 kpt#  40, nband= 50, wtk=  0.00926, kpt=  0.1667  0.5000  0.1667 (reduced coord)
  -1.94233   -1.94189   -1.94183   -1.94132   -0.80241   -0.80202   -0.79966   -0.79930
  -0.79690   -0.79649   -0.79123   -0.79105   -0.78993   -0.78973   -0.78911   -0.78877
  -0.36088   -0.36042   -0.33941   -0.33875   -0.32500   -0.32458   -0.31178   -0.31136
   0.09304    0.09444    0.11048    0.11156    0.12290    0.12385    0.13264    0.13409
   0.14975    0.15078    0.16928    0.17136    0.18816    0.18901    0.20458    0.20598
   0.22069    0.22216    0.23434    0.23542    0.25435    0.25476    0.26747    0.26829
   0.45150    0.45238
 kpt#  41, nband= 50, wtk=  0.00926, kpt=  0.3333  0.5000  0.1667 (reduced coord)
  -1.94230   -1.94186   -1.94186   -1.94134   -0.80326   -0.80287   -0.80114   -0.80088
  -0.79526   -0.79483   -0.79140   -0.79115   -0.78959   -0.78948   -0.78847   -0.78817
  -0.35913   -0.35860   -0.34245   -0.34173   -0.32469   -0.32423   -0.31139   -0.31084
   0.09845    0.09953    0.11214    0.11314    0.12468    0.12558    0.13594    0.13715
   0.15442    0.15530    0.16667    0.16847    0.19204    0.19353    0.20176    0.20360
   0.21525    0.21607    0.23141    0.23214    0.24696    0.24752    0.26597    0.26693
   0.44617    0.44736
 kpt#  42, nband= 50, wtk=  0.00926, kpt=  0.5000  0.5000  0.1667 (reduced coord)
  -1.94229   -1.94187   -1.94185   -1.94136   -0.80331   -0.80284   -0.80230   -0.80185
  -0.79393   -0.79352   -0.79238   -0.79199   -0.78913   -0.78891   -0.78828   -0.78801
  -0.35771   -0.35716   -0.34476   -0.34432   -0.32364   -0.32330   -0.31171   -0.31093
   0.10144    0.10233    0.11301    0.11410    0.12631    0.12723    0.13483    0.13560
   0.15806    0.15999    0.16749    0.16889    0.19262    0.19455    0.20165    0.20374
   0.21350    0.21462    0.22262    0.22332    0.24649    0.24734    0.26512    0.26670
   0.44461    0.44693
 kpt#  43, nband= 50, wtk=  0.00926, kpt= -0.3333  0.5000  0.1667 (reduced coord)
  -1.94230   -1.94186   -1.94186   -1.94134   -0.80332   -0.80286   -0.80115   -0.80083
  -0.79522   -0.79483   -0.79144   -0.79112   -0.78960   -0.78951   -0.78846   -0.78817
  -0.35911   -0.35863   -0.34229   -0.34191   -0.32455   -0.32431   -0.31154   -0.31072
   0.09827    0.09970    0.11215    0.11314    0.12506    0.12520    0.13596    0.13706
   0.15460    0.15514    0.16712    0.16805    0.19213    0.19343    0.20164    0.20373
   0.21516    0.21622    0.23125    0.23222    0.24686    0.24764    0.26581    0.26710
   0.44561    0.44782
 kpt#  44, nband= 50, wtk=  0.00926, kpt= -0.1667  0.5000  0.1667 (reduced coord)
  -1.94233   -1.94189   -1.94183   -1.94132   -0.80248   -0.80202   -0.79956   -0.79935
  -0.79685   -0.79649   -0.79122   -0.79107   -0.79006   -0.78964   -0.78911   -0.78875
  -0.36085   -0.36046   -0.33930   -0.33889   -0.32492   -0.32459   -0.31196   -0.31122
   0.09281    0.09468    0.11052    0.11152    0.12285    0.12392    0.13239    0.13430
   0.14994    0.15052    0.16985    0.17087    0.18810    0.18906    0.20454    0.20609
   0.22052    0.22232    0.23434    0.23541    0.25441    0.25468    0.26739    0.26839
   0.45083    0.45302
 kpt#  45, nband= 50, wtk=  0.00926, kpt=  0.0000 -0.3333  0.1667 (reduced coord)
  -1.94239   -1.94190   -1.94177   -1.94130   -0.80295   -0.80281   -0.80122   -0.79883
  -0.79501   -0.79399   -0.79254   -0.79134   -0.79076   -0.79024   -0.78840   -0.78819
  -0.37763   -0.34655   -0.34051   -0.33622   -0.32652   -0.31857   -0.31574   -0.30935
   0.08143    0.08844    0.10136    0.10522    0.11505    0.12450    0.13707    0.13784
   0.14337    0.16330    0.16375    0.18182    0.19026    0.19478    0.20948    0.21454
   0.22019    0.22326    0.23111    0.24259    0.25123    0.26155    0.26861    0.27023
   0.45424    0.46655
 kpt#  46, nband= 50, wtk=  0.00926, kpt=  0.1667 -0.3333  0.1667 (reduced coord)
  -1.94238   -1.94190   -1.94178   -1.94131   -0.80353   -0.80254   -0.80146   -0.79807
  -0.79558   -0.79465   -0.79236   -0.79100   -0.79078   -0.78999   -0.78854   -0.78784
  -0.37526   -0.34762   -0.34039   -0.33641   -0.32613   -0.32208   -0.31467   -0.30905
   0.08292    0.09356    0.10407    0.10679    0.11508    0.12531    0.13721    0.13969
   0.14255    0.16109    0.16553    0.18025    0.18655    0.19906    0.20424    0.21287
   0.22214    0.22718    0.23147    0.23873    0.24844    0.25441    0.26736    0.27059
   0.45218    0.46114
 kpt#  47, nband= 50, wtk=  0.00926, kpt=  0.3333 -0.3333  0.1667 (reduced coord)
  -1.94234   -1.94190   -1.94181   -1.94133   -0.80376   -0.80251   -0.80177   -0.79859
  -0.79635   -0.79381   -0.79276   -0.79074   -0.78991   -0.78948   -0.78911   -0.78765
  -0.36929   -0.34851   -0.34197   -0.33999   -0.32587   -0.32354   -0.31420   -0.30923
   0.08802    0.10218    0.10744    0.11182    0.11859    0.12555    0.13573    0.14066
   0.14572    0.15570    0.16537    0.18428    0.18939    0.19551    0.20163    0.20687
   0.21854    0.22420    0.23214    0.23555    0.24237    0.24816    0.26450    0.27042
   0.44777    0.45635
 kpt#  48, nband= 50, wtk=  0.00926, kpt=  0.5000 -0.3333  0.1667 (reduced coord)
  -1.94232   -1.94189   -1.94182   -1.94134   -0.80374   -0.80254   -0.80120   -0.80051
  -0.79547   -0.79421   -0.79202   -0.79112   -0.78972   -0.78917   -0.78861   -0.78821
  -0.36490   -0.34841   -0.34487   -0.34280   -0.32613   -0.32205   -0.31434   -0.30959
   0.09314    0.10405    0.10704    0.11485    0.11958    0.12700    0.13498    0.14577
   0.14592    0.15810    0.16292    0.17903    0.18796    0.19601    0.20336    0.21042
   0.21188    0.22197    0.22582    0.23264    0.24311    0.24814    0.26391    0.26951
   0.44643    0.45407
 kpt#  49, nband= 50, wtk=  0.00926, kpt= -0.3333 -0.3333  0.1667 (reduced coord)
  -1.94234   -1.94190   -1.94180   -1.94133   -0.80388   -0.80245   -0.80171   -0.79861
  -0.79634   -0.79394   -0.79263   -0.79072   -0.78995   -0.78963   -0.78901   -0.78759
  -0.36938   -0.34836   -0.34190   -0.34023   -0.32590   -0.32352   -0.31425   -0.30904
   0.08797    0.10212    0.10763    0.11145    0.11814    0.12554    0.13635    0.14095
   0.14619    0.15608    0.16534    0.18408    0.18889    0.19518    0.20094    0.20667
   0.21851    0.22496    0.23201    0.23594    0.24239    0.24825    0.26455    0.27027
   0.44630    0.45603
 kpt#  50, nband= 50, wtk=  0.00926, kpt= -0.1667 -0.3333  0.1667 (reduced coord)
  -1.94238   -1.94190   -1.94178   -1.94131   -0.80364   -0.80250   -0.80138   -0.79806
  -0.79555   -0.79478   -0.79226   -0.79105   -0.79072   -0.79006   -0.78852   -0.78780
  -0.37533   -0.34746   -0.34047   -0.33657   -0.32604   -0.32221   -0.31463   -0.30888
   0.08289    0.09351    0.10401    0.10678    0.11457    0.12553    0.13789    0.13974
   0.14304    0.16090    0.16540    0.18009    0.18658    0.19846    0.20379    0.21334
   0.22198    0.22779    0.23100    0.23894    0.24864    0.25445    0.26740    0.27040
   0.45097    0.46125
 kpt#  51, nband= 50, wtk=  0.00926, kpt=  0.0000 -0.1667  0.1667 (reduced coord)
  -1.94248   -1.94191   -1.94170   -1.94128   -0.80518   -0.80404   -0.80368   -0.79658
  -0.79342   -0.79311   -0.79212   -0.79185   -0.79118   -0.78949   -0.78757   -0.78732
  -0.38959   -0.34250   -0.34149   -0.33558   -0.32102   -0.31754   -0.31443   -0.30753
   0.07385    0.07807    0.08091    0.10139    0.10836    0.11897    0.14633    0.14754
   0.15816    0.15974    0.16849    0.18182    0.19219    0.20648    0.21727    0.22057
   0.22386    0.22867    0.23502    0.24429    0.24454    0.26165    0.26851    0.27289
   0.45734    0.46310
 kpt#  52, nband= 50, wtk=  0.00926, kpt=  0.1667 -0.1667  0.1667 (reduced coord)
  -1.94246   -1.94191   -1.94172   -1.94128   -0.80484   -0.80349   -0.80309   -0.79650
  -0.79446   -0.79288   -0.79252   -0.79171   -0.79103   -0.79027   -0.78777   -0.78725
  -0.38600   -0.34348   -0.33989   -0.33482   -0.32228   -0.32098   -0.31484   -0.30804
   0.07657    0.08225    0.08488    0.10277    0.10801    0.12643    0.14278    0.14723
   0.15335    0.15761    0.16905    0.17403    0.19627    0.20458    0.21488    0.21783
   0.22733    0.23072    0.23702    0.24189    0.24559    0.25080    0.26914    0.27286
   0.45747    0.46504
 kpt#  53, nband= 50, wtk=  0.00926, kpt=  0.3333 -0.1667  0.1667 (reduced coord)
  -1.94240   -1.94192   -1.94175   -1.94130   -0.80383   -0.80243   -0.80142   -0.79681
  -0.79609   -0.79486   -0.79233   -0.79114   -0.79089   -0.79022   -0.78850   -0.78783
  -0.37676   -0.34307   -0.33941   -0.33694   -0.32874   -0.32159   -0.31552   -0.30955
   0.08093    0.08869    0.10194    0.10891    0.11085    0.12377    0.13663    0.14147
   0.15300    0.15600    0.16279    0.17929    0.19235    0.20071    0.20682    0.21407
   0.22557    0.23084    0.23612    0.24021    0.24453    0.24938    0.26555    0.27340
   0.45465    0.46225
 kpt#  54, nband= 50, wtk=  0.00926, kpt=  0.5000 -0.1667  0.1667 (reduced coord)
  -1.94237   -1.94193   -1.94177   -1.94130   -0.80290   -0.80220   -0.79912   -0.79842
  -0.79669   -0.79653   -0.79184   -0.79106   -0.79046   -0.78935   -0.78910   -0.78895
  -0.36962   -0.34409   -0.34140   -0.34040   -0.32887   -0.32115   -0.31621   -0.31043
   0.08738    0.09031    0.10824    0.11112    0.11241    0.13068    0.13256    0.13481
   0.14720    0.15854    0.16761    0.17408    0.18638    0.19280    0.21195    0.21717
   0.22203    0.22622    0.23468    0.23704    0.24573    0.25244    0.26426    0.27309
   0.45303    0.45697
 kpt#  55, nband= 50, wtk=  0.00926, kpt= -0.3333 -0.1667  0.1667 (reduced coord)
  -1.94240   -1.94192   -1.94175   -1.94130   -0.80394   -0.80234   -0.80140   -0.79688
  -0.79604   -0.79485   -0.79237   -0.79110   -0.79088   -0.79028   -0.78850   -0.78777
  -0.37682   -0.34288   -0.33951   -0.33701   -0.32886   -0.32162   -0.31555   -0.30933
   0.08123    0.08831    0.10171    0.10906    0.11023    0.12443    0.13663    0.14194
   0.15321    0.15585    0.16318    0.17891    0.19223    0.20046    0.20649    0.21388
   0.22521    0.23221    0.23575    0.23971    0.24418    0.25004    0.26571    0.27323
   0.45294    0.46186
 kpt#  56, nband= 50, wtk=  0.00926, kpt= -0.1667 -0.1667  0.1667 (reduced coord)
  -1.94246   -1.94192   -1.94172   -1.94128   -0.80492   -0.80344   -0.80308   -0.79647
  -0.79449   -0.79286   -0.79256   -0.79169   -0.79098   -0.79034   -0.78779   -0.78718
  -0.38604   -0.34329   -0.34001   -0.33496   -0.32222   -0.32120   -0.31475   -0.30786
   0.07686    0.08225    0.08446    0.10249    0.10790    0.12681    0.14347    0.14706
   0.15352    0.15774    0.16884    0.17372    0.19649    0.20449    0.21481    0.21725
   0.22788    0.23034    0.23664    0.24164    0.24627    0.25102    0.26922    0.27270
   0.45625    0.46485
 kpt#  57, nband= 50, wtk=  0.00926, kpt=  0.0000  0.0000  0.3333 (reduced coord)
  -1.94243   -1.94199   -1.94167   -1.94128   -0.80372   -0.80256   -0.80181   -0.79750
  -0.79571   -0.79397   -0.79292   -0.79163   -0.79034   -0.78999   -0.78800   -0.78787
  -0.38155   -0.34828   -0.33792   -0.33368   -0.32352   -0.31809   -0.31671   -0.31190
   0.08131    0.08231    0.09849    0.11045    0.11397    0.12542    0.12875    0.13958
   0.14296    0.16502    0.17973    0.18442    0.19119    0.19568    0.20047    0.21426
   0.21669    0.23677    0.23921    0.24801    0.24968    0.25505    0.26132    0.26317
   0.46459    0.46683
 kpt#  58, nband= 50, wtk=  0.00926, kpt=  0.1667  0.0000  0.3333 (reduced coord)
  -1.94241   -1.94199   -1.94169   -1.94129   -0.80341   -0.80230   -0.80146   -0.79740
  -0.79658   -0.79423   -0.79254   -0.79153   -0.79084   -0.78985   -0.78832   -0.78776
  -0.37864   -0.34841   -0.33757   -0.33320   -0.32490   -0.31975   -0.31791   -0.31171
   0.08161    0.08956    0.09955    0.10459    0.11624    0.12587    0.13592    0.14240
   0.14506    0.16355    0.17039    0.18332    0.18887    0.19969    0.20179    0.21147
   0.21885    0.22841    0.23556    0.24867    0.25038    0.25399    0.25958    0.26352
   0.46126    0.46673
 kpt#  59, nband= 50, wtk=  0.00926, kpt=  0.3333  0.0000  0.3333 (reduced coord)
  -1.94237   -1.94196   -1.94174   -1.94130   -0.80274   -0.80171   -0.80020   -0.79836
  -0.79687   -0.79585   -0.79201   -0.79131   -0.79083   -0.78958   -0.78926   -0.78786
  -0.37126   -0.34876   -0.33725   -0.33429   -0.32943   -0.32100   -0.31831   -0.31259
   0.08560    0.09612    0.10236    0.11254    0.11600    0.12370    0.14018    0.14289
   0.15375    0.15805    0.17141    0.17681    0.18549    0.19646    0.19937    0.21018
   0.21350    0.22555    0.23596    0.24405    0.24636    0.25095    0.25725    0.26569
   0.45468    0.45915
 kpt#  60, nband= 50, wtk=  0.00926, kpt=  0.5000  0.0000  0.3333 (reduced coord)
  -1.94235   -1.94194   -1.94177   -1.94131   -0.80231   -0.80134   -0.79916   -0.79836
  -0.79811   -0.79657   -0.79195   -0.79117   -0.79034   -0.79016   -0.78898   -0.78832
  -0.36586   -0.34922   -0.33989   -0.33633   -0.32888   -0.32146   -0.31833   -0.31333
   0.08897    0.09628    0.10466    0.11618    0.11795    0.12681    0.13907    0.14152
   0.15778    0.16128    0.17069    0.17222    0.18153    0.18208    0.20668    0.21102
   0.21598    0.22422    0.23531    0.24082    0.24381    0.24665    0.25767    0.26647
   0.45109    0.45566
 kpt#  61, nband= 50, wtk=  0.00926, kpt= -0.3333  0.0000  0.3333 (reduced coord)
  -1.94237   -1.94196   -1.94174   -1.94130   -0.80277   -0.80173   -0.80019   -0.79832
  -0.79685   -0.79585   -0.79203   -0.79134   -0.79075   -0.78958   -0.78931   -0.78786
  -0.37128   -0.34875   -0.33728   -0.33427   -0.32938   -0.32104   -0.31830   -0.31261
   0.08559    0.09605    0.10239    0.11252    0.11601    0.12377    0.14010    0.14298
   0.15381    0.15795    0.17150    0.17679    0.18530    0.19654    0.19939    0.21025
   0.21345    0.22563    0.23593    0.24413    0.24619    0.25095    0.25724    0.26573
   0.45450    0.45919
 kpt#  62, nband= 50, wtk=  0.00926, kpt= -0.1667  0.0000  0.3333 (reduced coord)
  -1.94241   -1.94199   -1.94169   -1.94129   -0.80344   -0.80231   -0.80144   -0.79735
  -0.79659   -0.79423   -0.79253   -0.79154   -0.79081   -0.78988   -0.78832   -0.78777
  -0.37865   -0.34840   -0.33762   -0.33313   -0.32488   -0.31978   -0.31790   -0.31172
   0.08162    0.08954    0.09959    0.10454    0.11619    0.12593    0.13586    0.14256
   0.14498    0.16364    0.17038    0.18334    0.18882    0.19953    0.20190    0.21150
   0.21879    0.22849    0.23560    0.24853    0.25050    0.25383    0.25967    0.26354
   0.46106    0.46589
 kpt#  63, nband= 50, wtk=  0.00926, kpt=  0.0000  0.1667  0.3333 (reduced coord)
  -1.94240   -1.94198   -1.94170   -1.94130   -0.80326   -0.80193   -0.80181   -0.79857
  -0.79523   -0.79453   -0.79198   -0.79191   -0.79074   -0.79026   -0.78843   -0.78757
  -0.37821   -0.34773   -0.33850   -0.33524   -0.32236   -0.32128   -0.31689   -0.31197
   0.08577    0.08866    0.09948    0.11153    0.11451    0.12779    0.12888    0.13917
   0.14545    0.16178    0.17802    0.17965    0.18585    0.19822    0.20358    0.21661
   0.22000    0.22643    0.23416    0.24502    0.24858    0.25267    0.25917    0.26273
   0.46258    0.46687
 kpt#  64, nband= 50, wtk=  0.00926, kpt=  0.1667  0.1667  0.3333 (reduced coord)
  -1.94238   -1.94197   -1.94171   -1.94130   -0.80354   -0.80237   -0.80156   -0.79764
  -0.79604   -0.79486   -0.79209   -0.79153   -0.79076   -0.79002   -0.78805   -0.78781
  -0.37586   -0.34863   -0.33904   -0.33569   -0.32369   -0.32052   -0.31827   -0.31075
   0.08650    0.09431    0.10037    0.10784    0.11695    0.12694    0.13563    0.14282
   0.14603    0.15807    0.16907    0.17760    0.19174    0.20108    0.20732    0.21279
   0.21746    0.22471    0.23376    0.24234    0.24508    0.25004    0.25873    0.26361
   0.45685    0.46733
 kpt#  65, nband= 50, wtk=  0.00926, kpt=  0.3333  0.1667  0.3333 (reduced coord)
  -1.94235   -1.94195   -1.94175   -1.94132   -0.80367   -0.80279   -0.80136   -0.79835
  -0.79614   -0.79502   -0.79146   -0.79103   -0.79033   -0.78981   -0.78846   -0.78801
  -0.36986   -0.34996   -0.34139   -0.33907   -0.32480   -0.31996   -0.31726   -0.31072
   0.08984    0.09912    0.10601    0.11214    0.11716    0.12612    0.14146    0.14301
   0.15138    0.15404    0.16452    0.17905    0.18998    0.19876    0.20089    0.21228
   0.21937    0.22430    0.23011    0.23674    0.24232    0.24965    0.25245    0.26531
   0.44929    0.45857
 kpt#  66, nband= 50, wtk=  0.00926, kpt=  0.5000  0.1667  0.3333 (reduced coord)
  -1.94234   -1.94193   -1.94178   -1.94132   -0.80342   -0.80312   -0.80070   -0.80007
  -0.79589   -0.79476   -0.79079   -0.79063   -0.79005   -0.78962   -0.78907   -0.78840
  -0.36541   -0.35069   -0.34424   -0.34139   -0.32445   -0.31880   -0.31690   -0.31142
   0.09424    0.09726    0.10811    0.11648    0.11780    0.12803    0.14079    0.14623
   0.14921    0.15877    0.16313    0.17434    0.18798    0.18977    0.20828    0.21159
   0.22017    0.22237    0.23197    0.23364    0.23761    0.24778    0.25299    0.26530
   0.44706    0.45214
 kpt#  67, nband= 50, wtk=  0.00926, kpt= -0.3333  0.1667  0.3333 (reduced coord)
  -1.94235   -1.94195   -1.94175   -1.94131   -0.80359   -0.80282   -0.80149   -0.79824
  -0.79610   -0.79505   -0.79140   -0.79103   -0.79031   -0.78986   -0.78854   -0.78802
  -0.36983   -0.34993   -0.34164   -0.33884   -0.32463   -0.31976   -0.31736   -0.31105
   0.08975    0.09900    0.10625    0.11256    0.11718    0.12606    0.14139    0.14223
   0.15093    0.15440    0.16430    0.17984    0.19029    0.19851    0.20101    0.21251
   0.21905    0.22403    0.22972    0.23779    0.24196    0.24959    0.25221    0.26550
   0.45049    0.45782
 kpt#  68, nband= 50, wtk=  0.00926, kpt= -0.1667  0.1667  0.3333 (reduced coord)
  -1.94238   -1.94197   -1.94171   -1.94130   -0.80347   -0.80238   -0.80169   -0.79754
  -0.79602   -0.79488   -0.79204   -0.79150   -0.79077   -0.79009   -0.78807   -0.78785
  -0.37584   -0.34864   -0.33930   -0.33533   -0.32347   -0.32053   -0.31831   -0.31106
   0.08641    0.09444    0.10023    0.10836    0.11677    0.12690    0.13512    0.14248
   0.14622    0.15821    0.16930    0.17795    0.19143    0.20102    0.20676    0.21280
   0.21842    0.22432    0.23385    0.24295    0.24474    0.24969    0.25872    0.26372
   0.45794    0.47208
 kpt#  69, nband= 50, wtk=  0.00926, kpt=  0.0000  0.3333  0.3333 (reduced coord)
  -1.94234   -1.94193   -1.94177   -1.94133   -0.80208   -0.80173   -0.80018   -0.80003
  -0.79643   -0.79408   -0.79343   -0.79096   -0.79044   -0.79023   -0.78919   -0.78783
  -0.36889   -0.34577   -0.34367   -0.33865   -0.32450   -0.31958   -0.31899   -0.31323
   0.09535    0.10401    0.10603    0.11447    0.11598    0.12648    0.13163    0.13658
   0.15010    0.15774    0.17059    0.17348    0.19090    0.19420    0.20279    0.21030
   0.21249    0.22382    0.22508    0.23300    0.24841    0.25235    0.25890    0.26086
   0.45899    0.46784
 kpt#  70, nband= 50, wtk=  0.00926, kpt=  0.1667  0.3333  0.3333 (reduced coord)
  -1.94233   -1.94193   -1.94178   -1.94133   -0.80335   -0.80260   -0.80183   -0.79891
  -0.79602   -0.79378   -0.79255   -0.79075   -0.79011   -0.78986   -0.78874   -0.78796
  -0.36804   -0.34831   -0.34506   -0.34064   -0.32227   -0.32079   -0.31716   -0.31104
   0.09646    0.10330    0.10979    0.11524    0.11750    0.12658    0.13479    0.13941
   0.14832    0.15429    0.16435    0.18036    0.18740    0.20088    0.20461    0.21138
   0.21422    0.22056    0.22467    0.22999    0.24431    0.24969    0.25683    0.26135
   0.45283    0.46414
 kpt#  71, nband= 50, wtk=  0.00926, kpt=  0.3333  0.3333  0.3333 (reduced coord)
  -1.94231   -1.94191   -1.94180   -1.94134   -0.80452   -0.80395   -0.80313   -0.80108
  -0.79378   -0.79268   -0.79119   -0.79037   -0.78965   -0.78935   -0.78848   -0.78805
  -0.36550   -0.35146   -0.34877   -0.34590   -0.32015   -0.31766   -0.31468   -0.30933
   0.09849    0.10740    0.11405    0.11718    0.11840    0.12658    0.13389    0.14215
   0.14817    0.15835    0.16509    0.18202    0.18686    0.19888    0.20604    0.20853
   0.21565    0.21978    0.22303    0.22997    0.23693    0.24736    0.25085    0.26126
   0.44405    0.45740
 kpt#  72, nband= 50, wtk=  0.00926, kpt=  0.5000  0.3333  0.3333 (reduced coord)
  -1.94230   -1.94190   -1.94182   -1.94135   -0.80473   -0.80460   -0.80324   -0.80266
  -0.79268   -0.79250   -0.79027   -0.79001   -0.78923   -0.78912   -0.78855   -0.78851
  -0.36332   -0.35268   -0.35057   -0.34954   -0.31886   -0.31519   -0.31407   -0.30930
   0.10194    0.10712    0.11552    0.11754    0.11820    0.12820    0.13378    0.13939
   0.15432    0.16036    0.16710    0.17776    0.19273    0.19556    0.20163    0.20969
   0.21705    0.21763    0.22055    0.22793    0.23490    0.24835    0.24871    0.26116
   0.44197    0.44846
 kpt#  73, nband= 50, wtk=  0.00926, kpt= -0.3333  0.3333  0.3333 (reduced coord)
  -1.94231   -1.94191   -1.94180   -1.94134   -0.80441   -0.80398   -0.80327   -0.80101
  -0.79371   -0.79260   -0.79125   -0.79042   -0.78955   -0.78942   -0.78849   -0.78810
  -0.36545   -0.35154   -0.34875   -0.34583   -0.32003   -0.31752   -0.31470   -0.30964
   0.09849    0.10734    0.11432    0.11735    0.11822    0.12689    0.13327    0.14247
   0.14771    0.15797    0.16519    0.18209    0.18747    0.19860    0.20685    0.20820
   0.21541    0.21978    0.22318    0.23011    0.23661    0.24722    0.25073    0.26145
   0.44508    0.45674
 kpt#  74, nband= 50, wtk=  0.00926, kpt= -0.1667  0.3333  0.3333 (reduced coord)
  -1.94233   -1.94193   -1.94178   -1.94133   -0.80323   -0.80258   -0.80207   -0.79881
  -0.79601   -0.79359   -0.79266   -0.79077   -0.79006   -0.79000   -0.78873   -0.78797
  -0.36800   -0.34850   -0.34493   -0.34053   -0.32208   -0.32074   -0.31725   -0.31130
   0.09641    0.10353    0.10982    0.11532    0.11729    0.12678    0.13441    0.13909
   0.14811    0.15456    0.16457    0.18068    0.18734    0.20074    0.20405    0.21101
   0.21517    0.22083    0.22468    0.23001    0.24393    0.24965    0.25694    0.26137
   0.45377    0.46408
 kpt#  75, nband= 50, wtk=  0.00926, kpt=  0.0000  0.5000  0.3333 (reduced coord)
  -1.94230   -1.94186   -1.94186   -1.94135   -0.80140   -0.80115   -0.80031   -0.80005
  -0.79624   -0.79578   -0.79261   -0.79208   -0.78980   -0.78946   -0.78909   -0.78883
  -0.35607   -0.35567   -0.34260   -0.34227   -0.32269   -0.32223   -0.31642   -0.31593
   0.10635    0.10789    0.11440    0.11522    0.11579    0.11629    0.14387    0.14639
   0.14686    0.14725    0.16876    0.17016    0.18630    0.18715    0.20615    0.20709
   0.21102    0.21275    0.22736    0.22852    0.25413    0.25483    0.25567    0.25635
   0.45827    0.46096
 kpt#  76, nband= 50, wtk=  0.00926, kpt=  0.1667  0.5000  0.3333 (reduced coord)
  -1.94230   -1.94186   -1.94186   -1.94135   -0.80303   -0.80276   -0.80116   -0.80090
  -0.79494   -0.79447   -0.79137   -0.79100   -0.78953   -0.78943   -0.78911   -0.78885
  -0.35718   -0.35673   -0.34506   -0.34446   -0.32147   -0.32121   -0.31391   -0.31377
   0.10675    0.10796    0.11208    0.11325    0.12188    0.12300    0.14138    0.14276
   0.14867    0.15009    0.16694    0.16845    0.19160    0.19255    0.20450    0.20567
   0.21276    0.21388    0.22603    0.22657    0.24919    0.24986    0.25659    0.25710
   0.45416    0.45573
 kpt#  77, nband= 50, wtk=  0.00926, kpt=  0.3333  0.5000  0.3333 (reduced coord)
  -1.94229   -1.94187   -1.94185   -1.94136   -0.80462   -0.80434   -0.80330   -0.80305
  -0.79262   -0.79217   -0.79014   -0.78991   -0.78950   -0.78925   -0.78876   -0.78844
  -0.35847   -0.35812   -0.35010   -0.34938   -0.31792   -0.31768   -0.31116   -0.31090
   0.10897    0.10973    0.11428    0.11527    0.12393    0.12518    0.13474    0.13593
   0.15759    0.15902    0.17064    0.17203    0.19221    0.19346    0.20094    0.20266
   0.21356    0.21432    0.22406    0.22467    0.24472    0.24516    0.25428    0.25498
   0.44697    0.44795
 kpt#  78, nband= 50, wtk=  0.00926, kpt=  0.5000  0.5000  0.3333 (reduced coord)
  -1.94229   -1.94187   -1.94185   -1.94136   -0.80498   -0.80464   -0.80451   -0.80418
  -0.79139   -0.79098   -0.79046   -0.79004   -0.78917   -0.78893   -0.78844   -0.78814
  -0.35855   -0.35824   -0.35270   -0.35232   -0.31589   -0.31546   -0.31049   -0.31001
   0.11081    0.11142    0.11722    0.11764    0.12292    0.12438    0.13063    0.13164
   0.16624    0.16843    0.17046    0.17294    0.19380    0.19556    0.19684    0.19736
   0.21241    0.21368    0.22153    0.22271    0.24299    0.24408    0.25438    0.25520
   0.44409    0.44624
 kpt#  79, nband= 50, wtk=  0.00926, kpt= -0.3333  0.5000  0.3333 (reduced coord)
  -1.94229   -1.94187   -1.94185   -1.94136   -0.80468   -0.80432   -0.80329   -0.80302
  -0.79259   -0.79212   -0.79012   -0.79001   -0.78953   -0.78928   -0.78870   -0.78845
  -0.35854   -0.35805   -0.34983   -0.34967   -0.31791   -0.31764   -0.31130   -0.31080
   0.10884    0.10986    0.11438    0.11516    0.12389    0.12523    0.13465    0.13601
   0.15709    0.15953    0.17102    0.17171    0.19195    0.19375    0.20087    0.20263
   0.21327    0.21466    0.22367    0.22503    0.24469    0.24516    0.25435    0.25496
   0.44641    0.44848
 kpt#  80, nband= 50, wtk=  0.00926, kpt= -0.1667  0.5000  0.3333 (reduced coord)
  -1.94230   -1.94186   -1.94186   -1.94135   -0.80310   -0.80275   -0.80109   -0.80093
  -0.79492   -0.79442   -0.79137   -0.79105   -0.78976   -0.78921   -0.78910   -0.78888
  -0.35715   -0.35676   -0.34496   -0.34459   -0.32141   -0.32119   -0.31411   -0.31361
   0.10659    0.10810    0.11239    0.11295    0.12180    0.12311    0.14132    0.14273
   0.14823    0.15057    0.16729    0.16814    0.19165    0.19253    0.20430    0.20585
   0.21260    0.21405    0.22559    0.22700    0.24911    0.24988    0.25664    0.25710
   0.45367    0.45623
 kpt#  81, nband= 50, wtk=  0.00926, kpt=  0.0000 -0.3333  0.3333 (reduced coord)
  -1.94234   -1.94193   -1.94177   -1.94133   -0.80235   -0.80183   -0.79999   -0.79974
  -0.79631   -0.79400   -0.79355   -0.79130   -0.79044   -0.79022   -0.78885   -0.78804
  -0.36875   -0.34571   -0.34369   -0.33814   -0.32450   -0.31981   -0.31913   -0.31366
   0.09638    0.10377    0.10605    0.11512    0.11586    0.12647    0.13179    0.13837
   0.14816    0.15578    0.17135    0.17290    0.19161    0.19367    0.20314    0.20928
   0.21283    0.22429    0.22475    0.23317    0.24853    0.25294    0.25853    0.26064
   0.45728    0.47034
 kpt#  82, nband= 50, wtk=  0.00926, kpt=  0.1667 -0.3333  0.3333 (reduced coord)
  -1.94233   -1.94193   -1.94178   -1.94133   -0.80358   -0.80227   -0.80199   -0.79872
  -0.79599   -0.79362   -0.79269   -0.79071   -0.79026   -0.78996   -0.78851   -0.78817
  -0.36790   -0.34816   -0.34503   -0.34025   -0.32207   -0.32085   -0.31766   -0.31151
   0.09680    0.10367    0.11046    0.11560    0.11727    0.12613    0.13523    0.14054
   0.14692    0.15374    0.16370    0.18121    0.18658    0.20159    0.20367    0.21011
   0.21495    0.22013    0.22480    0.23082    0.24416    0.24967    0.25727    0.26106
   0.45264    0.46590
 kpt#  83, nband= 50, wtk=  0.00926, kpt=  0.3333 -0.3333  0.3333 (reduced coord)
  -1.94231   -1.94191   -1.94180   -1.94134   -0.80475   -0.80372   -0.80313   -0.80099
  -0.79373   -0.79259   -0.79125   -0.79017   -0.78989   -0.78937   -0.78862   -0.78801
  -0.36548   -0.35111   -0.34865   -0.34571   -0.32009   -0.31782   -0.31517   -0.30951
   0.09829    0.10833    0.11442    0.11732    0.11895    0.12611    0.13366    0.14145
   0.14942    0.15796    0.16444    0.18263    0.18711    0.19801    0.20479    0.20936
   0.21513    0.22005    0.22267    0.23062    0.23636    0.24736    0.25049    0.26140
   0.44526    0.45778
 kpt#  84, nband= 50, wtk=  0.00926, kpt=  0.5000 -0.3333  0.3333 (reduced coord)
  -1.94230   -1.94190   -1.94182   -1.94135   -0.80508   -0.80442   -0.80288   -0.80278
  -0.79274   -0.79230   -0.79023   -0.79012   -0.78946   -0.78904   -0.78880   -0.78826
  -0.36346   -0.35227   -0.35038   -0.34936   -0.31897   -0.31578   -0.31445   -0.30896
   0.10181    0.10741    0.11641    0.11760    0.11896    0.12770    0.13309    0.13838
   0.15563    0.16258    0.16608    0.17720    0.19332    0.19402    0.20166    0.20933
   0.21646    0.21799    0.22018    0.22792    0.23545    0.24799    0.24819    0.26088
   0.44330    0.44914
 kpt#  85, nband= 50, wtk=  0.00926, kpt= -0.3333 -0.3333  0.3333 (reduced coord)
  -1.94231   -1.94191   -1.94180   -1.94134   -0.80488   -0.80369   -0.80303   -0.80100
  -0.79372   -0.79268   -0.79112   -0.79016   -0.78996   -0.78945   -0.78857   -0.78796
  -0.36554   -0.35104   -0.34861   -0.34586   -0.32016   -0.31788   -0.31521   -0.30925
   0.09828    0.10832    0.11420    0.11735    0.11892    0.12588    0.13424    0.14113
   0.14980    0.15841    0.16438    0.18265    0.18645    0.19837    0.20407    0.20949
   0.21541    0.21987    0.22264    0.23033    0.23677    0.24755    0.25060    0.26121
   0.44411    0.45788
 kpt#  86, nband= 50, wtk=  0.00926, kpt= -0.1667 -0.3333  0.3333 (reduced coord)
  -1.94233   -1.94193   -1.94178   -1.94133   -0.80372   -0.80230   -0.80178   -0.79877
  -0.79594   -0.79380   -0.79253   -0.79074   -0.79029   -0.78996   -0.78848   -0.78815
  -0.36795   -0.34799   -0.34515   -0.34038   -0.32218   -0.32086   -0.31763   -0.31127
   0.09683    0.10341    0.11046    0.11558    0.11744    0.12597    0.13556    0.14078
   0.14712    0.15353    0.16350    0.18085    0.18671    0.20208    0.20393    0.21040
   0.21409    0.21981    0.22475    0.23086    0.24450    0.24969    0.25719    0.26106
   0.45160    0.46603
 kpt#  87, nband= 50, wtk=  0.00926, kpt=  0.0000 -0.1667  0.3333 (reduced coord)
  -1.94240   -1.94198   -1.94170   -1.94130   -0.80356   -0.80189   -0.80155   -0.79837
  -0.79526   -0.79448   -0.79219   -0.79199   -0.79059   -0.79031   -0.78828   -0.78777
  -0.37814   -0.34762   -0.33829   -0.33468   -0.32274   -0.32176   -0.31668   -0.31237
   0.08640    0.08870    0.09963    0.11242    0.11420    0.12716    0.12926    0.13993
   0.14414    0.16177    0.17812    0.18051    0.18469    0.19748    0.20244    0.21624
   0.22085    0.22895    0.23241    0.24378    0.24979    0.25338    0.25924    0.26211
   0.46216    0.46631
 kpt#  88, nband= 50, wtk=  0.00926, kpt=  0.1667 -0.1667  0.3333 (reduced coord)
  -1.94238   -1.94197   -1.94171   -1.94130   -0.80377   -0.80201   -0.80171   -0.79738
  -0.79597   -0.79503   -0.79211   -0.79167   -0.79053   -0.79010   -0.78810   -0.78792
  -0.37578   -0.34839   -0.33904   -0.33506   -0.32365   -0.32110   -0.31827   -0.31128
   0.08655    0.09475    0.10055    0.10902    0.11673    0.12613    0.13598    0.14275
   0.14543    0.15881    0.16860    0.17721    0.19167    0.20086    0.20601    0.21284
   0.21874    0.22384    0.23303    0.24271    0.24601    0.25042    0.25889    0.26302
   0.45778    0.46649
 kpt#  89, nband= 50, wtk=  0.00926, kpt=  0.3333 -0.1667  0.3333 (reduced coord)
  -1.94235   -1.94195   -1.94175   -1.94132   -0.80382   -0.80269   -0.80133   -0.79818
  -0.79593   -0.79526   -0.79151   -0.79104   -0.79027   -0.78971   -0.78877   -0.78796
  -0.36983   -0.34956   -0.34125   -0.33878   -0.32491   -0.32000   -0.31784   -0.31097
   0.08959    0.09952    0.10660    0.11304    0.11735    0.12554    0.14075    0.14302
   0.15109    0.15532    0.16344    0.17928    0.19019    0.19750    0.20228    0.21244
   0.21866    0.22301    0.22933    0.23835    0.24204    0.24964    0.25229    0.26521
   0.45095    0.45864
 kpt#  90, nband= 50, wtk=  0.00926, kpt=  0.5000 -0.1667  0.3333 (reduced coord)
  -1.94234   -1.94193   -1.94178   -1.94132   -0.80351   -0.80323   -0.80032   -0.80014
  -0.79576   -0.79486   -0.79102   -0.79065   -0.78991   -0.78965   -0.78896   -0.78853
  -0.36549   -0.35025   -0.34390   -0.34119   -0.32477   -0.31920   -0.31745   -0.31113
   0.09437    0.09719    0.10872    0.11689    0.11768    0.12771    0.14128    0.14672
   0.14831    0.16102    0.16206    0.17349    0.18793    0.18916    0.20910    0.21206
   0.21909    0.22219    0.23131    0.23356    0.23786    0.24720    0.25310    0.26509
   0.44820    0.45278
 kpt#  91, nband= 50, wtk=  0.00926, kpt= -0.3333 -0.1667  0.3333 (reduced coord)
  -1.94235   -1.94195   -1.94175   -1.94132   -0.80394   -0.80265   -0.80123   -0.79821
  -0.79600   -0.79516   -0.79163   -0.79104   -0.79018   -0.78975   -0.78873   -0.78794
  -0.36987   -0.34959   -0.34092   -0.33910   -0.32500   -0.32021   -0.31774   -0.31068
   0.08967    0.09953    0.10639    0.11265    0.11731    0.12575    0.14090    0.14361
   0.15144    0.15520    0.16360    0.17852    0.18985    0.19776    0.20203    0.21226
   0.21910    0.22335    0.22962    0.23732    0.24232    0.24962    0.25260    0.26506
   0.44960    0.45935
 kpt#  92, nband= 50, wtk=  0.00926, kpt= -0.1667 -0.1667  0.3333 (reduced coord)
  -1.94238   -1.94197   -1.94171   -1.94130   -0.80388   -0.80204   -0.80156   -0.79744
  -0.79598   -0.79495   -0.79218   -0.79169   -0.79052   -0.79010   -0.78810   -0.78787
  -0.37581   -0.34839   -0.33881   -0.33538   -0.32384   -0.32104   -0.31829   -0.31100
   0.08664    0.09457    0.10068    0.10849    0.11683    0.12630    0.13647    0.14317
   0.14514    0.15876    0.16844    0.17680    0.19195    0.20094    0.20645    0.21284
   0.21785    0.22434    0.23290    0.24218    0.24619    0.25072    0.25895    0.26294
   0.45649    0.46706
 kpt#  93, nband= 50, wtk=  0.00463, kpt=  0.0000  0.0000  0.5000 (reduced coord)
  -1.94236   -1.94205   -1.94167   -1.94129   -0.80077   -0.80063   -0.80013   -0.79996
  -0.79669   -0.79652   -0.79279   -0.79260   -0.78932   -0.78916   -0.78901   -0.78886
  -0.36462   -0.36410   -0.33384   -0.33309   -0.32161   -0.32146   -0.31738   -0.31690
   0.09418    0.09468    0.10441    0.10461    0.12489    0.12543    0.13062    0.13202
   0.14848    0.14902    0.17537    0.17636    0.18819    0.18922    0.20960    0.21101
   0.21912    0.22045    0.24265    0.24329    0.25319    0.25355    0.26013    0.26090
   0.46734    0.46935
 kpt#  94, nband= 50, wtk=  0.00926, kpt=  0.1667  0.0000  0.5000 (reduced coord)
  -1.94235   -1.94203   -1.94169   -1.94130   -0.80124   -0.80120   -0.79939   -0.79933
  -0.79729   -0.79718   -0.79212   -0.79199   -0.78974   -0.78953   -0.78884   -0.78870
  -0.36328   -0.36276   -0.33423   -0.33354   -0.32335   -0.32321   -0.31667   -0.31625
   0.09361    0.09412    0.10659    0.10680    0.12563    0.12633    0.13329    0.13432
   0.15356    0.15362    0.17250    0.17320    0.18553    0.18668    0.20858    0.20951
   0.22070    0.22110    0.23807    0.23825    0.25261    0.25346    0.25942    0.25961
   0.46188    0.46314
 kpt#  95, nband= 50, wtk=  0.00926, kpt=  0.3333  0.0000  0.5000 (reduced coord)
  -1.94234   -1.94198   -1.94174   -1.94131   -0.80180   -0.80177   -0.79865   -0.79857
  -0.79789   -0.79780   -0.79140   -0.79118   -0.79042   -0.79034   -0.78852   -0.78838
  -0.36017   -0.35964   -0.33563   -0.33514   -0.32593   -0.32561   -0.31606   -0.31565
   0.09472    0.09532    0.10940    0.10959    0.12330    0.12404    0.14430    0.14496
   0.16131    0.16213    0.16793    0.16889    0.18286    0.18401    0.20025    0.20087
   0.22199    0.22228    0.23220    0.23272    0.24888    0.24964    0.25884    0.25899
   0.45403    0.45496
 kpt#  96, nband= 50, wtk=  0.00463, kpt=  0.5000  0.0000  0.5000 (reduced coord)
  -1.94233   -1.94194   -1.94177   -1.94132   -0.80200   -0.80198   -0.79905   -0.79897
  -0.79726   -0.79710   -0.79203   -0.79166   -0.79003   -0.78993   -0.78847   -0.78834
  -0.35831   -0.35776   -0.33683   -0.33646   -0.32691   -0.32646   -0.31592   -0.31551
   0.09633    0.09706    0.11035    0.11067    0.12088    0.12172    0.15223    0.15317
   0.16217    0.16245    0.16956    0.16997    0.18397    0.18557    0.19116    0.19129
   0.21879    0.21906    0.23411    0.23503    0.24596    0.24619    0.25794    0.25821
   0.45041    0.45132
 kpt#  97, nband= 50, wtk=  0.00926, kpt=  0.0000  0.1667  0.5000 (reduced coord)
  -1.94234   -1.94203   -1.94169   -1.94131   -0.80117   -0.80086   -0.79998   -0.79969
  -0.79680   -0.79667   -0.79225   -0.79214   -0.78999   -0.78978   -0.78876   -0.78848
  -0.36258   -0.36204   -0.33576   -0.33495   -0.32146   -0.32134   -0.31795   -0.31743
   0.09874    0.09952    0.10680    0.10694    0.12427    0.12493    0.13273    0.13354
   0.14756    0.14803    0.17534    0.17594    0.19064    0.19139    0.20094    0.20277
   0.22391    0.22406    0.23799    0.23885    0.24992    0.25081    0.25783    0.25808
   0.46576    0.46744
 kpt#  98, nband= 50, wtk=  0.00926, kpt=  0.1667  0.1667  0.5000 (reduced coord)
  -1.94234   -1.94201   -1.94171   -1.94131   -0.80250   -0.80200   -0.79952   -0.79903
  -0.79681   -0.79650   -0.79192   -0.79156   -0.79002   -0.78936   -0.78882   -0.78851
  -0.36193   -0.36142   -0.33747   -0.33600   -0.32413   -0.32113   -0.31681   -0.31472
   0.09739    0.09873    0.10888    0.10949    0.12429    0.12643    0.13418    0.13769
   0.15046    0.15241    0.16738    0.17395    0.18792    0.19147    0.20571    0.20874
   0.21935    0.22309    0.23427    0.23991    0.24190    0.24907    0.25580    0.26087
   0.45646    0.46743
 kpt#  99, nband= 50, wtk=  0.00926, kpt=  0.3333  0.1667  0.5000 (reduced coord)
  -1.94233   -1.94196   -1.94175   -1.94132   -0.80348   -0.80308   -0.80072   -0.79999
  -0.79548   -0.79526   -0.79131   -0.79051   -0.78996   -0.78976   -0.78857   -0.78839
  -0.36031   -0.35967   -0.34107   -0.34002   -0.32309   -0.32163   -0.31459   -0.31345
   0.09726    0.10171    0.10863    0.11398    0.12336    0.12482    0.13933    0.14819
   0.15626    0.15708    0.16363    0.17718    0.18506    0.18785    0.20000    0.20969
   0.22099    0.22198    0.22727    0.23372    0.23926    0.24608    0.25532    0.25820
   0.44856    0.45645
 kpt# 100, nband= 50, wtk=  0.00926, kpt=  0.5000  0.1667  0.5000 (reduced coord)
  -1.94232   -1.94193   -1.94179   -1.94133   -0.80372   -0.80339   -0.80123   -0.80092
  -0.79467   -0.79454   -0.79102   -0.79059   -0.78985   -0.78963   -0.78856   -0.78838
  -0.35913   -0.35851   -0.34310   -0.34261   -0.32172   -0.32136   -0.31405   -0.31351
   0.10060    0.10123    0.11192    0.11212    0.12196    0.12282    0.14480    0.14603
   0.16433    0.16538    0.16668    0.16809    0.18678    0.18725    0.20085    0.20150
   0.21840    0.21920    0.22919    0.23003    0.24112    0.24227    0.25605    0.25634
   0.44761    0.44871
 kpt# 101, nband= 50, wtk=  0.00926, kpt= -0.3333  0.1667  0.5000 (reduced coord)
  -1.94233   -1.94196   -1.94176   -1.94132   -0.80343   -0.80306   -0.80084   -0.79992
  -0.79550   -0.79527   -0.79110   -0.79051   -0.78999   -0.78987   -0.78867   -0.78836
  -0.36079   -0.35909   -0.34157   -0.33957   -0.32262   -0.32170   -0.31453   -0.31397
   0.09679    0.10236    0.10868    0.11422    0.12347    0.12446    0.13862    0.14816
   0.15624    0.15720    0.16347    0.17776    0.18555    0.18763    0.20019    0.20885
   0.22137    0.22230    0.22727    0.23304    0.23987    0.24550    0.25550    0.25838
   0.44974    0.45555
 kpt# 102, nband= 50, wtk=  0.00926, kpt= -0.1667  0.1667  0.5000 (reduced coord)
  -1.94234   -1.94201   -1.94171   -1.94131   -0.80242   -0.80201   -0.79966   -0.79897
  -0.79684   -0.79647   -0.79191   -0.79147   -0.79000   -0.78942   -0.78884   -0.78856
  -0.36242   -0.36086   -0.33811   -0.33536   -0.32384   -0.32096   -0.31682   -0.31527
   0.09700    0.09910    0.10908    0.10979    0.12405    0.12587    0.13407    0.13823
   0.15035    0.15186    0.16771    0.17431    0.18902    0.19028    0.20498    0.20857
   0.22019    0.22357    0.23388    0.24020    0.24199    0.24846    0.25588    0.26097
   0.45775    0.46627
 kpt# 103, nband= 50, wtk=  0.00926, kpt=  0.0000  0.3333  0.5000 (reduced coord)
  -1.94230   -1.94196   -1.94177   -1.94134   -0.80144   -0.80119   -0.80021   -0.79998
  -0.79617   -0.79605   -0.79224   -0.79214   -0.79030   -0.79007   -0.78863   -0.78836
  -0.35695   -0.35635   -0.34131   -0.34051   -0.32094   -0.32082   -0.31900   -0.31858
   0.10637    0.10697    0.11408    0.11456    0.12514    0.12539    0.13592    0.13654
   0.14894    0.14962    0.17265    0.17372    0.18175    0.18437    0.20202    0.20295
   0.22112    0.22216    0.22816    0.22957    0.24440    0.24481    0.25575    0.25620
   0.46397    0.46490
 kpt# 104, nband= 50, wtk=  0.00926, kpt=  0.1667  0.3333  0.5000 (reduced coord)
  -1.94230   -1.94195   -1.94177   -1.94135   -0.80331   -0.80262   -0.80133   -0.80045
  -0.79498   -0.79433   -0.79172   -0.79091   -0.79004   -0.78985   -0.78865   -0.78836
  -0.35807   -0.35725   -0.34382   -0.34350   -0.32080   -0.31970   -0.31645   -0.31467
   0.10504    0.10821    0.11373    0.11686    0.12380    0.12742    0.13700    0.13875
   0.14875    0.15302    0.16709    0.16815    0.19080    0.19393    0.20235    0.20569
   0.21670    0.22085    0.22416    0.22652    0.24217    0.24521    0.25129    0.25896
   0.45311    0.46846
 kpt# 105, nband= 50, wtk=  0.00926, kpt=  0.3333  0.3333  0.5000 (reduced coord)
  -1.94230   -1.94192   -1.94180   -1.94135   -0.80494   -0.80444   -0.80322   -0.80246
  -0.79253   -0.79215   -0.79054   -0.79003   -0.78969   -0.78925   -0.78861   -0.78825
  -0.35946   -0.35869   -0.34893   -0.34862   -0.31726   -0.31701   -0.31251   -0.31151
   0.10625    0.10837    0.11721    0.11990    0.12220    0.12685    0.13269    0.13588
   0.15877    0.16032    0.16880    0.17255    0.18998    0.19265    0.20448    0.20790
   0.21399    0.21960    0.22294    0.22471    0.23568    0.24206    0.25234    0.25349
   0.44380    0.45636
 kpt# 106, nband= 50, wtk=  0.00926, kpt=  0.5000  0.3333  0.5000 (reduced coord)
  -1.94230   -1.94190   -1.94182   -1.94135   -0.80544   -0.80507   -0.80394   -0.80359
  -0.79147   -0.79139   -0.79005   -0.78961   -0.78933   -0.78916   -0.78857   -0.78825
  -0.35974   -0.35908   -0.35161   -0.35103   -0.31533   -0.31498   -0.31127   -0.31078
   0.10884    0.10918    0.11818    0.11847    0.12370    0.12500    0.13214    0.13352
   0.16468    0.16539    0.17220    0.17314    0.19046    0.19127    0.20149    0.20231
   0.21878    0.21938    0.22519    0.22568    0.23367    0.23490    0.25235    0.25270
   0.44403    0.44491
 kpt# 107, nband= 50, wtk=  0.00926, kpt= -0.3333  0.3333  0.5000 (reduced coord)
  -1.94230   -1.94192   -1.94180   -1.94135   -0.80484   -0.80446   -0.80337   -0.80239
  -0.79253   -0.79211   -0.79044   -0.79003   -0.78973   -0.78930   -0.78861   -0.78830
  -0.35994   -0.35809   -0.34931   -0.34829   -0.31705   -0.31675   -0.31253   -0.31204
   0.10592    0.10868    0.11749    0.12030    0.12239    0.12601    0.13246    0.13594
   0.15843    0.16031    0.16930    0.17268    0.18956    0.19270    0.20465    0.20782
   0.21367    0.21985    0.22349    0.22520    0.23477    0.24212    0.25266    0.25325
   0.44470    0.45579
 kpt# 108, nband= 50, wtk=  0.00926, kpt= -0.1667  0.3333  0.5000 (reduced coord)
  -1.94230   -1.94195   -1.94178   -1.94135   -0.80317   -0.80267   -0.80149   -0.80038
  -0.79493   -0.79431   -0.79171   -0.79089   -0.79010   -0.78986   -0.78865   -0.78838
  -0.35856   -0.35665   -0.34431   -0.34302   -0.32044   -0.31958   -0.31653   -0.31517
   0.10519    0.10791    0.11402    0.11708    0.12367    0.12703    0.13708    0.13888
   0.14876    0.15245    0.16752    0.16849    0.19060    0.19328    0.20195    0.20602
   0.21691    0.22120    0.22472    0.22694    0.24128    0.24511    0.25147    0.25889
   0.45396    0.46817
 kpt# 109, nband= 50, wtk=  0.00463, kpt=  0.0000  0.5000  0.5000 (reduced coord)
  -1.94228   -1.94188   -1.94185   -1.94136   -0.80118   -0.80108   -0.80078   -0.80072
  -0.79459   -0.79438   -0.79407   -0.79375   -0.78938   -0.78913   -0.78905   -0.78881
  -0.34934   -0.34900   -0.34862   -0.34825   -0.32033   -0.32010   -0.31978   -0.31957
   0.11197    0.11215    0.11277    0.11296    0.13360    0.13398    0.13455    0.13492
   0.15727    0.15788    0.15957    0.16012    0.18945    0.19018    0.19075    0.19145
   0.22182    0.22206    0.22377    0.22394    0.24853    0.24926    0.24945    0.25016
   0.46647    0.46781
 kpt# 110, nband= 50, wtk=  0.00926, kpt=  0.1667  0.5000  0.5000 (reduced coord)
  -1.94228   -1.94188   -1.94185   -1.94136   -0.80298   -0.80276   -0.80214   -0.80189
  -0.79324   -0.79307   -0.79220   -0.79201   -0.78935   -0.78910   -0.78903   -0.78878
  -0.35205   -0.35137   -0.35122   -0.35056   -0.31782   -0.31768   -0.31720   -0.31673
   0.11162    0.11198    0.11507    0.11536    0.13142    0.13197    0.13366    0.13393
   0.15888    0.15962    0.16160    0.16196    0.19310    0.19327    0.19571    0.19655
   0.21802    0.21828    0.22012    0.22055    0.24616    0.24708    0.25148    0.25219
   0.45787    0.45852
 kpt# 111, nband= 50, wtk=  0.00926, kpt=  0.3333  0.5000  0.5000 (reduced coord)
  -1.94228   -1.94188   -1.94185   -1.94136   -0.80495   -0.80479   -0.80428   -0.80413
  -0.79095   -0.79087   -0.79013   -0.79005   -0.78919   -0.78900   -0.78890   -0.78865
  -0.35608   -0.35545   -0.35538   -0.35476   -0.31359   -0.31330   -0.31297   -0.31250
   0.11456    0.11487    0.11646    0.11673    0.12774    0.12812    0.13013    0.13076
   0.16462    0.16575    0.16881    0.16962    0.19270    0.19332    0.19669    0.19725
   0.21642    0.21700    0.21977    0.22052    0.24422    0.24508    0.24803    0.24877
   0.44880    0.44948
 kpt# 112, nband= 50, wtk=  0.00463, kpt=  0.5000  0.5000  0.5000 (reduced coord)
  -1.94228   -1.94188   -1.94185   -1.94136   -0.80563   -0.80552   -0.80520   -0.80513
  -0.79008   -0.78995   -0.78972   -0.78953   -0.78897   -0.78880   -0.78865   -0.78841
  -0.35770   -0.35736   -0.35706   -0.35672   -0.31167   -0.31146   -0.31104   -0.31081
   0.11659    0.11676    0.11703    0.11714    0.12617    0.12670    0.12832    0.12876
   0.16855    0.16942    0.17180    0.17261    0.19210    0.19265    0.19406    0.19465
   0.21863    0.21872    0.22021    0.22039    0.24388    0.24428    0.24496    0.24533
   0.44841    0.44931
