 Fermi (or HOMO) energy (hartree) =   0.27702   Average Vxc (hartree)=  -0.44600
 Eigenvalues (hartree) for nkpt= 112  k points:
 kpt#   1, nband= 50, wtk=  0.00463, kpt=  0.0000  0.0000  0.0000 (reduced coord)
  -1.94356   -1.94289   -1.94286   -1.94286   -0.80518   -0.80516   -0.80483   -0.79335
  -0.79305   -0.79273   -0.79246   -0.79147   -0.79141   -0.78849   -0.78691   -0.78690
  -0.39509   -0.33820   -0.32915   -0.32889   -0.31890   -0.31597   -0.31575   -0.29720
   0.06037    0.06043    0.07180    0.09590    0.10272    0.10292    0.16296    0.16415
   0.16650    0.16767    0.17257    0.17259    0.22244    0.22380    0.22723    0.22862
   0.24819    0.25079    0.25478    0.25527    0.25762    0.26614    0.26740    0.27518
   0.44337    0.44546
 kpt#   2, nband= 50, wtk=  0.00926, kpt=  0.1667  0.0000  0.0000 (reduced coord)
  -1.94351   -1.94291   -1.94289   -1.94287   -0.80430   -0.80409   -0.80407   -0.79404
  -0.79319   -0.79249   -0.79223   -0.79217   -0.79155   -0.78872   -0.78827   -0.78729
  -0.39034   -0.33669   -0.32844   -0.32701   -0.32184   -0.31950   -0.31734   -0.29952
   0.06616    0.07041    0.07113    0.09830    0.10537    0.11821    0.15156    0.15269
   0.16042    0.16218    0.17238    0.17524    0.21775    0.22007    0.22039    0.23482
   0.24739    0.24745    0.24973    0.25800    0.25960    0.26132    0.26817    0.27571
   0.45202    0.45206
 kpt#   3, nband= 50, wtk=  0.00926, kpt=  0.3333  0.0000  0.0000 (reduced coord)
  -1.94338   -1.94304   -1.94289   -1.94287   -0.80203   -0.80192   -0.80097   -0.79626
  -0.79514   -0.79282   -0.79190   -0.79187   -0.79152   -0.79112   -0.78943   -0.78832
  -0.37707   -0.33797   -0.33256   -0.32622   -0.32276   -0.32121   -0.32016   -0.30570
   0.07818    0.08255    0.09888    0.10541    0.11415    0.12535    0.13423    0.13683
   0.14479    0.15250    0.18269    0.18289    0.18580    0.20718    0.21044    0.22877
   0.23699    0.23929    0.25282    0.26198    0.26440    0.26806    0.26958    0.27701
   0.46681    0.47008
 kpt#   4, nband= 50, wtk=  0.00463, kpt=  0.5000  0.0000  0.0000 (reduced coord)
  -1.94321   -1.94321   -1.94288   -1.94288   -0.79918   -0.79917   -0.79859   -0.79859
  -0.79655   -0.79654   -0.79237   -0.79236   -0.79048   -0.79047   -0.78972   -0.78972
  -0.35813   -0.35813   -0.32705   -0.32705   -0.32366   -0.32366   -0.31370   -0.31370
   0.09507    0.09507    0.11088    0.11088    0.11753    0.11753    0.12804    0.12804
   0.13996    0.13997    0.19031    0.19033    0.19547    0.19548    0.19684    0.19684
   0.23716    0.23716    0.26069    0.26070    0.26705    0.26705    0.27614    0.27614
   0.47850    0.48002
 kpt#   5, nband= 50, wtk=  0.00926, kpt=  0.0000  0.1667  0.0000 (reduced coord)
  -1.94351   -1.94291   -1.94289   -1.94287   -0.80432   -0.80409   -0.80405   -0.79414
  -0.79296   -0.79249   -0.79243   -0.79209   -0.79154   -0.78873   -0.78827   -0.78728
  -0.39034   -0.33667   -0.32813   -0.32719   -0.32211   -0.31949   -0.31721   -0.29956
   0.06612    0.07043    0.07107    0.09831    0.10578    0.11789    0.15194    0.15261
   0.16013    0.16248    0.17253    0.17493    0.21749    0.21999    0.22068    0.23721
   0.24440    0.24550    0.24997    0.25869    0.25947    0.26541    0.26572    0.27571
   0.45167    0.45173
 kpt#   6, nband= 50, wtk=  0.00926, kpt=  0.1667  0.1667  0.0000 (reduced coord)
  -1.94347   -1.94291   -1.94291   -1.94289   -0.80344   -0.80342   -0.80337   -0.79392
  -0.79382   -0.79372   -0.79200   -0.79192   -0.79102   -0.78998   -0.78905   -0.78709
  -0.38601   -0.33575   -0.32718   -0.32702   -0.32242   -0.32231   -0.31991   -0.30156
   0.07277    0.07582    0.07584    0.10001    0.10945    0.12881    0.14452    0.14457
   0.15925    0.16480    0.16486    0.17308    0.21333    0.21780    0.22354    0.22387
   0.24557    0.24884    0.25014    0.25050    0.25964    0.26015    0.26804    0.27600
   0.45557    0.46026
 kpt#   7, nband= 50, wtk=  0.00926, kpt=  0.3333  0.1667  0.0000 (reduced coord)
  -1.94335   -1.94303   -1.94291   -1.94289   -0.80167   -0.80141   -0.80098   -0.79639
  -0.79577   -0.79332   -0.79294   -0.79143   -0.79104   -0.79081   -0.78985   -0.78781
  -0.37386   -0.33812   -0.33329   -0.32706   -0.32452   -0.32109   -0.32010   -0.30690
   0.08184    0.09089    0.10217    0.10548    0.11848    0.12413    0.13175    0.13858
   0.14888    0.15898    0.17561    0.17962    0.18890    0.20436    0.20652    0.22911
   0.23122    0.23496    0.24952    0.25242    0.26308    0.26762    0.26934    0.27678
   0.46421    0.47393
 kpt#   8, nband= 50, wtk=  0.00926, kpt=  0.5000  0.1667  0.0000 (reduced coord)
  -1.94319   -1.94319   -1.94290   -1.94290   -0.79916   -0.79915   -0.79885   -0.79885
  -0.79709   -0.79709   -0.79183   -0.79182   -0.79072   -0.79072   -0.78924   -0.78923
  -0.35652   -0.35652   -0.33000   -0.32999   -0.32280   -0.32280   -0.31383   -0.31383
   0.09967    0.09967    0.11416    0.11416    0.11436    0.11437    0.13225    0.13225
   0.14626    0.14627    0.18862    0.18863    0.18982    0.18983    0.19863    0.19864
   0.23252    0.23253    0.25258    0.25258    0.26590    0.26590    0.27551    0.27551
   0.47227    0.47280
 kpt#   9, nband= 50, wtk=  0.00926, kpt= -0.3333  0.1667  0.0000 (reduced coord)
  -1.94335   -1.94303   -1.94291   -1.94289   -0.80167   -0.80141   -0.80098   -0.79639
  -0.79577   -0.79332   -0.79294   -0.79143   -0.79104   -0.79081   -0.78985   -0.78781
  -0.37386   -0.33812   -0.33329   -0.32706   -0.32452   -0.32109   -0.32010   -0.30690
   0.08184    0.09089    0.10217    0.10548    0.11848    0.12413    0.13175    0.13858
   0.14888    0.15898    0.17561    0.17962    0.18890    0.20436    0.20652    0.22911
   0.23122    0.23496    0.24952    0.25242    0.26308    0.26762    0.26934    0.27678
   0.46426    0.47377
 kpt#  10, nband= 50, wtk=  0.00926, kpt= -0.1667  0.1667  0.0000 (reduced coord)
  -1.94347   -1.94291   -1.94291   -1.94289   -0.80344   -0.80342   -0.80337   -0.79392
  -0.79382   -0.79372   -0.79200   -0.79192   -0.79102   -0.78998   -0.78905   -0.78709
  -0.38601   -0.33575   -0.32718   -0.32702   -0.32242   -0.32231   -0.31991   -0.30156
   0.07277    0.07582    0.07584    0.10001    0.10945    0.12881    0.14452    0.14457
   0.15925    0.16480    0.16486    0.17308    0.21333    0.21780    0.22354    0.22387
   0.24557    0.24884    0.25014    0.25050    0.25964    0.26015    0.26804    0.27600
   0.45557    0.46027
 kpt#  11, nband= 50, wtk=  0.00926, kpt=  0.0000  0.3333  0.0000 (reduced coord)
  -1.94339   -1.94304   -1.94289   -1.94287   -0.80204   -0.80193   -0.80095   -0.79630
  -0.79514   -0.79270   -0.79188   -0.79187   -0.79162   -0.79109   -0.78945   -0.78831
  -0.37709   -0.33800   -0.33245   -0.32615   -0.32176   -0.32122   -0.32117   -0.30585
   0.07812    0.08255    0.09881    0.10544    0.11455    0.12547    0.13428    0.13687
   0.14491    0.15260    0.18234    0.18309    0.18558    0.20724    0.21110    0.22854
   0.23551    0.23967    0.25207    0.26413    0.26491    0.26614    0.26996    0.27702
   0.46516    0.46687
 kpt#  12, nband= 50, wtk=  0.00926, kpt=  0.1667  0.3333  0.0000 (reduced coord)
  -1.94335   -1.94303   -1.94291   -1.94289   -0.80168   -0.80142   -0.80097   -0.79638
  -0.79580   -0.79332   -0.79285   -0.79151   -0.79101   -0.79078   -0.78988   -0.78780
  -0.37388   -0.33818   -0.33322   -0.32683   -0.32442   -0.32106   -0.32039   -0.30700
   0.08181    0.09099    0.10204    0.10550    0.11871    0.12408    0.13187    0.13863
   0.14897    0.15914    0.17572    0.17929    0.18870    0.20478    0.20664    0.22907
   0.23102    0.23378    0.25061    0.25224    0.26279    0.26743    0.26967    0.27679
   0.46324    0.47184
 kpt#  13, nband= 50, wtk=  0.00926, kpt=  0.3333  0.3333  0.0000 (reduced coord)
  -1.94326   -1.94300   -1.94300   -1.94292   -0.80076   -0.80075   -0.79979   -0.79836
  -0.79590   -0.79451   -0.79449   -0.79118   -0.79015   -0.79013   -0.78993   -0.78769
  -0.36486   -0.33801   -0.33792   -0.33504   -0.32081   -0.32033   -0.32020   -0.31028
   0.09218    0.10675    0.10940    0.10975    0.12592    0.12627    0.12903    0.13899
   0.15991    0.15993    0.17646    0.17859    0.18863    0.18965    0.20758    0.20793
   0.21448    0.23445    0.23471    0.24020    0.26722    0.26891    0.26912    0.27606
   0.46026    0.46728
 kpt#  14, nband= 50, wtk=  0.00926, kpt=  0.5000  0.3333  0.0000 (reduced coord)
  -1.94313   -1.94312   -1.94296   -1.94296   -0.79992   -0.79992   -0.79918   -0.79918
  -0.79666   -0.79666   -0.79282   -0.79282   -0.78970   -0.78969   -0.78859   -0.78859
  -0.35188   -0.35188   -0.33690   -0.33690   -0.32052   -0.32052   -0.31505   -0.31505
   0.10538    0.10538    0.10998    0.10998    0.13045    0.13045    0.14325    0.14325
   0.15618    0.15619    0.17449    0.17450    0.18712    0.18712    0.20606    0.20607
   0.21043    0.21044    0.23632    0.23633    0.26815    0.26815    0.27405    0.27405
   0.46132    0.46222
 kpt#  15, nband= 50, wtk=  0.00926, kpt= -0.3333  0.3333  0.0000 (reduced coord)
  -1.94326   -1.94300   -1.94300   -1.94292   -0.80076   -0.80075   -0.79979   -0.79836
  -0.79590   -0.79451   -0.79449   -0.79118   -0.79015   -0.79013   -0.78993   -0.78769
  -0.36486   -0.33801   -0.33792   -0.33504   -0.32081   -0.32033   -0.32020   -0.31028
   0.09218    0.10675    0.10940    0.10975    0.12592    0.12627    0.12903    0.13899
   0.15991    0.15993    0.17646    0.17859    0.18863    0.18965    0.20758    0.20793
   0.21448    0.23445    0.23471    0.24020    0.26722    0.26891    0.26912    0.27606
   0.46038    0.46697
 kpt#  16, nband= 50, wtk=  0.00926, kpt= -0.1667  0.3333  0.0000 (reduced coord)
  -1.94335   -1.94303   -1.94291   -1.94289   -0.80168   -0.80142   -0.80097   -0.79638
  -0.79580   -0.79332   -0.79285   -0.79151   -0.79101   -0.79078   -0.78988   -0.78780
  -0.37388   -0.33818   -0.33322   -0.32683   -0.32442   -0.32106   -0.32039   -0.30700
   0.08181    0.09099    0.10204    0.10550    0.11871    0.12408    0.13187    0.13863
   0.14897    0.15914    0.17572    0.17929    0.18870    0.20478    0.20664    0.22907
   0.23102    0.23378    0.25061    0.25224    0.26279    0.26743    0.26967    0.27679
   0.46325    0.47183
 kpt#  17, nband= 50, wtk=  0.00463, kpt=  0.0000  0.5000  0.0000 (reduced coord)
  -1.94321   -1.94321   -1.94288   -1.94288   -0.79920   -0.79919   -0.79859   -0.79859
  -0.79654   -0.79653   -0.79232   -0.79231   -0.79052   -0.79052   -0.78971   -0.78971
  -0.35818   -0.35817   -0.32679   -0.32679   -0.32358   -0.32358   -0.31403   -0.31402
   0.09499    0.09500    0.11106    0.11106    0.11758    0.11758    0.12831    0.12832
   0.13978    0.13979    0.19176    0.19177    0.19380    0.19381    0.19726    0.19727
   0.23639    0.23639    0.26170    0.26171    0.26628    0.26629    0.27626    0.27627
   0.47447    0.47528
 kpt#  18, nband= 50, wtk=  0.00926, kpt=  0.1667  0.5000  0.0000 (reduced coord)
  -1.94319   -1.94319   -1.94290   -1.94290   -0.79916   -0.79916   -0.79887   -0.79886
  -0.79708   -0.79708   -0.79175   -0.79175   -0.79079   -0.79079   -0.78923   -0.78922
  -0.35657   -0.35656   -0.32982   -0.32982   -0.32273   -0.32273   -0.31406   -0.31405
   0.09974    0.09975    0.11414    0.11414    0.11435    0.11436    0.13245    0.13246
   0.14618    0.14619    0.18910    0.18910    0.19012    0.19012    0.19802    0.19802
   0.23191    0.23191    0.25306    0.25307    0.26564    0.26565    0.27561    0.27562
   0.46990    0.47342
 kpt#  19, nband= 50, wtk=  0.00926, kpt=  0.3333  0.5000  0.0000 (reduced coord)
  -1.94313   -1.94313   -1.94296   -1.94296   -0.79992   -0.79992   -0.79919   -0.79919
  -0.79666   -0.79666   -0.79281   -0.79281   -0.78971   -0.78971   -0.78859   -0.78859
  -0.35191   -0.35190   -0.33683   -0.33683   -0.32047   -0.32047   -0.31514   -0.31514
   0.10552    0.10553    0.10992    0.10992    0.13034    0.13035    0.14323    0.14323
   0.15615    0.15615    0.17477    0.17478    0.18749    0.18750    0.20576    0.20577
   0.20994    0.20995    0.23661    0.23662    0.26804    0.26804    0.27409    0.27410
   0.46038    0.46063
 kpt#  20, nband= 50, wtk=  0.00463, kpt=  0.5000  0.5000  0.0000 (reduced coord)
  -1.94305   -1.94305   -1.94304   -1.94304   -0.79995   -0.79995   -0.79995   -0.79995
  -0.79480   -0.79479   -0.79479   -0.79479   -0.78870   -0.78870   -0.78870   -0.78870
  -0.34491   -0.34491   -0.34490   -0.34490   -0.31758   -0.31758   -0.31757   -0.31757
   0.10774    0.10774    0.10775    0.10775    0.15319    0.15319    0.15319    0.15320
   0.15771    0.15771    0.15772    0.15772    0.18940    0.18940    0.18941    0.18941
   0.21910    0.21910    0.21911    0.21911    0.27149    0.27149    0.27150    0.27150
   0.45728    0.45728
 kpt#  21, nband= 50, wtk=  0.00926, kpt=  0.0000  0.0000  0.1667 (reduced coord)
  -1.94351   -1.94294   -1.94286   -1.94286   -0.80440   -0.80438   -0.80384   -0.79404
  -0.79390   -0.79275   -0.79263   -0.79120   -0.79111   -0.78967   -0.78722   -0.78721
  -0.39063   -0.33581   -0.32818   -0.32796   -0.32509   -0.31680   -0.31662   -0.30017
   0.06604    0.06608    0.08187    0.10323    0.10529    0.10836    0.15734    0.15789
   0.16230    0.16256    0.16918    0.16974    0.22247    0.22363    0.23046    0.23181
   0.24040    0.24162    0.24336    0.25880    0.26038    0.26071    0.26708    0.26738
   0.44659    0.45127
 kpt#  22, nband= 50, wtk=  0.00926, kpt=  0.1667  0.0000  0.1667 (reduced coord)
  -1.94347   -1.94293   -1.94291   -1.94287   -0.80358   -0.80345   -0.80327   -0.79502
  -0.79363   -0.79240   -0.79223   -0.79207   -0.79125   -0.79047   -0.78773   -0.78763
  -0.38621   -0.33448   -0.32802   -0.32630   -0.32527   -0.32227   -0.31794   -0.30217
   0.07150    0.07573    0.08049    0.10454    0.10774    0.12385    0.15093    0.15346
   0.15536    0.15809    0.16521    0.16893    0.21688    0.22354    0.22675    0.23163
   0.24247    0.24298    0.24455    0.25022    0.25534    0.26358    0.26365    0.26694
   0.45453    0.45699
 kpt#  23, nband= 50, wtk=  0.00926, kpt=  0.3333  0.0000  0.1667 (reduced coord)
  -1.94335   -1.94303   -1.94292   -1.94288   -0.80168   -0.80133   -0.80081   -0.79705
  -0.79484   -0.79324   -0.79277   -0.79147   -0.79145   -0.79126   -0.78882   -0.78873
  -0.37383   -0.33731   -0.33094   -0.32723   -0.32571   -0.32246   -0.32029   -0.30754
   0.08626    0.08680    0.10246    0.11038    0.11463    0.12905    0.13658    0.14009
   0.14120    0.15654    0.16972    0.17913    0.19493    0.20318    0.21238    0.22993
   0.24065    0.24127    0.24743    0.24810    0.25324    0.26433    0.26648    0.26767
   0.46883    0.46964
 kpt#  24, nband= 50, wtk=  0.00926, kpt=  0.5000  0.0000  0.1667 (reduced coord)
  -1.94319   -1.94319   -1.94290   -1.94290   -0.79946   -0.79946   -0.79814   -0.79814
  -0.79707   -0.79707   -0.79196   -0.79196   -0.79015   -0.79015   -0.79011   -0.79011
  -0.35615   -0.35614   -0.32687   -0.32686   -0.32575   -0.32574   -0.31454   -0.31453
   0.10144    0.10144    0.11058    0.11058    0.12428    0.12428    0.12596    0.12596
   0.14417    0.14418    0.18879    0.18880    0.19408    0.19409    0.19690    0.19690
   0.24063    0.24063    0.25000    0.25001    0.26111    0.26111    0.26817    0.26817
   0.47685    0.47858
 kpt#  25, nband= 50, wtk=  0.00926, kpt= -0.3333  0.0000  0.1667 (reduced coord)
  -1.94335   -1.94303   -1.94292   -1.94288   -0.80168   -0.80133   -0.80081   -0.79705
  -0.79484   -0.79324   -0.79277   -0.79147   -0.79145   -0.79126   -0.78882   -0.78873
  -0.37383   -0.33731   -0.33094   -0.32723   -0.32571   -0.32246   -0.32029   -0.30754
   0.08626    0.08680    0.10246    0.11038    0.11463    0.12905    0.13658    0.14009
   0.14120    0.15654    0.16972    0.17913    0.19493    0.20318    0.21238    0.22993
   0.24065    0.24127    0.24742    0.24811    0.25324    0.26434    0.26648    0.26767
   0.46873    0.46967
 kpt#  26, nband= 50, wtk=  0.00926, kpt= -0.1667  0.0000  0.1667 (reduced coord)
  -1.94347   -1.94293   -1.94291   -1.94287   -0.80358   -0.80345   -0.80327   -0.79502
  -0.79363   -0.79240   -0.79223   -0.79207   -0.79125   -0.79047   -0.78773   -0.78763
  -0.38621   -0.33448   -0.32802   -0.32630   -0.32527   -0.32227   -0.31794   -0.30217
   0.07150    0.07573    0.08049    0.10455    0.10774    0.12385    0.15093    0.15346
   0.15536    0.15809    0.16521    0.16892    0.21688    0.22354    0.22675    0.23163
   0.24247    0.24298    0.24455    0.25022    0.25534    0.26358    0.26365    0.26694
   0.45453    0.45699
 kpt#  27, nband= 50, wtk=  0.00926, kpt=  0.0000  0.1667  0.1667 (reduced coord)
  -1.94347   -1.94293   -1.94291   -1.94287   -0.80359   -0.80343   -0.80327   -0.79506
  -0.79357   -0.79240   -0.79224   -0.79209   -0.79121   -0.79051   -0.78773   -0.78762
  -0.38621   -0.33445   -0.32784   -0.32636   -0.32527   -0.32253   -0.31780   -0.30219
   0.07149    0.07573    0.08044    0.10478    0.10773    0.12374    0.15193    0.15281
   0.15577    0.15755    0.16472    0.16921    0.21653    0.22434    0.22649    0.23311
   0.24040    0.24113    0.24554    0.25152    0.25441    0.26419    0.26478    0.26605
   0.45429    0.45653
 kpt#  28, nband= 50, wtk=  0.00926, kpt=  0.1667  0.1667  0.1667 (reduced coord)
  -1.94343   -1.94293   -1.94291   -1.94291   -0.80298   -0.80290   -0.80279   -0.79448
  -0.79432   -0.79342   -0.79199   -0.79187   -0.79173   -0.79074   -0.78837   -0.78736
  -0.38223   -0.33440   -0.32847   -0.32736   -0.32457   -0.32204   -0.32097   -0.30389
   0.08047    0.08110    0.08165    0.10601    0.11148    0.13381    0.14723    0.14792
   0.15476    0.15942    0.15966    0.16239    0.22007    0.22321    0.22323    0.22411
   0.24096    0.24334    0.24555    0.24980    0.25184    0.25789    0.25946    0.26801
   0.45941    0.46164
 kpt#  29, nband= 50, wtk=  0.00926, kpt=  0.3333  0.1667  0.1667 (reduced coord)
  -1.94332   -1.94302   -1.94293   -1.94291   -0.80166   -0.80158   -0.80108   -0.79586
  -0.79542   -0.79482   -0.79286   -0.79124   -0.79090   -0.79071   -0.78925   -0.78807
  -0.37108   -0.33837   -0.33389   -0.33032   -0.32307   -0.32193   -0.31930   -0.30841
   0.08950    0.09464    0.10546    0.11048    0.11888    0.12877    0.13726    0.13887
   0.14519    0.16128    0.16758    0.16951    0.19500    0.20843    0.21172    0.22957
   0.23220    0.23706    0.24495    0.24788    0.25370    0.25471    0.26362    0.26797
   0.46585    0.47390
 kpt#  30, nband= 50, wtk=  0.00926, kpt=  0.5000  0.1667  0.1667 (reduced coord)
  -1.94317   -1.94317   -1.94292   -1.94292   -0.80069   -0.80069   -0.79824   -0.79824
  -0.79670   -0.79669   -0.79136   -0.79136   -0.79033   -0.79032   -0.78955   -0.78955
  -0.35514   -0.35514   -0.33252   -0.33251   -0.32185   -0.32185   -0.31428   -0.31428
   0.10574    0.10574    0.11258    0.11258    0.12342    0.12342    0.12864    0.12865
   0.15037    0.15038    0.17789    0.17789    0.19609    0.19609    0.20276    0.20276
   0.23457    0.23458    0.24822    0.24822    0.25530    0.25530    0.26709    0.26709
   0.47169    0.47191
 kpt#  31, nband= 50, wtk=  0.00926, kpt= -0.3333  0.1667  0.1667 (reduced coord)
  -1.94332   -1.94302   -1.94293   -1.94291   -0.80166   -0.80158   -0.80108   -0.79586
  -0.79542   -0.79482   -0.79286   -0.79124   -0.79090   -0.79071   -0.78925   -0.78807
  -0.37108   -0.33837   -0.33389   -0.33032   -0.32307   -0.32193   -0.31930   -0.30841
   0.08950    0.09465    0.10546    0.11048    0.11888    0.12877    0.13726    0.13887
   0.14519    0.16128    0.16758    0.16951    0.19500    0.20843    0.21172    0.22957
   0.23221    0.23706    0.24495    0.24788    0.25370    0.25471    0.26362    0.26797
   0.46585    0.47383
 kpt#  32, nband= 50, wtk=  0.00926, kpt= -0.1667  0.1667  0.1667 (reduced coord)
  -1.94343   -1.94293   -1.94291   -1.94291   -0.80298   -0.80290   -0.80279   -0.79448
  -0.79432   -0.79342   -0.79199   -0.79187   -0.79173   -0.79074   -0.78837   -0.78736
  -0.38223   -0.33440   -0.32848   -0.32736   -0.32457   -0.32204   -0.32096   -0.30389
   0.08046    0.08110    0.08165    0.10601    0.11148    0.13381    0.14723    0.14792
   0.15476    0.15942    0.15966    0.16239    0.22007    0.22321    0.22323    0.22411
   0.24096    0.24335    0.24555    0.24979    0.25184    0.25789    0.25946    0.26801
   0.45941    0.46165
 kpt#  33, nband= 50, wtk=  0.00926, kpt=  0.0000  0.3333  0.1667 (reduced coord)
  -1.94335   -1.94303   -1.94292   -1.94288   -0.80168   -0.80134   -0.80079   -0.79708
  -0.79484   -0.79323   -0.79272   -0.79148   -0.79145   -0.79129   -0.78882   -0.78872
  -0.37385   -0.33734   -0.33081   -0.32720   -0.32574   -0.32156   -0.32119   -0.30764
   0.08622    0.08680    0.10241    0.11054    0.11473    0.12914    0.13669    0.14015
   0.14121    0.15680    0.16914    0.17934    0.19493    0.20323    0.21279    0.22997
   0.23882    0.24041    0.24937    0.24948    0.25102    0.26449    0.26652    0.26834
   0.46788    0.46852
 kpt#  34, nband= 50, wtk=  0.00926, kpt=  0.1667  0.3333  0.1667 (reduced coord)
  -1.94332   -1.94302   -1.94293   -1.94291   -0.80167   -0.80158   -0.80107   -0.79589
  -0.79540   -0.79484   -0.79281   -0.79128   -0.79089   -0.79070   -0.78927   -0.78806
  -0.37110   -0.33842   -0.33383   -0.33025   -0.32305   -0.32165   -0.31961   -0.30848
   0.08949    0.09470    0.10540    0.11051    0.11901    0.12865    0.13737    0.13895
   0.14528    0.16167    0.16699    0.16963    0.19502    0.20859    0.21202    0.23009
   0.23134    0.23521    0.24716    0.24818    0.25292    0.25373    0.26428    0.26813
   0.46467    0.47273
 kpt#  35, nband= 50, wtk=  0.00926, kpt=  0.3333  0.3333  0.1667 (reduced coord)
  -1.94323   -1.94300   -1.94300   -1.94295   -0.80157   -0.80153   -0.80147   -0.79774
  -0.79562   -0.79372   -0.79366   -0.79030   -0.79023   -0.79007   -0.78974   -0.78784
  -0.36331   -0.34003   -0.33967   -0.33763   -0.32001   -0.31864   -0.31831   -0.31087
   0.09880    0.11147    0.11158    0.11249    0.12852    0.13104    0.13150    0.14153
   0.15467    0.15621    0.16103    0.17893    0.19112    0.20530    0.21159    0.21297
   0.21859    0.23146    0.23228    0.23585    0.25553    0.25970    0.26157    0.26697
   0.46124    0.46856
 kpt#  36, nband= 50, wtk=  0.00926, kpt=  0.5000  0.3333  0.1667 (reduced coord)
  -1.94312   -1.94311   -1.94298   -1.94297   -0.80165   -0.80165   -0.80017   -0.80017
  -0.79489   -0.79489   -0.79175   -0.79175   -0.78960   -0.78960   -0.78871   -0.78871
  -0.35202   -0.35202   -0.33981   -0.33981   -0.31851   -0.31851   -0.31442   -0.31442
   0.11036    0.11036    0.11394    0.11394    0.13391    0.13391    0.13911    0.13911
   0.15800    0.15800    0.16619    0.16620    0.19859    0.19860    0.20612    0.20613
   0.21464    0.21464    0.23199    0.23199    0.25920    0.25920    0.26538    0.26538
   0.46218    0.46553
 kpt#  37, nband= 50, wtk=  0.00926, kpt= -0.3333  0.3333  0.1667 (reduced coord)
  -1.94323   -1.94300   -1.94300   -1.94295   -0.80157   -0.80153   -0.80148   -0.79774
  -0.79562   -0.79372   -0.79366   -0.79030   -0.79023   -0.79007   -0.78974   -0.78784
  -0.36331   -0.34003   -0.33967   -0.33764   -0.32001   -0.31864   -0.31830   -0.31087
   0.09880    0.11147    0.11158    0.11249    0.12852    0.13104    0.13150    0.14153
   0.15467    0.15622    0.16103    0.17892    0.19112    0.20530    0.21159    0.21297
   0.21859    0.23146    0.23228    0.23585    0.25553    0.25970    0.26156    0.26697
   0.46117    0.46886
 kpt#  38, nband= 50, wtk=  0.00926, kpt= -0.1667  0.3333  0.1667 (reduced coord)
  -1.94332   -1.94302   -1.94293   -1.94291   -0.80167   -0.80158   -0.80107   -0.79589
  -0.79540   -0.79484   -0.79281   -0.79128   -0.79089   -0.79070   -0.78927   -0.78806
  -0.37110   -0.33842   -0.33383   -0.33025   -0.32305   -0.32165   -0.31961   -0.30848
   0.08949    0.09470    0.10540    0.11051    0.11901    0.12865    0.13737    0.13895
   0.14528    0.16167    0.16699    0.16963    0.19502    0.20859    0.21202    0.23009
   0.23134    0.23522    0.24716    0.24818    0.25292    0.25373    0.26428    0.26813
   0.46468    0.47323
 kpt#  39, nband= 50, wtk=  0.00926, kpt=  0.0000  0.5000  0.1667 (reduced coord)
  -1.94319   -1.94319   -1.94290   -1.94290   -0.79945   -0.79945   -0.79816   -0.79816
  -0.79707   -0.79706   -0.79195   -0.79194   -0.79014   -0.79014   -0.79013   -0.79013
  -0.35619   -0.35619   -0.32644   -0.32643   -0.32593   -0.32593   -0.31475   -0.31475
   0.10140    0.10140    0.11072    0.11073    0.12440    0.12441    0.12594    0.12595
   0.14407    0.14408    0.18970    0.18971    0.19383    0.19384    0.19650    0.19651
   0.23943    0.23943    0.25090    0.25090    0.26051    0.26051    0.26876    0.26876
   0.47358    0.47436
 kpt#  40, nband= 50, wtk=  0.00926, kpt=  0.1667  0.5000  0.1667 (reduced coord)
  -1.94317   -1.94317   -1.94292   -1.94292   -0.80069   -0.80069   -0.79822   -0.79822
  -0.79672   -0.79672   -0.79131   -0.79130   -0.79038   -0.79038   -0.78954   -0.78954
  -0.35519   -0.35518   -0.33242   -0.33241   -0.32175   -0.32175   -0.31446   -0.31445
   0.10589    0.10590    0.11249    0.11249    0.12337    0.12337    0.12876    0.12876
   0.15030    0.15031    0.17813    0.17813    0.19653    0.19654    0.20234    0.20234
   0.23376    0.23377    0.24898    0.24899    0.25471    0.25471    0.26745    0.26745
   0.46947    0.47007
 kpt#  41, nband= 50, wtk=  0.00926, kpt=  0.3333  0.5000  0.1667 (reduced coord)
  -1.94312   -1.94311   -1.94298   -1.94297   -0.80165   -0.80165   -0.80016   -0.80016
  -0.79490   -0.79490   -0.79173   -0.79173   -0.78962   -0.78962   -0.78870   -0.78870
  -0.35205   -0.35204   -0.33977   -0.33977   -0.31844   -0.31844   -0.31451   -0.31450
   0.11052    0.11052    0.11385    0.11385    0.13389    0.13389    0.13899    0.13900
   0.15785    0.15785    0.16655    0.16655    0.19914    0.19915    0.20571    0.20571
   0.21410    0.21411    0.23225    0.23226    0.25903    0.25904    0.26556    0.26557
   0.46139    0.46152
 kpt#  42, nband= 50, wtk=  0.00926, kpt=  0.5000  0.5000  0.1667 (reduced coord)
  -1.94305   -1.94305   -1.94304   -1.94304   -0.80148   -0.80148   -0.80148   -0.80148
  -0.79319   -0.79319   -0.79319   -0.79318   -0.78870   -0.78870   -0.78870   -0.78870
  -0.34673   -0.34673   -0.34673   -0.34673   -0.31590   -0.31590   -0.31589   -0.31589
   0.11234    0.11234    0.11235    0.11235    0.14972    0.14973    0.14973    0.14973
   0.15698    0.15698    0.15698    0.15699    0.19954    0.19954    0.19955    0.19955
   0.21521    0.21521    0.21522    0.21522    0.26368    0.26368    0.26369    0.26369
   0.45945    0.45945
 kpt#  43, nband= 50, wtk=  0.00926, kpt= -0.3333  0.5000  0.1667 (reduced coord)
  -1.94312   -1.94311   -1.94298   -1.94297   -0.80165   -0.80165   -0.80016   -0.80016
  -0.79490   -0.79490   -0.79173   -0.79173   -0.78962   -0.78962   -0.78870   -0.78870
  -0.35205   -0.35204   -0.33977   -0.33977   -0.31844   -0.31844   -0.31451   -0.31450
   0.11052    0.11052    0.11385    0.11385    0.13389    0.13389    0.13899    0.13900
   0.15785    0.15785    0.16655    0.16655    0.19914    0.19915    0.20571    0.20571
   0.21410    0.21411    0.23225    0.23226    0.25903    0.25904    0.26556    0.26557
   0.46140    0.46166
 kpt#  44, nband= 50, wtk=  0.00926, kpt= -0.1667  0.5000  0.1667 (reduced coord)
  -1.94317   -1.94317   -1.94292   -1.94292   -0.80069   -0.80069   -0.79822   -0.79822
  -0.79672   -0.79672   -0.79131   -0.79130   -0.79038   -0.79038   -0.78954   -0.78954
  -0.35519   -0.35518   -0.33242   -0.33242   -0.32175   -0.32175   -0.31446   -0.31445
   0.10589    0.10590    0.11249    0.11249    0.12337    0.12337    0.12875    0.12876
   0.15030    0.15031    0.17813    0.17813    0.19653    0.19654    0.20234    0.20234
   0.23376    0.23377    0.24898    0.24898    0.25471    0.25471    0.26744    0.26745
   0.46950    0.47003
 kpt#  45, nband= 50, wtk=  0.00926, kpt=  0.0000 -0.3333  0.1667 (reduced coord)
  -1.94335   -1.94303   -1.94292   -1.94288   -0.80168   -0.80134   -0.80079   -0.79708
  -0.79484   -0.79323   -0.79272   -0.79148   -0.79145   -0.79129   -0.78882   -0.78872
  -0.37385   -0.33734   -0.33081   -0.32720   -0.32574   -0.32156   -0.32119   -0.30764
   0.08622    0.08680    0.10241    0.11054    0.11473    0.12914    0.13669    0.14015
   0.14121    0.15680    0.16914    0.17934    0.19493    0.20323    0.21279    0.22997
   0.23882    0.24041    0.24937    0.24948    0.25102    0.26449    0.26652    0.26834
   0.46820    0.46883
 kpt#  46, nband= 50, wtk=  0.00926, kpt=  0.1667 -0.3333  0.1667 (reduced coord)
  -1.94332   -1.94302   -1.94293   -1.94291   -0.80167   -0.80158   -0.80107   -0.79589
  -0.79540   -0.79484   -0.79281   -0.79128   -0.79089   -0.79070   -0.78927   -0.78806
  -0.37110   -0.33842   -0.33383   -0.33025   -0.32305   -0.32165   -0.31961   -0.30848
   0.08949    0.09470    0.10540    0.11051    0.11901    0.12865    0.13737    0.13895
   0.14528    0.16167    0.16699    0.16963    0.19502    0.20859    0.21202    0.23009
   0.23134    0.23521    0.24716    0.24818    0.25292    0.25373    0.26428    0.26813
   0.46466    0.47205
 kpt#  47, nband= 50, wtk=  0.00926, kpt=  0.3333 -0.3333  0.1667 (reduced coord)
  -1.94323   -1.94300   -1.94300   -1.94295   -0.80157   -0.80153   -0.80147   -0.79774
  -0.79562   -0.79372   -0.79366   -0.79030   -0.79023   -0.79007   -0.78974   -0.78784
  -0.36331   -0.34003   -0.33967   -0.33763   -0.32001   -0.31864   -0.31831   -0.31087
   0.09880    0.11147    0.11158    0.11249    0.12852    0.13104    0.13150    0.14153
   0.15467    0.15621    0.16103    0.17893    0.19112    0.20530    0.21159    0.21297
   0.21859    0.23146    0.23228    0.23585    0.25553    0.25970    0.26157    0.26697
   0.46118    0.46875
 kpt#  48, nband= 50, wtk=  0.00926, kpt=  0.5000 -0.3333  0.1667 (reduced coord)
  -1.94312   -1.94311   -1.94298   -1.94297   -0.80165   -0.80165   -0.80017   -0.80017
  -0.79489   -0.79489   -0.79175   -0.79175   -0.78960   -0.78960   -0.78871   -0.78871
  -0.35202   -0.35202   -0.33981   -0.33981   -0.31851   -0.31851   -0.31442   -0.31442
   0.11036    0.11036    0.11394    0.11394    0.13391    0.13391    0.13911    0.13911
   0.15800    0.15800    0.16619    0.16620    0.19859    0.19860    0.20612    0.20613
   0.21464    0.21464    0.23199    0.23199    0.25920    0.25920    0.26538    0.26538
   0.46220    0.46245
 kpt#  49, nband= 50, wtk=  0.00926, kpt= -0.3333 -0.3333  0.1667 (reduced coord)
  -1.94323   -1.94300   -1.94300   -1.94295   -0.80157   -0.80153   -0.80148   -0.79774
  -0.79562   -0.79372   -0.79366   -0.79030   -0.79023   -0.79007   -0.78974   -0.78784
  -0.36331   -0.34003   -0.33967   -0.33764   -0.32001   -0.31864   -0.31830   -0.31087
   0.09880    0.11147    0.11158    0.11249    0.12852    0.13104    0.13150    0.14153
   0.15467    0.15622    0.16103    0.17892    0.19112    0.20530    0.21159    0.21297
   0.21859    0.23146    0.23228    0.23585    0.25553    0.25970    0.26156    0.26697
   0.46118    0.46921
 kpt#  50, nband= 50, wtk=  0.00926, kpt= -0.1667 -0.3333  0.1667 (reduced coord)
  -1.94332   -1.94302   -1.94293   -1.94291   -0.80167   -0.80158   -0.80107   -0.79589
  -0.79540   -0.79484   -0.79281   -0.79128   -0.79089   -0.79070   -0.78927   -0.78806
  -0.37110   -0.33842   -0.33383   -0.33025   -0.32305   -0.32165   -0.31961   -0.30848
   0.08949    0.09470    0.10540    0.11051    0.11901    0.12865    0.13737    0.13895
   0.14528    0.16167    0.16699    0.16963    0.19502    0.20859    0.21202    0.23009
   0.23134    0.23522    0.24716    0.24818    0.25292    0.25373    0.26428    0.26813
   0.46470    0.47244
 kpt#  51, nband= 50, wtk=  0.00926, kpt=  0.0000 -0.1667  0.1667 (reduced coord)
  -1.94347   -1.94293   -1.94291   -1.94287   -0.80359   -0.80343   -0.80327   -0.79506
  -0.79357   -0.79240   -0.79224   -0.79209   -0.79121   -0.79051   -0.78773   -0.78762
  -0.38621   -0.33445   -0.32784   -0.32636   -0.32527   -0.32253   -0.31780   -0.30219
   0.07149    0.07573    0.08044    0.10478    0.10773    0.12374    0.15193    0.15281
   0.15577    0.15755    0.16472    0.16921    0.21653    0.22434    0.22649    0.23311
   0.24040    0.24113    0.24554    0.25152    0.25441    0.26419    0.26478    0.26605
   0.45429    0.45653
 kpt#  52, nband= 50, wtk=  0.00926, kpt=  0.1667 -0.1667  0.1667 (reduced coord)
  -1.94343   -1.94293   -1.94291   -1.94291   -0.80298   -0.80290   -0.80279   -0.79448
  -0.79432   -0.79342   -0.79199   -0.79187   -0.79173   -0.79074   -0.78837   -0.78736
  -0.38223   -0.33440   -0.32847   -0.32736   -0.32457   -0.32204   -0.32097   -0.30389
   0.08047    0.08110    0.08165    0.10601    0.11148    0.13381    0.14723    0.14792
   0.15476    0.15942    0.15966    0.16239    0.22007    0.22321    0.22323    0.22411
   0.24096    0.24334    0.24555    0.24980    0.25184    0.25789    0.25946    0.26801
   0.45941    0.46165
 kpt#  53, nband= 50, wtk=  0.00926, kpt=  0.3333 -0.1667  0.1667 (reduced coord)
  -1.94332   -1.94302   -1.94293   -1.94291   -0.80166   -0.80158   -0.80108   -0.79586
  -0.79542   -0.79482   -0.79286   -0.79124   -0.79090   -0.79071   -0.78925   -0.78807
  -0.37108   -0.33837   -0.33389   -0.33032   -0.32307   -0.32193   -0.31930   -0.30841
   0.08950    0.09464    0.10546    0.11048    0.11888    0.12877    0.13726    0.13887
   0.14519    0.16128    0.16758    0.16951    0.19500    0.20843    0.21172    0.22957
   0.23220    0.23706    0.24495    0.24788    0.25370    0.25471    0.26362    0.26797
   0.46583    0.47384
 kpt#  54, nband= 50, wtk=  0.00926, kpt=  0.5000 -0.1667  0.1667 (reduced coord)
  -1.94317   -1.94317   -1.94292   -1.94292   -0.80069   -0.80069   -0.79824   -0.79824
  -0.79670   -0.79669   -0.79136   -0.79136   -0.79033   -0.79032   -0.78955   -0.78955
  -0.35514   -0.35514   -0.33252   -0.33251   -0.32185   -0.32185   -0.31428   -0.31428
   0.10574    0.10574    0.11258    0.11258    0.12342    0.12342    0.12864    0.12865
   0.15037    0.15038    0.17789    0.17789    0.19609    0.19609    0.20276    0.20276
   0.23457    0.23458    0.24822    0.24822    0.25530    0.25530    0.26709    0.26709
   0.47170    0.47837
 kpt#  55, nband= 50, wtk=  0.00926, kpt= -0.3333 -0.1667  0.1667 (reduced coord)
  -1.94332   -1.94302   -1.94293   -1.94291   -0.80166   -0.80158   -0.80108   -0.79586
  -0.79542   -0.79482   -0.79286   -0.79124   -0.79090   -0.79071   -0.78925   -0.78807
  -0.37108   -0.33837   -0.33389   -0.33032   -0.32307   -0.32193   -0.31930   -0.30841
   0.08950    0.09465    0.10546    0.11048    0.11888    0.12877    0.13726    0.13887
   0.14519    0.16128    0.16758    0.16951    0.19500    0.20843    0.21172    0.22957
   0.23221    0.23706    0.24495    0.24788    0.25370    0.25471    0.26362    0.26797
   0.46584    0.47384
 kpt#  56, nband= 50, wtk=  0.00926, kpt= -0.1667 -0.1667  0.1667 (reduced coord)
  -1.94343   -1.94293   -1.94291   -1.94291   -0.80298   -0.80290   -0.80279   -0.79448
  -0.79432   -0.79342   -0.79199   -0.79187   -0.79173   -0.79074   -0.78837   -0.78736
  -0.38223   -0.33440   -0.32848   -0.32736   -0.32457   -0.32204   -0.32096   -0.30389
   0.08046    0.08110    0.08165    0.10601    0.11148    0.13381    0.14723    0.14792
   0.15476    0.15942    0.15966    0.16239    0.22007    0.22321    0.22323    0.22411
   0.24096    0.24335    0.24555    0.24979    0.25184    0.25789    0.25946    0.26801
   0.45941    0.46166
 kpt#  57, nband= 50, wtk=  0.00926, kpt=  0.0000  0.0000  0.3333 (reduced coord)
  -1.94339   -1.94306   -1.94286   -1.94286   -0.80224   -0.80223   -0.80106   -0.79623
  -0.79618   -0.79297   -0.79279   -0.79276   -0.79030   -0.79028   -0.78804   -0.78804
  -0.37817   -0.34078   -0.32891   -0.32563   -0.32548   -0.31906   -0.31895   -0.30831
   0.08235    0.08237    0.10972    0.11223    0.11300    0.13476    0.13484    0.13486
   0.14419    0.14517    0.18303    0.18312    0.19813    0.21753    0.21930    0.22035
   0.22464    0.22655    0.24306    0.24347    0.26660    0.26676    0.26861    0.26861
   0.45573    0.46604
 kpt#  58, nband= 50, wtk=  0.00926, kpt=  0.1667  0.0000  0.3333 (reduced coord)
  -1.94336   -1.94305   -1.94290   -1.94288   -0.80184   -0.80146   -0.80095   -0.79704
  -0.79569   -0.79397   -0.79231   -0.79203   -0.79108   -0.79031   -0.78854   -0.78808
  -0.37463   -0.33986   -0.32817   -0.32680   -0.32446   -0.32339   -0.31959   -0.30949
   0.08666    0.09083    0.10444    0.11293    0.11939    0.13338    0.13751    0.14306
   0.14396    0.14814    0.17127    0.17779    0.20152    0.20682    0.22071    0.22306
   0.22927    0.23543    0.23570    0.23868    0.25984    0.26017    0.26458    0.26602
   0.46148    0.46964
 kpt#  59, nband= 50, wtk=  0.00926, kpt=  0.3333  0.0000  0.3333 (reduced coord)
  -1.94326   -1.94301   -1.94300   -1.94291   -0.80062   -0.80055   -0.79938   -0.79844
  -0.79619   -0.79427   -0.79330   -0.79113   -0.79092   -0.79074   -0.78961   -0.78853
  -0.36470   -0.33725   -0.33541   -0.32968   -0.32621   -0.32187   -0.32067   -0.31269
   0.09805    0.10737    0.11142    0.11540    0.11943    0.13139    0.13513    0.14247
   0.15129    0.15640    0.17161    0.17444    0.19211    0.20324    0.20986    0.21628
   0.22004    0.23410    0.23595    0.24293    0.24960    0.25176    0.25759    0.26236
   0.47168    0.47425
 kpt#  60, nband= 50, wtk=  0.00926, kpt=  0.5000  0.0000  0.3333 (reduced coord)
  -1.94313   -1.94312   -1.94296   -1.94296   -0.79977   -0.79977   -0.79863   -0.79863
  -0.79632   -0.79631   -0.79237   -0.79236   -0.79026   -0.79025   -0.78961   -0.78961
  -0.35052   -0.35052   -0.33358   -0.33358   -0.32369   -0.32369   -0.31698   -0.31698
   0.11114    0.11115    0.11803    0.11803    0.12048    0.12048    0.14584    0.14584
   0.14698    0.14698    0.18415    0.18416    0.19098    0.19098    0.20481    0.20481
   0.21653    0.21653    0.24562    0.24562    0.24795    0.24795    0.25751    0.25751
   0.47379    0.47559
 kpt#  61, nband= 50, wtk=  0.00926, kpt= -0.3333  0.0000  0.3333 (reduced coord)
  -1.94326   -1.94301   -1.94300   -1.94291   -0.80062   -0.80055   -0.79939   -0.79844
  -0.79619   -0.79427   -0.79330   -0.79113   -0.79092   -0.79074   -0.78961   -0.78853
  -0.36470   -0.33725   -0.33541   -0.32968   -0.32621   -0.32187   -0.32067   -0.31269
   0.09805    0.10737    0.11142    0.11540    0.11943    0.13139    0.13513    0.14247
   0.15129    0.15639    0.17161    0.17444    0.19211    0.20324    0.20986    0.21628
   0.22004    0.23410    0.23595    0.24293    0.24960    0.25176    0.25759    0.26236
   0.47289    0.47451
 kpt#  62, nband= 50, wtk=  0.00926, kpt= -0.1667  0.0000  0.3333 (reduced coord)
  -1.94336   -1.94305   -1.94290   -1.94288   -0.80184   -0.80146   -0.80095   -0.79704
  -0.79569   -0.79397   -0.79231   -0.79203   -0.79108   -0.79031   -0.78854   -0.78808
  -0.37463   -0.33986   -0.32817   -0.32680   -0.32446   -0.32338   -0.31959   -0.30949
   0.08666    0.09083    0.10444    0.11294    0.11939    0.13338    0.13751    0.14305
   0.14396    0.14814    0.17127    0.17778    0.20152    0.20682    0.22071    0.22306
   0.22927    0.23543    0.23570    0.23868    0.25984    0.26017    0.26458    0.26602
   0.46148    0.46946
 kpt#  63, nband= 50, wtk=  0.00926, kpt=  0.0000  0.1667  0.3333 (reduced coord)
  -1.94336   -1.94305   -1.94290   -1.94288   -0.80184   -0.80145   -0.80094   -0.79706
  -0.79568   -0.79396   -0.79230   -0.79205   -0.79108   -0.79033   -0.78853   -0.78808
  -0.37464   -0.33986   -0.32816   -0.32678   -0.32433   -0.32365   -0.31946   -0.30950
   0.08669    0.09077    0.10429    0.11365    0.11887    0.13365    0.13731    0.14190
   0.14624    0.14694    0.17106    0.17803    0.20117    0.20657    0.22122    0.22332
   0.22993    0.23463    0.23597    0.23809    0.25993    0.26014    0.26484    0.26601
   0.46129    0.46854
 kpt#  64, nband= 50, wtk=  0.00926, kpt=  0.1667  0.1667  0.3333 (reduced coord)
  -1.94332   -1.94304   -1.94291   -1.94291   -0.80177   -0.80166   -0.80108   -0.79585
  -0.79578   -0.79505   -0.79196   -0.79185   -0.79167   -0.79004   -0.78861   -0.78807
  -0.37164   -0.34036   -0.32957   -0.32877   -0.32636   -0.32054   -0.31978   -0.31032
   0.09407    0.09515    0.10359    0.11685    0.12004    0.13647    0.13794    0.14445
   0.14582    0.15314    0.16446    0.16539    0.20486    0.21736    0.21908    0.22019
   0.23148    0.23225    0.23430    0.23637    0.25343    0.25707    0.25779    0.26052
   0.46449    0.47021
 kpt#  65, nband= 50, wtk=  0.00926, kpt=  0.3333  0.1667  0.3333 (reduced coord)
  -1.94324   -1.94301   -1.94300   -1.94294   -0.80177   -0.80137   -0.80122   -0.79744
  -0.79561   -0.79334   -0.79332   -0.79100   -0.79072   -0.79004   -0.78923   -0.78850
  -0.36322   -0.34031   -0.33842   -0.33429   -0.32283   -0.31949   -0.31802   -0.31258
   0.10433    0.10841    0.11363    0.11926    0.12144    0.13513    0.13891    0.14244
   0.15126    0.15211    0.15951    0.17390    0.20100    0.20673    0.21220    0.22149
   0.22539    0.23121    0.23306    0.23592    0.24372    0.24697    0.25078    0.25772
   0.46816    0.47552
 kpt#  66, nband= 50, wtk=  0.00926, kpt=  0.5000  0.1667  0.3333 (reduced coord)
  -1.94312   -1.94311   -1.94298   -1.94297   -0.80162   -0.80162   -0.79977   -0.79977
  -0.79469   -0.79469   -0.79105   -0.79105   -0.79004   -0.79004   -0.78965   -0.78965
  -0.35116   -0.35115   -0.33831   -0.33831   -0.32001   -0.32001   -0.31556   -0.31556
   0.11488    0.11488    0.12045    0.12045    0.12389    0.12389    0.13977    0.13977
   0.15334    0.15334    0.17320    0.17320    0.20141    0.20141    0.20648    0.20648
   0.22101    0.22102    0.23972    0.23972    0.24087    0.24087    0.25473    0.25474
   0.47126    0.47128
 kpt#  67, nband= 50, wtk=  0.00926, kpt= -0.3333  0.1667  0.3333 (reduced coord)
  -1.94324   -1.94301   -1.94300   -1.94294   -0.80177   -0.80137   -0.80122   -0.79744
  -0.79561   -0.79334   -0.79332   -0.79100   -0.79072   -0.79004   -0.78923   -0.78850
  -0.36322   -0.34032   -0.33842   -0.33429   -0.32283   -0.31950   -0.31802   -0.31258
   0.10433    0.10841    0.11363    0.11927    0.12144    0.13513    0.13891    0.14244
   0.15126    0.15210    0.15951    0.17390    0.20100    0.20673    0.21219    0.22149
   0.22539    0.23121    0.23306    0.23592    0.24372    0.24697    0.25077    0.25772
   0.46813    0.47554
 kpt#  68, nband= 50, wtk=  0.00926, kpt= -0.1667  0.1667  0.3333 (reduced coord)
  -1.94332   -1.94304   -1.94291   -1.94291   -0.80177   -0.80167   -0.80108   -0.79585
  -0.79578   -0.79505   -0.79196   -0.79185   -0.79167   -0.79004   -0.78861   -0.78807
  -0.37164   -0.34036   -0.32957   -0.32877   -0.32636   -0.32054   -0.31977   -0.31032
   0.09407    0.09515    0.10360    0.11685    0.12004    0.13647    0.13794    0.14445
   0.14582    0.15314    0.16446    0.16539    0.20486    0.21736    0.21908    0.22019
   0.23148    0.23225    0.23430    0.23637    0.25343    0.25707    0.25779    0.26052
   0.46449    0.46996
 kpt#  69, nband= 50, wtk=  0.00926, kpt=  0.0000  0.3333  0.3333 (reduced coord)
  -1.94326   -1.94301   -1.94300   -1.94291   -0.80061   -0.80055   -0.79932   -0.79852
  -0.79618   -0.79428   -0.79331   -0.79106   -0.79098   -0.79078   -0.78958   -0.78853
  -0.36473   -0.33724   -0.33547   -0.32973   -0.32618   -0.32129   -0.32115   -0.31271
   0.09801    0.10734    0.11137    0.11596    0.11922    0.13177    0.13487    0.14214
   0.15112    0.15633    0.17179    0.17465    0.19207    0.20210    0.21112    0.21601
   0.21993    0.23412    0.23571    0.24252    0.24945    0.25228    0.25811    0.26239
   0.47154    0.47347
 kpt#  70, nband= 50, wtk=  0.00926, kpt=  0.1667  0.3333  0.3333 (reduced coord)
  -1.94324   -1.94301   -1.94300   -1.94294   -0.80177   -0.80137   -0.80120   -0.79742
  -0.79563   -0.79336   -0.79332   -0.79099   -0.79073   -0.79004   -0.78922   -0.78849
  -0.36324   -0.34031   -0.33845   -0.33431   -0.32280   -0.31925   -0.31822   -0.31260
   0.10428    0.10841    0.11368    0.11962    0.12131    0.13489    0.13913    0.14226
   0.15109    0.15211    0.15959    0.17403    0.20041    0.20689    0.21293    0.22136
   0.22482    0.23138    0.23255    0.23576    0.24420    0.24689    0.25119    0.25783
   0.46650    0.47493
 kpt#  71, nband= 50, wtk=  0.00926, kpt=  0.3333  0.3333  0.3333 (reduced coord)
  -1.94317   -1.94301   -1.94300   -1.94300   -0.80276   -0.80268   -0.80268   -0.80005
  -0.79283   -0.79247   -0.79232   -0.79031   -0.79008   -0.78960   -0.78926   -0.78824
  -0.35880   -0.34410   -0.34303   -0.34275   -0.31809   -0.31575   -0.31549   -0.31255
   0.11395    0.11789    0.11893    0.12112    0.12887    0.14044    0.14116    0.14455
   0.14910    0.15050    0.15098    0.18323    0.19346    0.21619    0.21830    0.22003
   0.22199    0.22510    0.22643    0.22758    0.23087    0.24182    0.24428    0.25260
   0.46371    0.47325
 kpt#  72, nband= 50, wtk=  0.00926, kpt=  0.5000  0.3333  0.3333 (reduced coord)
  -1.94309   -1.94308   -1.94301   -1.94300   -0.80327   -0.80327   -0.80210   -0.80209
  -0.79243   -0.79242   -0.79039   -0.79039   -0.78940   -0.78940   -0.78900   -0.78900
  -0.35168   -0.35168   -0.34515   -0.34515   -0.31550   -0.31550   -0.31332   -0.31332
   0.12076    0.12076    0.12305    0.12306    0.13305    0.13305    0.14027    0.14027
   0.15476    0.15477    0.17093    0.17094    0.20131    0.20131    0.21319    0.21319
   0.21975    0.21975    0.22358    0.22358    0.23764    0.23764    0.24974    0.24974
   0.46519    0.46705
 kpt#  73, nband= 50, wtk=  0.00926, kpt= -0.3333  0.3333  0.3333 (reduced coord)
  -1.94317   -1.94301   -1.94300   -1.94300   -0.80275   -0.80268   -0.80268   -0.80005
  -0.79283   -0.79247   -0.79232   -0.79031   -0.79008   -0.78960   -0.78926   -0.78824
  -0.35880   -0.34410   -0.34303   -0.34274   -0.31808   -0.31576   -0.31549   -0.31256
   0.11395    0.11789    0.11893    0.12112    0.12887    0.14044    0.14116    0.14455
   0.14910    0.15050    0.15099    0.18323    0.19346    0.21619    0.21830    0.22003
   0.22199    0.22510    0.22643    0.22758    0.23087    0.24182    0.24428    0.25260
   0.46370    0.47251
 kpt#  74, nband= 50, wtk=  0.00926, kpt= -0.1667  0.3333  0.3333 (reduced coord)
  -1.94324   -1.94301   -1.94300   -1.94294   -0.80177   -0.80137   -0.80120   -0.79743
  -0.79563   -0.79336   -0.79332   -0.79099   -0.79073   -0.79004   -0.78922   -0.78849
  -0.36324   -0.34031   -0.33845   -0.33431   -0.32280   -0.31925   -0.31822   -0.31260
   0.10428    0.10842    0.11368    0.11962    0.12131    0.13489    0.13913    0.14226
   0.15109    0.15211    0.15959    0.17403    0.20041    0.20689    0.21293    0.22136
   0.22482    0.23138    0.23255    0.23576    0.24420    0.24689    0.25119    0.25783
   0.46649    0.47466
 kpt#  75, nband= 50, wtk=  0.00926, kpt=  0.0000  0.5000  0.3333 (reduced coord)
  -1.94313   -1.94313   -1.94296   -1.94296   -0.79976   -0.79975   -0.79862   -0.79861
  -0.79635   -0.79634   -0.79239   -0.79239   -0.79022   -0.79022   -0.78962   -0.78962
  -0.35057   -0.35057   -0.33357   -0.33357   -0.32359   -0.32359   -0.31704   -0.31703
   0.11114    0.11115    0.11917    0.11917    0.11945    0.11946    0.14620    0.14620
   0.14632    0.14633    0.18426    0.18426    0.19143    0.19144    0.20478    0.20478
   0.21581    0.21581    0.24445    0.24446    0.24971    0.24972    0.25739    0.25739
   0.47176    0.47206
 kpt#  76, nband= 50, wtk=  0.00926, kpt=  0.1667  0.5000  0.3333 (reduced coord)
  -1.94312   -1.94311   -1.94298   -1.94297   -0.80162   -0.80162   -0.79975   -0.79975
  -0.79471   -0.79471   -0.79105   -0.79105   -0.79003   -0.79003   -0.78966   -0.78966
  -0.35120   -0.35119   -0.33830   -0.33830   -0.31991   -0.31990   -0.31564   -0.31564
   0.11491    0.11492    0.12077    0.12077    0.12366    0.12366    0.13962    0.13962
   0.15321    0.15322    0.17332    0.17332    0.20252    0.20253    0.20559    0.20559
   0.22031    0.22031    0.23855    0.23856    0.24257    0.24258    0.25477    0.25477
   0.46904    0.46916
 kpt#  77, nband= 50, wtk=  0.00926, kpt=  0.3333  0.5000  0.3333 (reduced coord)
  -1.94309   -1.94308   -1.94301   -1.94300   -0.80327   -0.80327   -0.80209   -0.80209
  -0.79244   -0.79243   -0.79037   -0.79037   -0.78942   -0.78942   -0.78899   -0.78899
  -0.35170   -0.35169   -0.34514   -0.34514   -0.31543   -0.31542   -0.31339   -0.31338
   0.12080    0.12080    0.12306    0.12307    0.13313    0.13313    0.14010    0.14010
   0.15475    0.15475    0.17099    0.17100    0.20154    0.20155    0.21323    0.21323
   0.21872    0.21872    0.22406    0.22407    0.23791    0.23792    0.24977    0.24977
   0.46391    0.46394
 kpt#  78, nband= 50, wtk=  0.00926, kpt=  0.5000  0.5000  0.3333 (reduced coord)
  -1.94305   -1.94304   -1.94304   -1.94304   -0.80346   -0.80345   -0.80345   -0.80345
  -0.79109   -0.79109   -0.79109   -0.79108   -0.78868   -0.78868   -0.78868   -0.78868
  -0.34992   -0.34992   -0.34991   -0.34991   -0.31305   -0.31305   -0.31304   -0.31304
   0.12291    0.12292    0.12292    0.12292    0.14020    0.14020    0.14021    0.14021
   0.16509    0.16509    0.16510    0.16510    0.20560    0.20560    0.20561    0.20561
   0.21475    0.21475    0.21476    0.21476    0.24557    0.24558    0.24558    0.24558
   0.46355    0.46355
 kpt#  79, nband= 50, wtk=  0.00926, kpt= -0.3333  0.5000  0.3333 (reduced coord)
  -1.94309   -1.94308   -1.94301   -1.94300   -0.80327   -0.80327   -0.80209   -0.80209
  -0.79244   -0.79244   -0.79037   -0.79037   -0.78942   -0.78942   -0.78899   -0.78899
  -0.35169   -0.35169   -0.34514   -0.34514   -0.31543   -0.31542   -0.31339   -0.31338
   0.12080    0.12080    0.12306    0.12307    0.13313    0.13314    0.14009    0.14010
   0.15475    0.15475    0.17099    0.17100    0.20154    0.20155    0.21322    0.21323
   0.21872    0.21873    0.22406    0.22406    0.23791    0.23792    0.24977    0.24978
   0.46391    0.46394
 kpt#  80, nband= 50, wtk=  0.00926, kpt= -0.1667  0.5000  0.3333 (reduced coord)
  -1.94312   -1.94311   -1.94298   -1.94297   -0.80162   -0.80161   -0.79975   -0.79975
  -0.79471   -0.79471   -0.79105   -0.79105   -0.79003   -0.79003   -0.78966   -0.78966
  -0.35120   -0.35119   -0.33830   -0.33830   -0.31991   -0.31990   -0.31564   -0.31564
   0.11491    0.11492    0.12077    0.12078    0.12366    0.12367    0.13961    0.13962
   0.15321    0.15321    0.17332    0.17332    0.20252    0.20253    0.20559    0.20559
   0.22031    0.22031    0.23855    0.23856    0.24258    0.24258    0.25477    0.25478
   0.46904    0.46910
 kpt#  81, nband= 50, wtk=  0.00926, kpt=  0.0000 -0.3333  0.3333 (reduced coord)
  -1.94326   -1.94301   -1.94300   -1.94291   -0.80061   -0.80055   -0.79932   -0.79852
  -0.79618   -0.79428   -0.79331   -0.79106   -0.79098   -0.79078   -0.78958   -0.78853
  -0.36473   -0.33724   -0.33547   -0.32973   -0.32618   -0.32129   -0.32115   -0.31271
   0.09801    0.10734    0.11137    0.11596    0.11922    0.13177    0.13487    0.14214
   0.15112    0.15633    0.17179    0.17465    0.19207    0.20210    0.21112    0.21601
   0.21993    0.23412    0.23571    0.24252    0.24945    0.25228    0.25811    0.26239
   0.47137    0.47259
 kpt#  82, nband= 50, wtk=  0.00926, kpt=  0.1667 -0.3333  0.3333 (reduced coord)
  -1.94324   -1.94301   -1.94300   -1.94294   -0.80177   -0.80137   -0.80120   -0.79742
  -0.79563   -0.79336   -0.79332   -0.79099   -0.79073   -0.79004   -0.78922   -0.78849
  -0.36324   -0.34031   -0.33845   -0.33431   -0.32280   -0.31925   -0.31822   -0.31260
   0.10428    0.10841    0.11368    0.11962    0.12131    0.13489    0.13913    0.14226
   0.15109    0.15211    0.15959    0.17403    0.20041    0.20689    0.21293    0.22136
   0.22482    0.23138    0.23255    0.23576    0.24420    0.24689    0.25119    0.25783
   0.46650    0.47593
 kpt#  83, nband= 50, wtk=  0.00926, kpt=  0.3333 -0.3333  0.3333 (reduced coord)
  -1.94317   -1.94301   -1.94300   -1.94300   -0.80276   -0.80268   -0.80268   -0.80005
  -0.79283   -0.79247   -0.79232   -0.79031   -0.79008   -0.78960   -0.78926   -0.78824
  -0.35880   -0.34410   -0.34303   -0.34275   -0.31809   -0.31575   -0.31549   -0.31255
   0.11395    0.11789    0.11893    0.12112    0.12887    0.14044    0.14116    0.14455
   0.14910    0.15050    0.15098    0.18323    0.19346    0.21619    0.21830    0.22003
   0.22199    0.22510    0.22643    0.22758    0.23087    0.24182    0.24428    0.25260
   0.46372    0.47199
 kpt#  84, nband= 50, wtk=  0.00926, kpt=  0.5000 -0.3333  0.3333 (reduced coord)
  -1.94309   -1.94308   -1.94301   -1.94300   -0.80327   -0.80327   -0.80210   -0.80209
  -0.79243   -0.79242   -0.79039   -0.79039   -0.78940   -0.78940   -0.78900   -0.78900
  -0.35168   -0.35168   -0.34515   -0.34515   -0.31550   -0.31550   -0.31332   -0.31332
   0.12076    0.12076    0.12305    0.12306    0.13305    0.13305    0.14027    0.14027
   0.15476    0.15477    0.17093    0.17094    0.20131    0.20131    0.21319    0.21319
   0.21975    0.21975    0.22358    0.22358    0.23764    0.23764    0.24974    0.24974
   0.46521    0.46548
 kpt#  85, nband= 50, wtk=  0.00926, kpt= -0.3333 -0.3333  0.3333 (reduced coord)
  -1.94317   -1.94301   -1.94300   -1.94300   -0.80275   -0.80268   -0.80268   -0.80005
  -0.79283   -0.79247   -0.79232   -0.79031   -0.79008   -0.78960   -0.78926   -0.78824
  -0.35880   -0.34410   -0.34303   -0.34274   -0.31808   -0.31576   -0.31549   -0.31256
   0.11395    0.11789    0.11893    0.12112    0.12887    0.14044    0.14116    0.14455
   0.14910    0.15050    0.15099    0.18323    0.19346    0.21619    0.21830    0.22003
   0.22199    0.22510    0.22643    0.22758    0.23087    0.24182    0.24428    0.25260
   0.46370    0.47173
 kpt#  86, nband= 50, wtk=  0.00926, kpt= -0.1667 -0.3333  0.3333 (reduced coord)
  -1.94324   -1.94301   -1.94300   -1.94294   -0.80177   -0.80137   -0.80120   -0.79743
  -0.79563   -0.79336   -0.79332   -0.79099   -0.79073   -0.79004   -0.78922   -0.78849
  -0.36324   -0.34031   -0.33845   -0.33431   -0.32280   -0.31925   -0.31822   -0.31260
   0.10428    0.10842    0.11368    0.11962    0.12131    0.13489    0.13913    0.14226
   0.15109    0.15211    0.15959    0.17403    0.20041    0.20689    0.21293    0.22136
   0.22482    0.23138    0.23255    0.23576    0.24420    0.24689    0.25119    0.25783
   0.46649    0.47439
 kpt#  87, nband= 50, wtk=  0.00926, kpt=  0.0000 -0.1667  0.3333 (reduced coord)
  -1.94336   -1.94305   -1.94290   -1.94288   -0.80184   -0.80145   -0.80094   -0.79706
  -0.79568   -0.79396   -0.79230   -0.79205   -0.79108   -0.79033   -0.78853   -0.78808
  -0.37464   -0.33986   -0.32816   -0.32678   -0.32433   -0.32365   -0.31946   -0.30950
   0.08669    0.09077    0.10429    0.11365    0.11887    0.13365    0.13731    0.14190
   0.14624    0.14694    0.17106    0.17803    0.20117    0.20657    0.22122    0.22332
   0.22993    0.23463    0.23597    0.23809    0.25993    0.26014    0.26484    0.26601
   0.46129    0.46854
 kpt#  88, nband= 50, wtk=  0.00926, kpt=  0.1667 -0.1667  0.3333 (reduced coord)
  -1.94332   -1.94304   -1.94291   -1.94291   -0.80177   -0.80166   -0.80108   -0.79585
  -0.79578   -0.79505   -0.79196   -0.79185   -0.79167   -0.79004   -0.78861   -0.78807
  -0.37164   -0.34036   -0.32957   -0.32877   -0.32636   -0.32054   -0.31978   -0.31032
   0.09407    0.09515    0.10359    0.11685    0.12004    0.13647    0.13794    0.14445
   0.14582    0.15314    0.16446    0.16539    0.20486    0.21736    0.21908    0.22019
   0.23148    0.23225    0.23430    0.23637    0.25343    0.25707    0.25779    0.26052
   0.46448    0.46996
 kpt#  89, nband= 50, wtk=  0.00926, kpt=  0.3333 -0.1667  0.3333 (reduced coord)
  -1.94324   -1.94301   -1.94300   -1.94294   -0.80177   -0.80137   -0.80122   -0.79744
  -0.79561   -0.79334   -0.79332   -0.79100   -0.79072   -0.79004   -0.78923   -0.78850
  -0.36322   -0.34031   -0.33842   -0.33429   -0.32283   -0.31949   -0.31802   -0.31258
   0.10433    0.10841    0.11363    0.11926    0.12144    0.13513    0.13891    0.14244
   0.15126    0.15211    0.15951    0.17390    0.20100    0.20673    0.21220    0.22149
   0.22539    0.23121    0.23306    0.23592    0.24372    0.24697    0.25078    0.25772
   0.46817    0.47554
 kpt#  90, nband= 50, wtk=  0.00926, kpt=  0.5000 -0.1667  0.3333 (reduced coord)
  -1.94312   -1.94311   -1.94298   -1.94297   -0.80162   -0.80162   -0.79977   -0.79977
  -0.79469   -0.79469   -0.79105   -0.79105   -0.79004   -0.79004   -0.78965   -0.78965
  -0.35116   -0.35115   -0.33831   -0.33831   -0.32001   -0.32001   -0.31556   -0.31556
   0.11488    0.11488    0.12045    0.12045    0.12389    0.12389    0.13977    0.13977
   0.15334    0.15334    0.17320    0.17320    0.20141    0.20141    0.20648    0.20648
   0.22101    0.22102    0.23972    0.23972    0.24087    0.24087    0.25473    0.25474
   0.47128    0.47168
 kpt#  91, nband= 50, wtk=  0.00926, kpt= -0.3333 -0.1667  0.3333 (reduced coord)
  -1.94324   -1.94301   -1.94300   -1.94294   -0.80177   -0.80137   -0.80122   -0.79744
  -0.79561   -0.79334   -0.79332   -0.79100   -0.79072   -0.79004   -0.78923   -0.78850
  -0.36322   -0.34032   -0.33842   -0.33429   -0.32283   -0.31950   -0.31802   -0.31258
   0.10433    0.10841    0.11363    0.11927    0.12144    0.13513    0.13891    0.14244
   0.15126    0.15210    0.15951    0.17390    0.20100    0.20673    0.21219    0.22149
   0.22539    0.23121    0.23306    0.23592    0.24372    0.24697    0.25077    0.25772
   0.46813    0.47560
 kpt#  92, nband= 50, wtk=  0.00926, kpt= -0.1667 -0.1667  0.3333 (reduced coord)
  -1.94332   -1.94304   -1.94291   -1.94291   -0.80177   -0.80167   -0.80108   -0.79585
  -0.79578   -0.79505   -0.79196   -0.79185   -0.79167   -0.79004   -0.78861   -0.78807
  -0.37164   -0.34036   -0.32957   -0.32877   -0.32636   -0.32054   -0.31977   -0.31032
   0.09407    0.09515    0.10360    0.11685    0.12004    0.13647    0.13794    0.14445
   0.14582    0.15314    0.16446    0.16539    0.20486    0.21736    0.21908    0.22019
   0.23148    0.23225    0.23430    0.23637    0.25343    0.25707    0.25779    0.26052
   0.46449    0.46996
 kpt#  93, nband= 50, wtk=  0.00463, kpt=  0.0000  0.0000  0.5000 (reduced coord)
  -1.94323   -1.94323   -1.94286   -1.94286   -0.79925   -0.79925   -0.79924   -0.79924
  -0.79710   -0.79710   -0.79280   -0.79280   -0.78927   -0.78927   -0.78908   -0.78908
  -0.36022   -0.36022   -0.32227   -0.32226   -0.32220   -0.32219   -0.31895   -0.31895
   0.10662    0.10662    0.10718    0.10718    0.12195    0.12195    0.13098    0.13098
   0.15074    0.15074    0.17589    0.17589    0.20256    0.20256    0.20302    0.20303
   0.21852    0.21852    0.24822    0.24822    0.26870    0.26870    0.26956    0.26956
   0.46920    0.46922
 kpt#  94, nband= 50, wtk=  0.00926, kpt=  0.1667  0.0000  0.5000 (reduced coord)
  -1.94320   -1.94320   -1.94289   -1.94289   -0.79954   -0.79954   -0.79856   -0.79856
  -0.79760   -0.79760   -0.79215   -0.79215   -0.78993   -0.78993   -0.78902   -0.78902
  -0.35794   -0.35794   -0.32513   -0.32513   -0.32191   -0.32191   -0.31912   -0.31912
   0.10841    0.10841    0.11382    0.11382    0.12146    0.12146    0.12851    0.12851
   0.15806    0.15806    0.18118    0.18118    0.18962    0.18962    0.19883    0.19883
   0.23028    0.23028    0.24057    0.24057    0.26322    0.26322    0.26405    0.26405
   0.47178    0.47179
 kpt#  95, nband= 50, wtk=  0.00926, kpt=  0.3333  0.0000  0.5000 (reduced coord)
  -1.94314   -1.94314   -1.94295   -1.94295   -0.79981   -0.79981   -0.79864   -0.79864
  -0.79678   -0.79678   -0.79179   -0.79179   -0.79083   -0.79082   -0.78907   -0.78907
  -0.35153   -0.35153   -0.33268   -0.33267   -0.32123   -0.32123   -0.31961   -0.31961
   0.11150    0.11151    0.11840    0.11841    0.13000    0.13000    0.13091    0.13091
   0.16951    0.16951    0.17584    0.17584    0.18977    0.18977    0.19642    0.19642
   0.21727    0.21727    0.24041    0.24041    0.24961    0.24961    0.25797    0.25797
   0.47391    0.47504
 kpt#  96, nband= 50, wtk=  0.00463, kpt=  0.5000  0.0000  0.5000 (reduced coord)
  -1.94305   -1.94305   -1.94304   -1.94304   -0.79953   -0.79953   -0.79952   -0.79952
  -0.79431   -0.79431   -0.79431   -0.79430   -0.78967   -0.78966   -0.78966   -0.78966
  -0.34238   -0.34238   -0.34237   -0.34237   -0.32039   -0.32039   -0.32038   -0.32038
   0.11485    0.11485    0.11486    0.11486    0.13671    0.13671    0.13672    0.13672
   0.17718    0.17719    0.17719    0.17719    0.18708    0.18709    0.18709    0.18709
   0.22220    0.22220    0.22221    0.22221    0.25285    0.25286    0.25286    0.25287
   0.47396    0.47397
 kpt#  97, nband= 50, wtk=  0.00926, kpt=  0.0000  0.1667  0.5000 (reduced coord)
  -1.94320   -1.94320   -1.94289   -1.94289   -0.79951   -0.79951   -0.79859   -0.79859
  -0.79759   -0.79759   -0.79215   -0.79215   -0.78995   -0.78995   -0.78901   -0.78901
  -0.35795   -0.35794   -0.32522   -0.32522   -0.32183   -0.32183   -0.31911   -0.31911
   0.10823    0.10823    0.11402    0.11402    0.12159    0.12159    0.12851    0.12852
   0.15758    0.15758    0.18151    0.18151    0.18950    0.18950    0.19896    0.19896
   0.23024    0.23024    0.24058    0.24058    0.26324    0.26324    0.26412    0.26412
   0.47112    0.47112
 kpt#  98, nband= 50, wtk=  0.00926, kpt=  0.1667  0.1667  0.5000 (reduced coord)
  -1.94318   -1.94318   -1.94291   -1.94291   -0.80084   -0.80082   -0.79893   -0.79771
  -0.79678   -0.79676   -0.79174   -0.79174   -0.79084   -0.78938   -0.78912   -0.78895
  -0.35669   -0.35612   -0.32975   -0.32961   -0.31968   -0.31953   -0.31936   -0.31828
   0.11081    0.11118    0.11925    0.11962    0.12041    0.12293    0.12520    0.13233
   0.15475    0.16958    0.17488    0.17488    0.18501    0.18523    0.20877    0.20905
   0.23041    0.23049    0.23184    0.24170    0.25532    0.25683    0.25705    0.26018
   0.46726    0.47966
 kpt#  99, nband= 50, wtk=  0.00926, kpt=  0.3333  0.1667  0.5000 (reduced coord)
  -1.94312   -1.94312   -1.94297   -1.94297   -0.80186   -0.80128   -0.80064   -0.79911
  -0.79494   -0.79415   -0.79197   -0.79080   -0.79061   -0.79016   -0.78912   -0.78894
  -0.35243   -0.35146   -0.33751   -0.33681   -0.31900   -0.31848   -0.31757   -0.31731
   0.11419    0.11715    0.12045    0.12045    0.12924    0.13007    0.13313    0.13892
   0.15750    0.16139    0.16588    0.18318    0.19510    0.19580    0.20304    0.20849
   0.21228    0.22639    0.23550    0.23573    0.24134    0.24607    0.24694    0.25588
   0.46759    0.47947
 kpt# 100, nband= 50, wtk=  0.00926, kpt=  0.5000  0.1667  0.5000 (reduced coord)
  -1.94305   -1.94305   -1.94304   -1.94304   -0.80178   -0.80178   -0.80059   -0.80059
  -0.79337   -0.79337   -0.79181   -0.79181   -0.78978   -0.78978   -0.78947   -0.78947
  -0.34565   -0.34565   -0.34461   -0.34461   -0.31850   -0.31849   -0.31691   -0.31691
   0.11776    0.11776    0.12020    0.12020    0.13395    0.13395    0.13891    0.13892
   0.16569    0.16570    0.17277    0.17277    0.19777    0.19777    0.20318    0.20318
   0.21822    0.21822    0.21963    0.21963    0.24352    0.24352    0.25192    0.25192
   0.47091    0.47451
 kpt# 101, nband= 50, wtk=  0.00926, kpt= -0.3333  0.1667  0.5000 (reduced coord)
  -1.94312   -1.94312   -1.94297   -1.94297   -0.80186   -0.80128   -0.80064   -0.79911
  -0.79494   -0.79415   -0.79197   -0.79080   -0.79061   -0.79016   -0.78912   -0.78894
  -0.35243   -0.35146   -0.33751   -0.33681   -0.31900   -0.31848   -0.31757   -0.31731
   0.11419    0.11715    0.12045    0.12045    0.12924    0.13007    0.13313    0.13892
   0.15750    0.16139    0.16588    0.18318    0.19510    0.19580    0.20304    0.20849
   0.21228    0.22639    0.23550    0.23573    0.24134    0.24607    0.24694    0.25588
   0.46759    0.47897
 kpt# 102, nband= 50, wtk=  0.00926, kpt= -0.1667  0.1667  0.5000 (reduced coord)
  -1.94318   -1.94318   -1.94291   -1.94291   -0.80084   -0.80082   -0.79893   -0.79771
  -0.79678   -0.79676   -0.79174   -0.79174   -0.79084   -0.78938   -0.78912   -0.78895
  -0.35669   -0.35612   -0.32975   -0.32961   -0.31968   -0.31953   -0.31936   -0.31828
   0.11081    0.11118    0.11925    0.11962    0.12041    0.12293    0.12520    0.13233
   0.15475    0.16958    0.17488    0.17488    0.18501    0.18523    0.20877    0.20905
   0.23041    0.23049    0.23184    0.24170    0.25532    0.25683    0.25705    0.26018
   0.46725    0.48052
 kpt# 103, nband= 50, wtk=  0.00926, kpt=  0.0000  0.3333  0.5000 (reduced coord)
  -1.94314   -1.94314   -1.94295   -1.94295   -0.79979   -0.79979   -0.79863   -0.79863
  -0.79681   -0.79681   -0.79181   -0.79181   -0.79082   -0.79082   -0.78906   -0.78906
  -0.35155   -0.35155   -0.33274   -0.33274   -0.32116   -0.32115   -0.31958   -0.31958
   0.11141    0.11141    0.11861    0.11861    0.13013    0.13014    0.13086    0.13086
   0.16864    0.16864    0.17584    0.17584    0.18960    0.18960    0.19717    0.19718
   0.21719    0.21719    0.24054    0.24055    0.24961    0.24961    0.25810    0.25810
   0.47267    0.47350
 kpt# 104, nband= 50, wtk=  0.00926, kpt=  0.1667  0.3333  0.5000 (reduced coord)
  -1.94312   -1.94312   -1.94297   -1.94297   -0.80186   -0.80126   -0.80064   -0.79910
  -0.79497   -0.79414   -0.79199   -0.79081   -0.79060   -0.79017   -0.78912   -0.78893
  -0.35243   -0.35149   -0.33744   -0.33693   -0.31897   -0.31834   -0.31764   -0.31731
   0.11396    0.11733    0.12057    0.12058    0.12910    0.13003    0.13316    0.13928
   0.15736    0.16101    0.16584    0.18162    0.19604    0.19678    0.20323    0.20790
   0.21209    0.22627    0.23563    0.23594    0.24177    0.24574    0.24698    0.25605
   0.46604    0.47755
 kpt# 105, nband= 50, wtk=  0.00926, kpt=  0.3333  0.3333  0.5000 (reduced coord)
  -1.94309   -1.94309   -1.94300   -1.94300   -0.80322   -0.80321   -0.80276   -0.80133
  -0.79184   -0.79181   -0.79130   -0.79025   -0.79022   -0.78966   -0.78884   -0.78874
  -0.35248   -0.35134   -0.34423   -0.34416   -0.31631   -0.31447   -0.31438   -0.31426
   0.12303    0.12330    0.12428    0.12429    0.13201    0.13520    0.13832    0.13861
   0.15572    0.15577    0.16232    0.18939    0.19521    0.19598    0.21546    0.21738
   0.21922    0.22240    0.22365    0.22821    0.23146    0.23500    0.23564    0.24782
   0.46417    0.47328
 kpt# 106, nband= 50, wtk=  0.00926, kpt=  0.5000  0.3333  0.5000 (reduced coord)
  -1.94305   -1.94304   -1.94304   -1.94304   -0.80376   -0.80376   -0.80300   -0.80300
  -0.79120   -0.79120   -0.79002   -0.79002   -0.78942   -0.78942   -0.78907   -0.78907
  -0.34987   -0.34987   -0.34913   -0.34913   -0.31418   -0.31418   -0.31289   -0.31289
   0.12577    0.12578    0.12900    0.12900    0.13283    0.13283    0.13649    0.13649
   0.16399    0.16399    0.17246    0.17247    0.20453    0.20454    0.20479    0.20480
   0.21960    0.21960    0.22344    0.22345    0.22808    0.22808    0.24369    0.24369
   0.46668    0.46678
 kpt# 107, nband= 50, wtk=  0.00926, kpt= -0.3333  0.3333  0.5000 (reduced coord)
  -1.94309   -1.94309   -1.94300   -1.94300   -0.80322   -0.80321   -0.80276   -0.80133
  -0.79184   -0.79181   -0.79130   -0.79025   -0.79022   -0.78966   -0.78884   -0.78874
  -0.35248   -0.35134   -0.34423   -0.34416   -0.31631   -0.31447   -0.31438   -0.31426
   0.12303    0.12330    0.12428    0.12429    0.13201    0.13520    0.13832    0.13861
   0.15572    0.15577    0.16232    0.18939    0.19521    0.19598    0.21546    0.21738
   0.21922    0.22240    0.22365    0.22821    0.23146    0.23500    0.23564    0.24782
   0.46416    0.47355
 kpt# 108, nband= 50, wtk=  0.00926, kpt= -0.1667  0.3333  0.5000 (reduced coord)
  -1.94312   -1.94312   -1.94297   -1.94297   -0.80186   -0.80126   -0.80064   -0.79910
  -0.79497   -0.79414   -0.79199   -0.79081   -0.79060   -0.79017   -0.78912   -0.78893
  -0.35243   -0.35149   -0.33744   -0.33693   -0.31897   -0.31834   -0.31764   -0.31731
   0.11396    0.11733    0.12057    0.12058    0.12910    0.13003    0.13316    0.13928
   0.15736    0.16101    0.16584    0.18162    0.19604    0.19678    0.20323    0.20790
   0.21209    0.22627    0.23563    0.23594    0.24177    0.24574    0.24698    0.25605
   0.46604    0.47752
 kpt# 109, nband= 50, wtk=  0.00463, kpt=  0.0000  0.5000  0.5000 (reduced coord)
  -1.94305   -1.94305   -1.94304   -1.94304   -0.79951   -0.79951   -0.79950   -0.79950
  -0.79434   -0.79434   -0.79433   -0.79433   -0.78966   -0.78966   -0.78965   -0.78965
  -0.34243   -0.34242   -0.34242   -0.34242   -0.32033   -0.32033   -0.32033   -0.32033
   0.11491    0.11491    0.11491    0.11491    0.13671    0.13671    0.13671    0.13672
   0.17660    0.17660    0.17661    0.17661    0.18737    0.18737    0.18737    0.18738
   0.22242    0.22242    0.22242    0.22243    0.25294    0.25294    0.25295    0.25295
   0.47311    0.47311
 kpt# 110, nband= 50, wtk=  0.00926, kpt=  0.1667  0.5000  0.5000 (reduced coord)
  -1.94305   -1.94305   -1.94304   -1.94304   -0.80178   -0.80178   -0.80057   -0.80057
  -0.79340   -0.79340   -0.79181   -0.79181   -0.78978   -0.78978   -0.78946   -0.78946
  -0.34564   -0.34563   -0.34469   -0.34469   -0.31841   -0.31840   -0.31693   -0.31693
   0.11774    0.11774    0.12028    0.12029    0.13397    0.13398    0.13896    0.13897
   0.16545    0.16545    0.17260    0.17261    0.19716    0.19717    0.20350    0.20351
   0.21796    0.21797    0.22037    0.22038    0.24356    0.24357    0.25203    0.25203
   0.46887    0.46898
 kpt# 111, nband= 50, wtk=  0.00926, kpt=  0.3333  0.5000  0.5000 (reduced coord)
  -1.94305   -1.94304   -1.94304   -1.94304   -0.80376   -0.80376   -0.80299   -0.80299
  -0.79122   -0.79121   -0.79000   -0.79000   -0.78945   -0.78944   -0.78906   -0.78906
  -0.34984   -0.34984   -0.34917   -0.34917   -0.31413   -0.31412   -0.31293   -0.31293
   0.12568    0.12568    0.12898    0.12898    0.13294    0.13295    0.13658    0.13658
   0.16388    0.16388    0.17245    0.17245    0.20393    0.20394    0.20505    0.20506
   0.21941    0.21942    0.22385    0.22385    0.22831    0.22832    0.24366    0.24367
   0.46488    0.46489
 kpt# 112, nband= 50, wtk=  0.00463, kpt=  0.5000  0.5000  0.5000 (reduced coord)
  -1.94305   -1.94304   -1.94304   -1.94304   -0.80422   -0.80422   -0.80422   -0.80422
  -0.79027   -0.79026   -0.79026   -0.79026   -0.78867   -0.78867   -0.78867   -0.78867
  -0.35135   -0.35135   -0.35134   -0.35134   -0.31181   -0.31181   -0.31181   -0.31181
   0.12923    0.12924    0.12924    0.12924    0.13643    0.13643    0.13644    0.13644
   0.17044    0.17045    0.17045    0.17045    0.19992    0.19992    0.19992    0.19992
   0.22078    0.22078    0.22079    0.22079    0.23542    0.23543    0.23543    0.23543
   0.46539    0.46540
