 Fermi (or HOMO) energy (hartree) =   0.27782   Average Vxc (hartree)=  -0.44469
 Eigenvalues (hartree) for nkpt= 112  k points:
 kpt#   1, nband= 50, wtk=  0.00463, kpt=  0.0000  0.0000  0.0000 (reduced coord)
  -1.93847   -1.93772   -1.93765   -1.93761   -0.80652   -0.80492   -0.80424   -0.79459
  -0.79247   -0.79164   -0.79038   -0.79035   -0.78896   -0.78586   -0.78533   -0.78479
  -0.39743   -0.34895   -0.34134   -0.33863   -0.31335   -0.31230   -0.31197   -0.30339
   0.05943    0.06298    0.07495    0.09186    0.09714    0.09925    0.15234    0.16121
   0.16512    0.17307    0.17650    0.17843    0.18594    0.19831    0.20847    0.22030
   0.22149    0.23660    0.24148    0.24311    0.25539    0.25855    0.27732    0.27782
   0.45534    0.45979
 kpt#   2, nband= 50, wtk=  0.00926, kpt=  0.1667  0.0000  0.0000 (reduced coord)
  -1.93843   -1.93776   -1.93766   -1.93761   -0.80569   -0.80389   -0.80360   -0.79505
  -0.79267   -0.79145   -0.79078   -0.79054   -0.78899   -0.78671   -0.78562   -0.78556
  -0.39298   -0.34688   -0.34085   -0.33705   -0.31975   -0.31419   -0.31189   -0.30499
   0.06390    0.07193    0.07211    0.09340    0.09937    0.11311    0.14279    0.15584
   0.16119    0.16304    0.16798    0.18098    0.18374    0.20371    0.21312    0.21648
   0.23024    0.23207    0.24166    0.24360    0.24853    0.25991    0.27353    0.27439
   0.45887    0.46390
 kpt#   3, nband= 50, wtk=  0.00926, kpt=  0.3333  0.0000  0.0000 (reduced coord)
  -1.93832   -1.93787   -1.93767   -1.93760   -0.80344   -0.80199   -0.80118   -0.79666
  -0.79382   -0.79166   -0.79107   -0.79103   -0.78881   -0.78866   -0.78679   -0.78638
  -0.38128   -0.34156   -0.34095   -0.33330   -0.33248   -0.31975   -0.31275   -0.30885
   0.07441    0.07611    0.09595    0.09897    0.10485    0.11968    0.12837    0.14148
   0.15053    0.15854    0.16233    0.17985    0.18632    0.19199    0.21206    0.21974
   0.22378    0.22528    0.24075    0.24943    0.25103    0.25769    0.26909    0.27022
   0.46423    0.46919
 kpt#   4, nband= 50, wtk=  0.00463, kpt=  0.5000  0.0000  0.0000 (reduced coord)
  -1.93824   -1.93795   -1.93767   -1.93760   -0.80136   -0.80083   -0.79904   -0.79851
  -0.79434   -0.79342   -0.79204   -0.79090   -0.78830   -0.78820   -0.78799   -0.78702
  -0.37146   -0.34720   -0.33734   -0.33646   -0.33115   -0.32378   -0.31330   -0.31135
   0.08248    0.08489    0.10198    0.10258    0.11084    0.12024    0.12139    0.13109
   0.14521    0.15156    0.17133    0.17896    0.18247    0.19084    0.19974    0.21242
   0.22528    0.22861    0.24063    0.25114    0.25292    0.25539    0.26739    0.27104
   0.46534    0.47053
 kpt#   5, nband= 50, wtk=  0.00926, kpt=  0.0000  0.1667  0.0000 (reduced coord)
  -1.93842   -1.93772   -1.93769   -1.93762   -0.80534   -0.80400   -0.80372   -0.79556
  -0.79227   -0.79142   -0.79133   -0.79044   -0.78876   -0.78697   -0.78559   -0.78512
  -0.39257   -0.34747   -0.34066   -0.33837   -0.31748   -0.31440   -0.31315   -0.30442
   0.06860    0.06932    0.07073    0.09370    0.10182    0.11211    0.14625    0.14701
   0.15723    0.16828    0.17332    0.17940    0.18314    0.20257    0.21268    0.22206
   0.23091    0.23114    0.23832    0.23850    0.24936    0.25647    0.27524    0.27534
   0.45447    0.46533
 kpt#   6, nband= 50, wtk=  0.00926, kpt=  0.1667  0.1667  0.0000 (reduced coord)
  -1.93838   -1.93776   -1.93770   -1.93762   -0.80472   -0.80342   -0.80285   -0.79607
  -0.79250   -0.79173   -0.79097   -0.79071   -0.78874   -0.78808   -0.78590   -0.78523
  -0.38856   -0.34613   -0.34015   -0.33680   -0.32097   -0.31918   -0.31205   -0.30582
   0.06973    0.07515    0.07720    0.09504    0.10352    0.12047    0.13750    0.15284
   0.15291    0.15806    0.17120    0.17707    0.18151    0.20227    0.21487    0.21626
   0.22938    0.23581    0.23738    0.24246    0.24529    0.25286    0.27219    0.27267
   0.45803    0.46674
 kpt#   7, nband= 50, wtk=  0.00926, kpt=  0.3333  0.1667  0.0000 (reduced coord)
  -1.93828   -1.93785   -1.93770   -1.93762   -0.80306   -0.80179   -0.80073   -0.79763
  -0.79381   -0.79216   -0.79173   -0.79069   -0.78874   -0.78857   -0.78666   -0.78607
  -0.37806   -0.34263   -0.34022   -0.33336   -0.33265   -0.32308   -0.31263   -0.30916
   0.07648    0.08453    0.09628    0.10283    0.10876    0.12097    0.12727    0.14112
   0.15356    0.15669    0.16235    0.17698    0.18399    0.19203    0.20883    0.21089
   0.22349    0.22725    0.23865    0.24668    0.24977    0.25061    0.26819    0.26970
   0.46256    0.46775
 kpt#   8, nband= 50, wtk=  0.00926, kpt=  0.5000  0.1667  0.0000 (reduced coord)
  -1.93820   -1.93793   -1.93770   -1.93762   -0.80155   -0.80058   -0.79914   -0.79904
  -0.79485   -0.79411   -0.79166   -0.79057   -0.78828   -0.78761   -0.78737   -0.78726
  -0.36941   -0.34595   -0.34001   -0.33594   -0.33186   -0.32519   -0.31314   -0.31133
   0.08557    0.09121    0.10037    0.10459    0.11569    0.11828    0.12765    0.13441
   0.14637    0.15180    0.17219    0.17591    0.17652    0.19069    0.20100    0.21428
   0.21666    0.22020    0.24106    0.24765    0.24918    0.25259    0.26658    0.27017
   0.46407    0.46930
 kpt#   9, nband= 50, wtk=  0.00926, kpt= -0.3333  0.1667  0.0000 (reduced coord)
  -1.93828   -1.93785   -1.93770   -1.93762   -0.80306   -0.80180   -0.80073   -0.79763
  -0.79381   -0.79216   -0.79174   -0.79068   -0.78876   -0.78856   -0.78666   -0.78606
  -0.37806   -0.34263   -0.34022   -0.33336   -0.33265   -0.32308   -0.31263   -0.30915
   0.07648    0.08452    0.09628    0.10282    0.10876    0.12097    0.12727    0.14113
   0.15356    0.15669    0.16234    0.17698    0.18398    0.19203    0.20884    0.21090
   0.22348    0.22724    0.23864    0.24670    0.24978    0.25061    0.26818    0.26970
   0.46256    0.46774
 kpt#  10, nband= 50, wtk=  0.00926, kpt= -0.1667  0.1667  0.0000 (reduced coord)
  -1.93838   -1.93776   -1.93770   -1.93762   -0.80472   -0.80342   -0.80285   -0.79607
  -0.79250   -0.79174   -0.79097   -0.79071   -0.78873   -0.78810   -0.78590   -0.78522
  -0.38856   -0.34613   -0.34015   -0.33680   -0.32098   -0.31918   -0.31205   -0.30581
   0.06972    0.07516    0.07719    0.09504    0.10352    0.12048    0.13750    0.15284
   0.15292    0.15807    0.17121    0.17705    0.18152    0.20227    0.21487    0.21626
   0.22939    0.23581    0.23737    0.24246    0.24530    0.25285    0.27219    0.27267
   0.45803    0.46672
 kpt#  11, nband= 50, wtk=  0.00926, kpt=  0.0000  0.3333  0.0000 (reduced coord)
  -1.93827   -1.93785   -1.93771   -1.93764   -0.80226   -0.80201   -0.80145   -0.79769
  -0.79419   -0.79257   -0.79177   -0.79101   -0.78820   -0.78800   -0.78633   -0.78603
  -0.37916   -0.34707   -0.33914   -0.33791   -0.32813   -0.32000   -0.31223   -0.30708
   0.07266    0.08384    0.09559    0.09724    0.11067    0.12519    0.13043    0.13261
   0.13997    0.15635    0.17486    0.17587    0.18944    0.19216    0.20984    0.21261
   0.21940    0.22356    0.24374    0.24551    0.25103    0.25678    0.27042    0.27074
   0.46012    0.47431
 kpt#  12, nband= 50, wtk=  0.00926, kpt=  0.1667  0.3333  0.0000 (reduced coord)
  -1.93823   -1.93784   -1.93773   -1.93765   -0.80227   -0.80202   -0.80060   -0.79816
  -0.79400   -0.79363   -0.79157   -0.79068   -0.78842   -0.78801   -0.78661   -0.78569
  -0.37638   -0.34725   -0.33853   -0.33632   -0.32888   -0.32452   -0.31181   -0.30798
   0.07555    0.09147    0.09766    0.09936    0.11182    0.12384    0.12912    0.13599
   0.14023    0.15960    0.17511    0.17582    0.18198    0.19157    0.19842    0.21825
   0.21894    0.22341    0.24263    0.24456    0.24631    0.25178    0.26966    0.26988
   0.45979    0.46741
 kpt#  13, nband= 50, wtk=  0.00926, kpt=  0.3333  0.3333  0.0000 (reduced coord)
  -1.93815   -1.93782   -1.93781   -1.93767   -0.80186   -0.80155   -0.79934   -0.79932
  -0.79528   -0.79301   -0.79253   -0.79059   -0.78797   -0.78766   -0.78708   -0.78574
  -0.36921   -0.34712   -0.33837   -0.33408   -0.33286   -0.32949   -0.31221   -0.31014
   0.08466    0.09883    0.10322    0.11001    0.11801    0.12292    0.12549    0.13845
   0.14368    0.15925    0.17092    0.17117    0.18514    0.18643    0.19290    0.20767
   0.21162    0.22816    0.23111    0.23635    0.24837    0.24952    0.26696    0.26845
   0.45765    0.45941
 kpt#  14, nband= 50, wtk=  0.00926, kpt=  0.5000  0.3333  0.0000 (reduced coord)
  -1.93810   -1.93787   -1.93780   -1.93769   -0.80161   -0.80035   -0.80009   -0.79972
  -0.79492   -0.79419   -0.79162   -0.79151   -0.78741   -0.78732   -0.78681   -0.78652
  -0.36368   -0.34686   -0.34254   -0.33446   -0.33407   -0.32860   -0.31269   -0.31151
   0.09346    0.10009    0.10332    0.11436    0.11537    0.12626    0.13643    0.14144
   0.14734    0.14979    0.16251    0.17262    0.17538    0.19236    0.19706    0.20233
   0.20608    0.21827    0.23279    0.23536    0.24612    0.25082    0.26521    0.26740
   0.45675    0.45684
 kpt#  15, nband= 50, wtk=  0.00926, kpt= -0.3333  0.3333  0.0000 (reduced coord)
  -1.93815   -1.93782   -1.93781   -1.93767   -0.80187   -0.80155   -0.79933   -0.79932
  -0.79529   -0.79301   -0.79253   -0.79059   -0.78798   -0.78767   -0.78708   -0.78573
  -0.36921   -0.34712   -0.33837   -0.33408   -0.33287   -0.32950   -0.31221   -0.31014
   0.08466    0.09883    0.10322    0.11000    0.11800    0.12292    0.12550    0.13847
   0.14368    0.15925    0.17093    0.17116    0.18514    0.18641    0.19290    0.20768
   0.21163    0.22817    0.23111    0.23633    0.24836    0.24953    0.26695    0.26845
   0.45766    0.45939
 kpt#  16, nband= 50, wtk=  0.00926, kpt= -0.1667  0.3333  0.0000 (reduced coord)
  -1.93823   -1.93784   -1.93773   -1.93765   -0.80227   -0.80202   -0.80060   -0.79815
  -0.79401   -0.79364   -0.79157   -0.79068   -0.78843   -0.78800   -0.78661   -0.78569
  -0.37637   -0.34725   -0.33853   -0.33632   -0.32888   -0.32452   -0.31182   -0.30798
   0.07555    0.09147    0.09766    0.09937    0.11181    0.12383    0.12912    0.13598
   0.14024    0.15961    0.17509    0.17582    0.18197    0.19158    0.19843    0.21825
   0.21896    0.22340    0.24264    0.24455    0.24632    0.25177    0.26966    0.26988
   0.45980    0.46737
 kpt#  17, nband= 50, wtk=  0.00463, kpt=  0.0000  0.5000  0.0000 (reduced coord)
  -1.93808   -1.93803   -1.93770   -1.93764   -0.80012   -0.80010   -0.79795   -0.79792
  -0.79725   -0.79722   -0.79123   -0.79120   -0.78732   -0.78728   -0.78722   -0.78718
  -0.36089   -0.36085   -0.33803   -0.33801   -0.32689   -0.32687   -0.31012   -0.31011
   0.08420    0.08423    0.11083    0.11088    0.11742    0.11745    0.12435    0.12438
   0.14049    0.14054    0.17838    0.17841    0.18356    0.18361    0.20333    0.20336
   0.22000    0.22008    0.24964    0.24965    0.25466    0.25468    0.26811    0.26812
   0.46957    0.46987
 kpt#  18, nband= 50, wtk=  0.00926, kpt=  0.1667  0.5000  0.0000 (reduced coord)
  -1.93806   -1.93801   -1.93772   -1.93767   -0.80056   -0.80055   -0.79828   -0.79825
  -0.79686   -0.79684   -0.79095   -0.79093   -0.78766   -0.78763   -0.78678   -0.78674
  -0.35987   -0.35983   -0.33704   -0.33703   -0.32907   -0.32905   -0.31039   -0.31037
   0.08808    0.08811    0.11329    0.11334    0.11770    0.11771    0.12376    0.12380
   0.14600    0.14603    0.17614    0.17617    0.18280    0.18285    0.19929    0.19933
   0.22021    0.22027    0.24605    0.24606    0.24957    0.24958    0.26866    0.26867
   0.46244    0.46248
 kpt#  19, nband= 50, wtk=  0.00926, kpt=  0.3333  0.5000  0.0000 (reduced coord)
  -1.93801   -1.93796   -1.93777   -1.93772   -0.80102   -0.80101   -0.79959   -0.79957
  -0.79525   -0.79522   -0.79141   -0.79139   -0.78742   -0.78740   -0.78641   -0.78639
  -0.35730   -0.35726   -0.33617   -0.33616   -0.33239   -0.33237   -0.31136   -0.31134
   0.09587    0.09589    0.11251    0.11252    0.12239    0.12242    0.13243    0.13245
   0.15197    0.15199    0.16872    0.16876    0.17714    0.17720    0.20213    0.20218
   0.21360    0.21362    0.23282    0.23284    0.24827    0.24829    0.26701    0.26704
   0.45433    0.45439
 kpt#  20, nband= 50, wtk=  0.00463, kpt=  0.5000  0.5000  0.0000 (reduced coord)
  -1.93798   -1.93792   -1.93780   -1.93775   -0.80095   -0.80094   -0.80046   -0.80044
  -0.79348   -0.79345   -0.79290   -0.79288   -0.78683   -0.78682   -0.78649   -0.78649
  -0.35555   -0.35551   -0.33800   -0.33798   -0.33206   -0.33203   -0.31207   -0.31206
   0.09991    0.09994    0.10959    0.10961    0.13361    0.13364    0.13601    0.13602
   0.15260    0.15264    0.15804    0.15806    0.18082    0.18089    0.19633    0.19641
   0.21821    0.21822    0.22235    0.22240    0.24809    0.24812    0.26504    0.26508
   0.45197    0.45203
 kpt#  21, nband= 50, wtk=  0.00926, kpt=  0.0000  0.0000  0.1667 (reduced coord)
  -1.93842   -1.93778   -1.93765   -1.93761   -0.80571   -0.80414   -0.80327   -0.79517
  -0.79338   -0.79156   -0.79143   -0.78934   -0.78890   -0.78684   -0.78569   -0.78507
  -0.39301   -0.34650   -0.34182   -0.33725   -0.31774   -0.31375   -0.31320   -0.30594
   0.06459    0.06741    0.08396    0.09842    0.10079    0.10226    0.14640    0.15598
   0.16245    0.16800    0.16954    0.18022    0.18306    0.19793    0.20655    0.21986
   0.22540    0.22988    0.23695    0.24898    0.25539    0.25767    0.26735    0.27196
   0.45820    0.46250
 kpt#  22, nband= 50, wtk=  0.00926, kpt=  0.1667  0.0000  0.1667 (reduced coord)
  -1.93838   -1.93781   -1.93766   -1.93761   -0.80495   -0.80329   -0.80274   -0.79543
  -0.79394   -0.79170   -0.79130   -0.78950   -0.78889   -0.78782   -0.78614   -0.78519
  -0.38895   -0.34539   -0.34087   -0.33588   -0.32225   -0.31603   -0.31394   -0.30687
   0.06840    0.07564    0.08022    0.09851    0.10177    0.11762    0.14381    0.14758
   0.15552    0.16059    0.17077    0.17340    0.19017    0.19884    0.21003    0.21551
   0.22503    0.23478    0.23828    0.23976    0.25054    0.25841    0.26579    0.27109
   0.45855    0.46889
 kpt#  23, nband= 50, wtk=  0.00926, kpt=  0.3333  0.0000  0.1667 (reduced coord)
  -1.93828   -1.93788   -1.93767   -1.93762   -0.80294   -0.80141   -0.80104   -0.79663
  -0.79530   -0.79278   -0.79087   -0.79034   -0.78893   -0.78839   -0.78711   -0.78591
  -0.37831   -0.34303   -0.33880   -0.33571   -0.33089   -0.32054   -0.31503   -0.30968
   0.07802    0.08093    0.09966    0.10289    0.10544    0.12078    0.13403    0.14100
   0.14714    0.15293    0.16724    0.17818    0.18539    0.19394    0.20615    0.21893
   0.22348    0.22413    0.23638    0.24344    0.24943    0.25751    0.26086    0.26977
   0.46006    0.46677
 kpt#  24, nband= 50, wtk=  0.00926, kpt=  0.5000  0.0000  0.1667 (reduced coord)
  -1.93821   -1.93795   -1.93768   -1.93762   -0.80084   -0.80079   -0.79929   -0.79813
  -0.79564   -0.79493   -0.79097   -0.79036   -0.78852   -0.78844   -0.78740   -0.78673
  -0.36952   -0.34599   -0.34045   -0.33721   -0.32900   -0.32321   -0.31608   -0.31141
   0.08509    0.08657    0.10588    0.10635    0.10945    0.12590    0.12960    0.13183
   0.13660    0.15111    0.17252    0.17610    0.18433    0.19315    0.19971    0.21233
   0.22475    0.22547    0.23375    0.24742    0.24803    0.25584    0.25896    0.27007
   0.45964    0.46458
 kpt#  25, nband= 50, wtk=  0.00926, kpt= -0.3333  0.0000  0.1667 (reduced coord)
  -1.93828   -1.93788   -1.93767   -1.93762   -0.80294   -0.80141   -0.80104   -0.79663
  -0.79530   -0.79278   -0.79087   -0.79034   -0.78893   -0.78839   -0.78711   -0.78591
  -0.37831   -0.34303   -0.33880   -0.33571   -0.33089   -0.32054   -0.31503   -0.30968
   0.07802    0.08093    0.09967    0.10289    0.10544    0.12079    0.13404    0.14100
   0.14714    0.15293    0.16723    0.17818    0.18538    0.19394    0.20615    0.21892
   0.22348    0.22414    0.23638    0.24343    0.24944    0.25751    0.26086    0.26977
   0.46006    0.46638
 kpt#  26, nband= 50, wtk=  0.00926, kpt= -0.1667  0.0000  0.1667 (reduced coord)
  -1.93838   -1.93781   -1.93766   -1.93761   -0.80496   -0.80329   -0.80273   -0.79543
  -0.79394   -0.79170   -0.79130   -0.78950   -0.78889   -0.78782   -0.78614   -0.78520
  -0.38895   -0.34538   -0.34087   -0.33588   -0.32225   -0.31603   -0.31394   -0.30687
   0.06840    0.07564    0.08022    0.09851    0.10177    0.11762    0.14382    0.14758
   0.15552    0.16059    0.17076    0.17340    0.19017    0.19884    0.21003    0.21551
   0.22503    0.23478    0.23828    0.23975    0.25054    0.25841    0.26579    0.27110
   0.45855    0.46886
 kpt#  27, nband= 50, wtk=  0.00926, kpt=  0.0000  0.1667  0.1667 (reduced coord)
  -1.93837   -1.93777   -1.93769   -1.93762   -0.80484   -0.80310   -0.80295   -0.79629
  -0.79285   -0.79214   -0.79111   -0.78986   -0.78878   -0.78790   -0.78563   -0.78544
  -0.38853   -0.34521   -0.34194   -0.33677   -0.31907   -0.31742   -0.31478   -0.30648
   0.07229    0.07389    0.07937    0.10000    0.10427    0.11487    0.14163    0.14659
   0.15781    0.16310    0.16798    0.17740    0.18057    0.20217    0.21440    0.21975
   0.22649    0.22905    0.23498    0.24364    0.24558    0.25561    0.26506    0.27115
   0.45752    0.46622
 kpt#  28, nband= 50, wtk=  0.00926, kpt=  0.1667  0.1667  0.1667 (reduced coord)
  -1.93833   -1.93780   -1.93769   -1.93763   -0.80441   -0.80266   -0.80232   -0.79637
  -0.79358   -0.79217   -0.79110   -0.78996   -0.78887   -0.78845   -0.78591   -0.78536
  -0.38497   -0.34544   -0.34031   -0.33608   -0.32235   -0.32027   -0.31473   -0.30685
   0.07517    0.08056    0.08115    0.10105    0.10532    0.12286    0.13965    0.14443
   0.15445    0.15862    0.16397    0.17052    0.18843    0.20288    0.21131    0.21773
   0.22609    0.23183    0.23627    0.23978    0.24533    0.24866    0.26497    0.27011
   0.45871    0.46723
 kpt#  29, nband= 50, wtk=  0.00926, kpt=  0.3333  0.1667  0.1667 (reduced coord)
  -1.93824   -1.93787   -1.93771   -1.93764   -0.80323   -0.80148   -0.80093   -0.79701
  -0.79489   -0.79373   -0.79072   -0.79001   -0.78880   -0.78832   -0.78661   -0.78597
  -0.37566   -0.34438   -0.33967   -0.33788   -0.32845   -0.32254   -0.31545   -0.30857
   0.08105    0.08722    0.09965    0.10549    0.11032    0.12156    0.13283    0.14214
   0.14809    0.15315    0.16165    0.17442    0.18771    0.19513    0.20869    0.21260
   0.22177    0.22625    0.23589    0.24056    0.24475    0.24837    0.26070    0.26923
   0.45916    0.46414
 kpt#  30, nband= 50, wtk=  0.00926, kpt=  0.5000  0.1667  0.1667 (reduced coord)
  -1.93817   -1.93793   -1.93771   -1.93764   -0.80210   -0.80139   -0.79889   -0.79838
  -0.79556   -0.79512   -0.79039   -0.79001   -0.78813   -0.78785   -0.78726   -0.78690
  -0.36809   -0.34642   -0.34152   -0.34031   -0.32793   -0.32301   -0.31630   -0.30981
   0.08887    0.09081    0.10426    0.10758    0.11320    0.12716    0.13217    0.13656
   0.13820    0.14991    0.16662    0.17434    0.18400    0.19450    0.20173    0.21473
   0.21915    0.22005    0.23585    0.24131    0.24429    0.24962    0.25958    0.26875
   0.45704    0.46277
 kpt#  31, nband= 50, wtk=  0.00926, kpt= -0.3333  0.1667  0.1667 (reduced coord)
  -1.93824   -1.93787   -1.93771   -1.93764   -0.80323   -0.80147   -0.80092   -0.79701
  -0.79490   -0.79372   -0.79073   -0.79002   -0.78881   -0.78831   -0.78661   -0.78597
  -0.37566   -0.34437   -0.33967   -0.33788   -0.32846   -0.32254   -0.31545   -0.30857
   0.08105    0.08721    0.09965    0.10548    0.11032    0.12156    0.13284    0.14215
   0.14810    0.15315    0.16165    0.17442    0.18770    0.19513    0.20870    0.21261
   0.22176    0.22625    0.23588    0.24057    0.24475    0.24838    0.26070    0.26923
   0.45916    0.46416
 kpt#  32, nband= 50, wtk=  0.00926, kpt= -0.1667  0.1667  0.1667 (reduced coord)
  -1.93833   -1.93780   -1.93770   -1.93763   -0.80441   -0.80266   -0.80231   -0.79637
  -0.79358   -0.79217   -0.79110   -0.78997   -0.78887   -0.78844   -0.78591   -0.78536
  -0.38497   -0.34544   -0.34031   -0.33608   -0.32235   -0.32027   -0.31474   -0.30685
   0.07517    0.08056    0.08115    0.10105    0.10532    0.12286    0.13964    0.14443
   0.15445    0.15863    0.16397    0.17051    0.18842    0.20289    0.21130    0.21772
   0.22609    0.23184    0.23627    0.23980    0.24533    0.24865    0.26498    0.27012
   0.45872    0.46717
 kpt#  33, nband= 50, wtk=  0.00926, kpt=  0.0000  0.3333  0.1667 (reduced coord)
  -1.93823   -1.93783   -1.93774   -1.93765   -0.80233   -0.80196   -0.80030   -0.79834
  -0.79479   -0.79240   -0.79184   -0.79060   -0.78840   -0.78813   -0.78640   -0.78618
  -0.37612   -0.34554   -0.34120   -0.33721   -0.32819   -0.31984   -0.31546   -0.30844
   0.07935    0.08748    0.09821    0.10305    0.11141    0.12130    0.13145    0.13741
   0.14254    0.16099    0.16368    0.17552    0.18707    0.19348    0.20975    0.21341
   0.21984    0.22433    0.23280    0.24219    0.24498    0.25621    0.26212    0.26787
   0.46303    0.47021
 kpt#  34, nband= 50, wtk=  0.00926, kpt=  0.1667  0.3333  0.1667 (reduced coord)
  -1.93820   -1.93783   -1.93776   -1.93766   -0.80284   -0.80171   -0.80079   -0.79769
  -0.79509   -0.79310   -0.79149   -0.79012   -0.78857   -0.78796   -0.78639   -0.78597
  -0.37394   -0.34721   -0.34033   -0.33772   -0.32755   -0.32343   -0.31433   -0.30810
   0.08165    0.09263    0.10107    0.10452    0.11265    0.12224    0.13358    0.13697
   0.14124    0.15843    0.16636    0.17343    0.18317    0.19544    0.20563    0.21528
   0.22112    0.22333    0.23310    0.23899    0.24311    0.24856    0.26283    0.26673
   0.46100    0.46741
 kpt#  35, nband= 50, wtk=  0.00926, kpt=  0.3333  0.3333  0.1667 (reduced coord)
  -1.93813   -1.93783   -1.93781   -1.93769   -0.80300   -0.80176   -0.80131   -0.79844
  -0.79495   -0.79306   -0.79118   -0.78978   -0.78813   -0.78752   -0.78681   -0.78586
  -0.36824   -0.34833   -0.34250   -0.34143   -0.32607   -0.32480   -0.31397   -0.30846
   0.08857    0.10121    0.10557    0.10931    0.11778    0.12284    0.13377    0.13875
   0.14246    0.15322    0.16075    0.18014    0.18603    0.19055    0.20154    0.20739
   0.21504    0.22619    0.22775    0.23341    0.24082    0.24482    0.25975    0.26657
   0.45544    0.46061
 kpt#  36, nband= 50, wtk=  0.00926, kpt=  0.5000  0.3333  0.1667 (reduced coord)
  -1.93808   -1.93787   -1.93780   -1.93770   -0.80282   -0.80210   -0.80060   -0.80020
  -0.79383   -0.79369   -0.79036   -0.79032   -0.78741   -0.78721   -0.78674   -0.78656
  -0.36375   -0.34801   -0.34678   -0.34386   -0.32572   -0.32296   -0.31423   -0.30908
   0.09582    0.10363    0.10400    0.11125    0.12116    0.12467    0.13623    0.13789
   0.14788    0.15093    0.15730    0.17736    0.18435    0.19642    0.19957    0.20352
   0.20814    0.21867    0.22971    0.23039    0.24143    0.24543    0.25910    0.26562
   0.45153    0.46121
 kpt#  37, nband= 50, wtk=  0.00926, kpt= -0.3333  0.3333  0.1667 (reduced coord)
  -1.93813   -1.93783   -1.93781   -1.93769   -0.80302   -0.80175   -0.80130   -0.79843
  -0.79496   -0.79306   -0.79117   -0.78978   -0.78814   -0.78752   -0.78681   -0.78585
  -0.36824   -0.34833   -0.34250   -0.34143   -0.32607   -0.32480   -0.31397   -0.30846
   0.08857    0.10121    0.10556    0.10930    0.11777    0.12285    0.13379    0.13875
   0.14245    0.15323    0.16075    0.18015    0.18601    0.19054    0.20155    0.20740
   0.21505    0.22620    0.22775    0.23340    0.24082    0.24482    0.25974    0.26657
   0.45543    0.46058
 kpt#  38, nband= 50, wtk=  0.00926, kpt= -0.1667  0.3333  0.1667 (reduced coord)
  -1.93820   -1.93783   -1.93776   -1.93766   -0.80285   -0.80170   -0.80078   -0.79769
  -0.79510   -0.79310   -0.79149   -0.79012   -0.78858   -0.78795   -0.78639   -0.78596
  -0.37394   -0.34721   -0.34033   -0.33772   -0.32755   -0.32343   -0.31434   -0.30810
   0.08165    0.09263    0.10106    0.10452    0.11264    0.12225    0.13357    0.13697
   0.14125    0.15844    0.16635    0.17343    0.18317    0.19544    0.20563    0.21529
   0.22111    0.22333    0.23310    0.23899    0.24312    0.24855    0.26283    0.26673
   0.46101    0.46781
 kpt#  39, nband= 50, wtk=  0.00926, kpt=  0.0000  0.5000  0.1667 (reduced coord)
  -1.93806   -1.93800   -1.93772   -1.93767   -0.80038   -0.80036   -0.79873   -0.79871
  -0.79633   -0.79631   -0.79089   -0.79087   -0.78758   -0.78754   -0.78720   -0.78717
  -0.35912   -0.35908   -0.33925   -0.33923   -0.32626   -0.32624   -0.31186   -0.31184
   0.08990    0.08993    0.10973    0.10977    0.11587    0.11590    0.13208    0.13212
   0.14254    0.14260    0.17459    0.17463    0.18440    0.18447    0.20325    0.20328
   0.22107    0.22114    0.23774    0.23774    0.25326    0.25328    0.26375    0.26377
   0.47207    0.47229
 kpt#  40, nband= 50, wtk=  0.00926, kpt=  0.1667  0.5000  0.1667 (reduced coord)
  -1.93804   -1.93798   -1.93774   -1.93769   -0.80136   -0.80135   -0.79912   -0.79908
  -0.79554   -0.79552   -0.79052   -0.79050   -0.78760   -0.78757   -0.78693   -0.78691
  -0.35894   -0.35890   -0.33980   -0.33979   -0.32686   -0.32685   -0.31113   -0.31112
   0.09270    0.09272    0.11061    0.11065    0.11886    0.11888    0.13022    0.13024
   0.14757    0.14760    0.16860    0.16863    0.18724    0.18729    0.20275    0.20278
   0.22038    0.22044    0.23550    0.23551    0.24888    0.24888    0.26305    0.26307
   0.46322    0.46326
 kpt#  41, nband= 50, wtk=  0.00926, kpt=  0.3333  0.5000  0.1667 (reduced coord)
  -1.93800   -1.93794   -1.93778   -1.93773   -0.80224   -0.80223   -0.80072   -0.80070
  -0.79364   -0.79362   -0.79057   -0.79055   -0.78731   -0.78730   -0.78649   -0.78647
  -0.35787   -0.35783   -0.34323   -0.34322   -0.32541   -0.32540   -0.31072   -0.31071
   0.09918    0.09921    0.11202    0.11203    0.12152    0.12153    0.13512    0.13514
   0.15122    0.15124    0.16436    0.16440    0.18852    0.18857    0.20250    0.20256
   0.21401    0.21405    0.22896    0.22898    0.24377    0.24380    0.26230    0.26233
   0.45401    0.45408
 kpt#  42, nband= 50, wtk=  0.00926, kpt=  0.5000  0.5000  0.1667 (reduced coord)
  -1.93797   -1.93791   -1.93781   -1.93776   -0.80214   -0.80213   -0.80189   -0.80187
  -0.79193   -0.79190   -0.79170   -0.79168   -0.78674   -0.78672   -0.78655   -0.78654
  -0.35671   -0.35667   -0.34594   -0.34594   -0.32384   -0.32383   -0.31100   -0.31099
   0.10307    0.10309    0.11123    0.11123    0.12764    0.12767    0.13114    0.13116
   0.15766    0.15768    0.16328    0.16330    0.18766    0.18771    0.19926    0.19932
   0.21455    0.21457    0.22025    0.22030    0.24443    0.24446    0.26150    0.26153
   0.45096    0.45104
 kpt#  43, nband= 50, wtk=  0.00926, kpt= -0.3333  0.5000  0.1667 (reduced coord)
  -1.93800   -1.93794   -1.93778   -1.93773   -0.80224   -0.80223   -0.80071   -0.80070
  -0.79365   -0.79362   -0.79057   -0.79055   -0.78731   -0.78729   -0.78649   -0.78647
  -0.35786   -0.35783   -0.34323   -0.34322   -0.32541   -0.32540   -0.31072   -0.31071
   0.09919    0.09921    0.11202    0.11203    0.12152    0.12153    0.13511    0.13514
   0.15121    0.15125    0.16437    0.16439    0.18852    0.18856    0.20251    0.20254
   0.21402    0.21405    0.22896    0.22897    0.24378    0.24380    0.26231    0.26232
   0.45402    0.45408
 kpt#  44, nband= 50, wtk=  0.00926, kpt= -0.1667  0.5000  0.1667 (reduced coord)
  -1.93804   -1.93798   -1.93774   -1.93769   -0.80136   -0.80135   -0.79911   -0.79909
  -0.79554   -0.79552   -0.79052   -0.79050   -0.78760   -0.78757   -0.78694   -0.78690
  -0.35894   -0.35890   -0.33980   -0.33979   -0.32686   -0.32685   -0.31113   -0.31112
   0.09270    0.09272    0.11062    0.11064    0.11886    0.11888    0.13022    0.13024
   0.14757    0.14759    0.16860    0.16864    0.18724    0.18728    0.20275    0.20278
   0.22038    0.22044    0.23550    0.23551    0.24887    0.24888    0.26306    0.26307
   0.46322    0.46326
 kpt#  45, nband= 50, wtk=  0.00926, kpt=  0.0000 -0.3333  0.1667 (reduced coord)
  -1.93823   -1.93783   -1.93774   -1.93765   -0.80231   -0.80196   -0.80031   -0.79835
  -0.79480   -0.79240   -0.79183   -0.79060   -0.78841   -0.78813   -0.78640   -0.78617
  -0.37612   -0.34554   -0.34121   -0.33719   -0.32819   -0.31985   -0.31545   -0.30845
   0.07936    0.08748    0.09821    0.10306    0.11141    0.12132    0.13145    0.13739
   0.14251    0.16098    0.16371    0.17552    0.18704    0.19346    0.20980    0.21345
   0.21985    0.22428    0.23280    0.24220    0.24498    0.25620    0.26213    0.26787
   0.46303    0.47046
 kpt#  46, nband= 50, wtk=  0.00926, kpt=  0.1667 -0.3333  0.1667 (reduced coord)
  -1.93820   -1.93783   -1.93776   -1.93766   -0.80284   -0.80170   -0.80079   -0.79770
  -0.79510   -0.79310   -0.79148   -0.79012   -0.78859   -0.78795   -0.78639   -0.78596
  -0.37393   -0.34721   -0.34034   -0.33771   -0.32755   -0.32343   -0.31433   -0.30811
   0.08166    0.09263    0.10106    0.10452    0.11265    0.12225    0.13357    0.13695
   0.14125    0.15843    0.16638    0.17342    0.18314    0.19544    0.20565    0.21530
   0.22110    0.22334    0.23309    0.23899    0.24312    0.24856    0.26282    0.26672
   0.46104    0.46746
 kpt#  47, nband= 50, wtk=  0.00926, kpt=  0.3333 -0.3333  0.1667 (reduced coord)
  -1.93813   -1.93783   -1.93781   -1.93769   -0.80300   -0.80174   -0.80131   -0.79845
  -0.79496   -0.79306   -0.79116   -0.78979   -0.78815   -0.78751   -0.78682   -0.78585
  -0.36824   -0.34833   -0.34250   -0.34142   -0.32608   -0.32480   -0.31397   -0.30846
   0.08858    0.10122    0.10557    0.10930    0.11779    0.12283    0.13376    0.13875
   0.14246    0.15322    0.16076    0.18013    0.18600    0.19053    0.20157    0.20739
   0.21504    0.22620    0.22778    0.23341    0.24081    0.24483    0.25974    0.26658
   0.45546    0.46052
 kpt#  48, nband= 50, wtk=  0.00926, kpt=  0.5000 -0.3333  0.1667 (reduced coord)
  -1.93808   -1.93787   -1.93780   -1.93770   -0.80281   -0.80209   -0.80061   -0.80021
  -0.79383   -0.79368   -0.79036   -0.79032   -0.78742   -0.78723   -0.78672   -0.78655
  -0.36375   -0.34800   -0.34678   -0.34386   -0.32572   -0.32296   -0.31423   -0.30909
   0.09582    0.10364    0.10402    0.11126    0.12115    0.12465    0.13625    0.13788
   0.14785    0.15091    0.15731    0.17734    0.18434    0.19644    0.19953    0.20353
   0.20816    0.21869    0.22971    0.23039    0.24142    0.24542    0.25910    0.26562
   0.45157    0.46018
 kpt#  49, nband= 50, wtk=  0.00926, kpt= -0.3333 -0.3333  0.1667 (reduced coord)
  -1.93813   -1.93783   -1.93781   -1.93769   -0.80300   -0.80175   -0.80131   -0.79846
  -0.79495   -0.79306   -0.79117   -0.78978   -0.78814   -0.78751   -0.78681   -0.78586
  -0.36824   -0.34833   -0.34250   -0.34142   -0.32607   -0.32480   -0.31397   -0.30846
   0.08858    0.10123    0.10557    0.10931    0.11779    0.12283    0.13375    0.13875
   0.14247    0.15321    0.16076    0.18013    0.18601    0.19054    0.20156    0.20739
   0.21503    0.22619    0.22777    0.23342    0.24081    0.24482    0.25974    0.26657
   0.45548    0.46055
 kpt#  50, nband= 50, wtk=  0.00926, kpt= -0.1667 -0.3333  0.1667 (reduced coord)
  -1.93820   -1.93783   -1.93776   -1.93766   -0.80284   -0.80170   -0.80079   -0.79771
  -0.79509   -0.79309   -0.79148   -0.79012   -0.78858   -0.78796   -0.78639   -0.78597
  -0.37394   -0.34721   -0.34034   -0.33771   -0.32754   -0.32343   -0.31433   -0.30811
   0.08167    0.09263    0.10107    0.10451    0.11266    0.12225    0.13357    0.13695
   0.14124    0.15842    0.16638    0.17342    0.18315    0.19543    0.20565    0.21529
   0.22110    0.22334    0.23310    0.23900    0.24311    0.24856    0.26283    0.26672
   0.46101    0.46730
 kpt#  51, nband= 50, wtk=  0.00926, kpt=  0.0000 -0.1667  0.1667 (reduced coord)
  -1.93837   -1.93777   -1.93769   -1.93762   -0.80483   -0.80311   -0.80294   -0.79630
  -0.79284   -0.79215   -0.79111   -0.78986   -0.78879   -0.78791   -0.78562   -0.78543
  -0.38852   -0.34520   -0.34195   -0.33676   -0.31907   -0.31742   -0.31479   -0.30648
   0.07229    0.07389    0.07938    0.10000    0.10427    0.11487    0.14163    0.14659
   0.15779    0.16312    0.16796    0.17738    0.18056    0.20221    0.21443    0.21974
   0.22652    0.22904    0.23496    0.24365    0.24556    0.25560    0.26506    0.27115
   0.45753    0.46622
 kpt#  52, nband= 50, wtk=  0.00926, kpt=  0.1667 -0.1667  0.1667 (reduced coord)
  -1.93833   -1.93780   -1.93769   -1.93763   -0.80441   -0.80267   -0.80231   -0.79638
  -0.79358   -0.79216   -0.79111   -0.78998   -0.78888   -0.78844   -0.78590   -0.78536
  -0.38496   -0.34544   -0.34031   -0.33607   -0.32236   -0.32027   -0.31474   -0.30685
   0.07518    0.08056    0.08115    0.10105    0.10531    0.12286    0.13965    0.14442
   0.15446    0.15862    0.16396    0.17051    0.18841    0.20290    0.21132    0.21772
   0.22610    0.23184    0.23627    0.23980    0.24533    0.24865    0.26497    0.27011
   0.45872    0.46719
 kpt#  53, nband= 50, wtk=  0.00926, kpt=  0.3333 -0.1667  0.1667 (reduced coord)
  -1.93824   -1.93787   -1.93771   -1.93764   -0.80322   -0.80146   -0.80093   -0.79702
  -0.79491   -0.79371   -0.79073   -0.79002   -0.78882   -0.78831   -0.78661   -0.78597
  -0.37566   -0.34438   -0.33967   -0.33787   -0.32847   -0.32254   -0.31545   -0.30858
   0.08106    0.08721    0.09965    0.10549    0.11031    0.12155    0.13282    0.14216
   0.14809    0.15316    0.16165    0.17441    0.18769    0.19513    0.20870    0.21260
   0.22175    0.22626    0.23589    0.24058    0.24476    0.24836    0.26070    0.26923
   0.45917    0.46412
 kpt#  54, nband= 50, wtk=  0.00926, kpt=  0.5000 -0.1667  0.1667 (reduced coord)
  -1.93817   -1.93793   -1.93771   -1.93764   -0.80209   -0.80138   -0.79892   -0.79840
  -0.79555   -0.79511   -0.79039   -0.79001   -0.78815   -0.78786   -0.78725   -0.78689
  -0.36809   -0.34641   -0.34152   -0.34031   -0.32794   -0.32301   -0.31629   -0.30982
   0.08887    0.09081    0.10428    0.10759    0.11320    0.12715    0.13216    0.13656
   0.13818    0.14990    0.16663    0.17434    0.18399    0.19451    0.20171    0.21473
   0.21915    0.22006    0.23586    0.24131    0.24430    0.24961    0.25959    0.26875
   0.45706    0.46283
 kpt#  55, nband= 50, wtk=  0.00926, kpt= -0.3333 -0.1667  0.1667 (reduced coord)
  -1.93824   -1.93787   -1.93771   -1.93764   -0.80322   -0.80147   -0.80093   -0.79703
  -0.79490   -0.79371   -0.79072   -0.79002   -0.78881   -0.78832   -0.78661   -0.78597
  -0.37566   -0.34438   -0.33967   -0.33787   -0.32846   -0.32253   -0.31545   -0.30858
   0.08106    0.08722    0.09966    0.10549    0.11032    0.12156    0.13281    0.14215
   0.14808    0.15316    0.16165    0.17441    0.18769    0.19513    0.20869    0.21259
   0.22176    0.22627    0.23589    0.24057    0.24476    0.24835    0.26070    0.26923
   0.45917    0.46411
 kpt#  56, nband= 50, wtk=  0.00926, kpt= -0.1667 -0.1667  0.1667 (reduced coord)
  -1.93833   -1.93780   -1.93770   -1.93763   -0.80441   -0.80267   -0.80231   -0.79639
  -0.79358   -0.79215   -0.79111   -0.78996   -0.78887   -0.78845   -0.78591   -0.78536
  -0.38496   -0.34544   -0.34031   -0.33607   -0.32235   -0.32027   -0.31474   -0.30686
   0.07519    0.08056    0.08115    0.10106    0.10532    0.12286    0.13965    0.14442
   0.15446    0.15862    0.16395    0.17052    0.18841    0.20290    0.21133    0.21772
   0.22609    0.23184    0.23626    0.23979    0.24534    0.24865    0.26497    0.27011
   0.45872    0.46720
 kpt#  57, nband= 50, wtk=  0.00926, kpt=  0.0000  0.0000  0.3333 (reduced coord)
  -1.93829   -1.93792   -1.93764   -1.93760   -0.80348   -0.80199   -0.80070   -0.79709
  -0.79563   -0.79314   -0.79122   -0.78903   -0.78852   -0.78817   -0.78655   -0.78583
  -0.38078   -0.34812   -0.33996   -0.33400   -0.32307   -0.31733   -0.31653   -0.31297
   0.07843    0.08082    0.09919    0.11112    0.11168    0.12372    0.12687    0.14112
   0.14791    0.15270    0.17180    0.17318    0.18921    0.19476    0.19522    0.20773
   0.21556    0.23432    0.23861    0.24884    0.25359    0.25822    0.25830    0.25901
   0.46514    0.46941
 kpt#  58, nband= 50, wtk=  0.00926, kpt=  0.1667  0.0000  0.3333 (reduced coord)
  -1.93826   -1.93792   -1.93765   -1.93762   -0.80290   -0.80162   -0.80044   -0.79703
  -0.79631   -0.79358   -0.79099   -0.78955   -0.78852   -0.78802   -0.78697   -0.78562
  -0.37780   -0.34802   -0.33942   -0.33346   -0.32498   -0.31973   -0.31756   -0.31225
   0.08060    0.08632    0.09973    0.10327    0.11446    0.12662    0.13469    0.14291
   0.14799    0.15187    0.15931    0.18401    0.18630    0.19206    0.19552    0.21108
   0.21373    0.23117    0.23327    0.24217    0.25316    0.25568    0.25843    0.26270
   0.46004    0.46658
 kpt#  59, nband= 50, wtk=  0.00926, kpt=  0.3333  0.0000  0.3333 (reduced coord)
  -1.93818   -1.93794   -1.93769   -1.93764   -0.80151   -0.80047   -0.79982   -0.79751
  -0.79713   -0.79514   -0.79110   -0.79011   -0.78829   -0.78769   -0.78744   -0.78574
  -0.37011   -0.34783   -0.33898   -0.33567   -0.32848   -0.32081   -0.31934   -0.31287
   0.08564    0.09310    0.10320    0.10932    0.11350    0.12139    0.13957    0.14337
   0.14874    0.15037    0.16636    0.17874    0.18055    0.19541    0.19884    0.20255
   0.21386    0.22305    0.23281    0.23832    0.24704    0.25047    0.25789    0.26407
   0.45481    0.45882
 kpt#  60, nband= 50, wtk=  0.00926, kpt=  0.5000  0.0000  0.3333 (reduced coord)
  -1.93813   -1.93796   -1.93770   -1.93766   -0.80039   -0.79968   -0.79948   -0.79774
  -0.79734   -0.79685   -0.79085   -0.79080   -0.78802   -0.78800   -0.78664   -0.78637
  -0.36413   -0.34793   -0.34275   -0.33729   -0.32697   -0.32110   -0.32088   -0.31347
   0.08861    0.09564    0.10498    0.11274    0.11381    0.12411    0.13712    0.14045
   0.14843    0.15251    0.17001    0.17324    0.18357    0.18781    0.20156    0.20319
   0.21260    0.22465    0.23038    0.23586    0.24236    0.24895    0.25679    0.26399
   0.45165    0.45630
 kpt#  61, nband= 50, wtk=  0.00926, kpt= -0.3333  0.0000  0.3333 (reduced coord)
  -1.93818   -1.93794   -1.93769   -1.93764   -0.80152   -0.80047   -0.79982   -0.79751
  -0.79713   -0.79514   -0.79110   -0.79011   -0.78829   -0.78769   -0.78744   -0.78574
  -0.37011   -0.34783   -0.33898   -0.33567   -0.32847   -0.32081   -0.31934   -0.31288
   0.08564    0.09310    0.10320    0.10933    0.11351    0.12140    0.13957    0.14337
   0.14873    0.15037    0.16636    0.17874    0.18054    0.19541    0.19884    0.20255
   0.21386    0.22305    0.23281    0.23831    0.24705    0.25047    0.25789    0.26408
   0.45480    0.45883
 kpt#  62, nband= 50, wtk=  0.00926, kpt= -0.1667  0.0000  0.3333 (reduced coord)
  -1.93826   -1.93792   -1.93765   -1.93762   -0.80290   -0.80162   -0.80044   -0.79703
  -0.79631   -0.79358   -0.79100   -0.78955   -0.78852   -0.78802   -0.78697   -0.78562
  -0.37780   -0.34802   -0.33942   -0.33346   -0.32497   -0.31973   -0.31756   -0.31225
   0.08060    0.08632    0.09973    0.10327    0.11446    0.12663    0.13468    0.14290
   0.14799    0.15187    0.15931    0.18401    0.18630    0.19206    0.19551    0.21108
   0.21373    0.23117    0.23327    0.24216    0.25316    0.25568    0.25842    0.26270
   0.46004    0.46660
 kpt#  63, nband= 50, wtk=  0.00926, kpt=  0.0000  0.1667  0.3333 (reduced coord)
  -1.93825   -1.93790   -1.93768   -1.93763   -0.80328   -0.80086   -0.80085   -0.79824
  -0.79452   -0.79399   -0.79077   -0.78957   -0.78858   -0.78837   -0.78628   -0.78626
  -0.37732   -0.34764   -0.33945   -0.33528   -0.32222   -0.32186   -0.31665   -0.31293
   0.08478    0.08624    0.09781    0.11142    0.11367    0.12606    0.12641    0.14122
   0.14737    0.15132    0.16997    0.17310    0.18533    0.19278    0.19854    0.21546
   0.21630    0.23009    0.23339    0.24405    0.24991    0.25031    0.25500    0.26026
   0.46360    0.46888
 kpt#  64, nband= 50, wtk=  0.00926, kpt=  0.1667  0.1667  0.3333 (reduced coord)
  -1.93822   -1.93791   -1.93769   -1.93764   -0.80329   -0.80128   -0.80073   -0.79735
  -0.79532   -0.79424   -0.79075   -0.78959   -0.78852   -0.78814   -0.78654   -0.78589
  -0.37499   -0.34863   -0.33951   -0.33569   -0.32420   -0.32152   -0.31813   -0.31097
   0.08610    0.09090    0.09856    0.10871    0.11395    0.12685    0.13346    0.14229
   0.14654    0.15197    0.15902    0.17631    0.18756    0.19635    0.20230    0.21066
   0.21632    0.22655    0.23337    0.23935    0.24506    0.24905    0.25476    0.26210
   0.46009    0.46592
 kpt#  65, nband= 50, wtk=  0.00926, kpt=  0.3333  0.1667  0.3333 (reduced coord)
  -1.93815   -1.93792   -1.93771   -1.93767   -0.80305   -0.80161   -0.80063   -0.79728
  -0.79603   -0.79463   -0.79049   -0.78930   -0.78815   -0.78775   -0.78704   -0.78585
  -0.36892   -0.34962   -0.34225   -0.33944   -0.32465   -0.32084   -0.31822   -0.31025
   0.08933    0.09668    0.10542    0.11045    0.11454    0.12303    0.13747    0.14226
   0.14733    0.15116    0.16175    0.17581    0.18700    0.19722    0.20427    0.20592
   0.21613    0.22149    0.22859    0.23645    0.24120    0.24665    0.24961    0.26367
   0.45419    0.45730
 kpt#  66, nband= 50, wtk=  0.00926, kpt=  0.5000  0.1667  0.3333 (reduced coord)
  -1.93810   -1.93795   -1.93773   -1.93768   -0.80262   -0.80206   -0.79991   -0.79889
  -0.79575   -0.79449   -0.78995   -0.78953   -0.78780   -0.78771   -0.78671   -0.78646
  -0.36418   -0.34993   -0.34619   -0.34173   -0.32339   -0.31953   -0.31897   -0.31053
   0.09318    0.09651    0.10867    0.11290    0.11335    0.12532    0.13924    0.13936
   0.14650    0.15431    0.16121    0.17560    0.19023    0.19038    0.20233    0.20874
   0.21639    0.21932    0.22804    0.23437    0.23595    0.24638    0.24992    0.26297
   0.44975    0.45422
 kpt#  67, nband= 50, wtk=  0.00926, kpt= -0.3333  0.1667  0.3333 (reduced coord)
  -1.93815   -1.93792   -1.93772   -1.93767   -0.80306   -0.80161   -0.80062   -0.79728
  -0.79604   -0.79462   -0.79050   -0.78932   -0.78815   -0.78775   -0.78702   -0.78586
  -0.36892   -0.34962   -0.34225   -0.33943   -0.32465   -0.32084   -0.31822   -0.31025
   0.08933    0.09668    0.10542    0.11045    0.11454    0.12303    0.13747    0.14225
   0.14732    0.15117    0.16175    0.17579    0.18700    0.19723    0.20427    0.20593
   0.21613    0.22149    0.22859    0.23645    0.24120    0.24664    0.24962    0.26368
   0.45417    0.45729
 kpt#  68, nband= 50, wtk=  0.00926, kpt= -0.1667  0.1667  0.3333 (reduced coord)
  -1.93822   -1.93791   -1.93769   -1.93764   -0.80330   -0.80128   -0.80072   -0.79735
  -0.79533   -0.79424   -0.79075   -0.78961   -0.78852   -0.78812   -0.78654   -0.78590
  -0.37498   -0.34863   -0.33951   -0.33569   -0.32420   -0.32153   -0.31813   -0.31098
   0.08610    0.09091    0.09856    0.10870    0.11395    0.12684    0.13346    0.14228
   0.14655    0.15198    0.15901    0.17630    0.18755    0.19635    0.20231    0.21065
   0.21634    0.22654    0.23338    0.23936    0.24506    0.24904    0.25476    0.26210
   0.46009    0.46594
 kpt#  69, nband= 50, wtk=  0.00926, kpt=  0.0000  0.3333  0.3333 (reduced coord)
  -1.93813   -1.93785   -1.93779   -1.93769   -0.80206   -0.80102   -0.79972   -0.79859
  -0.79615   -0.79277   -0.79163   -0.79019   -0.78816   -0.78813   -0.78726   -0.78631
  -0.36772   -0.34594   -0.34238   -0.33877   -0.32677   -0.31976   -0.31946   -0.31370
   0.09472    0.09931    0.10448    0.11357    0.11595    0.12082    0.12633    0.13965
   0.14642    0.15766    0.16572    0.17007    0.18690    0.19270    0.20257    0.21173
   0.21246    0.22273    0.22322    0.23287    0.24245    0.24692    0.25394    0.25783
   0.46710    0.46876
 kpt#  70, nband= 50, wtk=  0.00926, kpt=  0.1667  0.3333  0.3333 (reduced coord)
  -1.93811   -1.93786   -1.93779   -1.93770   -0.80302   -0.80155   -0.80136   -0.79824
  -0.79529   -0.79263   -0.79100   -0.78956   -0.78829   -0.78778   -0.78671   -0.78641
  -0.36711   -0.34884   -0.34404   -0.34103   -0.32390   -0.32156   -0.31702   -0.31096
   0.09539    0.09968    0.10913    0.11294    0.11529    0.12277    0.12974    0.14051
   0.14368    0.15289    0.16404    0.17640    0.18470    0.19818    0.20381    0.21281
   0.21485    0.21853    0.22415    0.23138    0.23896    0.24299    0.25155    0.25787
   0.46219    0.46550
 kpt#  71, nband= 50, wtk=  0.00926, kpt=  0.3333  0.3333  0.3333 (reduced coord)
  -1.93806   -1.93788   -1.93780   -1.93773   -0.80399   -0.80306   -0.80241   -0.80032
  -0.79314   -0.79193   -0.78977   -0.78885   -0.78790   -0.78741   -0.78662   -0.78613
  -0.36501   -0.35207   -0.34863   -0.34690   -0.31994   -0.31871   -0.31470   -0.30847
   0.09670    0.10607    0.11104    0.11276    0.11749    0.12402    0.13047    0.13329
   0.14971    0.15741    0.16413    0.18016    0.18597    0.19888    0.20168    0.21111
   0.21626    0.21776    0.22322    0.22811    0.23344    0.24022    0.24501    0.25871
   0.45253    0.45761
 kpt#  72, nband= 50, wtk=  0.00926, kpt=  0.5000  0.3333  0.3333 (reduced coord)
  -1.93802   -1.93789   -1.93780   -1.93774   -0.80420   -0.80374   -0.80238   -0.80191
  -0.79229   -0.79159   -0.78906   -0.78879   -0.78729   -0.78716   -0.78653   -0.78646
  -0.36296   -0.35308   -0.35124   -0.35067   -0.31812   -0.31601   -0.31442   -0.30796
   0.10112    0.10386    0.11259    0.11571    0.11576    0.12357    0.13031    0.13141
   0.15820    0.15916    0.16300    0.18049    0.19326    0.19593    0.19754    0.20686
   0.21633    0.21749    0.22004    0.22205    0.23499    0.24185    0.24416    0.25846
   0.44665    0.45354
 kpt#  73, nband= 50, wtk=  0.00926, kpt= -0.3333  0.3333  0.3333 (reduced coord)
  -1.93806   -1.93787   -1.93780   -1.93772   -0.80400   -0.80305   -0.80240   -0.80033
  -0.79315   -0.79192   -0.78977   -0.78886   -0.78790   -0.78740   -0.78661   -0.78613
  -0.36501   -0.35207   -0.34863   -0.34690   -0.31993   -0.31871   -0.31470   -0.30848
   0.09670    0.10607    0.11104    0.11275    0.11749    0.12402    0.13048    0.13329
   0.14970    0.15742    0.16413    0.18015    0.18596    0.19889    0.20168    0.21112
   0.21626    0.21777    0.22322    0.22811    0.23344    0.24024    0.24500    0.25871
   0.45252    0.45763
 kpt#  74, nband= 50, wtk=  0.00926, kpt= -0.1667  0.3333  0.3333 (reduced coord)
  -1.93811   -1.93786   -1.93779   -1.93770   -0.80303   -0.80155   -0.80134   -0.79823
  -0.79530   -0.79263   -0.79100   -0.78957   -0.78830   -0.78776   -0.78671   -0.78641
  -0.36711   -0.34884   -0.34403   -0.34103   -0.32390   -0.32156   -0.31702   -0.31097
   0.09539    0.09968    0.10913    0.11294    0.11528    0.12278    0.12974    0.14051
   0.14369    0.15288    0.16404    0.17638    0.18469    0.19818    0.20382    0.21281
   0.21485    0.21854    0.22415    0.23137    0.23897    0.24299    0.25155    0.25787
   0.46222    0.46544
 kpt#  75, nband= 50, wtk=  0.00926, kpt=  0.0000  0.5000  0.3333 (reduced coord)
  -1.93799   -1.93793   -1.93779   -1.93774   -0.80072   -0.80070   -0.79980   -0.79978
  -0.79465   -0.79463   -0.79099   -0.79096   -0.78789   -0.78786   -0.78711   -0.78709
  -0.35441   -0.35437   -0.34282   -0.34280   -0.32426   -0.32424   -0.31608   -0.31607
   0.10418    0.10421    0.11154    0.11157    0.11356    0.11357    0.13992    0.13994
   0.14849    0.14853    0.16978    0.16985    0.18452    0.18460    0.20868    0.20870
   0.21024    0.21026    0.22455    0.22459    0.24857    0.24861    0.25146    0.25148
   0.46988    0.47128
 kpt#  76, nband= 50, wtk=  0.00926, kpt=  0.1667  0.5000  0.3333 (reduced coord)
  -1.93798   -1.93792   -1.93780   -1.93775   -0.80219   -0.80218   -0.80063   -0.80061
  -0.79336   -0.79333   -0.79015   -0.79013   -0.78765   -0.78763   -0.78704   -0.78702
  -0.35607   -0.35604   -0.34539   -0.34538   -0.32245   -0.32244   -0.31355   -0.31353
   0.10370    0.10372    0.11184    0.11187    0.11823    0.11824    0.13604    0.13605
   0.15087    0.15091    0.16811    0.16818    0.18995    0.19000    0.20496    0.20498
   0.21485    0.21487    0.22367    0.22371    0.24364    0.24368    0.25140    0.25144
   0.46459    0.46480
 kpt#  77, nband= 50, wtk=  0.00926, kpt=  0.3333  0.5000  0.3333 (reduced coord)
  -1.93796   -1.93790   -1.93783   -1.93777   -0.80372   -0.80371   -0.80263   -0.80261
  -0.79119   -0.79117   -0.78941   -0.78939   -0.78715   -0.78712   -0.78666   -0.78664
  -0.35818   -0.35815   -0.35085   -0.35083   -0.31790   -0.31789   -0.31040   -0.31039
   0.10607    0.10608    0.11344    0.11346    0.12078    0.12080    0.12892    0.12895
   0.15920    0.15923    0.17146    0.17152    0.19223    0.19228    0.20139    0.20141
   0.21450    0.21453    0.22269    0.22273    0.23824    0.23827    0.25037    0.25039
   0.45430    0.45436
 kpt#  78, nband= 50, wtk=  0.00926, kpt=  0.5000  0.5000  0.3333 (reduced coord)
  -1.93794   -1.93788   -1.93784   -1.93779   -0.80393   -0.80392   -0.80387   -0.80386
  -0.78988   -0.78987   -0.78974   -0.78972   -0.78665   -0.78663   -0.78656   -0.78653
  -0.35851   -0.35848   -0.35386   -0.35385   -0.31535   -0.31534   -0.30951   -0.30951
   0.10950    0.10951    0.11333    0.11334    0.12099    0.12102    0.12463    0.12467
   0.16781    0.16781    0.17328    0.17330    0.19362    0.19363    0.19691    0.19694
   0.21256    0.21261    0.21853    0.21859    0.23890    0.23893    0.25104    0.25106
   0.44949    0.44956
 kpt#  79, nband= 50, wtk=  0.00926, kpt= -0.3333  0.5000  0.3333 (reduced coord)
  -1.93796   -1.93790   -1.93783   -1.93777   -0.80372   -0.80371   -0.80262   -0.80262
  -0.79119   -0.79117   -0.78942   -0.78939   -0.78715   -0.78713   -0.78667   -0.78663
  -0.35818   -0.35815   -0.35085   -0.35084   -0.31790   -0.31789   -0.31040   -0.31039
   0.10607    0.10608    0.11344    0.11345    0.12078    0.12079    0.12892    0.12895
   0.15920    0.15923    0.17148    0.17151    0.19225    0.19226    0.20138    0.20142
   0.21450    0.21453    0.22269    0.22273    0.23824    0.23826    0.25038    0.25039
   0.45431    0.45437
 kpt#  80, nband= 50, wtk=  0.00926, kpt= -0.1667  0.5000  0.3333 (reduced coord)
  -1.93798   -1.93792   -1.93780   -1.93775   -0.80219   -0.80218   -0.80062   -0.80061
  -0.79335   -0.79334   -0.79016   -0.79013   -0.78765   -0.78763   -0.78705   -0.78701
  -0.35607   -0.35604   -0.34539   -0.34538   -0.32245   -0.32244   -0.31355   -0.31354
   0.10370    0.10372    0.11184    0.11186    0.11822    0.11825    0.13603    0.13606
   0.15087    0.15091    0.16812    0.16817    0.18995    0.18999    0.20495    0.20498
   0.21486    0.21487    0.22367    0.22371    0.24363    0.24367    0.25142    0.25143
   0.46459    0.46471
 kpt#  81, nband= 50, wtk=  0.00926, kpt=  0.0000 -0.3333  0.3333 (reduced coord)
  -1.93813   -1.93785   -1.93779   -1.93769   -0.80205   -0.80101   -0.79974   -0.79860
  -0.79615   -0.79275   -0.79163   -0.79020   -0.78817   -0.78814   -0.78725   -0.78631
  -0.36771   -0.34596   -0.34238   -0.33875   -0.32677   -0.31976   -0.31946   -0.31370
   0.09472    0.09933    0.10447    0.11356    0.11597    0.12082    0.12634    0.13963
   0.14643    0.15762    0.16574    0.17005    0.18687    0.19271    0.20257    0.21175
   0.21251    0.22274    0.22319    0.23286    0.24248    0.24692    0.25393    0.25782
   0.46707    0.46868
 kpt#  82, nband= 50, wtk=  0.00926, kpt=  0.1667 -0.3333  0.3333 (reduced coord)
  -1.93811   -1.93786   -1.93779   -1.93770   -0.80302   -0.80156   -0.80133   -0.79825
  -0.79531   -0.79262   -0.79100   -0.78957   -0.78830   -0.78777   -0.78670   -0.78640
  -0.36710   -0.34885   -0.34403   -0.34103   -0.32389   -0.32157   -0.31702   -0.31097
   0.09540    0.09970    0.10912    0.11293    0.11529    0.12278    0.12974    0.14051
   0.14367    0.15288    0.16405    0.17637    0.18468    0.19818    0.20383    0.21282
   0.21487    0.21855    0.22414    0.23136    0.23898    0.24300    0.25155    0.25786
   0.46221    0.46544
 kpt#  83, nband= 50, wtk=  0.00926, kpt=  0.3333 -0.3333  0.3333 (reduced coord)
  -1.93806   -1.93788   -1.93780   -1.93773   -0.80399   -0.80305   -0.80241   -0.80033
  -0.79316   -0.79192   -0.78977   -0.78886   -0.78792   -0.78739   -0.78661   -0.78613
  -0.36501   -0.35208   -0.34862   -0.34689   -0.31995   -0.31870   -0.31470   -0.30848
   0.09670    0.10609    0.11103    0.11276    0.11748    0.12403    0.13047    0.13329
   0.14967    0.15742    0.16414    0.18013    0.18596    0.19887    0.20168    0.21111
   0.21627    0.21777    0.22323    0.22812    0.23342    0.24026    0.24500    0.25869
   0.45254    0.45762
 kpt#  84, nband= 50, wtk=  0.00926, kpt=  0.5000 -0.3333  0.3333 (reduced coord)
  -1.93802   -1.93789   -1.93780   -1.93774   -0.80419   -0.80373   -0.80239   -0.80192
  -0.79231   -0.79158   -0.78906   -0.78878   -0.78732   -0.78718   -0.78651   -0.78645
  -0.36296   -0.35307   -0.35124   -0.35066   -0.31812   -0.31601   -0.31442   -0.30796
   0.10113    0.10388    0.11261    0.11573    0.11577    0.12354    0.13031    0.13140
   0.15818    0.15914    0.16302    0.18047    0.19323    0.19594    0.19752    0.20689
   0.21638    0.21748    0.22007    0.22203    0.23495    0.24187    0.24418    0.25845
   0.44668    0.45352
 kpt#  85, nband= 50, wtk=  0.00926, kpt= -0.3333 -0.3333  0.3333 (reduced coord)
  -1.93806   -1.93787   -1.93780   -1.93772   -0.80399   -0.80305   -0.80241   -0.80034
  -0.79315   -0.79192   -0.78976   -0.78885   -0.78791   -0.78741   -0.78662   -0.78613
  -0.36501   -0.35207   -0.34862   -0.34690   -0.31995   -0.31871   -0.31469   -0.30848
   0.09671    0.10608    0.11104    0.11276    0.11749    0.12403    0.13047    0.13328
   0.14968    0.15740    0.16414    0.18014    0.18597    0.19887    0.20167    0.21111
   0.21628    0.21777    0.22323    0.22812    0.23342    0.24024    0.24502    0.25870
   0.45257    0.45768
 kpt#  86, nband= 50, wtk=  0.00926, kpt= -0.1667 -0.3333  0.3333 (reduced coord)
  -1.93811   -1.93786   -1.93779   -1.93770   -0.80301   -0.80155   -0.80135   -0.79826
  -0.79529   -0.79262   -0.79100   -0.78957   -0.78829   -0.78779   -0.78671   -0.78640
  -0.36710   -0.34884   -0.34404   -0.34103   -0.32389   -0.32157   -0.31701   -0.31097
   0.09540    0.09970    0.10912    0.11293    0.11530    0.12277    0.12974    0.14051
   0.14366    0.15289    0.16405    0.17638    0.18468    0.19817    0.20382    0.21282
   0.21487    0.21854    0.22415    0.23137    0.23897    0.24298    0.25155    0.25787
   0.46220    0.46544
 kpt#  87, nband= 50, wtk=  0.00926, kpt=  0.0000 -0.1667  0.3333 (reduced coord)
  -1.93825   -1.93790   -1.93768   -1.93763   -0.80327   -0.80087   -0.80085   -0.79825
  -0.79450   -0.79400   -0.79078   -0.78957   -0.78858   -0.78837   -0.78627   -0.78625
  -0.37731   -0.34765   -0.33945   -0.33527   -0.32221   -0.32186   -0.31666   -0.31294
   0.08478    0.08624    0.09784    0.11141    0.11367    0.12607    0.12641    0.14122
   0.14738    0.15128    0.16998    0.17308    0.18529    0.19281    0.19851    0.21549
   0.21633    0.23013    0.23338    0.24403    0.24990    0.25031    0.25498    0.26026
   0.46361    0.46889
 kpt#  88, nband= 50, wtk=  0.00926, kpt=  0.1667 -0.1667  0.3333 (reduced coord)
  -1.93822   -1.93791   -1.93769   -1.93764   -0.80328   -0.80129   -0.80071   -0.79737
  -0.79533   -0.79422   -0.79076   -0.78962   -0.78852   -0.78812   -0.78653   -0.78589
  -0.37498   -0.34864   -0.33951   -0.33568   -0.32419   -0.32154   -0.31814   -0.31097
   0.08611    0.09089    0.09858    0.10870    0.11394    0.12685    0.13347    0.14227
   0.14654    0.15197    0.15900    0.17630    0.18754    0.19633    0.20231    0.21067
   0.21634    0.22657    0.23338    0.23935    0.24506    0.24905    0.25476    0.26209
   0.46010    0.46588
 kpt#  89, nband= 50, wtk=  0.00926, kpt=  0.3333 -0.1667  0.3333 (reduced coord)
  -1.93815   -1.93792   -1.93771   -1.93767   -0.80305   -0.80160   -0.80062   -0.79730
  -0.79605   -0.79461   -0.79050   -0.78932   -0.78814   -0.78776   -0.78701   -0.78585
  -0.36892   -0.34962   -0.34224   -0.33943   -0.32466   -0.32084   -0.31822   -0.31026
   0.08934    0.09667    0.10544    0.11044    0.11454    0.12303    0.13748    0.14223
   0.14731    0.15117    0.16175    0.17580    0.18700    0.19722    0.20426    0.20594
   0.21613    0.22149    0.22859    0.23645    0.24122    0.24664    0.24962    0.26366
   0.45420    0.45728
 kpt#  90, nband= 50, wtk=  0.00926, kpt=  0.5000 -0.1667  0.3333 (reduced coord)
  -1.93810   -1.93795   -1.93773   -1.93768   -0.80261   -0.80205   -0.79993   -0.79889
  -0.79577   -0.79448   -0.78995   -0.78952   -0.78781   -0.78773   -0.78670   -0.78646
  -0.36419   -0.34992   -0.34618   -0.34173   -0.32340   -0.31953   -0.31897   -0.31054
   0.09319    0.09651    0.10868    0.11292    0.11336    0.12529    0.13920    0.13937
   0.14652    0.15429    0.16121    0.17559    0.19024    0.19037    0.20230    0.20874
   0.21642    0.21932    0.22805    0.23435    0.23597    0.24640    0.24991    0.26296
   0.44977    0.45421
 kpt#  91, nband= 50, wtk=  0.00926, kpt= -0.3333 -0.1667  0.3333 (reduced coord)
  -1.93815   -1.93792   -1.93772   -1.93767   -0.80305   -0.80161   -0.80063   -0.79730
  -0.79604   -0.79460   -0.79049   -0.78930   -0.78814   -0.78776   -0.78702   -0.78585
  -0.36892   -0.34962   -0.34224   -0.33943   -0.32466   -0.32084   -0.31822   -0.31026
   0.08934    0.09668    0.10544    0.11044    0.11455    0.12303    0.13748    0.14223
   0.14732    0.15116    0.16174    0.17580    0.18700    0.19722    0.20426    0.20593
   0.21613    0.22149    0.22859    0.23645    0.24122    0.24665    0.24961    0.26367
   0.45421    0.45729
 kpt#  92, nband= 50, wtk=  0.00926, kpt= -0.1667 -0.1667  0.3333 (reduced coord)
  -1.93822   -1.93791   -1.93769   -1.93764   -0.80328   -0.80129   -0.80072   -0.79737
  -0.79532   -0.79422   -0.79075   -0.78959   -0.78852   -0.78814   -0.78654   -0.78589
  -0.37498   -0.34863   -0.33951   -0.33568   -0.32419   -0.32153   -0.31814   -0.31098
   0.08611    0.09089    0.09858    0.10870    0.11395    0.12686    0.13346    0.14227
   0.14654    0.15196    0.15901    0.17631    0.18754    0.19633    0.20232    0.21068
   0.21632    0.22658    0.23338    0.23933    0.24506    0.24905    0.25476    0.26209
   0.46010    0.46591
 kpt#  93, nband= 50, wtk=  0.00463, kpt=  0.0000  0.0000  0.5000 (reduced coord)
  -1.93812   -1.93809   -1.93763   -1.93760   -0.80050   -0.80049   -0.79914   -0.79913
  -0.79617   -0.79615   -0.79052   -0.79049   -0.78769   -0.78768   -0.78691   -0.78690
  -0.36385   -0.36385   -0.33330   -0.33329   -0.32132   -0.32130   -0.31878   -0.31877
   0.09469    0.09469    0.10200    0.10202    0.12462    0.12462    0.13946    0.13948
   0.14808    0.14810    0.15742    0.15744    0.17693    0.17694    0.21234    0.21235
   0.21934    0.21936    0.24014    0.24015    0.25401    0.25402    0.26029    0.26029
   0.47075    0.47261
 kpt#  94, nband= 50, wtk=  0.00926, kpt=  0.1667  0.0000  0.5000 (reduced coord)
  -1.93811   -1.93807   -1.93765   -1.93762   -0.80012   -0.80011   -0.79924   -0.79924
  -0.79664   -0.79662   -0.79035   -0.79034   -0.78795   -0.78794   -0.78668   -0.78667
  -0.36235   -0.36234   -0.33433   -0.33433   -0.32257   -0.32256   -0.31811   -0.31810
   0.09491    0.09491    0.10286    0.10287    0.12520    0.12520    0.13737    0.13737
   0.15474    0.15475    0.15925    0.15926    0.17636    0.17638    0.21118    0.21118
   0.21716    0.21718    0.23428    0.23429    0.25587    0.25588    0.25837    0.25837
   0.46292    0.46293
 kpt#  95, nband= 50, wtk=  0.00926, kpt=  0.3333  0.0000  0.5000 (reduced coord)
  -1.93807   -1.93803   -1.93769   -1.93766   -0.79974   -0.79973   -0.79891   -0.79890
  -0.79745   -0.79745   -0.79071   -0.79069   -0.78790   -0.78789   -0.78637   -0.78637
  -0.35872   -0.35872   -0.33710   -0.33710   -0.32438   -0.32437   -0.31737   -0.31736
   0.09551    0.09551    0.10534    0.10534    0.12166    0.12166    0.14440    0.14440
   0.15811    0.15814    0.16549    0.16550    0.17726    0.17728    0.20245    0.20246
   0.21552    0.21552    0.22968    0.22969    0.25049    0.25050    0.25825    0.25825
   0.45404    0.45406
 kpt#  96, nband= 50, wtk=  0.00463, kpt=  0.5000  0.0000  0.5000 (reduced coord)
  -1.93805   -1.93801   -1.93772   -1.93768   -0.79957   -0.79957   -0.79897   -0.79896
  -0.79742   -0.79741   -0.79129   -0.79126   -0.78758   -0.78757   -0.78632   -0.78631
  -0.35641   -0.35640   -0.33908   -0.33908   -0.32512   -0.32511   -0.31711   -0.31709
   0.09597    0.09597    0.10723    0.10724    0.11871    0.11872    0.14968    0.14969
   0.16051    0.16053    0.16694    0.16694    0.18142    0.18144    0.18992    0.18994
   0.21904    0.21905    0.22988    0.22989    0.24403    0.24403    0.25819    0.25820
   0.45063    0.45064
 kpt#  97, nband= 50, wtk=  0.00926, kpt=  0.0000  0.1667  0.5000 (reduced coord)
  -1.93809   -1.93806   -1.93767   -1.93764   -0.80095   -0.80093   -0.79873   -0.79871
  -0.79620   -0.79618   -0.79031   -0.79029   -0.78761   -0.78759   -0.78721   -0.78720
  -0.36182   -0.36182   -0.33497   -0.33497   -0.32168   -0.32167   -0.31899   -0.31899
   0.09981    0.09983    0.10416    0.10418    0.12275    0.12275    0.13440    0.13441
   0.14862    0.14865    0.16419    0.16422    0.18030    0.18031    0.20466    0.20471
   0.22396    0.22398    0.23522    0.23527    0.25007    0.25008    0.25589    0.25590
   0.46862    0.46864
 kpt#  98, nband= 50, wtk=  0.00926, kpt=  0.1667  0.1667  0.5000 (reduced coord)
  -1.93808   -1.93804   -1.93768   -1.93765   -0.80182   -0.80151   -0.79846   -0.79829
  -0.79649   -0.79607   -0.79041   -0.78965   -0.78769   -0.78768   -0.78703   -0.78681
  -0.36157   -0.36074   -0.33821   -0.33503   -0.32468   -0.32196   -0.31640   -0.31635
   0.09728    0.10091    0.10438    0.10663    0.12161    0.12452    0.13383    0.13830
   0.14922    0.15049    0.16411    0.16723    0.17955    0.18101    0.20564    0.21251
   0.21904    0.22069    0.22626    0.23623    0.24673    0.24909    0.25374    0.25793
   0.46205    0.46303
 kpt#  99, nband= 50, wtk=  0.00926, kpt=  0.3333  0.1667  0.5000 (reduced coord)
  -1.93805   -1.93801   -1.93772   -1.93768   -0.80236   -0.80231   -0.79988   -0.79895
  -0.79531   -0.79522   -0.79020   -0.78928   -0.78793   -0.78744   -0.78671   -0.78628
  -0.35976   -0.35886   -0.34237   -0.34047   -0.32249   -0.32214   -0.31497   -0.31391
   0.09617    0.10228    0.10489    0.11021    0.11959    0.12255    0.13663    0.14334
   0.15375    0.15762    0.16409    0.17385    0.18147    0.18308    0.20339    0.20918
   0.21530    0.21673    0.22572    0.22795    0.24266    0.24638    0.25205    0.25695
   0.45261    0.45365
 kpt# 100, nband= 50, wtk=  0.00926, kpt=  0.5000  0.1667  0.5000 (reduced coord)
  -1.93803   -1.93799   -1.93774   -1.93770   -0.80245   -0.80245   -0.80020   -0.80019
  -0.79459   -0.79456   -0.78992   -0.78989   -0.78744   -0.78743   -0.78637   -0.78636
  -0.35791   -0.35790   -0.34428   -0.34428   -0.32125   -0.32124   -0.31408   -0.31407
   0.09877    0.09878    0.10926    0.10928    0.11929    0.11930    0.14126    0.14128
   0.16281    0.16283    0.16846    0.16846    0.18267    0.18267    0.20316    0.20317
   0.21485    0.21486    0.22518    0.22519    0.24250    0.24252    0.25402    0.25403
   0.44879    0.44881
 kpt# 101, nband= 50, wtk=  0.00926, kpt= -0.3333  0.1667  0.5000 (reduced coord)
  -1.93805   -1.93801   -1.93772   -1.93768   -0.80235   -0.80231   -0.79987   -0.79895
  -0.79530   -0.79523   -0.79022   -0.78929   -0.78792   -0.78743   -0.78671   -0.78628
  -0.35976   -0.35885   -0.34237   -0.34046   -0.32248   -0.32215   -0.31497   -0.31391
   0.09617    0.10227    0.10489    0.11021    0.11959    0.12254    0.13664    0.14334
   0.15372    0.15762    0.16410    0.17387    0.18147    0.18309    0.20339    0.20918
   0.21530    0.21673    0.22572    0.22795    0.24266    0.24637    0.25206    0.25695
   0.45259    0.45365
 kpt# 102, nband= 50, wtk=  0.00926, kpt= -0.1667  0.1667  0.5000 (reduced coord)
  -1.93808   -1.93804   -1.93768   -1.93765   -0.80183   -0.80150   -0.79844   -0.79829
  -0.79649   -0.79608   -0.79041   -0.78968   -0.78769   -0.78767   -0.78703   -0.78681
  -0.36157   -0.36074   -0.33821   -0.33502   -0.32467   -0.32196   -0.31640   -0.31636
   0.09727    0.10090    0.10437    0.10664    0.12161    0.12451    0.13384    0.13830
   0.14920    0.15048    0.16414    0.16724    0.17956    0.18101    0.20563    0.21252
   0.21904    0.22068    0.22628    0.23623    0.24673    0.24908    0.25375    0.25793
   0.46205    0.46300
 kpt# 103, nband= 50, wtk=  0.00926, kpt=  0.0000  0.3333  0.5000 (reduced coord)
  -1.93801   -1.93797   -1.93775   -1.93772   -0.80116   -0.80114   -0.79939   -0.79937
  -0.79491   -0.79490   -0.79059   -0.79058   -0.78800   -0.78799   -0.78707   -0.78706
  -0.35618   -0.35617   -0.34038   -0.34037   -0.32162   -0.32162   -0.31969   -0.31969
   0.10664    0.10666    0.11264    0.11267    0.11998    0.12000    0.12958    0.12960
   0.15153    0.15156    0.17215    0.17217    0.18727    0.18730    0.19385    0.19386
   0.22279    0.22282    0.22628    0.22631    0.23980    0.23984    0.25172    0.25173
   0.46798    0.46801
 kpt# 104, nband= 50, wtk=  0.00926, kpt=  0.1667  0.3333  0.5000 (reduced coord)
  -1.93800   -1.93796   -1.93776   -1.93773   -0.80272   -0.80220   -0.80067   -0.79972
  -0.79403   -0.79342   -0.79031   -0.78940   -0.78783   -0.78745   -0.78724   -0.78691
  -0.35789   -0.35705   -0.34449   -0.34265   -0.32162   -0.32034   -0.31586   -0.31548
   0.10520    0.10672    0.11127    0.11432    0.11919    0.12139    0.13088    0.13235
   0.14880    0.15494    0.16994    0.17051    0.18751    0.19586    0.19847    0.20108
   0.21242    0.22288    0.22458    0.22832    0.23659    0.23926    0.24740    0.25312
   0.46214    0.46370
 kpt# 105, nband= 50, wtk=  0.00926, kpt=  0.3333  0.3333  0.5000 (reduced coord)
  -1.93798   -1.93794   -1.93778   -1.93775   -0.80409   -0.80387   -0.80252   -0.80163
  -0.79208   -0.79160   -0.78921   -0.78851   -0.78744   -0.78729   -0.78668   -0.78650
  -0.35961   -0.35884   -0.35009   -0.34892   -0.31706   -0.31703   -0.31213   -0.31110
   0.10325    0.10606    0.11416    0.11524    0.11950    0.12131    0.12761    0.12988
   0.15992    0.16125    0.17274    0.17390    0.18744    0.19108    0.20570    0.20627
   0.21361    0.21483    0.22340    0.22701    0.23066    0.23654    0.24681    0.25023
   0.45242    0.45261
 kpt# 106, nband= 50, wtk=  0.00926, kpt=  0.5000  0.3333  0.5000 (reduced coord)
  -1.93797   -1.93793   -1.93780   -1.93776   -0.80449   -0.80448   -0.80299   -0.80299
  -0.79111   -0.79110   -0.78854   -0.78852   -0.78713   -0.78712   -0.78636   -0.78635
  -0.35962   -0.35962   -0.35246   -0.35245   -0.31483   -0.31482   -0.31033   -0.31032
   0.10476    0.10477    0.11437    0.11439    0.12069    0.12071    0.12777    0.12779
   0.16820    0.16822    0.17397    0.17399    0.18877    0.18877    0.20388    0.20391
   0.21427    0.21429    0.22196    0.22199    0.23366    0.23369    0.24891    0.24894
   0.44686    0.44688
 kpt# 107, nband= 50, wtk=  0.00926, kpt= -0.3333  0.3333  0.5000 (reduced coord)
  -1.93798   -1.93794   -1.93778   -1.93775   -0.80410   -0.80387   -0.80251   -0.80164
  -0.79208   -0.79160   -0.78921   -0.78852   -0.78744   -0.78729   -0.78667   -0.78649
  -0.35961   -0.35884   -0.35009   -0.34892   -0.31705   -0.31703   -0.31213   -0.31110
   0.10324    0.10607    0.11415    0.11525    0.11951    0.12131    0.12761    0.12988
   0.15991    0.16124    0.17275    0.17391    0.18745    0.19108    0.20571    0.20627
   0.21361    0.21483    0.22339    0.22701    0.23066    0.23656    0.24680    0.25024
   0.45240    0.45261
 kpt# 108, nband= 50, wtk=  0.00926, kpt= -0.1667  0.3333  0.5000 (reduced coord)
  -1.93800   -1.93796   -1.93776   -1.93773   -0.80273   -0.80219   -0.80065   -0.79972
  -0.79404   -0.79342   -0.79030   -0.78941   -0.78783   -0.78744   -0.78724   -0.78690
  -0.35789   -0.35705   -0.34449   -0.34264   -0.32162   -0.32033   -0.31586   -0.31549
   0.10520    0.10671    0.11127    0.11431    0.11920    0.12138    0.13087    0.13237
   0.14880    0.15493    0.16993    0.17052    0.18752    0.19584    0.19847    0.20109
   0.21243    0.22288    0.22459    0.22830    0.23660    0.23927    0.24740    0.25312
   0.46214    0.46382
 kpt# 109, nband= 50, wtk=  0.00463, kpt=  0.0000  0.5000  0.5000 (reduced coord)
  -1.93792   -1.93786   -1.93786   -1.93782   -0.80058   -0.80056   -0.80056   -0.80054
  -0.79264   -0.79260   -0.79260   -0.79258   -0.78742   -0.78741   -0.78739   -0.78738
  -0.34833   -0.34832   -0.34830   -0.34829   -0.32075   -0.32075   -0.32073   -0.32073
   0.11141    0.11142    0.11142    0.11143    0.12525    0.12526    0.12528    0.12528
   0.16543    0.16544    0.16550    0.16551    0.18780    0.18781    0.18784    0.18785
   0.22066    0.22067    0.22068    0.22069    0.24372    0.24374    0.24377    0.24379
   0.47182    0.47184
 kpt# 110, nband= 50, wtk=  0.00926, kpt=  0.1667  0.5000  0.5000 (reduced coord)
  -1.93792   -1.93786   -1.93786   -1.93782   -0.80230   -0.80228   -0.80149   -0.80147
  -0.79181   -0.79179   -0.79078   -0.79076   -0.78740   -0.78737   -0.78723   -0.78720
  -0.35138   -0.35138   -0.35124   -0.35123   -0.31785   -0.31784   -0.31735   -0.31734
   0.11126    0.11127    0.11184    0.11186    0.12420    0.12421    0.12586    0.12589
   0.16427    0.16428    0.16630    0.16632    0.19234    0.19236    0.19397    0.19398
   0.21664    0.21665    0.22018    0.22019    0.24083    0.24087    0.24507    0.24509
   0.46665    0.46706
 kpt# 111, nband= 50, wtk=  0.00926, kpt=  0.3333  0.5000  0.5000 (reduced coord)
  -1.93792   -1.93786   -1.93786   -1.93782   -0.80415   -0.80414   -0.80357   -0.80356
  -0.78993   -0.78991   -0.78916   -0.78914   -0.78699   -0.78696   -0.78685   -0.78682
  -0.35611   -0.35611   -0.35603   -0.35603   -0.31282   -0.31281   -0.31237   -0.31236
   0.11177    0.11179    0.11237    0.11238    0.12302    0.12303    0.12307    0.12308
   0.17053    0.17054    0.17243    0.17245    0.19216    0.19218    0.19481    0.19482
   0.21724    0.21725    0.21909    0.21910    0.24070    0.24075    0.24097    0.24101
   0.45714    0.45781
 kpt# 112, nband= 50, wtk=  0.00463, kpt=  0.5000  0.5000  0.5000 (reduced coord)
  -1.93792   -1.93786   -1.93786   -1.93782   -0.80467   -0.80466   -0.80466   -0.80465
  -0.78903   -0.78901   -0.78899   -0.78898   -0.78658   -0.78656   -0.78654   -0.78653
  -0.35811   -0.35810   -0.35809   -0.35808   -0.31047   -0.31047   -0.31047   -0.31046
   0.11227    0.11228    0.11229    0.11230    0.12189    0.12189    0.12190    0.12192
   0.17722    0.17724    0.17725    0.17727    0.19018    0.19018    0.19021    0.19022
   0.21755    0.21755    0.21760    0.21760    0.24072    0.24075    0.24076    0.24079
   0.45289    0.45290
