 Fermi (or HOMO) energy (hartree) =   0.28246   Average Vxc (hartree)=  -0.44616
 Eigenvalues (hartree) for nkpt= 112  k points:
 kpt#   1, nband= 50, wtk=  0.00463, kpt=  0.0000  0.0000  0.0000 (reduced coord)
  -1.94198   -1.94136   -1.94107   -1.94075   -0.80609   -0.80553   -0.80485   -0.79643
  -0.79302   -0.79270   -0.79230   -0.79186   -0.79050   -0.78736   -0.78692   -0.78641
  -0.39537   -0.34578   -0.34527   -0.33959   -0.31326   -0.31126   -0.30984   -0.29949
   0.06884    0.07319    0.08149    0.10235    0.10743    0.11304    0.14730    0.15910
   0.16115    0.16154    0.17769    0.17885    0.18410    0.19195    0.19753    0.22073
   0.22558    0.22625    0.24837    0.25646    0.25782    0.27690    0.27747    0.28173
   0.45769    0.46375
 kpt#   2, nband= 50, wtk=  0.00926, kpt=  0.1667  0.0000  0.0000 (reduced coord)
  -1.94195   -1.94136   -1.94110   -1.94075   -0.80508   -0.80475   -0.80407   -0.79648
  -0.79380   -0.79342   -0.79239   -0.79143   -0.79041   -0.78864   -0.78725   -0.78675
  -0.39057   -0.34491   -0.34432   -0.33874   -0.31621   -0.31386   -0.31171   -0.30014
   0.07572    0.07748    0.08020    0.10453    0.10600    0.12830    0.14407    0.14626
   0.15143    0.15685    0.17117    0.17681    0.18633    0.19040    0.20973    0.21281
   0.23032    0.24059    0.24287    0.24867    0.25799    0.27390    0.27551    0.28220
   0.46374    0.46756
 kpt#   3, nband= 50, wtk=  0.00926, kpt=  0.3333  0.0000  0.0000 (reduced coord)
  -1.94187   -1.94136   -1.94118   -1.94075   -0.80290   -0.80214   -0.80180   -0.79742
  -0.79573   -0.79480   -0.79249   -0.79229   -0.79019   -0.78997   -0.78809   -0.78764
  -0.37732   -0.34532   -0.34296   -0.33698   -0.32693   -0.31541   -0.31507   -0.30158
   0.08200    0.08498    0.09873    0.11225    0.11303    0.12128    0.12614    0.13584
   0.15031    0.15373    0.16050    0.17015    0.18712    0.20340    0.20664    0.20822
   0.22612    0.23558    0.24810    0.24912    0.25920    0.27136    0.27347    0.28227
   0.45813    0.46969
 kpt#   4, nband= 50, wtk=  0.00463, kpt=  0.5000  0.0000  0.0000 (reduced coord)
  -1.94182   -1.94136   -1.94122   -1.94076   -0.80074   -0.79972   -0.79932   -0.79884
  -0.79815   -0.79587   -0.79482   -0.79229   -0.78941   -0.78932   -0.78897   -0.78851
  -0.36086   -0.35759   -0.34198   -0.33601   -0.32974   -0.31768   -0.31586   -0.30237
   0.09072    0.09434    0.10472    0.10672    0.11152    0.11929    0.12898    0.13469
   0.13838    0.14697    0.16718    0.17514    0.18230    0.18998    0.20107    0.21904
   0.22642    0.23251    0.24678    0.25209    0.25978    0.27024    0.27370    0.28246
   0.45404    0.46557
 kpt#   5, nband= 50, wtk=  0.00926, kpt=  0.0000  0.1667  0.0000 (reduced coord)
  -1.94193   -1.94139   -1.94105   -1.94078   -0.80531   -0.80456   -0.80442   -0.79730
  -0.79370   -0.79243   -0.79222   -0.79172   -0.79033   -0.78772   -0.78747   -0.78725
  -0.39105   -0.34599   -0.34425   -0.33933   -0.31654   -0.31170   -0.31070   -0.30079
   0.07351    0.07742    0.08045    0.10487    0.10995    0.12610    0.14341    0.14427
   0.15886    0.16480    0.16930    0.17506    0.18265    0.19689    0.20085    0.21909
   0.22884    0.23458    0.23870    0.25491    0.25541    0.26899    0.27682    0.27830
   0.45170    0.46894
 kpt#   6, nband= 50, wtk=  0.00926, kpt=  0.1667  0.1667  0.0000 (reduced coord)
  -1.94190   -1.94139   -1.94108   -1.94078   -0.80464   -0.80409   -0.80348   -0.79747
  -0.79395   -0.79334   -0.79218   -0.79129   -0.79029   -0.78950   -0.78760   -0.78700
  -0.38663   -0.34543   -0.34339   -0.33857   -0.31721   -0.31695   -0.31142   -0.30132
   0.07547    0.08173    0.08579    0.10650    0.10855    0.13445    0.13881    0.14607
   0.15068    0.15258    0.17088    0.17467    0.18442    0.18891    0.21002    0.21489
   0.23115    0.23863    0.24370    0.24608    0.25578    0.26497    0.27512    0.27792
   0.45279    0.46594
 kpt#   7, nband= 50, wtk=  0.00926, kpt=  0.3333  0.1667  0.0000 (reduced coord)
  -1.94183   -1.94139   -1.94115   -1.94078   -0.80285   -0.80239   -0.80114   -0.79861
  -0.79563   -0.79392   -0.79312   -0.79204   -0.79009   -0.78986   -0.78849   -0.78748
  -0.37442   -0.34458   -0.34392   -0.33729   -0.32693   -0.31754   -0.31462   -0.30267
   0.08024    0.09149    0.10108    0.11243    0.11346    0.12389    0.13231    0.13428
   0.14692    0.15315    0.16625    0.16908    0.18487    0.19878    0.20895    0.20959
   0.22304    0.23483    0.24540    0.24998    0.25678    0.26523    0.27125    0.27557
   0.45448    0.46047
 kpt#   8, nband= 50, wtk=  0.00926, kpt=  0.5000  0.1667  0.0000 (reduced coord)
  -1.94179   -1.94139   -1.94119   -1.94078   -0.80107   -0.80045   -0.79984   -0.79928
  -0.79770   -0.79594   -0.79351   -0.79202   -0.78968   -0.78928   -0.78895   -0.78829
  -0.35950   -0.35565   -0.34312   -0.33682   -0.32947   -0.31762   -0.31677   -0.30353
   0.09021    0.09259    0.11005    0.11042    0.11394    0.11893    0.13362    0.13588
   0.13944    0.14765    0.16635    0.17485    0.17724    0.19586    0.20242    0.21686
   0.22474    0.22911    0.24513    0.25200    0.25730    0.26638    0.26986    0.27378
   0.45621    0.45797
 kpt#   9, nband= 50, wtk=  0.00926, kpt= -0.3333  0.1667  0.0000 (reduced coord)
  -1.94183   -1.94139   -1.94115   -1.94078   -0.80265   -0.80218   -0.80134   -0.79884
  -0.79567   -0.79397   -0.79314   -0.79187   -0.79018   -0.78997   -0.78848   -0.78735
  -0.37431   -0.34468   -0.34392   -0.33728   -0.32681   -0.31747   -0.31475   -0.30278
   0.08064    0.09147    0.10103    0.11280    0.11354    0.12350    0.13179    0.13388
   0.14679    0.15333    0.16588    0.16953    0.18469    0.19879    0.20912    0.20989
   0.22333    0.23542    0.24531    0.24956    0.25641    0.26544    0.27125    0.27532
   0.45651    0.46074
 kpt#  10, nband= 50, wtk=  0.00926, kpt= -0.1667  0.1667  0.0000 (reduced coord)
  -1.94190   -1.94139   -1.94108   -1.94078   -0.80445   -0.80401   -0.80362   -0.79762
  -0.79403   -0.79331   -0.79204   -0.79128   -0.79032   -0.78971   -0.78760   -0.78685
  -0.38657   -0.34542   -0.34343   -0.33856   -0.31696   -0.31685   -0.31172   -0.30142
   0.07580    0.08181    0.08554    0.10653    0.10905    0.13388    0.13824    0.14622
   0.15041    0.15241    0.17088    0.17518    0.18426    0.18861    0.21045    0.21518
   0.23172    0.23920    0.24332    0.24563    0.25533    0.26531    0.27513    0.27758
   0.45419    0.46650
 kpt#  11, nband= 50, wtk=  0.00926, kpt=  0.0000  0.3333  0.0000 (reduced coord)
  -1.94181   -1.94149   -1.94102   -1.94085   -0.80337   -0.80307   -0.80207   -0.79923
  -0.79556   -0.79290   -0.79173   -0.79134   -0.79006   -0.78939   -0.78848   -0.78808
  -0.37921   -0.35037   -0.34191   -0.33898   -0.32132   -0.31543   -0.30995   -0.30407
   0.07734    0.08576    0.09960    0.10873    0.11779    0.12533    0.13391    0.13445
   0.14704    0.15988    0.16792    0.17501    0.19119    0.20009    0.20496    0.21268
   0.21703    0.23513    0.23716    0.24839    0.24919    0.26104    0.27578    0.27723
   0.44213    0.45489
 kpt#  12, nband= 50, wtk=  0.00926, kpt=  0.1667  0.3333  0.0000 (reduced coord)
  -1.94178   -1.94149   -1.94104   -1.94085   -0.80356   -0.80227   -0.80178   -0.79935
  -0.79537   -0.79421   -0.79132   -0.79102   -0.79039   -0.78993   -0.78848   -0.78781
  -0.37581   -0.34956   -0.34138   -0.33880   -0.32171   -0.31941   -0.31054   -0.30455
   0.07838    0.09254    0.10187    0.10859    0.11597    0.12319    0.13408    0.13566
   0.14764    0.16467    0.16809    0.17810    0.18359    0.18745    0.20780    0.21669
   0.22159    0.23347    0.23981    0.24523    0.24999    0.25344    0.27474    0.27574
   0.44087    0.45371
 kpt#  13, nband= 50, wtk=  0.00926, kpt=  0.3333  0.3333  0.0000 (reduced coord)
  -1.94174   -1.94148   -1.94109   -1.94086   -0.80269   -0.80214   -0.80031   -0.79988
  -0.79645   -0.79421   -0.79304   -0.79109   -0.78996   -0.78944   -0.78907   -0.78762
  -0.36642   -0.34763   -0.34277   -0.33898   -0.32644   -0.32198   -0.31274   -0.30579
   0.08419    0.10098    0.10503    0.11348    0.11916    0.12077    0.12696    0.13810
   0.14684    0.15974    0.16687    0.17908    0.18228    0.19578    0.20884    0.21080
   0.21670    0.23366    0.23553    0.24444    0.24919    0.24937    0.27109    0.27146
   0.44063    0.45271
 kpt#  14, nband= 50, wtk=  0.00926, kpt=  0.5000  0.3333  0.0000 (reduced coord)
  -1.94171   -1.94147   -1.94112   -1.94086   -0.80174   -0.80135   -0.80074   -0.80034
  -0.79629   -0.79526   -0.79257   -0.79216   -0.79006   -0.78909   -0.78848   -0.78805
  -0.35584   -0.35056   -0.34635   -0.33944   -0.32846   -0.32181   -0.31422   -0.30659
   0.09224    0.09676    0.10717    0.11714    0.12006    0.12252    0.12450    0.14185
   0.14762    0.15327    0.16750    0.17098    0.18528    0.20181    0.20578    0.21693
   0.21859    0.22129    0.23826    0.23898    0.24891    0.25049    0.26854    0.26921
   0.44251    0.45298
 kpt#  15, nband= 50, wtk=  0.00926, kpt= -0.3333  0.3333  0.0000 (reduced coord)
  -1.94174   -1.94148   -1.94109   -1.94086   -0.80241   -0.80193   -0.80063   -0.80008
  -0.79644   -0.79426   -0.79309   -0.79093   -0.79002   -0.78959   -0.78913   -0.78744
  -0.36623   -0.34766   -0.34297   -0.33896   -0.32631   -0.32188   -0.31288   -0.30588
   0.08493    0.10056    0.10476    0.11426    0.11921    0.12067    0.12604    0.13745
   0.14681    0.15943    0.16821    0.17876    0.18201    0.19519    0.20953    0.21138
   0.21709    0.23436    0.23539    0.24395    0.24852    0.24896    0.27118    0.27156
   0.44246    0.45213
 kpt#  16, nband= 50, wtk=  0.00926, kpt= -0.1667  0.3333  0.0000 (reduced coord)
  -1.94178   -1.94149   -1.94104   -1.94085   -0.80334   -0.80214   -0.80190   -0.79957
  -0.79539   -0.79420   -0.79125   -0.79094   -0.79069   -0.78991   -0.78852   -0.78763
  -0.37570   -0.34959   -0.34147   -0.33880   -0.32161   -0.31921   -0.31078   -0.30463
   0.07888    0.09254    0.10137    0.10877    0.11665    0.12273    0.13358    0.13527
   0.14727    0.16554    0.16838    0.17734    0.18321    0.18749    0.20881    0.21711
   0.22137    0.23439    0.23940    0.24473    0.24957    0.25327    0.27478    0.27577
   0.44239    0.45312
 kpt#  17, nband= 50, wtk=  0.00463, kpt=  0.0000  0.5000  0.0000 (reduced coord)
  -1.94166   -1.94162   -1.94099   -1.94089   -0.80157   -0.80134   -0.80100   -0.80071
  -0.79580   -0.79570   -0.79137   -0.79104   -0.78960   -0.78949   -0.78912   -0.78896
  -0.36381   -0.36314   -0.34028   -0.33918   -0.32024   -0.31973   -0.30788   -0.30740
   0.08563    0.08694    0.11441    0.11562    0.12001    0.12027    0.13145    0.13289
   0.13487    0.13608    0.19118    0.19226    0.19270    0.19354    0.20584    0.20832
   0.20971    0.20978    0.24161    0.24237    0.25698    0.25766    0.27592    0.27757
   0.44106    0.44270
 kpt#  18, nband= 50, wtk=  0.00926, kpt=  0.1667  0.5000  0.0000 (reduced coord)
  -1.94165   -1.94160   -1.94100   -1.94090   -0.80217   -0.80188   -0.80015   -0.80001
  -0.79641   -0.79625   -0.79076   -0.79058   -0.79012   -0.78984   -0.78894   -0.78870
  -0.36175   -0.36104   -0.34015   -0.33922   -0.32197   -0.32157   -0.30848   -0.30799
   0.08874    0.09000    0.11305    0.11409    0.11781    0.11856    0.12850    0.13035
   0.14732    0.14865    0.18148    0.18285    0.19211    0.19418    0.20280    0.20435
   0.21923    0.22149    0.23795    0.23933    0.25258    0.25308    0.27498    0.27605
   0.44029    0.44167
 kpt#  19, nband= 50, wtk=  0.00926, kpt=  0.3333  0.5000  0.0000 (reduced coord)
  -1.94163   -1.94157   -1.94103   -1.94092   -0.80238   -0.80196   -0.80039   -0.80012
  -0.79608   -0.79590   -0.79187   -0.79157   -0.78963   -0.78938   -0.78850   -0.78830
  -0.35629   -0.35554   -0.34123   -0.34094   -0.32524   -0.32458   -0.30990   -0.30944
   0.09541    0.09652    0.10892    0.10932    0.12012    0.12089    0.12960    0.13074
   0.15911    0.16101    0.17068    0.17152    0.19483    0.19607    0.20645    0.20739
   0.21846    0.21986    0.23429    0.23604    0.24516    0.24622    0.27118    0.27145
   0.44024    0.44195
 kpt#  20, nband= 50, wtk=  0.00463, kpt=  0.5000  0.5000  0.0000 (reduced coord)
  -1.94162   -1.94156   -1.94104   -1.94094   -0.80202   -0.80140   -0.80131   -0.80111
  -0.79442   -0.79427   -0.79390   -0.79324   -0.78910   -0.78878   -0.78842   -0.78827
  -0.35132   -0.35066   -0.34453   -0.34411   -0.32660   -0.32539   -0.31076   -0.31033
   0.10149    0.10277    0.10336    0.10411    0.12260    0.12380    0.13058    0.13193
   0.15773    0.16141    0.16977    0.17115    0.19815    0.19850    0.20727    0.20826
   0.22179    0.22263    0.22507    0.22688    0.24334    0.24498    0.26851    0.26902
   0.44181    0.44367
 kpt#  21, nband= 50, wtk=  0.00926, kpt=  0.0000  0.0000  0.1667 (reduced coord)
  -1.94194   -1.94139   -1.94107   -1.94076   -0.80529   -0.80482   -0.80390   -0.79677
  -0.79387   -0.79309   -0.79203   -0.79130   -0.79092   -0.78805   -0.78766   -0.78674
  -0.39085   -0.34437   -0.34396   -0.33999   -0.31583   -0.31311   -0.31179   -0.30096
   0.07237    0.07775    0.09161    0.09790    0.10976    0.12293    0.13632    0.14931
   0.15644    0.17017    0.17687    0.18057    0.18197    0.19276    0.19557    0.21824
   0.22634    0.22934    0.24688    0.25220    0.25718    0.26514    0.27653    0.27939
   0.45907    0.46491
 kpt#  22, nband= 50, wtk=  0.00926, kpt=  0.1667  0.0000  0.1667 (reduced coord)
  -1.94191   -1.94138   -1.94110   -1.94076   -0.80452   -0.80430   -0.80310   -0.79681
  -0.79512   -0.79278   -0.79224   -0.79132   -0.79064   -0.78968   -0.78723   -0.78709
  -0.38649   -0.34499   -0.34251   -0.33909   -0.31809   -0.31570   -0.31306   -0.30143
   0.07776    0.08280    0.08829    0.10030    0.11209    0.13090    0.13554    0.14299
   0.15187    0.16409    0.16936    0.17918    0.18512    0.18789    0.20602    0.21313
   0.22880    0.23560    0.24139    0.24901    0.25326    0.26690    0.27546    0.27955
   0.46121    0.47016
 kpt#  23, nband= 50, wtk=  0.00926, kpt=  0.3333  0.0000  0.1667 (reduced coord)
  -1.94185   -1.94138   -1.94117   -1.94077   -0.80303   -0.80209   -0.80123   -0.79768
  -0.79688   -0.79441   -0.79234   -0.79181   -0.79054   -0.78983   -0.78805   -0.78771
  -0.37449   -0.34605   -0.34285   -0.33702   -0.32700   -0.31823   -0.31396   -0.30259
   0.08510    0.08874    0.10122    0.10728    0.11504    0.12713    0.13062    0.13603
   0.14755    0.15605    0.16304    0.17156    0.18775    0.19986    0.20379    0.20726
   0.22103    0.23399    0.24412    0.24671    0.25507    0.26389    0.27482    0.28084
   0.45729    0.46827
 kpt#  24, nband= 50, wtk=  0.00926, kpt=  0.5000  0.0000  0.1667 (reduced coord)
  -1.94181   -1.94137   -1.94121   -1.94077   -0.80153   -0.80013   -0.79962   -0.79928
  -0.79739   -0.79699   -0.79304   -0.79161   -0.78977   -0.78922   -0.78880   -0.78860
  -0.35950   -0.35704   -0.34270   -0.33590   -0.33061   -0.31877   -0.31481   -0.30326
   0.09068    0.09589    0.10370    0.10544    0.12280    0.12439    0.12898    0.13572
   0.14451    0.14660    0.16749    0.16794    0.18182    0.19546    0.19751    0.21805
   0.22428    0.23099    0.23964    0.24955    0.25471    0.26173    0.27494    0.28154
   0.45404    0.46305
 kpt#  25, nband= 50, wtk=  0.00926, kpt= -0.3333  0.0000  0.1667 (reduced coord)
  -1.94185   -1.94138   -1.94117   -1.94077   -0.80312   -0.80204   -0.80124   -0.79760
  -0.79682   -0.79447   -0.79239   -0.79175   -0.79057   -0.78981   -0.78806   -0.78773
  -0.37450   -0.34603   -0.34284   -0.33702   -0.32701   -0.31823   -0.31394   -0.30261
   0.08508    0.08871    0.10121    0.10724    0.11513    0.12734    0.13046    0.13590
   0.14768    0.15609    0.16301    0.17148    0.18773    0.19989    0.20383    0.20720
   0.22108    0.23386    0.24407    0.24683    0.25509    0.26388    0.27484    0.28083
   0.45727    0.46844
 kpt#  26, nband= 50, wtk=  0.00926, kpt= -0.1667  0.0000  0.1667 (reduced coord)
  -1.94191   -1.94138   -1.94110   -1.94076   -0.80466   -0.80419   -0.80311   -0.79676
  -0.79507   -0.79295   -0.79212   -0.79131   -0.79066   -0.78965   -0.78728   -0.78707
  -0.38649   -0.34501   -0.34246   -0.33911   -0.31811   -0.31569   -0.31304   -0.30145
   0.07779    0.08276    0.08831    0.10021    0.11215    0.13068    0.13576    0.14307
   0.15183    0.16411    0.16945    0.17908    0.18510    0.18787    0.20604    0.21317
   0.22876    0.23548    0.24137    0.24912    0.25322    0.26703    0.27532    0.27963
   0.46104    0.47012
 kpt#  27, nband= 50, wtk=  0.00926, kpt=  0.0000  0.1667  0.1667 (reduced coord)
  -1.94190   -1.94141   -1.94106   -1.94079   -0.80449   -0.80413   -0.80365   -0.79758
  -0.79364   -0.79349   -0.79227   -0.79111   -0.79053   -0.78909   -0.78799   -0.78682
  -0.38687   -0.34469   -0.34397   -0.33906   -0.31652   -0.31549   -0.31265   -0.30203
   0.07532    0.08420    0.08820    0.10254    0.11167    0.13093    0.13699    0.14419
   0.15620    0.16203    0.17007    0.17572    0.18230    0.19585    0.20259    0.21624
   0.22842    0.23255    0.23951    0.25080    0.25653    0.26441    0.26851    0.27474
   0.45337    0.46814
 kpt#  28, nband= 50, wtk=  0.00926, kpt=  0.1667  0.1667  0.1667 (reduced coord)
  -1.94187   -1.94141   -1.94109   -1.94079   -0.80428   -0.80386   -0.80278   -0.79750
  -0.79477   -0.79294   -0.79248   -0.79123   -0.79057   -0.79007   -0.78753   -0.78709
  -0.38294   -0.34590   -0.34234   -0.33844   -0.31896   -0.31746   -0.31340   -0.30224
   0.08005    0.08466    0.09190    0.10411    0.11335    0.13233    0.13811    0.14208
   0.15088    0.15976    0.16561    0.17509    0.18547    0.19150    0.20661    0.21489
   0.22841    0.23583    0.23924    0.24832    0.25181    0.26362    0.26790    0.27494
   0.45276    0.46817
 kpt#  29, nband= 50, wtk=  0.00926, kpt=  0.3333  0.1667  0.1667 (reduced coord)
  -1.94181   -1.94141   -1.94115   -1.94080   -0.80341   -0.80246   -0.80153   -0.79805
  -0.79595   -0.79445   -0.79235   -0.79179   -0.79023   -0.78972   -0.78803   -0.78771
  -0.37210   -0.34684   -0.34375   -0.33699   -0.32737   -0.31789   -0.31424   -0.30326
   0.08479    0.09176    0.10397    0.10890    0.11616    0.12940    0.13305    0.13712
   0.14864    0.15115    0.16386    0.17144    0.18812    0.19693    0.20541    0.21069
   0.22070    0.23264    0.24217    0.24622    0.25334    0.26232    0.26653    0.27408
   0.45077    0.46289
 kpt#  30, nband= 50, wtk=  0.00926, kpt=  0.5000  0.1667  0.1667 (reduced coord)
  -1.94178   -1.94140   -1.94118   -1.94080   -0.80234   -0.80183   -0.80000   -0.79977
  -0.79634   -0.79574   -0.79253   -0.79148   -0.78942   -0.78920   -0.78890   -0.78842
  -0.35863   -0.35615   -0.34449   -0.33640   -0.33078   -0.31706   -0.31527   -0.30402
   0.09204    0.09311    0.10501    0.11112    0.12175    0.12693    0.13102    0.13879
   0.14467    0.14873    0.16498    0.16676    0.18209    0.19761    0.20030    0.21817
   0.22245    0.22876    0.23855    0.24769    0.25416    0.26081    0.26798    0.27227
   0.45018    0.46141
 kpt#  31, nband= 50, wtk=  0.00926, kpt= -0.3333  0.1667  0.1667 (reduced coord)
  -1.94181   -1.94141   -1.94115   -1.94080   -0.80327   -0.80231   -0.80170   -0.79815
  -0.79590   -0.79457   -0.79243   -0.79160   -0.79044   -0.78965   -0.78807   -0.78760
  -0.37200   -0.34691   -0.34368   -0.33699   -0.32736   -0.31776   -0.31436   -0.30338
   0.08518    0.09156    0.10413    0.10919    0.11620    0.12920    0.13222    0.13662
   0.14899    0.15140    0.16374    0.17160    0.18796    0.19668    0.20542    0.21162
   0.22050    0.23255    0.24202    0.24607    0.25340    0.26243    0.26742    0.27321
   0.45215    0.46351
 kpt#  32, nband= 50, wtk=  0.00926, kpt= -0.1667  0.1667  0.1667 (reduced coord)
  -1.94187   -1.94141   -1.94109   -1.94079   -0.80411   -0.80384   -0.80286   -0.79760
  -0.79471   -0.79308   -0.79240   -0.79115   -0.79079   -0.79000   -0.78753   -0.78702
  -0.38288   -0.34593   -0.34231   -0.33843   -0.31879   -0.31726   -0.31373   -0.30236
   0.08043    0.08463    0.09170    0.10441    0.11340    0.13138    0.13842    0.14156
   0.15129    0.15961    0.16589    0.17525    0.18501    0.19137    0.20687    0.21514
   0.22824    0.23581    0.23983    0.24786    0.25164    0.26425    0.26804    0.27438
   0.45391    0.46884
 kpt#  33, nband= 50, wtk=  0.00926, kpt=  0.0000  0.3333  0.1667 (reduced coord)
  -1.94178   -1.94149   -1.94103   -1.94086   -0.80293   -0.80246   -0.80201   -0.79944
  -0.79527   -0.79368   -0.79270   -0.79089   -0.79001   -0.78975   -0.78878   -0.78757
  -0.37588   -0.34886   -0.34258   -0.33861   -0.32119   -0.31604   -0.31359   -0.30537
   0.08158    0.09286    0.10108    0.10829    0.11694    0.12570    0.13470    0.13668
   0.15090    0.15507    0.16902    0.17393    0.18936    0.20242    0.20641    0.20784
   0.22083    0.23093    0.23329    0.24550    0.25058    0.25933    0.26556    0.27096
   0.44492    0.45652
 kpt#  34, nband= 50, wtk=  0.00926, kpt=  0.1667  0.3333  0.1667 (reduced coord)
  -1.94176   -1.94149   -1.94105   -1.94086   -0.80357   -0.80272   -0.80167   -0.79881
  -0.79529   -0.79476   -0.79197   -0.79085   -0.79026   -0.78971   -0.78820   -0.78779
  -0.37310   -0.34930   -0.34206   -0.33884   -0.32168   -0.31978   -0.31247   -0.30519
   0.08418    0.09262    0.10587    0.10939    0.11637    0.12619    0.13488    0.13672
   0.14898    0.15711    0.16918    0.17672    0.18335    0.19544    0.20705    0.21494
   0.22313    0.22953    0.23642    0.24354    0.24881    0.25058    0.26606    0.27021
   0.44265    0.45475
 kpt#  35, nband= 50, wtk=  0.00926, kpt=  0.3333  0.3333  0.1667 (reduced coord)
  -1.94172   -1.94148   -1.94109   -1.94087   -0.80359   -0.80290   -0.80210   -0.79926
  -0.79580   -0.79351   -0.79232   -0.79088   -0.78980   -0.78938   -0.78853   -0.78773
  -0.36533   -0.34920   -0.34488   -0.34001   -0.32562   -0.31963   -0.31261   -0.30572
   0.08866    0.09788    0.10809    0.11227    0.12006    0.12518    0.13271    0.13664
   0.14883    0.15818    0.16765    0.17549    0.18858    0.19470    0.20533    0.21236
   0.22204    0.22818    0.23588    0.23781    0.24463    0.25216    0.26221    0.26757
   0.43982    0.45267
 kpt#  36, nband= 50, wtk=  0.00926, kpt=  0.5000  0.3333  0.1667 (reduced coord)
  -1.94170   -1.94148   -1.94111   -1.94087   -0.80315   -0.80293   -0.80166   -0.80136
  -0.79458   -0.79379   -0.79182   -0.79125   -0.78989   -0.78892   -0.78854   -0.78801
  -0.35605   -0.35302   -0.34817   -0.34135   -0.32711   -0.31767   -0.31357   -0.30635
   0.09406    0.09818    0.10669    0.11560    0.12148    0.12423    0.13003    0.13774
   0.15373    0.15790    0.16661    0.17168    0.18890    0.19988    0.20250    0.21634
   0.21749    0.22292    0.23120    0.23897    0.24464    0.25492    0.26059    0.26470
   0.44008    0.45255
 kpt#  37, nband= 50, wtk=  0.00926, kpt= -0.3333  0.3333  0.1667 (reduced coord)
  -1.94172   -1.94148   -1.94109   -1.94087   -0.80342   -0.80287   -0.80212   -0.79943
  -0.79578   -0.79350   -0.79240   -0.79083   -0.78998   -0.78926   -0.78866   -0.78756
  -0.36518   -0.34924   -0.34496   -0.33994   -0.32573   -0.31935   -0.31278   -0.30583
   0.08939    0.09752    0.10788    0.11281    0.12003    0.12478    0.13220    0.13633
   0.14871    0.15819    0.16766    0.17603    0.18866    0.19418    0.20584    0.21301
   0.22192    0.22796    0.23577    0.23768    0.24470    0.25185    0.26242    0.26750
   0.44136    0.45231
 kpt#  38, nband= 50, wtk=  0.00926, kpt= -0.1667  0.3333  0.1667 (reduced coord)
  -1.94176   -1.94149   -1.94105   -1.94086   -0.80338   -0.80276   -0.80166   -0.79896
  -0.79526   -0.79473   -0.79205   -0.79089   -0.79042   -0.78959   -0.78821   -0.78768
  -0.37300   -0.34931   -0.34214   -0.33878   -0.32177   -0.31937   -0.31278   -0.30527
   0.08468    0.09265    0.10591    0.10912    0.11648    0.12573    0.13427    0.13680
   0.14876    0.15768    0.16939    0.17690    0.18290    0.19534    0.20766    0.21475
   0.22325    0.22922    0.23695    0.24359    0.24868    0.25013    0.26621    0.27019
   0.44398    0.45440
 kpt#  39, nband= 50, wtk=  0.00926, kpt=  0.0000  0.5000  0.1667 (reduced coord)
  -1.94165   -1.94160   -1.94100   -1.94090   -0.80158   -0.80130   -0.80068   -0.80035
  -0.79626   -0.79618   -0.79168   -0.79124   -0.78958   -0.78949   -0.78884   -0.78867
  -0.36149   -0.36077   -0.34064   -0.33958   -0.32039   -0.31983   -0.31020   -0.30967
   0.09105    0.09263    0.11404    0.11555    0.11699    0.11753    0.13525    0.13744
   0.13825    0.13897    0.18405    0.18656    0.19501    0.19583    0.20758    0.20862
   0.20951    0.21216    0.23723    0.23828    0.25531    0.25599    0.26754    0.26899
   0.44313    0.44599
 kpt#  40, nband= 50, wtk=  0.00926, kpt=  0.1667  0.5000  0.1667 (reduced coord)
  -1.94165   -1.94159   -1.94101   -1.94091   -0.80271   -0.80255   -0.80009   -0.79958
  -0.79645   -0.79634   -0.79082   -0.79062   -0.78974   -0.78951   -0.78887   -0.78858
  -0.36025   -0.35950   -0.34090   -0.34015   -0.32178   -0.32145   -0.30972   -0.30908
   0.09355    0.09465    0.10843    0.10978    0.12349    0.12456    0.13044    0.13222
   0.14751    0.14982    0.17706    0.17842    0.19362    0.19497    0.20782    0.20842
   0.21697    0.21878    0.23576    0.23762    0.24888    0.24926    0.26746    0.26873
   0.44212    0.44346
 kpt#  41, nband= 50, wtk=  0.00926, kpt=  0.3333  0.5000  0.1667 (reduced coord)
  -1.94163   -1.94157   -1.94103   -1.94093   -0.80337   -0.80328   -0.80149   -0.80097
  -0.79483   -0.79471   -0.79089   -0.79067   -0.78958   -0.78938   -0.78845   -0.78826
  -0.35660   -0.35583   -0.34369   -0.34336   -0.32275   -0.32231   -0.30974   -0.30906
   0.09890    0.09960    0.10614    0.10736    0.12333    0.12444    0.13184    0.13274
   0.15825    0.16076    0.17322    0.17419    0.19346    0.19417    0.20743    0.20828
   0.21950    0.22093    0.23018    0.23139    0.24452    0.24485    0.26456    0.26536
   0.44077    0.44141
 kpt#  42, nband= 50, wtk=  0.00926, kpt=  0.5000  0.5000  0.1667 (reduced coord)
  -1.94162   -1.94156   -1.94104   -1.94094   -0.80324   -0.80280   -0.80267   -0.80248
  -0.79316   -0.79285   -0.79236   -0.79188   -0.78915   -0.78885   -0.78832   -0.78814
  -0.35264   -0.35185   -0.34793   -0.34739   -0.32247   -0.32165   -0.31008   -0.30959
   0.10311    0.10407    0.10450    0.10535    0.12248    0.12465    0.13038    0.13168
   0.16355    0.16691    0.17159    0.17328    0.20074    0.20206    0.20389    0.20529
   0.21499    0.21628    0.22429    0.22521    0.24604    0.24714    0.26273    0.26296
   0.44110    0.44259
 kpt#  43, nband= 50, wtk=  0.00926, kpt= -0.3333  0.5000  0.1667 (reduced coord)
  -1.94163   -1.94157   -1.94103   -1.94093   -0.80365   -0.80310   -0.80123   -0.80112
  -0.79481   -0.79468   -0.79089   -0.79070   -0.78967   -0.78933   -0.78844   -0.78826
  -0.35658   -0.35586   -0.34380   -0.34321   -0.32296   -0.32212   -0.30966   -0.30914
   0.09862    0.09992    0.10651    0.10694    0.12322    0.12468    0.13148    0.13295
   0.15837    0.16063    0.17341    0.17399    0.19282    0.19481    0.20775    0.20806
   0.21945    0.22094    0.23017    0.23138    0.24411    0.24527    0.26463    0.26532
   0.43995    0.44216
 kpt#  44, nband= 50, wtk=  0.00926, kpt= -0.1667  0.5000  0.1667 (reduced coord)
  -1.94165   -1.94159   -1.94101   -1.94091   -0.80292   -0.80244   -0.79987   -0.79968
  -0.79642   -0.79633   -0.79096   -0.79058   -0.78974   -0.78946   -0.78884   -0.78863
  -0.36022   -0.35954   -0.34096   -0.34006   -0.32202   -0.32123   -0.30971   -0.30910
   0.09334    0.09491    0.10864    0.10952    0.12335    0.12464    0.13056    0.13217
   0.14795    0.14929    0.17713    0.17843    0.19328    0.19525    0.20741    0.20911
   0.21656    0.21903    0.23613    0.23719    0.24862    0.24948    0.26755    0.26870
   0.44126    0.44431
 kpt#  45, nband= 50, wtk=  0.00926, kpt=  0.0000 -0.3333  0.1667 (reduced coord)
  -1.94178   -1.94149   -1.94103   -1.94086   -0.80288   -0.80255   -0.80170   -0.79961
  -0.79544   -0.79370   -0.79246   -0.79107   -0.79000   -0.78975   -0.78879   -0.78755
  -0.37570   -0.34893   -0.34149   -0.33947   -0.32104   -0.31632   -0.31345   -0.30582
   0.08250    0.09262    0.10112    0.10912    0.11688    0.12570    0.13434    0.13732
   0.14910    0.15474    0.16888    0.17304    0.18869    0.20380    0.20717    0.21052
   0.21830    0.23093    0.23349    0.24599    0.25078    0.25929    0.26404    0.27135
   0.44278    0.45893
 kpt#  46, nband= 50, wtk=  0.00926, kpt=  0.1667 -0.3333  0.1667 (reduced coord)
  -1.94176   -1.94149   -1.94105   -1.94086   -0.80342   -0.80252   -0.80145   -0.79932
  -0.79543   -0.79475   -0.79188   -0.79081   -0.79052   -0.78964   -0.78817   -0.78769
  -0.37281   -0.34917   -0.34136   -0.33957   -0.32149   -0.31956   -0.31294   -0.30562
   0.08524    0.09297    0.10599    0.10919    0.11647    0.12559    0.13480    0.13674
   0.14832    0.15676    0.17021    0.17669    0.18183    0.19520    0.20866    0.21434
   0.22308    0.22865    0.23769    0.24420    0.24884    0.25004    0.26508    0.27051
   0.44234    0.45617
 kpt#  47, nband= 50, wtk=  0.00926, kpt=  0.3333 -0.3333  0.1667 (reduced coord)
  -1.94172   -1.94148   -1.94109   -1.94087   -0.80342   -0.80271   -0.80187   -0.79975
  -0.79588   -0.79377   -0.79224   -0.79075   -0.78985   -0.78934   -0.78863   -0.78759
  -0.36500   -0.34891   -0.34453   -0.34052   -0.32560   -0.31937   -0.31319   -0.30599
   0.08948    0.09827    0.10777    0.11309    0.12039    0.12440    0.13140    0.13672
   0.14971    0.15648    0.16900    0.17707    0.18665    0.19440    0.20654    0.21163
   0.22123    0.22748    0.23683    0.23883    0.24419    0.25170    0.26182    0.26746
   0.44136    0.45299
 kpt#  48, nband= 50, wtk=  0.00926, kpt=  0.5000 -0.3333  0.1667 (reduced coord)
  -1.94170   -1.94148   -1.94111   -1.94087   -0.80314   -0.80271   -0.80164   -0.80143
  -0.79487   -0.79391   -0.79165   -0.79129   -0.78975   -0.78884   -0.78860   -0.78809
  -0.35601   -0.35260   -0.34778   -0.34174   -0.32698   -0.31786   -0.31398   -0.30645
   0.09397    0.09885    0.10682    0.11623    0.12239    0.12352    0.12893    0.13857
   0.15164    0.15762    0.16906    0.17180    0.18840    0.20121    0.20237    0.21505
   0.21582    0.22319    0.23200    0.23983    0.24368    0.25454    0.26039    0.26439
   0.44116    0.45289
 kpt#  49, nband= 50, wtk=  0.00926, kpt= -0.3333 -0.3333  0.1667 (reduced coord)
  -1.94172   -1.94148   -1.94109   -1.94087   -0.80382   -0.80263   -0.80181   -0.79946
  -0.79589   -0.79377   -0.79212   -0.79090   -0.78976   -0.78932   -0.78858   -0.78777
  -0.36518   -0.34888   -0.34439   -0.34058   -0.32555   -0.31963   -0.31298   -0.30591
   0.08875    0.09865    0.10800    0.11251    0.12045    0.12470    0.13200    0.13700
   0.14988    0.15643    0.16892    0.17640    0.18676    0.19491    0.20589    0.21119
   0.22145    0.22749    0.23732    0.23864    0.24412    0.25198    0.26173    0.26749
   0.43969    0.45337
 kpt#  50, nband= 50, wtk=  0.00926, kpt= -0.1667 -0.3333  0.1667 (reduced coord)
  -1.94176   -1.94149   -1.94105   -1.94086   -0.80377   -0.80246   -0.80144   -0.79902
  -0.79537   -0.79480   -0.79187   -0.79084   -0.79033   -0.78971   -0.78823   -0.78777
  -0.37292   -0.34917   -0.34122   -0.33964   -0.32147   -0.31996   -0.31259   -0.30556
   0.08473    0.09292    0.10616    0.10933    0.11636    0.12601    0.13498    0.13708
   0.14847    0.15630    0.16986    0.17648    0.18227    0.19541    0.20826    0.21423
   0.22316    0.22897    0.23735    0.24381    0.24872    0.25074    0.26509    0.27050
   0.44099    0.45653
 kpt#  51, nband= 50, wtk=  0.00926, kpt=  0.0000 -0.1667  0.1667 (reduced coord)
  -1.94190   -1.94141   -1.94106   -1.94079   -0.80464   -0.80388   -0.80360   -0.79775
  -0.79370   -0.79340   -0.79217   -0.79121   -0.79053   -0.78913   -0.78800   -0.78680
  -0.38676   -0.34462   -0.34298   -0.33989   -0.31656   -0.31537   -0.31278   -0.30242
   0.07589    0.08423    0.08776    0.10429    0.11160    0.13062    0.13693    0.14348
   0.15512    0.16103    0.16970    0.17631    0.18202    0.19671    0.20325    0.21685
   0.22890    0.23198    0.23943    0.25128    0.25649    0.26337    0.26902    0.27420
   0.45217    0.46727
 kpt#  52, nband= 50, wtk=  0.00926, kpt=  0.1667 -0.1667  0.1667 (reduced coord)
  -1.94187   -1.94141   -1.94109   -1.94079   -0.80422   -0.80359   -0.80277   -0.79789
  -0.79482   -0.79284   -0.79246   -0.79117   -0.79072   -0.79011   -0.78750   -0.78702
  -0.38277   -0.34538   -0.34195   -0.33914   -0.31867   -0.31716   -0.31405   -0.30268
   0.08092    0.08443    0.09193    0.10551    0.11294    0.13237    0.13821    0.14035
   0.15156    0.15829    0.16551    0.17609    0.18423    0.19175    0.20724    0.21484
   0.22867    0.23555    0.24003    0.24791    0.25203    0.26433    0.26762    0.27397
   0.45300    0.46821
 kpt#  53, nband= 50, wtk=  0.00926, kpt=  0.3333 -0.1667  0.1667 (reduced coord)
  -1.94181   -1.94141   -1.94115   -1.94080   -0.80320   -0.80217   -0.80149   -0.79860
  -0.79599   -0.79459   -0.79235   -0.79157   -0.79034   -0.78974   -0.78802   -0.78763
  -0.37187   -0.34642   -0.34333   -0.33780   -0.32693   -0.31781   -0.31481   -0.30357
   0.08510    0.09253    0.10395    0.10910    0.11636    0.12988    0.13181    0.13712
   0.14742    0.15130    0.16491    0.17177    0.18731    0.19669    0.20588    0.21042
   0.22038    0.23224    0.24243    0.24653    0.25372    0.26174    0.26713    0.27316
   0.45212    0.46376
 kpt#  54, nband= 50, wtk=  0.00926, kpt=  0.5000 -0.1667  0.1667 (reduced coord)
  -1.94178   -1.94140   -1.94118   -1.94080   -0.80211   -0.80174   -0.80007   -0.79979
  -0.79662   -0.79583   -0.79250   -0.79138   -0.78937   -0.78916   -0.78889   -0.78853
  -0.35855   -0.35583   -0.34409   -0.33722   -0.33006   -0.31749   -0.31552   -0.30415
   0.09228    0.09374    0.10485    0.11074    0.12183    0.12772    0.13146    0.13898
   0.14272    0.14851    0.16599    0.16699    0.18329    0.19717    0.19950    0.21732
   0.22212    0.22869    0.23920    0.24756    0.25442    0.26011    0.26744    0.27243
   0.45083    0.46107
 kpt#  55, nband= 50, wtk=  0.00926, kpt= -0.3333 -0.1667  0.1667 (reduced coord)
  -1.94181   -1.94141   -1.94115   -1.94080   -0.80353   -0.80219   -0.80137   -0.79833
  -0.79595   -0.79456   -0.79236   -0.79165   -0.79017   -0.78979   -0.78802   -0.78775
  -0.37199   -0.34633   -0.34336   -0.33781   -0.32699   -0.31796   -0.31464   -0.30347
   0.08469    0.09270    0.10375    0.10880    0.11637    0.13044    0.13258    0.13721
   0.14737    0.15098    0.16506    0.17147    0.18751    0.19694    0.20586    0.20944
   0.22072    0.23208    0.24257    0.24683    0.25365    0.26174    0.26615    0.27403
   0.45068    0.46288
 kpt#  56, nband= 50, wtk=  0.00926, kpt= -0.1667 -0.1667  0.1667 (reduced coord)
  -1.94187   -1.94141   -1.94109   -1.94079   -0.80452   -0.80351   -0.80271   -0.79768
  -0.79477   -0.79284   -0.79255   -0.79116   -0.79052   -0.79018   -0.78758   -0.78707
  -0.38284   -0.34539   -0.34189   -0.33917   -0.31891   -0.31738   -0.31361   -0.30260
   0.08058    0.08441    0.09212    0.10509    0.11299    0.13331    0.13787    0.14083
   0.15125    0.15840    0.16553    0.17564    0.18463    0.19193    0.20709    0.21460
   0.22886    0.23525    0.23950    0.24841    0.25222    0.26405    0.26708    0.27468
   0.45173    0.46825
 kpt#  57, nband= 50, wtk=  0.00926, kpt=  0.0000  0.0000  0.3333 (reduced coord)
  -1.94185   -1.94145   -1.94108   -1.94078   -0.80321   -0.80282   -0.80140   -0.79801
  -0.79611   -0.79392   -0.79188   -0.79129   -0.79042   -0.79012   -0.78855   -0.78762
  -0.37838   -0.34673   -0.34105   -0.33930   -0.32325   -0.31671   -0.31228   -0.30508
   0.08426    0.09051    0.09880    0.11519    0.11721    0.11930    0.12962    0.13466
   0.13552    0.17347    0.17527    0.18404    0.19014    0.19945    0.20062    0.20839
   0.21247    0.22906    0.23734    0.24349    0.25068    0.25527    0.27545    0.27938
   0.46377    0.46828
 kpt#  58, nband= 50, wtk=  0.00926, kpt=  0.1667  0.0000  0.3333 (reduced coord)
  -1.94183   -1.94144   -1.94110   -1.94079   -0.80305   -0.80274   -0.80096   -0.79806
  -0.79697   -0.79398   -0.79169   -0.79116   -0.79072   -0.79025   -0.78807   -0.78787
  -0.37526   -0.34680   -0.34240   -0.33817   -0.32284   -0.32025   -0.31226   -0.30502
   0.08673    0.09410    0.10063    0.10870    0.11323    0.12552    0.13325    0.13588
   0.14233    0.16877    0.17792    0.18249    0.18715    0.19097    0.19706    0.20947
   0.21624    0.22917    0.23396    0.24367    0.24942    0.25454    0.27560    0.27835
   0.46235    0.46942
 kpt#  59, nband= 50, wtk=  0.00926, kpt=  0.3333  0.0000  0.3333 (reduced coord)
  -1.94179   -1.94142   -1.94115   -1.94080   -0.80269   -0.80206   -0.80056   -0.79877
  -0.79765   -0.79491   -0.79138   -0.79126   -0.79040   -0.78954   -0.78901   -0.78764
  -0.36678   -0.34858   -0.34366   -0.33777   -0.32703   -0.32196   -0.31224   -0.30536
   0.09032    0.10063    0.10396    0.10921    0.11352    0.12372    0.13726    0.14038
   0.15020    0.16635    0.17140    0.17538    0.18489    0.18839    0.19979    0.20292
   0.21607    0.22727    0.23081    0.23907    0.24634    0.25566    0.27603    0.27836
   0.45866    0.46162
 kpt#  60, nband= 50, wtk=  0.00926, kpt=  0.5000  0.0000  0.3333 (reduced coord)
  -1.94177   -1.94141   -1.94118   -1.94080   -0.80237   -0.80102   -0.80080   -0.80017
  -0.79658   -0.79618   -0.79119   -0.79078   -0.79043   -0.78989   -0.78855   -0.78806
  -0.35630   -0.35560   -0.34403   -0.33860   -0.32944   -0.32170   -0.31224   -0.30566
   0.09476    0.09958    0.10572    0.10803    0.11949    0.12011    0.14101    0.14855
   0.15448    0.15704    0.16810    0.17121    0.18063    0.18571    0.19625    0.21690
   0.21823    0.22237    0.22299    0.23648    0.24883    0.25245    0.27576    0.27954
   0.45584    0.45714
 kpt#  61, nband= 50, wtk=  0.00926, kpt= -0.3333  0.0000  0.3333 (reduced coord)
  -1.94179   -1.94142   -1.94115   -1.94080   -0.80280   -0.80204   -0.80052   -0.79869
  -0.79762   -0.79492   -0.79151   -0.79117   -0.79037   -0.78954   -0.78900   -0.78767
  -0.36679   -0.34854   -0.34366   -0.33777   -0.32703   -0.32198   -0.31223   -0.30538
   0.09030    0.10053    0.10398    0.10926    0.11355    0.12378    0.13723    0.14039
   0.15024    0.16641    0.17128    0.17539    0.18489    0.18834    0.19986    0.20284
   0.21616    0.22716    0.23088    0.23904    0.24641    0.25561    0.27601    0.27839
   0.45855    0.46103
 kpt#  62, nband= 50, wtk=  0.00926, kpt= -0.1667  0.0000  0.3333 (reduced coord)
  -1.94183   -1.94144   -1.94110   -1.94079   -0.80321   -0.80263   -0.80095   -0.79796
  -0.79699   -0.79399   -0.79174   -0.79112   -0.79070   -0.79027   -0.78809   -0.78788
  -0.37526   -0.34679   -0.34239   -0.33817   -0.32286   -0.32023   -0.31225   -0.30504
   0.08676    0.09401    0.10065    0.10867    0.11327    0.12560    0.13289    0.13617
   0.14236    0.16875    0.17805    0.18250    0.18711    0.19077    0.19722    0.20933
   0.21625    0.22922    0.23404    0.24355    0.24949    0.25455    0.27549    0.27846
   0.46218    0.46939
 kpt#  63, nband= 50, wtk=  0.00926, kpt=  0.0000  0.1667  0.3333 (reduced coord)
  -1.94181   -1.94146   -1.94108   -1.94081   -0.80279   -0.80235   -0.80157   -0.79858
  -0.79587   -0.79432   -0.79193   -0.79131   -0.79083   -0.78991   -0.78879   -0.78730
  -0.37526   -0.34636   -0.34157   -0.33920   -0.32249   -0.31802   -0.31399   -0.30625
   0.08561    0.09454    0.10179    0.11470    0.11543    0.12419    0.13137    0.13744
   0.13885    0.16802    0.17044    0.17810    0.18864    0.19852    0.20632    0.20787
   0.21449    0.23169    0.23741    0.23883    0.25078    0.25547    0.26756    0.26971
   0.45802    0.46950
 kpt#  64, nband= 50, wtk=  0.00926, kpt=  0.1667  0.1667  0.3333 (reduced coord)
  -1.94180   -1.94146   -1.94109   -1.94081   -0.80337   -0.80284   -0.80125   -0.79808
  -0.79617   -0.79459   -0.79191   -0.79112   -0.79049   -0.79003   -0.78823   -0.78754
  -0.37269   -0.34736   -0.34281   -0.33855   -0.32321   -0.31941   -0.31358   -0.30561
   0.08814    0.09609    0.10272    0.11004    0.11648    0.12796    0.13306    0.13802
   0.14553    0.15985    0.17202    0.18027    0.18738    0.19627    0.20137    0.20929
   0.21710    0.22795    0.23463    0.24166    0.24898    0.25345    0.26660    0.27039
   0.45499    0.46980
 kpt#  65, nband= 50, wtk=  0.00926, kpt=  0.3333  0.1667  0.3333 (reduced coord)
  -1.94177   -1.94144   -1.94113   -1.94082   -0.80372   -0.80308   -0.80167   -0.79924
  -0.79559   -0.79449   -0.79134   -0.79089   -0.79007   -0.78950   -0.78842   -0.78775
  -0.36560   -0.34973   -0.34540   -0.33941   -0.32627   -0.31927   -0.31230   -0.30542
   0.09143    0.10097    0.10609    0.10976    0.11538    0.12932    0.13576    0.14070
   0.15211    0.15844    0.16966    0.17655    0.18695    0.19252    0.20009    0.20833
   0.21675    0.22509    0.23154    0.23885    0.24403    0.25395    0.26690    0.27003
   0.45032    0.46139
 kpt#  66, nband= 50, wtk=  0.00926, kpt=  0.5000  0.1667  0.3333 (reduced coord)
  -1.94175   -1.94143   -1.94115   -1.94082   -0.80360   -0.80306   -0.80133   -0.80112
  -0.79478   -0.79457   -0.79113   -0.79044   -0.78971   -0.78943   -0.78848   -0.78819
  -0.35641   -0.35620   -0.34682   -0.34070   -0.32740   -0.31864   -0.31161   -0.30572
   0.09712    0.09798    0.10603    0.11042    0.12036    0.12630    0.13814    0.14298
   0.15691    0.15998    0.16537    0.16955    0.18488    0.19307    0.19916    0.21612
   0.21728    0.22239    0.22372    0.23600    0.24637    0.25162    0.26773    0.26989
   0.44870    0.45614
 kpt#  67, nband= 50, wtk=  0.00926, kpt= -0.3333  0.1667  0.3333 (reduced coord)
  -1.94177   -1.94144   -1.94113   -1.94082   -0.80356   -0.80300   -0.80180   -0.79928
  -0.79564   -0.79461   -0.79136   -0.79083   -0.79011   -0.78946   -0.78831   -0.78782
  -0.36555   -0.34976   -0.34525   -0.33938   -0.32620   -0.31948   -0.31223   -0.30558
   0.09173    0.10082    0.10601    0.10996    0.11575    0.12853    0.13544    0.14133
   0.15167    0.15831    0.16986    0.17694    0.18675    0.19210    0.20009    0.20912
   0.21605    0.22503    0.23133    0.23933    0.24389    0.25426    0.26820    0.26872
   0.45147    0.46127
 kpt#  68, nband= 50, wtk=  0.00926, kpt= -0.1667  0.1667  0.3333 (reduced coord)
  -1.94180   -1.94146   -1.94109   -1.94081   -0.80320   -0.80276   -0.80140   -0.79814
  -0.79620   -0.79473   -0.79182   -0.79126   -0.79044   -0.78996   -0.78816   -0.78759
  -0.37265   -0.34740   -0.34265   -0.33856   -0.32261   -0.32015   -0.31350   -0.30573
   0.08837    0.09642    0.10238    0.11024    0.11655    0.12725    0.13206    0.13892
   0.14603    0.15987    0.17194    0.18035    0.18724    0.19538    0.20160    0.20900
   0.21760    0.22806    0.23486    0.24178    0.24896    0.25344    0.26774    0.26922
   0.45606    0.46930
 kpt#  69, nband= 50, wtk=  0.00926, kpt=  0.0000  0.3333  0.3333 (reduced coord)
  -1.94172   -1.94150   -1.94106   -1.94087   -0.80179   -0.80175   -0.80066   -0.80001
  -0.79597   -0.79464   -0.79412   -0.79134   -0.78986   -0.78948   -0.78892   -0.78741
  -0.36660   -0.34524   -0.34475   -0.33987   -0.32081   -0.31977   -0.31703   -0.30982
   0.09148    0.10397    0.10851    0.11349    0.11561    0.12935    0.13379    0.14039
   0.14469    0.15762    0.15849    0.18010    0.19294    0.19653    0.20371    0.21125
   0.21751    0.22612    0.23148    0.24084    0.24556    0.24903    0.25482    0.25913
   0.45145    0.46350
 kpt#  70, nband= 50, wtk=  0.00926, kpt=  0.1667  0.3333  0.3333 (reduced coord)
  -1.94171   -1.94150   -1.94107   -1.94088   -0.80347   -0.80276   -0.80183   -0.79898
  -0.79597   -0.79404   -0.79281   -0.79062   -0.78983   -0.78938   -0.78859   -0.78754
  -0.36547   -0.34833   -0.34488   -0.34090   -0.32198   -0.31914   -0.31484   -0.30822
   0.09397    0.10002    0.10829    0.11142    0.12263    0.12963    0.13781    0.14038
   0.14406    0.15324    0.16545    0.18102    0.18963    0.19940    0.20320    0.20925
   0.22010    0.22509    0.23014    0.23775    0.24189    0.24862    0.25451    0.25983
   0.44708    0.45927
 kpt#  71, nband= 50, wtk=  0.00926, kpt=  0.3333  0.3333  0.3333 (reduced coord)
  -1.94170   -1.94150   -1.94108   -1.94088   -0.80468   -0.80411   -0.80333   -0.80127
  -0.79369   -0.79233   -0.79118   -0.79046   -0.78948   -0.78906   -0.78818   -0.78783
  -0.36185   -0.35130   -0.34882   -0.34445   -0.32217   -0.31585   -0.31240   -0.30676
   0.09622    0.10186    0.10753    0.11228    0.12326    0.12931    0.13384    0.13821
   0.15693    0.15940    0.17265    0.17862    0.18789    0.19340    0.20426    0.20988
   0.21985    0.22233    0.22855    0.23318    0.24116    0.24792    0.25200    0.25699
   0.44132    0.45395
 kpt#  72, nband= 50, wtk=  0.00926, kpt=  0.5000  0.3333  0.3333 (reduced coord)
  -1.94169   -1.94149   -1.94109   -1.94088   -0.80487   -0.80466   -0.80342   -0.80312
  -0.79252   -0.79151   -0.79069   -0.79041   -0.78921   -0.78871   -0.78839   -0.78798
  -0.35609   -0.35590   -0.35130   -0.34661   -0.32156   -0.31347   -0.31198   -0.30664
   0.09839    0.10292    0.10713    0.11242    0.12466    0.12798    0.13182    0.13624
   0.16499    0.16587    0.17072    0.17595    0.18745    0.19518    0.20474    0.21356
   0.21479    0.22080    0.22120    0.23671    0.24207    0.24364    0.25255    0.25546
   0.44049    0.45256
 kpt#  73, nband= 50, wtk=  0.00926, kpt= -0.3333  0.3333  0.3333 (reduced coord)
  -1.94169   -1.94150   -1.94108   -1.94088   -0.80451   -0.80409   -0.80339   -0.80137
  -0.79372   -0.79243   -0.79108   -0.79057   -0.78956   -0.78894   -0.78813   -0.78782
  -0.36177   -0.35134   -0.34875   -0.34436   -0.32226   -0.31556   -0.31270   -0.30685
   0.09656    0.10203    0.10739    0.11251    0.12287    0.12853    0.13403    0.13887
   0.15615    0.15914    0.17317    0.17904    0.18794    0.19319    0.20397    0.21002
   0.21952    0.22244    0.22861    0.23316    0.24137    0.24821    0.25208    0.25674
   0.44246    0.45435
 kpt#  74, nband= 50, wtk=  0.00926, kpt= -0.1667  0.3333  0.3333 (reduced coord)
  -1.94171   -1.94150   -1.94107   -1.94088   -0.80323   -0.80277   -0.80192   -0.79906
  -0.79601   -0.79412   -0.79281   -0.79066   -0.78990   -0.78929   -0.78850   -0.78756
  -0.36541   -0.34832   -0.34486   -0.34080   -0.32192   -0.31896   -0.31526   -0.30825
   0.09411    0.10064    0.10838    0.11122    0.12195    0.12894    0.13824    0.14047
   0.14369    0.15358    0.16596    0.18048    0.19032    0.19890    0.20284    0.20872
   0.22054    0.22517    0.23035    0.23814    0.24221    0.24819    0.25484    0.25943
   0.44812    0.45945
 kpt#  75, nband= 50, wtk=  0.00926, kpt=  0.0000  0.5000  0.3333 (reduced coord)
  -1.94163   -1.94157   -1.94103   -1.94093   -0.80144   -0.80112   -0.80030   -0.79996
  -0.79655   -0.79629   -0.79309   -0.79261   -0.78914   -0.78896   -0.78843   -0.78826
  -0.35533   -0.35452   -0.34259   -0.34158   -0.32052   -0.31982   -0.31532   -0.31464
   0.10118    0.10289    0.11214    0.11320    0.12153    0.12302    0.13859    0.14072
   0.14261    0.14609    0.17375    0.17557    0.19783    0.19910    0.20607    0.20737
   0.21246    0.21370    0.23186    0.23347    0.24963    0.25042    0.25117    0.25161
   0.45075    0.45413
 kpt#  76, nband= 50, wtk=  0.00926, kpt=  0.1667  0.5000  0.3333 (reduced coord)
  -1.94163   -1.94157   -1.94103   -1.94093   -0.80317   -0.80292   -0.80117   -0.80072
  -0.79527   -0.79495   -0.79164   -0.79135   -0.78905   -0.78897   -0.78854   -0.78819
  -0.35604   -0.35524   -0.34415   -0.34350   -0.32039   -0.31992   -0.31291   -0.31195
   0.10211    0.10328    0.10769    0.10950    0.12676    0.12867    0.13602    0.13720
   0.14949    0.15132    0.17397    0.17559    0.19851    0.19907    0.20474    0.20551
   0.21360    0.21492    0.23227    0.23360    0.24161    0.24242    0.25504    0.25599
   0.44724    0.44935
 kpt#  77, nband= 50, wtk=  0.00926, kpt=  0.3333  0.5000  0.3333 (reduced coord)
  -1.94162   -1.94156   -1.94104   -1.94093   -0.80472   -0.80454   -0.80349   -0.80302
  -0.79273   -0.79237   -0.79011   -0.78992   -0.78919   -0.78909   -0.78835   -0.78800
  -0.35638   -0.35551   -0.34895   -0.34828   -0.31762   -0.31741   -0.31034   -0.30928
   0.10396    0.10441    0.10612    0.10750    0.12620    0.12807    0.13397    0.13520
   0.16332    0.16497    0.17749    0.17991    0.19069    0.19149    0.20591    0.20777
   0.21419    0.21533    0.22712    0.22872    0.24225    0.24267    0.25112    0.25241
   0.44278    0.44344
 kpt#  78, nband= 50, wtk=  0.00926, kpt=  0.5000  0.5000  0.3333 (reduced coord)
  -1.94162   -1.94156   -1.94104   -1.94094   -0.80506   -0.80479   -0.80458   -0.80446
  -0.79132   -0.79091   -0.79020   -0.78984   -0.78919   -0.78896   -0.78813   -0.78789
  -0.35498   -0.35397   -0.35301   -0.35208   -0.31592   -0.31525   -0.30952   -0.30886
   0.10522    0.10597    0.10628    0.10678    0.12647    0.12857    0.13072    0.13197
   0.17375    0.17452    0.17612    0.17747    0.19489    0.19698    0.20064    0.20186
   0.21325    0.21463    0.22466    0.22666    0.24365    0.24385    0.24844    0.24963
   0.44210    0.44322
 kpt#  79, nband= 50, wtk=  0.00926, kpt= -0.3333  0.5000  0.3333 (reduced coord)
  -1.94162   -1.94156   -1.94104   -1.94093   -0.80494   -0.80444   -0.80330   -0.80310
  -0.79258   -0.79242   -0.79029   -0.78987   -0.78926   -0.78897   -0.78825   -0.78810
  -0.35635   -0.35557   -0.34900   -0.34819   -0.31803   -0.31703   -0.31003   -0.30959
   0.10368    0.10464    0.10648    0.10723    0.12587    0.12853    0.13363    0.13542
   0.16292    0.16522    0.17790    0.17957    0.19076    0.19153    0.20559    0.20793
   0.21383    0.21586    0.22700    0.22875    0.24223    0.24268    0.25111    0.25248
   0.44232    0.44389
 kpt#  80, nband= 50, wtk=  0.00926, kpt= -0.1667  0.5000  0.3333 (reduced coord)
  -1.94163   -1.94157   -1.94103   -1.94093   -0.80333   -0.80286   -0.80104   -0.80074
  -0.79515   -0.79497   -0.79180   -0.79131   -0.78915   -0.78881   -0.78845   -0.78831
  -0.35601   -0.35529   -0.34423   -0.34338   -0.32067   -0.31966   -0.31277   -0.31209
   0.10192    0.10347    0.10833    0.10890    0.12647    0.12887    0.13610    0.13725
   0.14914    0.15149    0.17453    0.17515    0.19810    0.19952    0.20468    0.20552
   0.21353    0.21508    0.23209    0.23364    0.24164    0.24239    0.25502    0.25609
   0.44675    0.44986
 kpt#  81, nband= 50, wtk=  0.00926, kpt=  0.0000 -0.3333  0.3333 (reduced coord)
  -1.94172   -1.94151   -1.94106   -1.94087   -0.80173   -0.80152   -0.80058   -0.80024
  -0.79613   -0.79451   -0.79426   -0.79132   -0.78979   -0.78956   -0.78891   -0.78740
  -0.36628   -0.34547   -0.34428   -0.34006   -0.32052   -0.31969   -0.31740   -0.31029
   0.09293    0.10369    0.10871    0.11338    0.11575    0.13015    0.13251    0.14147
   0.14348    0.15496    0.15998    0.17861    0.19458    0.19637    0.20523    0.21220
   0.21681    0.22476    0.23114    0.24148    0.24521    0.24963    0.25504    0.25832
   0.44864    0.46597
 kpt#  82, nband= 50, wtk=  0.00926, kpt=  0.1667 -0.3333  0.3333 (reduced coord)
  -1.94171   -1.94150   -1.94107   -1.94088   -0.80328   -0.80257   -0.80164   -0.79944
  -0.79615   -0.79413   -0.79275   -0.79052   -0.78995   -0.78934   -0.78850   -0.78755
  -0.36511   -0.34806   -0.34500   -0.34085   -0.32182   -0.31882   -0.31565   -0.30859
   0.09526    0.10057    0.10879    0.11091    0.12106    0.12961    0.13867    0.14074
   0.14359    0.15276    0.16554    0.17989    0.19027    0.19924    0.20260    0.20946
   0.21984    0.22459    0.22988    0.23889    0.24306    0.24836    0.25450    0.25910
   0.44612    0.46111
 kpt#  83, nband= 50, wtk=  0.00926, kpt=  0.3333 -0.3333  0.3333 (reduced coord)
  -1.94169   -1.94150   -1.94108   -1.94088   -0.80448   -0.80400   -0.80318   -0.80161
  -0.79400   -0.79250   -0.79092   -0.79038   -0.78963   -0.78897   -0.78807   -0.78789
  -0.36150   -0.35120   -0.34833   -0.34486   -0.32193   -0.31575   -0.31320   -0.30696
   0.09632    0.10311    0.10768    0.11252    0.12177    0.12941    0.13424    0.13868
   0.15676    0.15915    0.17306    0.17920    0.18644    0.19367    0.20369    0.20917
   0.21980    0.22259    0.22830    0.23333    0.24125    0.24838    0.25180    0.25676
   0.44248    0.45497
 kpt#  84, nband= 50, wtk=  0.00926, kpt=  0.5000 -0.3333  0.3333 (reduced coord)
  -1.94168   -1.94149   -1.94109   -1.94088   -0.80482   -0.80452   -0.80339   -0.80324
  -0.79282   -0.79168   -0.79048   -0.79021   -0.78924   -0.78862   -0.78833   -0.78817
  -0.35624   -0.35534   -0.35061   -0.34735   -0.32111   -0.31405   -0.31230   -0.30665
   0.09794    0.10333    0.10814    0.11296    0.12386    0.12809    0.13149    0.13663
   0.16393    0.16647    0.17253    0.17463    0.18788    0.19498    0.20501    0.21343
   0.21477    0.22009    0.22034    0.23732    0.24138    0.24374    0.25234    0.25527
   0.44219    0.45239
 kpt#  85, nband= 50, wtk=  0.00926, kpt= -0.3333 -0.3333  0.3333 (reduced coord)
  -1.94169   -1.94150   -1.94108   -1.94088   -0.80486   -0.80393   -0.80308   -0.80143
  -0.79383   -0.79250   -0.79102   -0.79029   -0.78963   -0.78896   -0.78817   -0.78793
  -0.36160   -0.35115   -0.34835   -0.34493   -0.32193   -0.31599   -0.31281   -0.30693
   0.09594    0.10299    0.10786    0.11224    0.12220    0.13026    0.13386    0.13818
   0.15732    0.15949    0.17261    0.17866    0.18653    0.19387    0.20391    0.20914
   0.21940    0.22316    0.22821    0.23337    0.24108    0.24810    0.25161    0.25714
   0.44127    0.45491
 kpt#  86, nband= 50, wtk=  0.00926, kpt= -0.1667 -0.3333  0.3333 (reduced coord)
  -1.94171   -1.94150   -1.94107   -1.94088   -0.80368   -0.80251   -0.80155   -0.79922
  -0.79600   -0.79412   -0.79277   -0.79058   -0.78989   -0.78934   -0.78862   -0.78755
  -0.36518   -0.34807   -0.34502   -0.34089   -0.32204   -0.31891   -0.31517   -0.30860
   0.09510    0.09997    0.10904    0.11070    0.12183    0.13047    0.13783    0.14041
   0.14432    0.15260    0.16480    0.18048    0.18969    0.19994    0.20284    0.21006
   0.21909    0.22454    0.22985    0.23851    0.24272    0.24851    0.25434    0.25960
   0.44504    0.46115
 kpt#  87, nband= 50, wtk=  0.00926, kpt=  0.0000 -0.1667  0.3333 (reduced coord)
  -1.94181   -1.94146   -1.94108   -1.94081   -0.80285   -0.80211   -0.80149   -0.79882
  -0.79569   -0.79450   -0.79210   -0.79127   -0.79065   -0.78998   -0.78881   -0.78729
  -0.37509   -0.34600   -0.34157   -0.33928   -0.32252   -0.31814   -0.31406   -0.30659
   0.08655    0.09430    0.10265    0.11450    0.11557    0.12380    0.13187    0.13650
   0.13851    0.16881    0.16941    0.17643    0.18870    0.19896    0.20799    0.20919
   0.21381    0.23040    0.23720    0.23934    0.25086    0.25545    0.26678    0.27015
   0.45669    0.46903
 kpt#  88, nband= 50, wtk=  0.00926, kpt=  0.1667 -0.1667  0.3333 (reduced coord)
  -1.94180   -1.94146   -1.94109   -1.94081   -0.80324   -0.80252   -0.80121   -0.79856
  -0.79627   -0.79462   -0.79196   -0.79107   -0.79051   -0.78994   -0.78817   -0.78757
  -0.37247   -0.34705   -0.34266   -0.33861   -0.32273   -0.32015   -0.31366   -0.30602
   0.08888    0.09651    0.10325    0.11029    0.11589    0.12748    0.13196    0.13944
   0.14535    0.15978    0.17062    0.18052    0.18736    0.19529    0.20179    0.21034
   0.21656    0.22734    0.23538    0.24099    0.24986    0.25397    0.26702    0.26924
   0.45513    0.46843
 kpt#  89, nband= 50, wtk=  0.00926, kpt=  0.3333 -0.1667  0.3333 (reduced coord)
  -1.94177   -1.94144   -1.94113   -1.94082   -0.80347   -0.80289   -0.80162   -0.79955
  -0.79590   -0.79458   -0.79112   -0.79092   -0.79010   -0.78947   -0.78835   -0.78779
  -0.36536   -0.34961   -0.34469   -0.33996   -0.32580   -0.31989   -0.31246   -0.30574
   0.09160    0.10190    0.10650    0.10937    0.11601    0.12779    0.13584    0.14193
   0.15172    0.15760    0.17017    0.17713    0.18621    0.19191    0.19964    0.20880
   0.21688    0.22483    0.23060    0.23978    0.24333    0.25453    0.26798    0.26874
   0.45180    0.46069
 kpt#  90, nband= 50, wtk=  0.00926, kpt=  0.5000 -0.1667  0.3333 (reduced coord)
  -1.94175   -1.94143   -1.94115   -1.94082   -0.80337   -0.80309   -0.80133   -0.80117
  -0.79502   -0.79466   -0.79100   -0.79029   -0.78982   -0.78934   -0.78858   -0.78818
  -0.35641   -0.35582   -0.34616   -0.34150   -0.32679   -0.31925   -0.31183   -0.30583
   0.09705    0.09838    0.10675    0.11040    0.12015    0.12577    0.13894    0.14320
   0.15660    0.15926    0.16563    0.17017    0.18611    0.19127    0.19859    0.21644
   0.21791    0.22284    0.22331    0.23525    0.24577    0.25104    0.26771    0.27020
   0.45017    0.45619
 kpt#  91, nband= 50, wtk=  0.00926, kpt= -0.3333 -0.1667  0.3333 (reduced coord)
  -1.94177   -1.94144   -1.94113   -1.94082   -0.80383   -0.80288   -0.80147   -0.79939
  -0.79575   -0.79454   -0.79131   -0.79081   -0.79003   -0.78952   -0.78846   -0.78779
  -0.36544   -0.34953   -0.34482   -0.33999   -0.32596   -0.31963   -0.31251   -0.30563
   0.09128    0.10200    0.10658    0.10922    0.11562    0.12868    0.13612    0.14129
   0.15218    0.15767    0.17004    0.17671    0.18645    0.19228    0.19954    0.20804
   0.21762    0.22485    0.23082    0.23932    0.24359    0.25418    0.26658    0.27015
   0.45056    0.46075
 kpt#  92, nband= 50, wtk=  0.00926, kpt= -0.1667 -0.1667  0.3333 (reduced coord)
  -1.94180   -1.94146   -1.94109   -1.94081   -0.80360   -0.80249   -0.80109   -0.79832
  -0.79621   -0.79450   -0.79213   -0.79089   -0.79052   -0.79004   -0.78828   -0.78754
  -0.37252   -0.34699   -0.34282   -0.33858   -0.32338   -0.31938   -0.31373   -0.30593
   0.08867    0.09614    0.10354    0.11011    0.11588    0.12817    0.13296    0.13848
   0.14494    0.15978    0.17074    0.18036    0.18757    0.19610    0.20178    0.21034
   0.21605    0.22737    0.23516    0.24077    0.24997    0.25403    0.26568    0.27053
   0.45390    0.46917
 kpt#  93, nband= 50, wtk=  0.00463, kpt=  0.0000  0.0000  0.5000 (reduced coord)
  -1.94178   -1.94151   -1.94108   -1.94079   -0.80094   -0.80065   -0.80009   -0.79982
  -0.79653   -0.79648   -0.79212   -0.79187   -0.78988   -0.78976   -0.78897   -0.78870
  -0.36164   -0.36115   -0.33855   -0.33835   -0.32277   -0.32198   -0.31011   -0.30913
   0.10087    0.10107    0.10859    0.10912    0.11225    0.11271    0.12437    0.12544
   0.15421    0.15477    0.18278    0.18394    0.19696    0.19712    0.20561    0.20583
   0.21180    0.21397    0.23262    0.23278    0.25271    0.25313    0.27697    0.27905
   0.46752    0.46957
 kpt#  94, nband= 50, wtk=  0.00926, kpt=  0.1667  0.0000  0.5000 (reduced coord)
  -1.94178   -1.94149   -1.94110   -1.94080   -0.80148   -0.80129   -0.79990   -0.79968
  -0.79671   -0.79668   -0.79159   -0.79142   -0.78960   -0.78950   -0.78910   -0.78893
  -0.36026   -0.35979   -0.33929   -0.33909   -0.32369   -0.32288   -0.30989   -0.30891
   0.09939    0.09972    0.10602    0.10649    0.11694    0.11756    0.13088    0.13139
   0.15649    0.15667    0.17957    0.18033    0.19147    0.19216    0.20236    0.20268
   0.21466    0.21594    0.23648    0.23664    0.24777    0.24802    0.27644    0.27838
   0.46476    0.46585
 kpt#  95, nband= 50, wtk=  0.00926, kpt=  0.3333  0.0000  0.5000 (reduced coord)
  -1.94176   -1.94145   -1.94114   -1.94081   -0.80214   -0.80194   -0.80048   -0.80018
  -0.79637   -0.79621   -0.79078   -0.79053   -0.79034   -0.79021   -0.78845   -0.78836
  -0.35690   -0.35651   -0.34136   -0.34122   -0.32535   -0.32451   -0.30955   -0.30857
   0.09998    0.10034    0.10622    0.10684    0.11673    0.11715    0.14292    0.14342
   0.16397    0.16430    0.17322    0.17416    0.18472    0.18546    0.19853    0.19871
   0.21785    0.21803    0.22654    0.22706    0.24848    0.24868    0.27626    0.27791
   0.45701    0.45767
 kpt#  96, nband= 50, wtk=  0.00463, kpt=  0.5000  0.0000  0.5000 (reduced coord)
  -1.94175   -1.94143   -1.94116   -1.94082   -0.80235   -0.80209   -0.80103   -0.80065
  -0.79585   -0.79563   -0.79138   -0.79105   -0.78993   -0.78987   -0.78819   -0.78807
  -0.35467   -0.35432   -0.34297   -0.34289   -0.32612   -0.32528   -0.30941   -0.30844
   0.10386    0.10403    0.10757    0.10776    0.11073    0.11140    0.15007    0.15105
   0.16918    0.16932    0.17198    0.17335    0.18180    0.18211    0.19657    0.19748
   0.21058    0.21105    0.22448    0.22455    0.24969    0.25019    0.27608    0.27761
   0.45184    0.45255
 kpt#  97, nband= 50, wtk=  0.00926, kpt=  0.0000  0.1667  0.5000 (reduced coord)
  -1.94176   -1.94150   -1.94108   -1.94082   -0.80115   -0.80086   -0.79979   -0.79948
  -0.79701   -0.79691   -0.79187   -0.79152   -0.79044   -0.79015   -0.78846   -0.78829
  -0.35964   -0.35914   -0.33933   -0.33903   -0.32256   -0.32183   -0.31175   -0.31081
   0.09860    0.10010    0.11134    0.11177    0.11931    0.11997    0.12658    0.12740
   0.15054    0.15157    0.17928    0.18134    0.19370    0.19498    0.20337    0.20477
   0.21641    0.21834    0.23252    0.23422    0.25238    0.25279    0.26667    0.26905
   0.46364    0.46541
 kpt#  98, nband= 50, wtk=  0.00926, kpt=  0.1667  0.1667  0.5000 (reduced coord)
  -1.94175   -1.94149   -1.94110   -1.94082   -0.80258   -0.80216   -0.79981   -0.79919
  -0.79658   -0.79631   -0.79160   -0.79097   -0.78992   -0.78967   -0.78864   -0.78848
  -0.35899   -0.35845   -0.34152   -0.33905   -0.32528   -0.31993   -0.31146   -0.30936
   0.09831    0.09954    0.10836    0.10973    0.12045    0.12301    0.13199    0.13466
   0.14923    0.15848    0.17533    0.17773    0.19058    0.19268    0.20189    0.20842
   0.21330    0.21805    0.23402    0.23730    0.24616    0.24930    0.26624    0.27001
   0.45754    0.46702
 kpt#  99, nband= 50, wtk=  0.00926, kpt=  0.3333  0.1667  0.5000 (reduced coord)
  -1.94174   -1.94146   -1.94112   -1.94083   -0.80365   -0.80334   -0.80130   -0.80072
  -0.79493   -0.79479   -0.79078   -0.79020   -0.78980   -0.78950   -0.78847   -0.78835
  -0.35718   -0.35650   -0.34457   -0.34253   -0.32492   -0.32027   -0.30987   -0.30809
   0.09808    0.10292    0.10873    0.10951    0.11497    0.12462    0.14031    0.14116
   0.15654    0.16848    0.17625    0.17847    0.18154    0.18582    0.20206    0.20664
   0.21082    0.22001    0.22333    0.23238    0.24615    0.24735    0.26717    0.26874
   0.45212    0.45802
 kpt# 100, nband= 50, wtk=  0.00926, kpt=  0.5000  0.1667  0.5000 (reduced coord)
  -1.94173   -1.94145   -1.94114   -1.94084   -0.80383   -0.80361   -0.80201   -0.80178
  -0.79417   -0.79402   -0.79046   -0.79019   -0.78977   -0.78966   -0.78820   -0.78809
  -0.35557   -0.35514   -0.34625   -0.34542   -0.32278   -0.32187   -0.30886   -0.30801
   0.10250    0.10320    0.10952    0.11012    0.11506    0.11587    0.14388    0.14509
   0.16703    0.16743    0.17323    0.17439    0.19003    0.19083    0.19967    0.20052
   0.21301    0.21393    0.22021    0.22103    0.24878    0.24928    0.26701    0.26844
   0.44997    0.45178
 kpt# 101, nband= 50, wtk=  0.00926, kpt= -0.3333  0.1667  0.5000 (reduced coord)
  -1.94174   -1.94146   -1.94112   -1.94083   -0.80342   -0.80319   -0.80161   -0.80069
  -0.79517   -0.79484   -0.79056   -0.79013   -0.78982   -0.78960   -0.78844   -0.78836
  -0.35750   -0.35614   -0.34445   -0.34249   -0.32441   -0.32104   -0.30903   -0.30889
   0.09845    0.10326    0.10850    0.10920    0.11526    0.12390    0.14019    0.14182
   0.15633    0.16798    0.17621    0.17925    0.18131    0.18539    0.20207    0.20705
   0.21047    0.22041    0.22272    0.23278    0.24613    0.24729    0.26724    0.26885
   0.45334    0.45730
 kpt# 102, nband= 50, wtk=  0.00926, kpt= -0.1667  0.1667  0.5000 (reduced coord)
  -1.94175   -1.94149   -1.94110   -1.94082   -0.80226   -0.80204   -0.80017   -0.79915
  -0.79680   -0.79640   -0.79155   -0.79080   -0.78991   -0.78972   -0.78865   -0.78847
  -0.35939   -0.35799   -0.34131   -0.33911   -0.32477   -0.32077   -0.31054   -0.31019
   0.09862    0.09988    0.10834    0.10964    0.12032    0.12209    0.13208    0.13521
   0.14956    0.15793    0.17549    0.17758    0.19077    0.19172    0.20152    0.20922
   0.21260    0.21959    0.23391    0.23734    0.24583    0.24911    0.26765    0.26880
   0.45892    0.46634
 kpt# 103, nband= 50, wtk=  0.00926, kpt=  0.0000  0.3333  0.5000 (reduced coord)
  -1.94169   -1.94152   -1.94107   -1.94088   -0.80134   -0.80103   -0.79987   -0.79956
  -0.79684   -0.79676   -0.79288   -0.79267   -0.78968   -0.78951   -0.78808   -0.78796
  -0.35432   -0.35381   -0.34219   -0.34172   -0.32158   -0.32098   -0.31550   -0.31471
   0.10121    0.10240    0.11258    0.11308    0.12669    0.12788    0.13764    0.13830
   0.14651    0.14769    0.16830    0.17110    0.18949    0.19096    0.20928    0.21079
   0.21969    0.22048    0.23432    0.23585    0.24376    0.24505    0.25056    0.25148
   0.45968    0.46172
 kpt# 104, nband= 50, wtk=  0.00926, kpt=  0.1667  0.3333  0.5000 (reduced coord)
  -1.94168   -1.94152   -1.94108   -1.94089   -0.80329   -0.80272   -0.80127   -0.80045
  -0.79523   -0.79465   -0.79211   -0.79113   -0.78966   -0.78926   -0.78819   -0.78798
  -0.35562   -0.35436   -0.34541   -0.34276   -0.32284   -0.31747   -0.31358   -0.31245
   0.10092    0.10287    0.10981    0.11199    0.12475    0.13067    0.13737    0.14074
   0.14929    0.15625    0.16806    0.17209    0.19040    0.19701    0.20215    0.21269
   0.21534    0.21911    0.22705    0.23596    0.24230    0.24469    0.24909    0.25738
   0.45063    0.46421
 kpt# 105, nband= 50, wtk=  0.00926, kpt=  0.3333  0.3333  0.5000 (reduced coord)
  -1.94168   -1.94151   -1.94108   -1.94089   -0.80502   -0.80462   -0.80335   -0.80275
  -0.79261   -0.79230   -0.79057   -0.78966   -0.78944   -0.78897   -0.78820   -0.78802
  -0.35683   -0.35554   -0.34959   -0.34760   -0.31963   -0.31539   -0.31009   -0.30930
   0.10118    0.10321    0.11001    0.11107    0.12197    0.13241    0.13506    0.13641
   0.16123    0.17055    0.17312    0.17927    0.18691    0.19222    0.20057    0.20959
   0.21555    0.21975    0.22084    0.22901    0.24214    0.24434    0.25069    0.25238
   0.44417    0.45802
 kpt# 106, nband= 50, wtk=  0.00926, kpt=  0.5000  0.3333  0.5000 (reduced coord)
  -1.94168   -1.94150   -1.94109   -1.94089   -0.80547   -0.80524   -0.80419   -0.80398
  -0.79159   -0.79142   -0.78966   -0.78951   -0.78920   -0.78905   -0.78804   -0.78794
  -0.35660   -0.35600   -0.35153   -0.35057   -0.31650   -0.31569   -0.30873   -0.30806
   0.10275    0.10359    0.10999    0.11052    0.12506    0.12581    0.13528    0.13659
   0.16931    0.17008    0.17507    0.17737    0.19352    0.19442    0.20503    0.20539
   0.21641    0.21746    0.22103    0.22202    0.24220    0.24300    0.24919    0.25009
   0.44609    0.44780
 kpt# 107, nband= 50, wtk=  0.00926, kpt= -0.3333  0.3333  0.5000 (reduced coord)
  -1.94168   -1.94151   -1.94108   -1.94089   -0.80475   -0.80452   -0.80363   -0.80280
  -0.79283   -0.79237   -0.79038   -0.78964   -0.78933   -0.78913   -0.78814   -0.78800
  -0.35704   -0.35528   -0.34948   -0.34757   -0.31926   -0.31595   -0.30994   -0.30946
   0.10147    0.10333    0.11030    0.11106    0.12116    0.13153    0.13566    0.13700
   0.16099    0.16962    0.17395    0.17978    0.18645    0.19184    0.20117    0.20868
   0.21571    0.21968    0.22131    0.22911    0.24213    0.24440    0.25123    0.25194
   0.44506    0.45783
 kpt# 108, nband= 50, wtk=  0.00926, kpt= -0.1667  0.3333  0.5000 (reduced coord)
  -1.94168   -1.94152   -1.94108   -1.94089   -0.80297   -0.80260   -0.80158   -0.80048
  -0.79542   -0.79477   -0.79201   -0.79102   -0.78957   -0.78939   -0.78811   -0.78800
  -0.35595   -0.35400   -0.34519   -0.34277   -0.32255   -0.31817   -0.31307   -0.31281
   0.10106    0.10289    0.11038    0.11227    0.12379    0.12989    0.13798    0.14123
   0.14926    0.15533    0.16866    0.17208    0.19036    0.19666    0.20157    0.21205
   0.21613    0.21997    0.22766    0.23600    0.24148    0.24478    0.24961    0.25692
   0.45158    0.46507
 kpt# 109, nband= 50, wtk=  0.00463, kpt=  0.0000  0.5000  0.5000 (reduced coord)
  -1.94162   -1.94156   -1.94104   -1.94094   -0.80094   -0.80092   -0.80053   -0.80042
  -0.79521   -0.79505   -0.79477   -0.79464   -0.78870   -0.78855   -0.78839   -0.78820
  -0.34802   -0.34771   -0.34706   -0.34677   -0.31975   -0.31928   -0.31858   -0.31807
   0.10716    0.10801    0.10836    0.10924    0.13322    0.13388    0.13497    0.13543
   0.15645    0.15783    0.15874    0.15997    0.19804    0.19814    0.20040    0.20055
   0.22633    0.22705    0.22791    0.22875    0.24238    0.24263    0.24358    0.24381
   0.46301    0.46422
 kpt# 110, nband= 50, wtk=  0.00926, kpt=  0.1667  0.5000  0.5000 (reduced coord)
  -1.94162   -1.94156   -1.94104   -1.94094   -0.80293   -0.80264   -0.80215   -0.80191
  -0.79366   -0.79349   -0.79280   -0.79265   -0.78869   -0.78852   -0.78837   -0.78816
  -0.35080   -0.35054   -0.34866   -0.34842   -0.31815   -0.31731   -0.31595   -0.31492
   0.10636    0.10725    0.10804    0.10880    0.13020    0.13121    0.13591    0.13669
   0.16137    0.16212    0.16487    0.16638    0.20006    0.20030    0.20198    0.20217
   0.21470    0.21571    0.22441    0.22517    0.24325    0.24420    0.24897    0.24920
   0.45303    0.45393
 kpt# 111, nband= 50, wtk=  0.00926, kpt=  0.3333  0.5000  0.5000 (reduced coord)
  -1.94162   -1.94156   -1.94104   -1.94094   -0.80506   -0.80476   -0.80447   -0.80424
  -0.79130   -0.79108   -0.79060   -0.79045   -0.78864   -0.78843   -0.78828   -0.78804
  -0.35436   -0.35422   -0.35251   -0.35238   -0.31400   -0.31316   -0.31216   -0.31116
   0.10589    0.10672    0.10706    0.10765    0.12868    0.13013    0.13443    0.13567
   0.16886    0.16955    0.17758    0.17965    0.19414    0.19517    0.20071    0.20130
   0.21299    0.21394    0.22315    0.22404    0.24209    0.24310    0.24612    0.24663
   0.44586    0.44651
 kpt# 112, nband= 50, wtk=  0.00463, kpt=  0.5000  0.5000  0.5000 (reduced coord)
  -1.94162   -1.94156   -1.94104   -1.94094   -0.80581   -0.80559   -0.80534   -0.80527
  -0.79036   -0.79010   -0.78984   -0.78976   -0.78857   -0.78832   -0.78817   -0.78793
  -0.35561   -0.35553   -0.35451   -0.35444   -0.31172   -0.31100   -0.31079   -0.31006
   0.10587    0.10621    0.10683    0.10718    0.13039    0.13157    0.13249    0.13363
   0.17300    0.17349    0.17584    0.17629    0.19898    0.19918    0.20014    0.20020
   0.21875    0.21980    0.22092    0.22185    0.23968    0.24050    0.24084    0.24166
   0.44806    0.44938
