 Fermi (or HOMO) energy (hartree) =   0.27677   Average Vxc (hartree)=  -0.44596
 Eigenvalues (hartree) for nkpt= 112  k points:
 kpt#   1, nband= 50, wtk=  0.00463, kpt=  0.0000  0.0000  0.0000 (reduced coord)
  -1.94326   -1.94260   -1.94257   -1.94257   -0.80509   -0.80502   -0.80472   -0.79356
  -0.79291   -0.79257   -0.79200   -0.79145   -0.79128   -0.78823   -0.78675   -0.78673
  -0.39517   -0.33821   -0.32964   -0.32881   -0.31889   -0.31631   -0.31562   -0.29808
   0.06053    0.06074    0.07207    0.09597    0.10306    0.10370    0.16118    0.16381
   0.16653    0.16907    0.17221    0.17224    0.21975    0.22407    0.22497    0.22905
   0.24546    0.25305    0.25363    0.25424    0.25479    0.26585    0.26880    0.27517
   0.44528    0.44592
 kpt#   2, nband= 50, wtk=  0.00926, kpt=  0.1667  0.0000  0.0000 (reduced coord)
  -1.94322   -1.94261   -1.94260   -1.94257   -0.80417   -0.80397   -0.80397   -0.79390
  -0.79336   -0.79246   -0.79202   -0.79180   -0.79142   -0.78847   -0.78811   -0.78713
  -0.39042   -0.33674   -0.32905   -0.32709   -0.32157   -0.31952   -0.31753   -0.30027
   0.06642    0.07058    0.07139    0.09835    0.10484    0.11953    0.15045    0.15250
   0.16094    0.16140    0.17207    0.17564    0.21531    0.21981    0.22009    0.23153
   0.24807    0.24845    0.24971    0.25748    0.25752    0.25932    0.26970    0.27561
   0.45251    0.45399
 kpt#   3, nband= 50, wtk=  0.00926, kpt=  0.3333  0.0000  0.0000 (reduced coord)
  -1.94309   -1.94274   -1.94259   -1.94258   -0.80191   -0.80180   -0.80086   -0.79612
  -0.79508   -0.79288   -0.79181   -0.79173   -0.79117   -0.79097   -0.78918   -0.78816
  -0.37713   -0.33814   -0.33276   -0.32632   -0.32392   -0.32128   -0.31933   -0.30612
   0.07821    0.08259    0.09896    0.10541    0.11357    0.12483    0.13413    0.13653
   0.14464    0.15321    0.18226    0.18328    0.18509    0.20664    0.20916    0.22925
   0.23677    0.23725    0.25378    0.25865    0.26450    0.26879    0.26946    0.27673
   0.46730    0.47082
 kpt#   4, nband= 50, wtk=  0.00463, kpt=  0.5000  0.0000  0.0000 (reduced coord)
  -1.94292   -1.94291   -1.94258   -1.94258   -0.79905   -0.79905   -0.79850   -0.79850
  -0.79642   -0.79641   -0.79233   -0.79233   -0.79020   -0.79020   -0.78957   -0.78956
  -0.35820   -0.35820   -0.32755   -0.32755   -0.32379   -0.32378   -0.31365   -0.31365
   0.09475    0.09476    0.11074    0.11074    0.11748    0.11748    0.12764    0.12764
   0.13981    0.13981    0.18902    0.18903    0.19581    0.19581    0.19764    0.19764
   0.23633    0.23633    0.25887    0.25887    0.26802    0.26802    0.27559    0.27559
   0.47915    0.48150
 kpt#   5, nband= 50, wtk=  0.00926, kpt=  0.0000  0.1667  0.0000 (reduced coord)
  -1.94322   -1.94262   -1.94259   -1.94257   -0.80422   -0.80398   -0.80391   -0.79420
  -0.79283   -0.79245   -0.79227   -0.79178   -0.79141   -0.78849   -0.78811   -0.78711
  -0.39043   -0.33666   -0.32805   -0.32771   -0.32242   -0.31948   -0.31708   -0.30040
   0.06631    0.07065    0.07121    0.09836    0.10606    0.11862    0.15157    0.15223
   0.16010    0.16234    0.17254    0.17467    0.21521    0.21889    0.22092    0.23760
   0.24210    0.24236    0.24914    0.25856    0.25974    0.26547    0.26659    0.27561
   0.45126    0.45305
 kpt#   6, nband= 50, wtk=  0.00926, kpt=  0.1667  0.1667  0.0000 (reduced coord)
  -1.94317   -1.94261   -1.94261   -1.94260   -0.80334   -0.80329   -0.80326   -0.79386
  -0.79386   -0.79357   -0.79185   -0.79161   -0.79091   -0.78982   -0.78880   -0.78693
  -0.38609   -0.33579   -0.32775   -0.32723   -0.32246   -0.32209   -0.31993   -0.30229
   0.07288    0.07594    0.07598    0.10006    0.10922    0.12985    0.14418    0.14434
   0.15875    0.16456    0.16476    0.17331    0.21146    0.21725    0.22227    0.22322
   0.24300    0.24908    0.24952    0.25005    0.25919    0.26094    0.26832    0.27583
   0.45520    0.46157
 kpt#   7, nband= 50, wtk=  0.00926, kpt=  0.3333  0.1667  0.0000 (reduced coord)
  -1.94306   -1.94273   -1.94261   -1.94260   -0.80156   -0.80129   -0.80087   -0.79631
  -0.79562   -0.79318   -0.79296   -0.79112   -0.79097   -0.79066   -0.78958   -0.78765
  -0.37393   -0.33823   -0.33345   -0.32763   -0.32470   -0.32117   -0.31984   -0.30733
   0.08175    0.09074    0.10222    0.10549    0.11798    0.12398    0.13162    0.13836
   0.14854    0.15958    0.17498    0.18024    0.18811    0.20319    0.20592    0.22793
   0.23159    0.23492    0.24802    0.25206    0.26349    0.26771    0.26862    0.27644
   0.46394    0.47470
 kpt#   8, nband= 50, wtk=  0.00926, kpt=  0.5000  0.1667  0.0000 (reduced coord)
  -1.94289   -1.94289   -1.94261   -1.94260   -0.79906   -0.79906   -0.79873   -0.79873
  -0.79695   -0.79695   -0.79182   -0.79181   -0.79042   -0.79042   -0.78908   -0.78908
  -0.35658   -0.35658   -0.33036   -0.33036   -0.32295   -0.32295   -0.31389   -0.31389
   0.09905    0.09905    0.11414    0.11414    0.11459    0.11460    0.13180    0.13180
   0.14606    0.14606    0.18795    0.18795    0.18879    0.18879    0.20004    0.20004
   0.23191    0.23191    0.25165    0.25165    0.26608    0.26608    0.27493    0.27493
   0.47223    0.47276
 kpt#   9, nband= 50, wtk=  0.00926, kpt= -0.3333  0.1667  0.0000 (reduced coord)
  -1.94306   -1.94273   -1.94261   -1.94260   -0.80156   -0.80129   -0.80087   -0.79631
  -0.79562   -0.79318   -0.79296   -0.79112   -0.79097   -0.79066   -0.78958   -0.78765
  -0.37393   -0.33823   -0.33345   -0.32763   -0.32470   -0.32117   -0.31984   -0.30733
   0.08175    0.09074    0.10222    0.10549    0.11798    0.12398    0.13162    0.13836
   0.14854    0.15958    0.17498    0.18024    0.18811    0.20319    0.20592    0.22793
   0.23159    0.23492    0.24802    0.25206    0.26349    0.26771    0.26862    0.27644
   0.46394    0.47441
 kpt#  10, nband= 50, wtk=  0.00926, kpt= -0.1667  0.1667  0.0000 (reduced coord)
  -1.94317   -1.94261   -1.94261   -1.94260   -0.80334   -0.80329   -0.80326   -0.79386
  -0.79386   -0.79357   -0.79185   -0.79161   -0.79091   -0.78982   -0.78880   -0.78693
  -0.38609   -0.33579   -0.32775   -0.32723   -0.32246   -0.32209   -0.31993   -0.30229
   0.07288    0.07594    0.07598    0.10006    0.10922    0.12985    0.14418    0.14434
   0.15875    0.16456    0.16476    0.17331    0.21146    0.21725    0.22227    0.22322
   0.24300    0.24908    0.24952    0.25005    0.25919    0.26094    0.26832    0.27583
   0.45520    0.46159
 kpt#  11, nband= 50, wtk=  0.00926, kpt=  0.0000  0.3333  0.0000 (reduced coord)
  -1.94309   -1.94274   -1.94259   -1.94257   -0.80193   -0.80184   -0.80081   -0.79624
  -0.79507   -0.79257   -0.79175   -0.79172   -0.79145   -0.79088   -0.78925   -0.78814
  -0.37721   -0.33824   -0.33242   -0.32609   -0.32232   -0.32115   -0.32112   -0.30659
   0.07802    0.08258    0.09872    0.10550    0.11480    0.12522    0.13428    0.13666
   0.14500    0.15355    0.18213    0.18289    0.18438    0.20686    0.21120    0.22847
   0.23272    0.23744    0.25218    0.26341    0.26463    0.26655    0.27003    0.27677
   0.46233    0.46789
 kpt#  12, nband= 50, wtk=  0.00926, kpt=  0.1667  0.3333  0.0000 (reduced coord)
  -1.94306   -1.94273   -1.94261   -1.94260   -0.80159   -0.80131   -0.80084   -0.79631
  -0.79573   -0.79317   -0.79271   -0.79135   -0.79089   -0.79058   -0.78967   -0.78764
  -0.37399   -0.33841   -0.33322   -0.32693   -0.32438   -0.32107   -0.32071   -0.30765
   0.08167    0.09106    0.10181    0.10555    0.11870    0.12384    0.13200    0.13852
   0.14885    0.16008    0.17532    0.17919    0.18751    0.20441    0.20633    0.22776
   0.23092    0.23151    0.25120    0.25165    0.26245    0.26713    0.26968    0.27647
   0.46092    0.46860
 kpt#  13, nband= 50, wtk=  0.00926, kpt=  0.3333  0.3333  0.0000 (reduced coord)
  -1.94296   -1.94270   -1.94270   -1.94263   -0.80065   -0.80064   -0.79968   -0.79828
  -0.79575   -0.79441   -0.79434   -0.79104   -0.79000   -0.78994   -0.78974   -0.78753
  -0.36494   -0.33824   -0.33797   -0.33513   -0.32090   -0.32063   -0.32023   -0.31070
   0.09189    0.10674    0.10864    0.10973    0.12574    0.12684    0.12861    0.13894
   0.15933    0.15939    0.17632    0.17971    0.18709    0.18928    0.20679    0.20789
   0.21413    0.23424    0.23505    0.24011    0.26671    0.26821    0.26890    0.27559
   0.45898    0.46517
 kpt#  14, nband= 50, wtk=  0.00926, kpt=  0.5000  0.3333  0.0000 (reduced coord)
  -1.94283   -1.94283   -1.94267   -1.94266   -0.79982   -0.79982   -0.79908   -0.79908
  -0.79651   -0.79650   -0.79269   -0.79269   -0.78952   -0.78952   -0.78844   -0.78844
  -0.35193   -0.35193   -0.33708   -0.33708   -0.32072   -0.32072   -0.31524   -0.31524
   0.10479    0.10479    0.10993    0.10993    0.13058    0.13058    0.14287    0.14287
   0.15590    0.15590    0.17336    0.17336    0.18670    0.18670    0.20695    0.20695
   0.21059    0.21059    0.23601    0.23601    0.26769    0.26769    0.27342    0.27342
   0.46101    0.46212
 kpt#  15, nband= 50, wtk=  0.00926, kpt= -0.3333  0.3333  0.0000 (reduced coord)
  -1.94296   -1.94270   -1.94270   -1.94263   -0.80065   -0.80064   -0.79968   -0.79828
  -0.79575   -0.79441   -0.79434   -0.79104   -0.79000   -0.78994   -0.78974   -0.78753
  -0.36494   -0.33824   -0.33797   -0.33513   -0.32090   -0.32063   -0.32023   -0.31070
   0.09189    0.10674    0.10864    0.10973    0.12574    0.12684    0.12861    0.13894
   0.15933    0.15939    0.17632    0.17971    0.18709    0.18928    0.20679    0.20789
   0.21413    0.23424    0.23505    0.24011    0.26671    0.26821    0.26890    0.27559
   0.45901    0.46492
 kpt#  16, nband= 50, wtk=  0.00926, kpt= -0.1667  0.3333  0.0000 (reduced coord)
  -1.94306   -1.94273   -1.94261   -1.94260   -0.80159   -0.80131   -0.80084   -0.79631
  -0.79573   -0.79317   -0.79271   -0.79135   -0.79089   -0.79058   -0.78967   -0.78764
  -0.37399   -0.33841   -0.33322   -0.32693   -0.32438   -0.32107   -0.32071   -0.30765
   0.08167    0.09106    0.10181    0.10555    0.11870    0.12384    0.13200    0.13852
   0.14885    0.16008    0.17532    0.17919    0.18751    0.20441    0.20633    0.22776
   0.23092    0.23151    0.25120    0.25165    0.26245    0.26713    0.26968    0.27647
   0.46093    0.46830
 kpt#  17, nband= 50, wtk=  0.00463, kpt=  0.0000  0.5000  0.0000 (reduced coord)
  -1.94292   -1.94292   -1.94258   -1.94258   -0.79910   -0.79910   -0.79851   -0.79851
  -0.79639   -0.79639   -0.79218   -0.79218   -0.79034   -0.79034   -0.78953   -0.78953
  -0.35834   -0.35834   -0.32672   -0.32672   -0.32354   -0.32354   -0.31467   -0.31466
   0.09452    0.09453    0.11132    0.11132    0.11764    0.11764    0.12851    0.12851
   0.13923    0.13924    0.19228    0.19229    0.19363    0.19365    0.19715    0.19716
   0.23394    0.23394    0.26156    0.26157    0.26607    0.26608    0.27599    0.27600
   0.46905    0.47687
 kpt#  18, nband= 50, wtk=  0.00926, kpt=  0.1667  0.5000  0.0000 (reduced coord)
  -1.94289   -1.94289   -1.94260   -1.94260   -0.79907   -0.79907   -0.79878   -0.79878
  -0.79692   -0.79692   -0.79161   -0.79161   -0.79062   -0.79062   -0.78905   -0.78905
  -0.35671   -0.35671   -0.32980   -0.32980   -0.32273   -0.32272   -0.31461   -0.31460
   0.09928    0.09929    0.11405    0.11406    0.11458    0.11458    0.13247    0.13247
   0.14581    0.14582    0.18930    0.18931    0.18970    0.18971    0.19822    0.19822
   0.23002    0.23002    0.25312    0.25312    0.26526    0.26527    0.27526    0.27527
   0.46579    0.46732
 kpt#  19, nband= 50, wtk=  0.00926, kpt=  0.3333  0.5000  0.0000 (reduced coord)
  -1.94283   -1.94283   -1.94267   -1.94266   -0.79982   -0.79982   -0.79909   -0.79909
  -0.79651   -0.79651   -0.79265   -0.79265   -0.78956   -0.78956   -0.78842   -0.78842
  -0.35203   -0.35202   -0.33688   -0.33687   -0.32056   -0.32056   -0.31553   -0.31553
   0.10523    0.10523    0.10973    0.10974    0.13025    0.13025    0.14280    0.14280
   0.15580    0.15581    0.17421    0.17422    0.18784    0.18785    0.20603    0.20604
   0.20909    0.20909    0.23691    0.23692    0.26732    0.26733    0.27356    0.27357
   0.45845    0.45865
 kpt#  20, nband= 50, wtk=  0.00463, kpt=  0.5000  0.5000  0.0000 (reduced coord)
  -1.94275   -1.94275   -1.94275   -1.94275   -0.79985   -0.79985   -0.79985   -0.79985
  -0.79464   -0.79464   -0.79464   -0.79464   -0.78855   -0.78855   -0.78855   -0.78855
  -0.34499   -0.34499   -0.34498   -0.34498   -0.31781   -0.31781   -0.31781   -0.31781
   0.10752    0.10752    0.10752    0.10752    0.15258    0.15258    0.15258    0.15258
   0.15724    0.15724    0.15725    0.15725    0.18953    0.18953    0.18954    0.18954
   0.21942    0.21942    0.21943    0.21943    0.27084    0.27084    0.27084    0.27084
   0.45661    0.45661
 kpt#  21, nband= 50, wtk=  0.00926, kpt=  0.0000  0.0000  0.1667 (reduced coord)
  -1.94322   -1.94264   -1.94257   -1.94257   -0.80430   -0.80424   -0.80372   -0.79415
  -0.79376   -0.79259   -0.79227   -0.79123   -0.79098   -0.78937   -0.78706   -0.78705
  -0.39071   -0.33584   -0.32864   -0.32790   -0.32511   -0.31711   -0.31651   -0.30094
   0.06621    0.06635    0.08210    0.10155    0.10558    0.11066    0.15606    0.15775
   0.16166    0.16252    0.16885    0.17053    0.22057    0.22399    0.22770    0.23173
   0.23918    0.23961    0.24478    0.25867    0.25931    0.26037    0.26681    0.26773
   0.44845    0.45171
 kpt#  22, nband= 50, wtk=  0.00926, kpt=  0.1667  0.0000  0.1667 (reduced coord)
  -1.94317   -1.94264   -1.94261   -1.94257   -0.80345   -0.80334   -0.80315   -0.79491
  -0.79365   -0.79224   -0.79222   -0.79175   -0.79116   -0.79019   -0.78755   -0.78747
  -0.38628   -0.33457   -0.32857   -0.32640   -0.32528   -0.32205   -0.31811   -0.30284
   0.07167    0.07589    0.08070    0.10358    0.10794    0.12523    0.14925    0.15365
   0.15451    0.15878    0.16567    0.16870    0.21641    0.22068    0.22673    0.22944
   0.24152    0.24163    0.24560    0.25033    0.25636    0.26244    0.26259    0.26771
   0.45642    0.45742
 kpt#  23, nband= 50, wtk=  0.00926, kpt=  0.3333  0.0000  0.1667 (reduced coord)
  -1.94306   -1.94273   -1.94262   -1.94259   -0.80156   -0.80123   -0.80070   -0.79690
  -0.79478   -0.79311   -0.79277   -0.79131   -0.79130   -0.79096   -0.78862   -0.78856
  -0.37389   -0.33748   -0.33122   -0.32741   -0.32570   -0.32340   -0.31958   -0.30794
   0.08625    0.08680    0.10241    0.10975    0.11460    0.12849    0.13632    0.13993
   0.14125    0.15692    0.17042    0.17855    0.19390    0.20254    0.21156    0.22980
   0.23882    0.24132    0.24593    0.24718    0.25565    0.26390    0.26662    0.26674
   0.46971    0.47100
 kpt#  24, nband= 50, wtk=  0.00926, kpt=  0.5000  0.0000  0.1667 (reduced coord)
  -1.94289   -1.94289   -1.94261   -1.94260   -0.79938   -0.79937   -0.79802   -0.79802
  -0.79694   -0.79694   -0.79189   -0.79189   -0.79000   -0.79000   -0.78986   -0.78985
  -0.35622   -0.35622   -0.32755   -0.32754   -0.32563   -0.32562   -0.31453   -0.31453
   0.10103    0.10103    0.11028    0.11028    0.12403    0.12404    0.12611    0.12611
   0.14401    0.14401    0.18722    0.18722    0.19365    0.19365    0.19845    0.19845
   0.23987    0.23987    0.24870    0.24870    0.26202    0.26202    0.26748    0.26749
   0.47738    0.47903
 kpt#  25, nband= 50, wtk=  0.00926, kpt= -0.3333  0.0000  0.1667 (reduced coord)
  -1.94306   -1.94273   -1.94262   -1.94259   -0.80156   -0.80123   -0.80070   -0.79690
  -0.79478   -0.79311   -0.79277   -0.79131   -0.79130   -0.79096   -0.78861   -0.78856
  -0.37389   -0.33748   -0.33122   -0.32740   -0.32570   -0.32340   -0.31958   -0.30794
   0.08625    0.08680    0.10241    0.10975    0.11460    0.12849    0.13632    0.13993
   0.14125    0.15692    0.17042    0.17855    0.19390    0.20254    0.21155    0.22980
   0.23882    0.24133    0.24593    0.24718    0.25565    0.26391    0.26662    0.26674
   0.46952    0.47210
 kpt#  26, nband= 50, wtk=  0.00926, kpt= -0.1667  0.0000  0.1667 (reduced coord)
  -1.94317   -1.94264   -1.94261   -1.94257   -0.80345   -0.80334   -0.80315   -0.79491
  -0.79365   -0.79224   -0.79222   -0.79175   -0.79116   -0.79019   -0.78755   -0.78747
  -0.38628   -0.33457   -0.32857   -0.32640   -0.32528   -0.32205   -0.31811   -0.30284
   0.07167    0.07589    0.08070    0.10358    0.10794    0.12523    0.14925    0.15365
   0.15451    0.15878    0.16567    0.16870    0.21641    0.22069    0.22673    0.22944
   0.24152    0.24164    0.24560    0.25033    0.25636    0.26244    0.26259    0.26771
   0.45642    0.45742
 kpt#  27, nband= 50, wtk=  0.00926, kpt=  0.0000  0.1667  0.1667 (reduced coord)
  -1.94317   -1.94264   -1.94261   -1.94257   -0.80350   -0.80328   -0.80315   -0.79504
  -0.79347   -0.79224   -0.79222   -0.79181   -0.79108   -0.79028   -0.78755   -0.78746
  -0.38630   -0.33447   -0.32807   -0.32655   -0.32530   -0.32285   -0.31767   -0.30291
   0.07164    0.07589    0.08055    0.10423    0.10801    0.12489    0.15117    0.15272
   0.15581    0.15723    0.16411    0.16958    0.21539    0.22250    0.22649    0.23333
   0.23665    0.23899    0.24596    0.25295    0.25369    0.26414    0.26546    0.26577
   0.45566    0.45596
 kpt#  28, nband= 50, wtk=  0.00926, kpt=  0.1667  0.1667  0.1667 (reduced coord)
  -1.94313   -1.94263   -1.94261   -1.94261   -0.80290   -0.80275   -0.80267   -0.79449
  -0.79415   -0.79338   -0.79189   -0.79170   -0.79143   -0.79060   -0.78817   -0.78720
  -0.38231   -0.33446   -0.32915   -0.32714   -0.32461   -0.32253   -0.32061   -0.30452
   0.08028    0.08145    0.08172    0.10554    0.11148    0.13488    0.14640    0.14783
   0.15430    0.15919    0.15992    0.16255    0.21817    0.22175    0.22272    0.22369
   0.23805    0.24169    0.24637    0.25005    0.25322    0.25690    0.26025    0.26810
   0.45879    0.46308
 kpt#  29, nband= 50, wtk=  0.00926, kpt=  0.3333  0.1667  0.1667 (reduced coord)
  -1.94302   -1.94272   -1.94263   -1.94262   -0.80156   -0.80147   -0.80097   -0.79572
  -0.79540   -0.79462   -0.79283   -0.79105   -0.79067   -0.79061   -0.78902   -0.78791
  -0.37115   -0.33852   -0.33405   -0.33057   -0.32318   -0.32242   -0.31900   -0.30879
   0.08937    0.09446    0.10538    0.11014    0.11863    0.12865    0.13709    0.13869
   0.14500    0.16127    0.16855    0.16898    0.19400    0.20761    0.21086    0.22847
   0.23251    0.23691    0.24287    0.24700    0.25483    0.25578    0.26300    0.26772
   0.46525    0.47430
 kpt#  30, nband= 50, wtk=  0.00926, kpt=  0.5000  0.1667  0.1667 (reduced coord)
  -1.94288   -1.94287   -1.94263   -1.94262   -0.80059   -0.80059   -0.79815   -0.79815
  -0.79654   -0.79654   -0.79132   -0.79132   -0.79004   -0.79004   -0.78940   -0.78939
  -0.35522   -0.35522   -0.33277   -0.33277   -0.32211   -0.32211   -0.31432   -0.31432
   0.10493    0.10493    0.11256    0.11256    0.12365    0.12365    0.12844    0.12844
   0.15020    0.15020    0.17711    0.17711    0.19540    0.19541    0.20361    0.20362
   0.23406    0.23406    0.24659    0.24659    0.25633    0.25634    0.26662    0.26662
   0.47145    0.47170
 kpt#  31, nband= 50, wtk=  0.00926, kpt= -0.3333  0.1667  0.1667 (reduced coord)
  -1.94302   -1.94272   -1.94263   -1.94262   -0.80156   -0.80147   -0.80097   -0.79572
  -0.79540   -0.79462   -0.79283   -0.79105   -0.79067   -0.79061   -0.78902   -0.78791
  -0.37115   -0.33852   -0.33405   -0.33057   -0.32317   -0.32242   -0.31900   -0.30879
   0.08937    0.09446    0.10538    0.11014    0.11863    0.12865    0.13709    0.13868
   0.14500    0.16127    0.16855    0.16898    0.19400    0.20761    0.21086    0.22847
   0.23252    0.23691    0.24287    0.24700    0.25484    0.25578    0.26300    0.26772
   0.46526    0.47476
 kpt#  32, nband= 50, wtk=  0.00926, kpt= -0.1667  0.1667  0.1667 (reduced coord)
  -1.94313   -1.94263   -1.94261   -1.94261   -0.80290   -0.80275   -0.80267   -0.79449
  -0.79415   -0.79338   -0.79189   -0.79170   -0.79143   -0.79060   -0.78817   -0.78720
  -0.38231   -0.33446   -0.32915   -0.32713   -0.32461   -0.32254   -0.32061   -0.30452
   0.08028    0.08145    0.08172    0.10554    0.11148    0.13488    0.14640    0.14783
   0.15430    0.15919    0.15992    0.16255    0.21817    0.22175    0.22272    0.22369
   0.23805    0.24169    0.24637    0.25004    0.25322    0.25690    0.26025    0.26810
   0.45879    0.46310
 kpt#  33, nband= 50, wtk=  0.00926, kpt=  0.0000  0.3333  0.1667 (reduced coord)
  -1.94306   -1.94273   -1.94262   -1.94259   -0.80157   -0.80125   -0.80064   -0.79700
  -0.79477   -0.79307   -0.79262   -0.79136   -0.79127   -0.79106   -0.78863   -0.78855
  -0.37397   -0.33760   -0.33079   -0.32734   -0.32579   -0.32188   -0.32108   -0.30824
   0.08610    0.08679    0.10225    0.11025    0.11495    0.12877    0.13669    0.14011
   0.14130    0.15777    0.16853    0.17922    0.19393    0.20273    0.21282    0.22989
   0.23504    0.23802    0.24916    0.25062    0.25112    0.26419    0.26709    0.26867
   0.46470    0.46918
 kpt#  34, nband= 50, wtk=  0.00926, kpt=  0.1667  0.3333  0.1667 (reduced coord)
  -1.94302   -1.94272   -1.94263   -1.94262   -0.80158   -0.80148   -0.80093   -0.79581
  -0.79535   -0.79466   -0.79268   -0.79116   -0.79064   -0.79058   -0.78906   -0.78790
  -0.37121   -0.33867   -0.33386   -0.33038   -0.32312   -0.32164   -0.31986   -0.30901
   0.08931    0.09462    0.10520    0.11023    0.11905    0.12828    0.13746    0.13893
   0.14527    0.16242    0.16672    0.16935    0.19409    0.20814    0.21173    0.22914
   0.23074    0.23210    0.24761    0.24817    0.25307    0.25323    0.26489    0.26824
   0.46192    0.46946
 kpt#  35, nband= 50, wtk=  0.00926, kpt=  0.3333  0.3333  0.1667 (reduced coord)
  -1.94294   -1.94270   -1.94270   -1.94265   -0.80151   -0.80144   -0.80133   -0.79764
  -0.79548   -0.79362   -0.79350   -0.79022   -0.79012   -0.78983   -0.78951   -0.78768
  -0.36340   -0.34034   -0.33965   -0.33772   -0.32016   -0.31897   -0.31829   -0.31122
   0.09847    0.11069    0.11126    0.11257    0.12820    0.13074    0.13205    0.14151
   0.15366    0.15636    0.16081    0.17959    0.19043    0.20444    0.21038    0.21290
   0.21802    0.23114    0.23272    0.23581    0.25532    0.25873    0.26204    0.26680
   0.45950    0.46622
 kpt#  36, nband= 50, wtk=  0.00926, kpt=  0.5000  0.3333  0.1667 (reduced coord)
  -1.94282   -1.94282   -1.94268   -1.94268   -0.80155   -0.80155   -0.80007   -0.80007
  -0.79474   -0.79474   -0.79163   -0.79163   -0.78941   -0.78941   -0.78855   -0.78855
  -0.35210   -0.35210   -0.33996   -0.33996   -0.31877   -0.31877   -0.31455   -0.31455
   0.10970    0.10970    0.11379    0.11379    0.13376    0.13376    0.13919    0.13919
   0.15777    0.15777    0.16544    0.16544    0.19761    0.19761    0.20677    0.20677
   0.21490    0.21490    0.23165    0.23165    0.25894    0.25895    0.26495    0.26495
   0.46148    0.46427
 kpt#  37, nband= 50, wtk=  0.00926, kpt= -0.3333  0.3333  0.1667 (reduced coord)
  -1.94294   -1.94270   -1.94270   -1.94265   -0.80151   -0.80144   -0.80133   -0.79764
  -0.79548   -0.79362   -0.79350   -0.79022   -0.79012   -0.78983   -0.78951   -0.78768
  -0.36340   -0.34034   -0.33965   -0.33772   -0.32016   -0.31897   -0.31828   -0.31122
   0.09847    0.11069    0.11126    0.11257    0.12820    0.13074    0.13205    0.14151
   0.15366    0.15636    0.16081    0.17959    0.19043    0.20444    0.21038    0.21290
   0.21802    0.23114    0.23272    0.23581    0.25532    0.25873    0.26204    0.26680
   0.45948    0.46639
 kpt#  38, nband= 50, wtk=  0.00926, kpt= -0.1667  0.3333  0.1667 (reduced coord)
  -1.94302   -1.94272   -1.94263   -1.94262   -0.80158   -0.80148   -0.80093   -0.79581
  -0.79535   -0.79465   -0.79268   -0.79116   -0.79064   -0.79058   -0.78906   -0.78790
  -0.37121   -0.33867   -0.33386   -0.33038   -0.32312   -0.32163   -0.31986   -0.30901
   0.08931    0.09462    0.10520    0.11023    0.11905    0.12828    0.13746    0.13893
   0.14527    0.16242    0.16672    0.16935    0.19409    0.20814    0.21173    0.22914
   0.23074    0.23210    0.24761    0.24817    0.25307    0.25324    0.26489    0.26824
   0.46193    0.47107
 kpt#  39, nband= 50, wtk=  0.00926, kpt=  0.0000  0.5000  0.1667 (reduced coord)
  -1.94289   -1.94289   -1.94260   -1.94260   -0.79936   -0.79936   -0.79807   -0.79807
  -0.79692   -0.79692   -0.79183   -0.79183   -0.78996   -0.78996   -0.78994   -0.78994
  -0.35637   -0.35637   -0.32652   -0.32652   -0.32587   -0.32587   -0.31521   -0.31521
   0.10090    0.10090    0.11074    0.11074    0.12439    0.12439    0.12611    0.12611
   0.14370    0.14370    0.18931    0.18932    0.19402    0.19403    0.19676    0.19677
   0.23651    0.23651    0.25096    0.25096    0.26037    0.26038    0.26930    0.26930
   0.46882    0.46886
 kpt#  40, nband= 50, wtk=  0.00926, kpt=  0.1667  0.5000  0.1667 (reduced coord)
  -1.94287   -1.94287   -1.94262   -1.94262   -0.80060   -0.80060   -0.79809   -0.79809
  -0.79661   -0.79661   -0.79118   -0.79118   -0.79021   -0.79020   -0.78935   -0.78935
  -0.35535   -0.35534   -0.33246   -0.33246   -0.32178   -0.32178   -0.31487   -0.31487
   0.10539    0.10539    0.11229    0.11229    0.12349    0.12349    0.12879    0.12879
   0.14998    0.14999    0.17786    0.17786    0.19676    0.19678    0.20232    0.20232
   0.23163    0.23164    0.24850    0.24850    0.25492    0.25492    0.26773    0.26773
   0.46543    0.46545
 kpt#  41, nband= 50, wtk=  0.00926, kpt=  0.3333  0.5000  0.1667 (reduced coord)
  -1.94282   -1.94282   -1.94268   -1.94268   -0.80156   -0.80156   -0.80005   -0.80005
  -0.79477   -0.79477   -0.79158   -0.79158   -0.78947   -0.78946   -0.78853   -0.78853
  -0.35218   -0.35218   -0.33984   -0.33984   -0.31855   -0.31854   -0.31483   -0.31483
   0.11020    0.11021    0.11348    0.11348    0.13375    0.13375    0.13876    0.13876
   0.15729    0.15730    0.16656    0.16656    0.19918    0.19918    0.20562    0.20562
   0.21326    0.21327    0.23245    0.23246    0.25844    0.25844    0.26550    0.26550
   0.45913    0.45914
 kpt#  42, nband= 50, wtk=  0.00926, kpt=  0.5000  0.5000  0.1667 (reduced coord)
  -1.94275   -1.94275   -1.94275   -1.94275   -0.80138   -0.80138   -0.80138   -0.80138
  -0.79304   -0.79304   -0.79304   -0.79304   -0.78854   -0.78854   -0.78854   -0.78853
  -0.34683   -0.34683   -0.34683   -0.34683   -0.31611   -0.31611   -0.31610   -0.31610
   0.11205    0.11205    0.11205    0.11206    0.14882    0.14882    0.14882    0.14882
   0.15719    0.15719    0.15719    0.15719    0.19912    0.19912    0.19913    0.19913
   0.21563    0.21563    0.21564    0.21564    0.26321    0.26321    0.26322    0.26322
   0.45858    0.45858
 kpt#  43, nband= 50, wtk=  0.00926, kpt= -0.3333  0.5000  0.1667 (reduced coord)
  -1.94282   -1.94282   -1.94268   -1.94268   -0.80156   -0.80156   -0.80005   -0.80005
  -0.79477   -0.79477   -0.79158   -0.79157   -0.78947   -0.78946   -0.78853   -0.78853
  -0.35218   -0.35218   -0.33984   -0.33984   -0.31855   -0.31854   -0.31483   -0.31483
   0.11020    0.11021    0.11348    0.11348    0.13375    0.13375    0.13876    0.13876
   0.15729    0.15729    0.16656    0.16656    0.19918    0.19918    0.20562    0.20563
   0.21326    0.21327    0.23245    0.23246    0.25844    0.25844    0.26550    0.26550
   0.45914    0.45925
 kpt#  44, nband= 50, wtk=  0.00926, kpt= -0.1667  0.5000  0.1667 (reduced coord)
  -1.94287   -1.94287   -1.94262   -1.94262   -0.80060   -0.80060   -0.79809   -0.79809
  -0.79661   -0.79661   -0.79118   -0.79118   -0.79021   -0.79020   -0.78935   -0.78935
  -0.35535   -0.35534   -0.33246   -0.33246   -0.32178   -0.32178   -0.31487   -0.31487
   0.10539    0.10539    0.11229    0.11229    0.12349    0.12349    0.12879    0.12880
   0.14998    0.14999    0.17786    0.17786    0.19676    0.19678    0.20232    0.20232
   0.23163    0.23164    0.24850    0.24850    0.25492    0.25492    0.26773    0.26773
   0.46543    0.46551
 kpt#  45, nband= 50, wtk=  0.00926, kpt=  0.0000 -0.3333  0.1667 (reduced coord)
  -1.94306   -1.94273   -1.94262   -1.94259   -0.80157   -0.80125   -0.80064   -0.79700
  -0.79477   -0.79307   -0.79262   -0.79136   -0.79127   -0.79106   -0.78863   -0.78855
  -0.37397   -0.33760   -0.33079   -0.32734   -0.32579   -0.32188   -0.32108   -0.30824
   0.08610    0.08679    0.10225    0.11025    0.11495    0.12877    0.13669    0.14011
   0.14130    0.15777    0.16853    0.17922    0.19393    0.20273    0.21282    0.22989
   0.23504    0.23802    0.24916    0.25062    0.25112    0.26419    0.26709    0.26867
   0.46472    0.46918
 kpt#  46, nband= 50, wtk=  0.00926, kpt=  0.1667 -0.3333  0.1667 (reduced coord)
  -1.94302   -1.94272   -1.94263   -1.94262   -0.80158   -0.80148   -0.80093   -0.79581
  -0.79535   -0.79466   -0.79268   -0.79116   -0.79064   -0.79058   -0.78906   -0.78790
  -0.37121   -0.33867   -0.33386   -0.33038   -0.32312   -0.32164   -0.31986   -0.30901
   0.08931    0.09462    0.10520    0.11023    0.11905    0.12828    0.13746    0.13893
   0.14527    0.16242    0.16672    0.16935    0.19409    0.20814    0.21173    0.22914
   0.23074    0.23210    0.24761    0.24817    0.25307    0.25323    0.26489    0.26824
   0.46192    0.46898
 kpt#  47, nband= 50, wtk=  0.00926, kpt=  0.3333 -0.3333  0.1667 (reduced coord)
  -1.94294   -1.94270   -1.94270   -1.94265   -0.80151   -0.80144   -0.80133   -0.79764
  -0.79548   -0.79362   -0.79350   -0.79022   -0.79012   -0.78983   -0.78951   -0.78768
  -0.36340   -0.34034   -0.33965   -0.33772   -0.32016   -0.31897   -0.31829   -0.31122
   0.09847    0.11069    0.11126    0.11257    0.12820    0.13074    0.13205    0.14151
   0.15366    0.15636    0.16081    0.17959    0.19043    0.20444    0.21038    0.21290
   0.21802    0.23114    0.23272    0.23581    0.25532    0.25873    0.26204    0.26680
   0.45949    0.46627
 kpt#  48, nband= 50, wtk=  0.00926, kpt=  0.5000 -0.3333  0.1667 (reduced coord)
  -1.94282   -1.94282   -1.94268   -1.94268   -0.80155   -0.80155   -0.80007   -0.80007
  -0.79474   -0.79474   -0.79163   -0.79163   -0.78941   -0.78941   -0.78855   -0.78855
  -0.35210   -0.35210   -0.33996   -0.33996   -0.31877   -0.31877   -0.31455   -0.31455
   0.10970    0.10970    0.11379    0.11379    0.13376    0.13376    0.13919    0.13919
   0.15777    0.15777    0.16544    0.16544    0.19761    0.19761    0.20677    0.20677
   0.21490    0.21490    0.23165    0.23165    0.25894    0.25895    0.26495    0.26495
   0.46154    0.46174
 kpt#  49, nband= 50, wtk=  0.00926, kpt= -0.3333 -0.3333  0.1667 (reduced coord)
  -1.94294   -1.94270   -1.94270   -1.94265   -0.80151   -0.80144   -0.80133   -0.79764
  -0.79548   -0.79362   -0.79350   -0.79022   -0.79012   -0.78983   -0.78951   -0.78768
  -0.36340   -0.34034   -0.33965   -0.33772   -0.32016   -0.31897   -0.31828   -0.31122
   0.09847    0.11069    0.11126    0.11257    0.12820    0.13074    0.13205    0.14151
   0.15366    0.15636    0.16081    0.17959    0.19043    0.20444    0.21038    0.21290
   0.21802    0.23114    0.23272    0.23581    0.25532    0.25873    0.26204    0.26680
   0.45950    0.46789
 kpt#  50, nband= 50, wtk=  0.00926, kpt= -0.1667 -0.3333  0.1667 (reduced coord)
  -1.94302   -1.94272   -1.94263   -1.94262   -0.80158   -0.80148   -0.80093   -0.79581
  -0.79535   -0.79465   -0.79268   -0.79116   -0.79064   -0.79058   -0.78906   -0.78790
  -0.37121   -0.33867   -0.33386   -0.33038   -0.32312   -0.32163   -0.31986   -0.30901
   0.08931    0.09462    0.10520    0.11023    0.11905    0.12828    0.13746    0.13893
   0.14527    0.16242    0.16672    0.16935    0.19409    0.20814    0.21173    0.22914
   0.23074    0.23210    0.24761    0.24817    0.25307    0.25324    0.26489    0.26824
   0.46192    0.46909
 kpt#  51, nband= 50, wtk=  0.00926, kpt=  0.0000 -0.1667  0.1667 (reduced coord)
  -1.94317   -1.94264   -1.94261   -1.94257   -0.80350   -0.80328   -0.80315   -0.79504
  -0.79347   -0.79224   -0.79222   -0.79181   -0.79108   -0.79028   -0.78755   -0.78746
  -0.38630   -0.33447   -0.32807   -0.32655   -0.32530   -0.32285   -0.31767   -0.30291
   0.07164    0.07589    0.08055    0.10423    0.10801    0.12489    0.15117    0.15272
   0.15581    0.15723    0.16411    0.16958    0.21539    0.22250    0.22649    0.23333
   0.23665    0.23899    0.24596    0.25295    0.25369    0.26414    0.26546    0.26577
   0.45566    0.45596
 kpt#  52, nband= 50, wtk=  0.00926, kpt=  0.1667 -0.1667  0.1667 (reduced coord)
  -1.94313   -1.94263   -1.94261   -1.94261   -0.80290   -0.80275   -0.80267   -0.79449
  -0.79415   -0.79338   -0.79189   -0.79170   -0.79143   -0.79060   -0.78817   -0.78720
  -0.38231   -0.33446   -0.32915   -0.32714   -0.32461   -0.32253   -0.32061   -0.30452
   0.08028    0.08145    0.08172    0.10554    0.11148    0.13488    0.14640    0.14783
   0.15430    0.15919    0.15992    0.16255    0.21817    0.22175    0.22272    0.22369
   0.23805    0.24169    0.24637    0.25005    0.25322    0.25690    0.26025    0.26810
   0.45879    0.46308
 kpt#  53, nband= 50, wtk=  0.00926, kpt=  0.3333 -0.1667  0.1667 (reduced coord)
  -1.94302   -1.94272   -1.94263   -1.94262   -0.80156   -0.80147   -0.80097   -0.79572
  -0.79540   -0.79462   -0.79283   -0.79105   -0.79067   -0.79061   -0.78902   -0.78791
  -0.37115   -0.33852   -0.33405   -0.33057   -0.32318   -0.32242   -0.31900   -0.30879
   0.08937    0.09446    0.10538    0.11014    0.11863    0.12865    0.13709    0.13869
   0.14500    0.16127    0.16855    0.16898    0.19400    0.20761    0.21086    0.22847
   0.23251    0.23691    0.24287    0.24700    0.25483    0.25578    0.26300    0.26772
   0.46525    0.47414
 kpt#  54, nband= 50, wtk=  0.00926, kpt=  0.5000 -0.1667  0.1667 (reduced coord)
  -1.94288   -1.94287   -1.94263   -1.94262   -0.80059   -0.80059   -0.79815   -0.79815
  -0.79654   -0.79654   -0.79132   -0.79132   -0.79004   -0.79004   -0.78940   -0.78939
  -0.35522   -0.35522   -0.33277   -0.33277   -0.32211   -0.32211   -0.31432   -0.31432
   0.10493    0.10493    0.11256    0.11256    0.12365    0.12365    0.12844    0.12844
   0.15020    0.15020    0.17711    0.17711    0.19540    0.19541    0.20361    0.20362
   0.23406    0.23406    0.24659    0.24659    0.25633    0.25634    0.26662    0.26662
   0.47146    0.47452
 kpt#  55, nband= 50, wtk=  0.00926, kpt= -0.3333 -0.1667  0.1667 (reduced coord)
  -1.94302   -1.94272   -1.94263   -1.94262   -0.80156   -0.80147   -0.80097   -0.79572
  -0.79540   -0.79462   -0.79283   -0.79105   -0.79067   -0.79061   -0.78902   -0.78791
  -0.37115   -0.33852   -0.33405   -0.33057   -0.32317   -0.32242   -0.31900   -0.30879
   0.08937    0.09446    0.10538    0.11014    0.11863    0.12865    0.13709    0.13868
   0.14500    0.16127    0.16855    0.16898    0.19400    0.20761    0.21086    0.22847
   0.23252    0.23691    0.24287    0.24700    0.25484    0.25578    0.26300    0.26772
   0.46525    0.47450
 kpt#  56, nband= 50, wtk=  0.00926, kpt= -0.1667 -0.1667  0.1667 (reduced coord)
  -1.94313   -1.94263   -1.94261   -1.94261   -0.80290   -0.80275   -0.80267   -0.79449
  -0.79415   -0.79338   -0.79189   -0.79170   -0.79143   -0.79060   -0.78817   -0.78720
  -0.38231   -0.33446   -0.32915   -0.32713   -0.32461   -0.32254   -0.32061   -0.30452
   0.08028    0.08145    0.08172    0.10554    0.11148    0.13488    0.14640    0.14783
   0.15430    0.15919    0.15992    0.16255    0.21817    0.22175    0.22272    0.22369
   0.23805    0.24169    0.24637    0.25004    0.25322    0.25690    0.26025    0.26810
   0.45879    0.46316
 kpt#  57, nband= 50, wtk=  0.00926, kpt=  0.0000  0.0000  0.3333 (reduced coord)
  -1.94310   -1.94276   -1.94257   -1.94257   -0.80213   -0.80210   -0.80093   -0.79619
  -0.79604   -0.79287   -0.79262   -0.79253   -0.79016   -0.79011   -0.78789   -0.78789
  -0.37824   -0.34083   -0.32905   -0.32598   -0.32548   -0.31930   -0.31894   -0.30885
   0.08243    0.08248    0.10980    0.11088    0.11323    0.13430    0.13462    0.13538
   0.14319    0.14644    0.18267    0.18298    0.19746    0.21515    0.21966    0.22070
   0.22355    0.22851    0.24147    0.24281    0.26557    0.26607    0.26836    0.26838
   0.45733    0.46646
 kpt#  58, nband= 50, wtk=  0.00926, kpt=  0.1667  0.0000  0.3333 (reduced coord)
  -1.94306   -1.94275   -1.94260   -1.94258   -0.80174   -0.80135   -0.80083   -0.79692
  -0.79560   -0.79387   -0.79217   -0.79180   -0.79095   -0.79013   -0.78839   -0.78791
  -0.37470   -0.33994   -0.32831   -0.32721   -0.32467   -0.32323   -0.31970   -0.30998
   0.08663    0.09094    0.10456    0.11169    0.11959    0.13268    0.13750    0.14185
   0.14373    0.15036    0.17119    0.17744    0.20077    0.20617    0.22046    0.22204
   0.22836    0.23457    0.23656    0.23823    0.25960    0.25996    0.26365    0.26581
   0.46302    0.47010
 kpt#  59, nband= 50, wtk=  0.00926, kpt=  0.3333  0.0000  0.3333 (reduced coord)
  -1.94296   -1.94271   -1.94270   -1.94262   -0.80054   -0.80045   -0.79939   -0.79819
  -0.79611   -0.79416   -0.79316   -0.79103   -0.79065   -0.79057   -0.78946   -0.78834
  -0.36478   -0.33741   -0.33559   -0.32989   -0.32634   -0.32243   -0.32030   -0.31302
   0.09796    0.10722    0.11110    0.11441    0.11939    0.13083    0.13524    0.14250
   0.15110    0.15630    0.17259    0.17398    0.19161    0.20185    0.20895    0.21646
   0.21918    0.23384    0.23622    0.24294    0.24975    0.25128    0.25727    0.26205
   0.47282    0.47484
 kpt#  60, nband= 50, wtk=  0.00926, kpt=  0.5000  0.0000  0.3333 (reduced coord)
  -1.94283   -1.94283   -1.94267   -1.94266   -0.79971   -0.79971   -0.79855   -0.79855
  -0.79615   -0.79615   -0.79222   -0.79222   -0.79011   -0.79011   -0.78939   -0.78939
  -0.35061   -0.35061   -0.33381   -0.33381   -0.32389   -0.32389   -0.31707   -0.31707
   0.11083    0.11084    0.11673    0.11674    0.12114    0.12114    0.14537    0.14537
   0.14737    0.14737    0.18321    0.18321    0.19004    0.19004    0.20551    0.20551
   0.21658    0.21658    0.24540    0.24540    0.24725    0.24725    0.25762    0.25762
   0.47424    0.47623
 kpt#  61, nband= 50, wtk=  0.00926, kpt= -0.3333  0.0000  0.3333 (reduced coord)
  -1.94296   -1.94271   -1.94270   -1.94262   -0.80054   -0.80045   -0.79939   -0.79819
  -0.79611   -0.79416   -0.79316   -0.79103   -0.79065   -0.79057   -0.78946   -0.78834
  -0.36478   -0.33741   -0.33559   -0.32989   -0.32634   -0.32243   -0.32030   -0.31302
   0.09796    0.10721    0.11110    0.11441    0.11938    0.13083    0.13524    0.14250
   0.15110    0.15630    0.17259    0.17398    0.19161    0.20185    0.20895    0.21646
   0.21918    0.23384    0.23622    0.24294    0.24975    0.25128    0.25726    0.26205
   0.47330    0.47499
 kpt#  62, nband= 50, wtk=  0.00926, kpt= -0.1667  0.0000  0.3333 (reduced coord)
  -1.94306   -1.94275   -1.94260   -1.94258   -0.80174   -0.80135   -0.80083   -0.79692
  -0.79560   -0.79387   -0.79217   -0.79180   -0.79095   -0.79013   -0.78839   -0.78791
  -0.37470   -0.33994   -0.32831   -0.32721   -0.32467   -0.32322   -0.31970   -0.30998
   0.08663    0.09094    0.10456    0.11169    0.11959    0.13268    0.13750    0.14185
   0.14373    0.15036    0.17119    0.17744    0.20077    0.20617    0.22046    0.22204
   0.22836    0.23457    0.23656    0.23823    0.25960    0.25996    0.26365    0.26581
   0.46302    0.46998
 kpt#  63, nband= 50, wtk=  0.00926, kpt=  0.0000  0.1667  0.3333 (reduced coord)
  -1.94306   -1.94275   -1.94260   -1.94258   -0.80173   -0.80133   -0.80082   -0.79698
  -0.79557   -0.79384   -0.79213   -0.79184   -0.79095   -0.79020   -0.78837   -0.78790
  -0.37472   -0.33993   -0.32828   -0.32716   -0.32431   -0.32402   -0.31932   -0.30999
   0.08671    0.09076    0.10406    0.11387    0.11806    0.13353    0.13686    0.14065
   0.14539    0.14966    0.17056    0.17820    0.19973    0.20545    0.22199    0.22271
   0.23003    0.23454    0.23548    0.23638    0.25921    0.26044    0.26450    0.26579
   0.46243    0.46724
 kpt#  64, nband= 50, wtk=  0.00926, kpt=  0.1667  0.1667  0.3333 (reduced coord)
  -1.94303   -1.94274   -1.94261   -1.94261   -0.80171   -0.80152   -0.80096   -0.79578
  -0.79563   -0.79494   -0.79183   -0.79174   -0.79142   -0.78991   -0.78841   -0.78792
  -0.37172   -0.34045   -0.33013   -0.32865   -0.32648   -0.32093   -0.31952   -0.31076
   0.09355    0.09554    0.10349    0.11580    0.12036    0.13558    0.13827    0.14368
   0.14496    0.15539    0.16394    0.16559    0.20335    0.21550    0.21928    0.22039
   0.23028    0.23139    0.23523    0.23557    0.25370    0.25636    0.25799    0.26047
   0.46419    0.47050
 kpt#  65, nband= 50, wtk=  0.00926, kpt=  0.3333  0.1667  0.3333 (reduced coord)
  -1.94294   -1.94271   -1.94270   -1.94264   -0.80168   -0.80127   -0.80113   -0.79734
  -0.79546   -0.79322   -0.79321   -0.79088   -0.79047   -0.78993   -0.78901   -0.78833
  -0.36331   -0.34045   -0.33861   -0.33445   -0.32299   -0.31989   -0.31785   -0.31287
   0.10411    0.10814    0.11327    0.11811    0.12169    0.13478    0.13884    0.14246
   0.15094    0.15197    0.15929    0.17486    0.20014    0.20582    0.21060    0.22144
   0.22440    0.23075    0.23356    0.23661    0.24360    0.24613    0.25150    0.25745
   0.46693    0.47772
 kpt#  66, nband= 50, wtk=  0.00926, kpt=  0.5000  0.1667  0.3333 (reduced coord)
  -1.94282   -1.94282   -1.94268   -1.94268   -0.80153   -0.80153   -0.79968   -0.79968
  -0.79454   -0.79454   -0.79096   -0.79095   -0.78986   -0.78986   -0.78944   -0.78944
  -0.35126   -0.35126   -0.33848   -0.33848   -0.32028   -0.32028   -0.31563   -0.31563
   0.11443    0.11443    0.11944    0.11944    0.12419    0.12419    0.13987    0.13987
   0.15326    0.15327    0.17258    0.17258    0.19990    0.19990    0.20754    0.20755
   0.22079    0.22079    0.23930    0.23931    0.24075    0.24075    0.25475    0.25475
   0.47072    0.47075
 kpt#  67, nband= 50, wtk=  0.00926, kpt= -0.3333  0.1667  0.3333 (reduced coord)
  -1.94294   -1.94271   -1.94270   -1.94264   -0.80168   -0.80127   -0.80113   -0.79734
  -0.79546   -0.79322   -0.79321   -0.79088   -0.79047   -0.78993   -0.78901   -0.78833
  -0.36331   -0.34045   -0.33862   -0.33445   -0.32299   -0.31989   -0.31785   -0.31287
   0.10411    0.10814    0.11327    0.11811    0.12169    0.13478    0.13884    0.14246
   0.15094    0.15197    0.15929    0.17486    0.20014    0.20582    0.21060    0.22144
   0.22440    0.23075    0.23356    0.23661    0.24360    0.24614    0.25150    0.25745
   0.46691    0.47586
 kpt#  68, nband= 50, wtk=  0.00926, kpt= -0.1667  0.1667  0.3333 (reduced coord)
  -1.94303   -1.94274   -1.94261   -1.94261   -0.80171   -0.80152   -0.80096   -0.79578
  -0.79563   -0.79494   -0.79183   -0.79174   -0.79142   -0.78991   -0.78841   -0.78792
  -0.37172   -0.34045   -0.33013   -0.32865   -0.32648   -0.32093   -0.31952   -0.31077
   0.09355    0.09554    0.10349    0.11580    0.12036    0.13558    0.13827    0.14368
   0.14496    0.15539    0.16394    0.16559    0.20335    0.21549    0.21928    0.22040
   0.23028    0.23139    0.23523    0.23557    0.25370    0.25636    0.25799    0.26047
   0.46419    0.47044
 kpt#  69, nband= 50, wtk=  0.00926, kpt=  0.0000  0.3333  0.3333 (reduced coord)
  -1.94296   -1.94271   -1.94270   -1.94262   -0.80050   -0.80044   -0.79920   -0.79843
  -0.79605   -0.79418   -0.79321   -0.79088   -0.79078   -0.79069   -0.78937   -0.78834
  -0.36486   -0.33737   -0.33577   -0.33004   -0.32624   -0.32135   -0.32104   -0.31307
   0.09784    0.10711    0.11095    0.11608    0.11881    0.13199    0.13445    0.14152
   0.15054    0.15610    0.17314    0.17465    0.19147    0.19912    0.21184    0.21586
   0.21872    0.23403    0.23551    0.24163    0.24948    0.25284    0.25871    0.26214
   0.46836    0.47207
 kpt#  70, nband= 50, wtk=  0.00926, kpt=  0.1667  0.3333  0.3333 (reduced coord)
  -1.94294   -1.94271   -1.94270   -1.94264   -0.80169   -0.80126   -0.80107   -0.79730
  -0.79554   -0.79326   -0.79320   -0.79085   -0.79049   -0.78995   -0.78900   -0.78832
  -0.36337   -0.34042   -0.33870   -0.33450   -0.32290   -0.31922   -0.31837   -0.31293
   0.10397    0.10817    0.11344    0.11886    0.12166    0.13413    0.13944    0.14190
   0.15039    0.15196    0.15954    0.17525    0.19845    0.20636    0.21266    0.22112
   0.22264    0.23136    0.23208    0.23593    0.24497    0.24637    0.25240    0.25780
   0.46308    0.47169
 kpt#  71, nband= 50, wtk=  0.00926, kpt=  0.3333  0.3333  0.3333 (reduced coord)
  -1.94288   -1.94271   -1.94270   -1.94270   -0.80269   -0.80259   -0.80255   -0.79994
  -0.79270   -0.79240   -0.79214   -0.79021   -0.78980   -0.78956   -0.78898   -0.78808
  -0.35892   -0.34422   -0.34333   -0.34277   -0.31825   -0.31602   -0.31549   -0.31279
   0.11354    0.11696    0.11897    0.12056    0.12869    0.13962    0.14115    0.14432
   0.14861    0.15031    0.15183    0.18378    0.19290    0.21395    0.21596    0.21963
   0.22153    0.22480    0.22730    0.22800    0.23201    0.24121    0.24551    0.25256
   0.46062    0.47254
 kpt#  72, nband= 50, wtk=  0.00926, kpt=  0.5000  0.3333  0.3333 (reduced coord)
  -1.94279   -1.94279   -1.94271   -1.94271   -0.80318   -0.80317   -0.80200   -0.80200
  -0.79228   -0.79228   -0.79030   -0.79030   -0.78918   -0.78918   -0.78883   -0.78883
  -0.35180   -0.35180   -0.34529   -0.34528   -0.31576   -0.31576   -0.31341   -0.31341
   0.12019    0.12019    0.12254    0.12254    0.13251    0.13251    0.14039    0.14039
   0.15474    0.15474    0.17068    0.17068    0.20081    0.20081    0.21255    0.21255
   0.21994    0.21994    0.22324    0.22324    0.23785    0.23785    0.24975    0.24976
   0.46386    0.46407
 kpt#  73, nband= 50, wtk=  0.00926, kpt= -0.3333  0.3333  0.3333 (reduced coord)
  -1.94288   -1.94271   -1.94270   -1.94270   -0.80269   -0.80259   -0.80255   -0.79994
  -0.79270   -0.79240   -0.79214   -0.79021   -0.78980   -0.78956   -0.78898   -0.78808
  -0.35892   -0.34422   -0.34333   -0.34277   -0.31825   -0.31603   -0.31548   -0.31280
   0.11354    0.11696    0.11897    0.12056    0.12869    0.13962    0.14115    0.14432
   0.14861    0.15031    0.15183    0.18378    0.19290    0.21395    0.21596    0.21963
   0.22153    0.22480    0.22730    0.22800    0.23201    0.24122    0.24551    0.25256
   0.46061    0.46887
 kpt#  74, nband= 50, wtk=  0.00926, kpt= -0.1667  0.3333  0.3333 (reduced coord)
  -1.94294   -1.94271   -1.94270   -1.94264   -0.80169   -0.80126   -0.80107   -0.79730
  -0.79554   -0.79326   -0.79320   -0.79085   -0.79049   -0.78995   -0.78900   -0.78832
  -0.36337   -0.34042   -0.33870   -0.33450   -0.32290   -0.31922   -0.31837   -0.31293
   0.10397    0.10817    0.11344    0.11886    0.12166    0.13413    0.13944    0.14190
   0.15039    0.15196    0.15954    0.17525    0.19845    0.20636    0.21266    0.22112
   0.22264    0.23136    0.23208    0.23593    0.24497    0.24637    0.25240    0.25780
   0.46308    0.47176
 kpt#  75, nband= 50, wtk=  0.00926, kpt=  0.0000  0.5000  0.3333 (reduced coord)
  -1.94283   -1.94283   -1.94267   -1.94266   -0.79965   -0.79965   -0.79849   -0.79849
  -0.79624   -0.79624   -0.79230   -0.79230   -0.79001   -0.79001   -0.78944   -0.78944
  -0.35078   -0.35078   -0.33379   -0.33379   -0.32357   -0.32356   -0.31724   -0.31724
   0.11084    0.11084    0.11905    0.11905    0.11918    0.11918    0.14586    0.14587
   0.14593    0.14593    0.18354    0.18355    0.19142    0.19143    0.20538    0.20539
   0.21442    0.21442    0.24296    0.24297    0.25151    0.25151    0.25727    0.25727
   0.46875    0.46883
 kpt#  76, nband= 50, wtk=  0.00926, kpt=  0.1667  0.5000  0.3333 (reduced coord)
  -1.94282   -1.94282   -1.94268   -1.94268   -0.80153   -0.80153   -0.79963   -0.79962
  -0.79462   -0.79462   -0.79096   -0.79096   -0.78982   -0.78982   -0.78946   -0.78946
  -0.35139   -0.35138   -0.33845   -0.33845   -0.31994   -0.31994   -0.31587   -0.31586
   0.11453    0.11453    0.12029    0.12030    0.12365    0.12365    0.13939    0.13940
   0.15285    0.15285    0.17295    0.17296    0.20278    0.20278    0.20534    0.20534
   0.21872    0.21872    0.23736    0.23737    0.24428    0.24429    0.25490    0.25491
   0.46519    0.46520
 kpt#  77, nband= 50, wtk=  0.00926, kpt=  0.3333  0.5000  0.3333 (reduced coord)
  -1.94279   -1.94279   -1.94271   -1.94271   -0.80318   -0.80318   -0.80198   -0.80198
  -0.79232   -0.79232   -0.79024   -0.79024   -0.78925   -0.78925   -0.78879   -0.78879
  -0.35185   -0.35185   -0.34526   -0.34526   -0.31553   -0.31553   -0.31361   -0.31361
   0.12032    0.12032    0.12256    0.12256    0.13278    0.13279    0.13987    0.13987
   0.15467    0.15467    0.17087    0.17088    0.20152    0.20153    0.21261    0.21261
   0.21719    0.21719    0.22440    0.22440    0.23865    0.23865    0.24986    0.24987
   0.46061    0.46061
 kpt#  78, nband= 50, wtk=  0.00926, kpt=  0.5000  0.5000  0.3333 (reduced coord)
  -1.94275   -1.94275   -1.94275   -1.94275   -0.80336   -0.80336   -0.80336   -0.80336
  -0.79095   -0.79095   -0.79095   -0.79095   -0.78851   -0.78850   -0.78850   -0.78850
  -0.35005   -0.35005   -0.35004   -0.35004   -0.31322   -0.31322   -0.31322   -0.31322
   0.12244    0.12245    0.12245    0.12245    0.13969    0.13969    0.13969    0.13969
   0.16519    0.16519    0.16519    0.16519    0.20493    0.20493    0.20494    0.20494
   0.21487    0.21487    0.21487    0.21487    0.24561    0.24562    0.24562    0.24562
   0.46224    0.46224
 kpt#  79, nband= 50, wtk=  0.00926, kpt= -0.3333  0.5000  0.3333 (reduced coord)
  -1.94279   -1.94279   -1.94271   -1.94271   -0.80318   -0.80318   -0.80198   -0.80198
  -0.79232   -0.79232   -0.79024   -0.79024   -0.78925   -0.78925   -0.78879   -0.78879
  -0.35185   -0.35184   -0.34526   -0.34526   -0.31553   -0.31553   -0.31361   -0.31361
   0.12032    0.12032    0.12256    0.12256    0.13279    0.13279    0.13987    0.13987
   0.15467    0.15467    0.17087    0.17087    0.20152    0.20153    0.21261    0.21261
   0.21718    0.21719    0.22440    0.22440    0.23865    0.23865    0.24986    0.24987
   0.46061    0.46061
 kpt#  80, nband= 50, wtk=  0.00926, kpt= -0.1667  0.5000  0.3333 (reduced coord)
  -1.94282   -1.94282   -1.94268   -1.94268   -0.80153   -0.80153   -0.79963   -0.79962
  -0.79462   -0.79462   -0.79096   -0.79096   -0.78982   -0.78982   -0.78946   -0.78946
  -0.35139   -0.35138   -0.33846   -0.33845   -0.31994   -0.31994   -0.31587   -0.31586
   0.11453    0.11453    0.12030    0.12030    0.12365    0.12365    0.13939    0.13940
   0.15285    0.15285    0.17295    0.17296    0.20278    0.20278    0.20534    0.20534
   0.21872    0.21872    0.23736    0.23737    0.24429    0.24429    0.25490    0.25491
   0.46519    0.46521
 kpt#  81, nband= 50, wtk=  0.00926, kpt=  0.0000 -0.3333  0.3333 (reduced coord)
  -1.94296   -1.94271   -1.94270   -1.94262   -0.80050   -0.80044   -0.79920   -0.79843
  -0.79605   -0.79418   -0.79321   -0.79088   -0.79078   -0.79069   -0.78937   -0.78834
  -0.36486   -0.33737   -0.33577   -0.33004   -0.32624   -0.32135   -0.32104   -0.31307
   0.09784    0.10711    0.11095    0.11608    0.11881    0.13199    0.13445    0.14152
   0.15054    0.15610    0.17314    0.17465    0.19147    0.19912    0.21184    0.21586
   0.21872    0.23403    0.23551    0.24163    0.24948    0.25284    0.25871    0.26214
   0.46833    0.47174
 kpt#  82, nband= 50, wtk=  0.00926, kpt=  0.1667 -0.3333  0.3333 (reduced coord)
  -1.94294   -1.94271   -1.94270   -1.94264   -0.80169   -0.80126   -0.80107   -0.79730
  -0.79554   -0.79326   -0.79320   -0.79085   -0.79049   -0.78995   -0.78900   -0.78832
  -0.36337   -0.34042   -0.33870   -0.33450   -0.32290   -0.31922   -0.31837   -0.31293
   0.10397    0.10817    0.11344    0.11886    0.12166    0.13413    0.13944    0.14190
   0.15039    0.15196    0.15954    0.17525    0.19845    0.20636    0.21266    0.22112
   0.22264    0.23136    0.23208    0.23593    0.24497    0.24637    0.25240    0.25780
   0.46309    0.47161
 kpt#  83, nband= 50, wtk=  0.00926, kpt=  0.3333 -0.3333  0.3333 (reduced coord)
  -1.94288   -1.94271   -1.94270   -1.94270   -0.80269   -0.80259   -0.80255   -0.79994
  -0.79270   -0.79240   -0.79214   -0.79021   -0.78980   -0.78956   -0.78898   -0.78808
  -0.35892   -0.34422   -0.34333   -0.34277   -0.31825   -0.31602   -0.31549   -0.31279
   0.11354    0.11696    0.11897    0.12056    0.12869    0.13962    0.14115    0.14432
   0.14861    0.15031    0.15183    0.18378    0.19290    0.21395    0.21596    0.21963
   0.22153    0.22480    0.22730    0.22800    0.23201    0.24121    0.24551    0.25256
   0.46061    0.46868
 kpt#  84, nband= 50, wtk=  0.00926, kpt=  0.5000 -0.3333  0.3333 (reduced coord)
  -1.94279   -1.94279   -1.94271   -1.94271   -0.80318   -0.80317   -0.80200   -0.80200
  -0.79228   -0.79228   -0.79030   -0.79030   -0.78918   -0.78918   -0.78883   -0.78883
  -0.35180   -0.35180   -0.34529   -0.34528   -0.31576   -0.31576   -0.31341   -0.31341
   0.12019    0.12019    0.12254    0.12254    0.13251    0.13251    0.14039    0.14039
   0.15474    0.15474    0.17068    0.17068    0.20081    0.20081    0.21255    0.21255
   0.21994    0.21994    0.22324    0.22324    0.23785    0.23785    0.24975    0.24976
   0.46387    0.46622
 kpt#  85, nband= 50, wtk=  0.00926, kpt= -0.3333 -0.3333  0.3333 (reduced coord)
  -1.94288   -1.94271   -1.94270   -1.94270   -0.80269   -0.80259   -0.80255   -0.79994
  -0.79270   -0.79240   -0.79214   -0.79021   -0.78980   -0.78956   -0.78898   -0.78808
  -0.35892   -0.34422   -0.34333   -0.34277   -0.31825   -0.31603   -0.31548   -0.31280
   0.11354    0.11696    0.11897    0.12056    0.12869    0.13962    0.14115    0.14432
   0.14861    0.15031    0.15183    0.18378    0.19290    0.21395    0.21596    0.21963
   0.22153    0.22480    0.22730    0.22800    0.23201    0.24122    0.24551    0.25256
   0.46061    0.46874
 kpt#  86, nband= 50, wtk=  0.00926, kpt= -0.1667 -0.3333  0.3333 (reduced coord)
  -1.94294   -1.94271   -1.94270   -1.94264   -0.80169   -0.80126   -0.80107   -0.79730
  -0.79554   -0.79326   -0.79320   -0.79085   -0.79049   -0.78995   -0.78900   -0.78832
  -0.36337   -0.34042   -0.33870   -0.33450   -0.32290   -0.31922   -0.31837   -0.31293
   0.10397    0.10817    0.11344    0.11886    0.12166    0.13413    0.13944    0.14190
   0.15039    0.15196    0.15954    0.17525    0.19845    0.20636    0.21266    0.22112
   0.22264    0.23136    0.23208    0.23593    0.24497    0.24637    0.25240    0.25780
   0.46308    0.47150
 kpt#  87, nband= 50, wtk=  0.00926, kpt=  0.0000 -0.1667  0.3333 (reduced coord)
  -1.94306   -1.94275   -1.94260   -1.94258   -0.80173   -0.80133   -0.80082   -0.79698
  -0.79557   -0.79384   -0.79213   -0.79184   -0.79095   -0.79020   -0.78837   -0.78790
  -0.37472   -0.33993   -0.32828   -0.32716   -0.32431   -0.32402   -0.31932   -0.30999
   0.08671    0.09076    0.10406    0.11387    0.11806    0.13353    0.13686    0.14065
   0.14539    0.14966    0.17056    0.17820    0.19973    0.20545    0.22199    0.22271
   0.23003    0.23454    0.23548    0.23638    0.25921    0.26044    0.26450    0.26579
   0.46243    0.46724
 kpt#  88, nband= 50, wtk=  0.00926, kpt=  0.1667 -0.1667  0.3333 (reduced coord)
  -1.94303   -1.94274   -1.94261   -1.94261   -0.80171   -0.80152   -0.80096   -0.79578
  -0.79563   -0.79494   -0.79183   -0.79174   -0.79142   -0.78991   -0.78841   -0.78792
  -0.37172   -0.34045   -0.33013   -0.32865   -0.32648   -0.32093   -0.31952   -0.31076
   0.09355    0.09554    0.10349    0.11580    0.12036    0.13558    0.13827    0.14368
   0.14496    0.15539    0.16394    0.16559    0.20335    0.21550    0.21928    0.22039
   0.23028    0.23139    0.23523    0.23557    0.25370    0.25636    0.25799    0.26047
   0.46419    0.47046
 kpt#  89, nband= 50, wtk=  0.00926, kpt=  0.3333 -0.1667  0.3333 (reduced coord)
  -1.94294   -1.94271   -1.94270   -1.94264   -0.80168   -0.80127   -0.80113   -0.79734
  -0.79546   -0.79322   -0.79321   -0.79088   -0.79047   -0.78993   -0.78901   -0.78833
  -0.36331   -0.34045   -0.33861   -0.33445   -0.32299   -0.31989   -0.31785   -0.31287
   0.10411    0.10814    0.11327    0.11811    0.12169    0.13478    0.13884    0.14246
   0.15094    0.15197    0.15929    0.17486    0.20014    0.20582    0.21060    0.22144
   0.22440    0.23075    0.23356    0.23661    0.24360    0.24613    0.25150    0.25745
   0.46693    0.47543
 kpt#  90, nband= 50, wtk=  0.00926, kpt=  0.5000 -0.1667  0.3333 (reduced coord)
  -1.94282   -1.94282   -1.94268   -1.94268   -0.80153   -0.80153   -0.79968   -0.79968
  -0.79454   -0.79454   -0.79096   -0.79095   -0.78986   -0.78986   -0.78944   -0.78944
  -0.35126   -0.35126   -0.33848   -0.33848   -0.32028   -0.32028   -0.31563   -0.31563
   0.11443    0.11443    0.11944    0.11944    0.12419    0.12419    0.13987    0.13987
   0.15326    0.15327    0.17258    0.17258    0.19990    0.19990    0.20754    0.20755
   0.22079    0.22079    0.23930    0.23931    0.24075    0.24075    0.25475    0.25475
   0.47073    0.47109
 kpt#  91, nband= 50, wtk=  0.00926, kpt= -0.3333 -0.1667  0.3333 (reduced coord)
  -1.94294   -1.94271   -1.94270   -1.94264   -0.80168   -0.80127   -0.80113   -0.79734
  -0.79546   -0.79322   -0.79321   -0.79088   -0.79047   -0.78993   -0.78901   -0.78833
  -0.36331   -0.34045   -0.33862   -0.33445   -0.32299   -0.31989   -0.31785   -0.31287
   0.10411    0.10814    0.11327    0.11811    0.12169    0.13478    0.13884    0.14246
   0.15094    0.15197    0.15929    0.17486    0.20014    0.20582    0.21060    0.22144
   0.22440    0.23075    0.23356    0.23661    0.24360    0.24614    0.25150    0.25745
   0.46691    0.47564
 kpt#  92, nband= 50, wtk=  0.00926, kpt= -0.1667 -0.1667  0.3333 (reduced coord)
  -1.94303   -1.94274   -1.94261   -1.94261   -0.80171   -0.80152   -0.80096   -0.79578
  -0.79563   -0.79494   -0.79183   -0.79174   -0.79142   -0.78991   -0.78841   -0.78792
  -0.37172   -0.34045   -0.33013   -0.32865   -0.32648   -0.32093   -0.31952   -0.31077
   0.09355    0.09554    0.10349    0.11580    0.12036    0.13558    0.13827    0.14368
   0.14496    0.15539    0.16394    0.16559    0.20335    0.21549    0.21928    0.22040
   0.23028    0.23139    0.23523    0.23557    0.25370    0.25636    0.25799    0.26047
   0.46419    0.47044
 kpt#  93, nband= 50, wtk=  0.00463, kpt=  0.0000  0.0000  0.5000 (reduced coord)
  -1.94293   -1.94293   -1.94257   -1.94257   -0.79916   -0.79916   -0.79911   -0.79911
  -0.79697   -0.79697   -0.79262   -0.79262   -0.78912   -0.78912   -0.78894   -0.78894
  -0.36028   -0.36027   -0.32248   -0.32247   -0.32227   -0.32226   -0.31927   -0.31926
   0.10649    0.10650    0.10708    0.10708    0.12162    0.12162    0.13007    0.13007
   0.15059    0.15059    0.17723    0.17723    0.20128    0.20129    0.20261    0.20261
   0.21946    0.21947    0.24697    0.24697    0.26779    0.26779    0.26929    0.26929
   0.47017    0.47020
 kpt#  94, nband= 50, wtk=  0.00926, kpt=  0.1667  0.0000  0.5000 (reduced coord)
  -1.94291   -1.94291   -1.94259   -1.94259   -0.79950   -0.79949   -0.79838   -0.79838
  -0.79748   -0.79748   -0.79198   -0.79197   -0.78979   -0.78979   -0.78887   -0.78886
  -0.35801   -0.35801   -0.32537   -0.32537   -0.32195   -0.32195   -0.31942   -0.31941
   0.10814    0.10814    0.11380    0.11381    0.12082    0.12082    0.12820    0.12820
   0.15781    0.15782    0.18222    0.18222    0.18905    0.18905    0.19846    0.19846
   0.23038    0.23038    0.23946    0.23946    0.26259    0.26259    0.26379    0.26379
   0.47272    0.47277
 kpt#  95, nband= 50, wtk=  0.00926, kpt=  0.3333  0.0000  0.5000 (reduced coord)
  -1.94284   -1.94284   -1.94266   -1.94266   -0.79976   -0.79976   -0.79855   -0.79855
  -0.79661   -0.79660   -0.79164   -0.79164   -0.79065   -0.79065   -0.78890   -0.78890
  -0.35162   -0.35162   -0.33287   -0.33287   -0.32132   -0.32132   -0.31985   -0.31985
   0.11128    0.11128    0.11781    0.11781    0.12969    0.12970    0.13079    0.13080
   0.16929    0.16929    0.17542    0.17542    0.18964    0.18964    0.19658    0.19658
   0.21701    0.21701    0.23961    0.23961    0.24995    0.24995    0.25753    0.25753
   0.47457    0.47531
 kpt#  96, nband= 50, wtk=  0.00463, kpt=  0.5000  0.0000  0.5000 (reduced coord)
  -1.94275   -1.94275   -1.94275   -1.94275   -0.79945   -0.79945   -0.79945   -0.79945
  -0.79415   -0.79415   -0.79415   -0.79414   -0.78949   -0.78949   -0.78949   -0.78949
  -0.34252   -0.34252   -0.34252   -0.34251   -0.32055   -0.32055   -0.32055   -0.32055
   0.11453    0.11453    0.11453    0.11453    0.13639    0.13639    0.13640    0.13640
   0.17632    0.17632    0.17632    0.17632    0.18735    0.18735    0.18736    0.18736
   0.22226    0.22226    0.22226    0.22226    0.25261    0.25261    0.25261    0.25261
   0.47421    0.47421
 kpt#  97, nband= 50, wtk=  0.00926, kpt=  0.0000  0.1667  0.5000 (reduced coord)
  -1.94291   -1.94291   -1.94259   -1.94259   -0.79941   -0.79941   -0.79848   -0.79848
  -0.79747   -0.79746   -0.79197   -0.79197   -0.78985   -0.78985   -0.78882   -0.78882
  -0.35803   -0.35802   -0.32562   -0.32561   -0.32171   -0.32170   -0.31939   -0.31939
   0.10762    0.10762    0.11438    0.11438    0.12122    0.12122    0.12821    0.12821
   0.15640    0.15640    0.18315    0.18315    0.18867    0.18867    0.19881    0.19881
   0.23028    0.23029    0.23948    0.23948    0.26263    0.26263    0.26399    0.26399
   0.47074    0.47074
 kpt#  98, nband= 50, wtk=  0.00926, kpt=  0.1667  0.1667  0.5000 (reduced coord)
  -1.94289   -1.94288   -1.94261   -1.94261   -0.80076   -0.80071   -0.79882   -0.79758
  -0.79668   -0.79661   -0.79157   -0.79155   -0.79073   -0.78926   -0.78893   -0.78877
  -0.35674   -0.35624   -0.33013   -0.32969   -0.31988   -0.31958   -0.31942   -0.31858
   0.10993    0.11102    0.11907    0.11996    0.12019    0.12217    0.12529    0.13203
   0.15431    0.16791    0.17448    0.17449    0.18591    0.18731    0.20783    0.20870
   0.23035    0.23058    0.23068    0.24064    0.25538    0.25624    0.25697    0.26004
   0.46611    0.48186
 kpt#  99, nband= 50, wtk=  0.00926, kpt=  0.3333  0.1667  0.5000 (reduced coord)
  -1.94283   -1.94283   -1.94267   -1.94267   -0.80177   -0.80121   -0.80055   -0.79900
  -0.79479   -0.79404   -0.79184   -0.79061   -0.79044   -0.79002   -0.78894   -0.78876
  -0.35250   -0.35160   -0.33776   -0.33691   -0.31918   -0.31868   -0.31759   -0.31758
   0.11401    0.11657    0.11988    0.11998    0.12923    0.12989    0.13290    0.13831
   0.15753    0.16115    0.16572    0.18232    0.19545    0.19611    0.20231    0.20824
   0.21237    0.22596    0.23460    0.23515    0.24139    0.24676    0.24697    0.25544
   0.46644    0.47817
 kpt# 100, nband= 50, wtk=  0.00926, kpt=  0.5000  0.1667  0.5000 (reduced coord)
  -1.94275   -1.94275   -1.94275   -1.94275   -0.80169   -0.80169   -0.80050   -0.80050
  -0.79323   -0.79323   -0.79168   -0.79168   -0.78958   -0.78958   -0.78930   -0.78929
  -0.34580   -0.34580   -0.34475   -0.34475   -0.31867   -0.31866   -0.31707   -0.31707
   0.11741    0.11741    0.11989    0.11989    0.13348    0.13348    0.13849    0.13849
   0.16558    0.16558    0.17238    0.17238    0.19765    0.19765    0.20248    0.20248
   0.21856    0.21857    0.21971    0.21972    0.24333    0.24333    0.25169    0.25169
   0.47035    0.47255
 kpt# 101, nband= 50, wtk=  0.00926, kpt= -0.3333  0.1667  0.5000 (reduced coord)
  -1.94283   -1.94283   -1.94267   -1.94267   -0.80177   -0.80121   -0.80055   -0.79900
  -0.79479   -0.79404   -0.79184   -0.79061   -0.79044   -0.79002   -0.78894   -0.78876
  -0.35250   -0.35160   -0.33776   -0.33691   -0.31918   -0.31868   -0.31759   -0.31758
   0.11401    0.11657    0.11988    0.11998    0.12923    0.12989    0.13290    0.13831
   0.15753    0.16115    0.16572    0.18232    0.19545    0.19611    0.20231    0.20824
   0.21237    0.22596    0.23460    0.23515    0.24139    0.24676    0.24697    0.25544
   0.46643    0.47775
 kpt# 102, nband= 50, wtk=  0.00926, kpt= -0.1667  0.1667  0.5000 (reduced coord)
  -1.94289   -1.94288   -1.94261   -1.94261   -0.80076   -0.80071   -0.79882   -0.79758
  -0.79668   -0.79661   -0.79157   -0.79155   -0.79073   -0.78926   -0.78893   -0.78877
  -0.35674   -0.35624   -0.33013   -0.32969   -0.31988   -0.31958   -0.31942   -0.31858
   0.10993    0.11102    0.11907    0.11996    0.12019    0.12217    0.12529    0.13203
   0.15431    0.16791    0.17448    0.17449    0.18591    0.18731    0.20783    0.20870
   0.23035    0.23058    0.23068    0.24064    0.25538    0.25624    0.25697    0.26004
   0.46611    0.48264
 kpt# 103, nband= 50, wtk=  0.00926, kpt=  0.0000  0.3333  0.5000 (reduced coord)
  -1.94284   -1.94284   -1.94266   -1.94266   -0.79968   -0.79968   -0.79851   -0.79851
  -0.79670   -0.79670   -0.79172   -0.79172   -0.79064   -0.79064   -0.78886   -0.78886
  -0.35169   -0.35169   -0.33309   -0.33308   -0.32109   -0.32109   -0.31976   -0.31976
   0.11098    0.11098    0.11846    0.11846    0.13013    0.13013    0.13065    0.13065
   0.16669    0.16669    0.17539    0.17540    0.18913    0.18913    0.19884    0.19884
   0.21676    0.21676    0.24004    0.24004    0.24994    0.24994    0.25792    0.25792
   0.47104    0.47165
 kpt# 104, nband= 50, wtk=  0.00926, kpt=  0.1667  0.3333  0.5000 (reduced coord)
  -1.94283   -1.94283   -1.94267   -1.94267   -0.80178   -0.80115   -0.80054   -0.79897
  -0.79489   -0.79401   -0.79190   -0.79063   -0.79040   -0.79006   -0.78892   -0.78874
  -0.35250   -0.35169   -0.33755   -0.33731   -0.31907   -0.31823   -0.31783   -0.31757
   0.11330    0.11712    0.12028    0.12034    0.12880    0.12976    0.13301    0.13944
   0.15709    0.15998    0.16560    0.17842    0.19686    0.19976    0.20291    0.20643
   0.21171    0.22558    0.23490    0.23582    0.24269    0.24602    0.24690    0.25599
   0.46283    0.47424
 kpt# 105, nband= 50, wtk=  0.00926, kpt=  0.3333  0.3333  0.5000 (reduced coord)
  -1.94279   -1.94279   -1.94270   -1.94270   -0.80313   -0.80311   -0.80267   -0.80122
  -0.79177   -0.79168   -0.79119   -0.79006   -0.78999   -0.78953   -0.78865   -0.78855
  -0.35255   -0.35154   -0.34448   -0.34424   -0.31641   -0.31469   -0.31451   -0.31440
   0.12226    0.12311    0.12384    0.12384    0.13165    0.13500    0.13747    0.13834
   0.15600    0.15610    0.16187    0.18744    0.19591    0.19633    0.21451    0.21621
   0.21859    0.22221    0.22456    0.22758    0.23147    0.23506    0.23698    0.24779
   0.46042    0.46975
 kpt# 106, nband= 50, wtk=  0.00926, kpt=  0.5000  0.3333  0.5000 (reduced coord)
  -1.94275   -1.94275   -1.94275   -1.94275   -0.80366   -0.80366   -0.80290   -0.80290
  -0.79107   -0.79107   -0.78996   -0.78996   -0.78917   -0.78917   -0.78889   -0.78889
  -0.35001   -0.35001   -0.34926   -0.34926   -0.31435   -0.31434   -0.31305   -0.31305
   0.12540    0.12540    0.12853    0.12853    0.13238    0.13238    0.13590    0.13590
   0.16403    0.16403    0.17243    0.17243    0.20401    0.20401    0.20421    0.20422
   0.21949    0.21949    0.22355    0.22355    0.22812    0.22812    0.24381    0.24381
   0.46487    0.46496
 kpt# 107, nband= 50, wtk=  0.00926, kpt= -0.3333  0.3333  0.5000 (reduced coord)
  -1.94279   -1.94279   -1.94270   -1.94270   -0.80313   -0.80311   -0.80267   -0.80122
  -0.79177   -0.79168   -0.79119   -0.79006   -0.78999   -0.78953   -0.78865   -0.78855
  -0.35255   -0.35154   -0.34448   -0.34424   -0.31641   -0.31469   -0.31451   -0.31440
   0.12226    0.12311    0.12384    0.12384    0.13165    0.13500    0.13747    0.13834
   0.15600    0.15610    0.16187    0.18744    0.19591    0.19633    0.21451    0.21621
   0.21859    0.22221    0.22456    0.22758    0.23147    0.23506    0.23698    0.24779
   0.46041    0.46978
 kpt# 108, nband= 50, wtk=  0.00926, kpt= -0.1667  0.3333  0.5000 (reduced coord)
  -1.94283   -1.94283   -1.94267   -1.94267   -0.80178   -0.80115   -0.80054   -0.79897
  -0.79489   -0.79401   -0.79190   -0.79063   -0.79040   -0.79006   -0.78892   -0.78874
  -0.35250   -0.35169   -0.33755   -0.33731   -0.31907   -0.31823   -0.31783   -0.31757
   0.11330    0.11712    0.12028    0.12034    0.12880    0.12976    0.13301    0.13944
   0.15709    0.15998    0.16560    0.17842    0.19686    0.19976    0.20291    0.20643
   0.21171    0.22558    0.23490    0.23582    0.24269    0.24602    0.24690    0.25599
   0.46283    0.47417
 kpt# 109, nband= 50, wtk=  0.00463, kpt=  0.0000  0.5000  0.5000 (reduced coord)
  -1.94275   -1.94275   -1.94275   -1.94275   -0.79939   -0.79939   -0.79939   -0.79939
  -0.79423   -0.79423   -0.79423   -0.79423   -0.78946   -0.78946   -0.78946   -0.78946
  -0.34266   -0.34266   -0.34266   -0.34266   -0.32039   -0.32038   -0.32038   -0.32038
   0.11471    0.11471    0.11471    0.11471    0.13640    0.13641    0.13641    0.13641
   0.17465    0.17465    0.17465    0.17466    0.18805    0.18806    0.18806    0.18807
   0.22294    0.22295    0.22295    0.22295    0.25288    0.25288    0.25288    0.25288
   0.47173    0.47173
 kpt# 110, nband= 50, wtk=  0.00926, kpt=  0.1667  0.5000  0.5000 (reduced coord)
  -1.94275   -1.94275   -1.94275   -1.94275   -0.80169   -0.80169   -0.80045   -0.80045
  -0.79332   -0.79332   -0.79169   -0.79169   -0.78959   -0.78958   -0.78926   -0.78926
  -0.34574   -0.34574   -0.34500   -0.34499   -0.31838   -0.31838   -0.31714   -0.31714
   0.11734    0.11734    0.12016    0.12016    0.13359    0.13359    0.13865    0.13865
   0.16479    0.16479    0.17181    0.17181    0.19593    0.19593    0.20347    0.20347
   0.21778    0.21778    0.22191    0.22191    0.24349    0.24349    0.25207    0.25207
   0.46540    0.46541
 kpt# 111, nband= 50, wtk=  0.00926, kpt=  0.3333  0.5000  0.5000 (reduced coord)
  -1.94275   -1.94275   -1.94275   -1.94275   -0.80367   -0.80367   -0.80288   -0.80288
  -0.79112   -0.79112   -0.78990   -0.78990   -0.78922   -0.78922   -0.78886   -0.78885
  -0.34992   -0.34992   -0.34940   -0.34940   -0.31418   -0.31418   -0.31316   -0.31316
   0.12510    0.12510    0.12844    0.12844    0.13277    0.13278    0.13618    0.13618
   0.16367    0.16367    0.17239    0.17239    0.20231    0.20231    0.20502    0.20502
   0.21888    0.21888    0.22448    0.22448    0.22905    0.22905    0.24374    0.24374
   0.46102    0.46102
 kpt# 112, nband= 50, wtk=  0.00463, kpt=  0.5000  0.5000  0.5000 (reduced coord)
  -1.94275   -1.94275   -1.94275   -1.94275   -0.80413   -0.80413   -0.80413   -0.80413
  -0.79014   -0.79014   -0.79014   -0.79014   -0.78848   -0.78848   -0.78848   -0.78848
  -0.35149   -0.35149   -0.35148   -0.35148   -0.31197   -0.31197   -0.31197   -0.31197
   0.12867    0.12867    0.12867    0.12867    0.13601    0.13601    0.13601    0.13601
   0.17053    0.17053    0.17054    0.17054    0.19946    0.19946    0.19946    0.19946
   0.22042    0.22042    0.22042    0.22042    0.23575    0.23576    0.23576    0.23576
   0.46381    0.46382
