 Fermi (or HOMO) energy (hartree) =   0.27662   Average Vxc (hartree)=  -0.44594
 Eigenvalues (hartree) for nkpt= 112  k points:
 kpt#   1, nband= 50, wtk=  0.00463, kpt=  0.0000  0.0000  0.0000 (reduced coord)
  -1.94306   -1.94240   -1.94237   -1.94237   -0.80502   -0.80492   -0.80464   -0.79364
  -0.79282   -0.79246   -0.79174   -0.79145   -0.79119   -0.78805   -0.78665   -0.78662
  -0.39522   -0.33819   -0.32999   -0.32874   -0.31887   -0.31656   -0.31551   -0.29868
   0.06064    0.06097    0.07224    0.09604    0.10329    0.10426    0.16022    0.16357
   0.16655    0.16979    0.17196    0.17199    0.21793    0.22363    0.22429    0.22937
   0.24372    0.25223    0.25286    0.25431    0.25441    0.26569    0.26943    0.27517
   0.44624    0.44653
 kpt#   2, nband= 50, wtk=  0.00926, kpt=  0.1667  0.0000  0.0000 (reduced coord)
  -1.94302   -1.94242   -1.94240   -1.94237   -0.80407   -0.80391   -0.80389   -0.79380
  -0.79343   -0.79245   -0.79192   -0.79155   -0.79134   -0.78830   -0.78800   -0.78702
  -0.39046   -0.33675   -0.32946   -0.32715   -0.32139   -0.31952   -0.31766   -0.30079
   0.06662    0.07070    0.07157    0.09841    0.10453    0.12041    0.14973    0.15239
   0.16086    0.16128    0.17187    0.17589    0.21353    0.21983    0.21989    0.22980
   0.24765    0.24842    0.25056    0.25544    0.25707    0.25940    0.27024    0.27554
   0.45281    0.45528
 kpt#   3, nband= 50, wtk=  0.00926, kpt=  0.3333  0.0000  0.0000 (reduced coord)
  -1.94289   -1.94254   -1.94239   -1.94237   -0.80182   -0.80172   -0.80078   -0.79602
  -0.79504   -0.79291   -0.79174   -0.79163   -0.79096   -0.79086   -0.78901   -0.78806
  -0.37717   -0.33826   -0.33288   -0.32638   -0.32450   -0.32132   -0.31896   -0.30641
   0.07824    0.08262    0.09901    0.10543    0.11319    0.12448    0.13407    0.13629
   0.14455    0.15370    0.18183    0.18370    0.18458    0.20626    0.20834    0.22961
   0.23532    0.23738    0.25406    0.25685    0.26471    0.26823    0.26997    0.27653
   0.46758    0.47188
 kpt#   4, nband= 50, wtk=  0.00463, kpt=  0.5000  0.0000  0.0000 (reduced coord)
  -1.94273   -1.94271   -1.94239   -1.94238   -0.79897   -0.79896   -0.79844   -0.79843
  -0.79633   -0.79632   -0.79230   -0.79229   -0.79002   -0.79001   -0.78947   -0.78946
  -0.35824   -0.35824   -0.32787   -0.32787   -0.32387   -0.32387   -0.31361   -0.31361
   0.09454    0.09455    0.11065    0.11065    0.11747    0.11747    0.12737    0.12738
   0.13970    0.13970    0.18844    0.18844    0.19512    0.19512    0.19884    0.19885
   0.23576    0.23577    0.25783    0.25784    0.26850    0.26850    0.27519    0.27519
   0.47958    0.48244
 kpt#   5, nband= 50, wtk=  0.00926, kpt=  0.0000  0.1667  0.0000 (reduced coord)
  -1.94302   -1.94242   -1.94239   -1.94237   -0.80416   -0.80390   -0.80381   -0.79423
  -0.79273   -0.79243   -0.79216   -0.79158   -0.79133   -0.78833   -0.78801   -0.78700
  -0.39049   -0.33663   -0.32807   -0.32800   -0.32264   -0.31947   -0.31698   -0.30097
   0.06643    0.07082    0.07130    0.09843    0.10625    0.11913    0.15132    0.15198
   0.16010    0.16224    0.17257    0.17448    0.21366    0.21818    0.22111    0.23790
   0.24039    0.24055    0.24859    0.25790    0.26043    0.26532    0.26719    0.27555
   0.45095    0.45391
 kpt#   6, nband= 50, wtk=  0.00926, kpt=  0.1667  0.1667  0.0000 (reduced coord)
  -1.94298   -1.94242   -1.94241   -1.94239   -0.80328   -0.80320   -0.80318   -0.79389
  -0.79382   -0.79347   -0.79175   -0.79141   -0.79085   -0.78972   -0.78864   -0.78682
  -0.38614   -0.33579   -0.32814   -0.32737   -0.32248   -0.32195   -0.31993   -0.30278
   0.07296    0.07603    0.07608    0.10013    0.10908    0.13056    0.14395    0.14419
   0.15841    0.16440    0.16470    0.17347    0.21003    0.21706    0.22145    0.22276
   0.24144    0.24843    0.24970    0.24983    0.25882    0.26149    0.26846    0.27573
   0.45492    0.46239
 kpt#   7, nband= 50, wtk=  0.00926, kpt=  0.3333  0.1667  0.0000 (reduced coord)
  -1.94286   -1.94253   -1.94242   -1.94240   -0.80148   -0.80121   -0.80080   -0.79627
  -0.79552   -0.79308   -0.79297   -0.79093   -0.79092   -0.79056   -0.78940   -0.78755
  -0.37397   -0.33831   -0.33356   -0.32798   -0.32481   -0.32121   -0.31968   -0.30762
   0.08169    0.09064    0.10226    0.10552    0.11765    0.12388    0.13155    0.13819
   0.14832    0.15999    0.17456    0.18068    0.18752    0.20246    0.20551    0.22718
   0.23187    0.23481    0.24710    0.25176    0.26379    0.26774    0.26809    0.27620
   0.46374    0.47493
 kpt#   8, nband= 50, wtk=  0.00926, kpt=  0.5000  0.1667  0.0000 (reduced coord)
  -1.94270   -1.94269   -1.94241   -1.94240   -0.79901   -0.79900   -0.79865   -0.79865
  -0.79686   -0.79685   -0.79180   -0.79179   -0.79023   -0.79022   -0.78898   -0.78898
  -0.35662   -0.35662   -0.33060   -0.33060   -0.32305   -0.32305   -0.31392   -0.31392
   0.09864    0.09864    0.11414    0.11415    0.11474    0.11474    0.13151    0.13151
   0.14592    0.14593    0.18757    0.18757    0.18808    0.18809    0.20095    0.20096
   0.23147    0.23148    0.25105    0.25106    0.26619    0.26620    0.27451    0.27452
   0.47221    0.47276
 kpt#   9, nband= 50, wtk=  0.00926, kpt= -0.3333  0.1667  0.0000 (reduced coord)
  -1.94286   -1.94253   -1.94242   -1.94240   -0.80148   -0.80121   -0.80080   -0.79627
  -0.79552   -0.79308   -0.79297   -0.79093   -0.79092   -0.79056   -0.78940   -0.78755
  -0.37397   -0.33831   -0.33356   -0.32798   -0.32481   -0.32121   -0.31968   -0.30762
   0.08169    0.09064    0.10226    0.10552    0.11765    0.12388    0.13155    0.13819
   0.14832    0.15999    0.17456    0.18068    0.18752    0.20246    0.20551    0.22718
   0.23187    0.23481    0.24710    0.25176    0.26379    0.26774    0.26809    0.27620
   0.46374    0.47477
 kpt#  10, nband= 50, wtk=  0.00926, kpt= -0.1667  0.1667  0.0000 (reduced coord)
  -1.94298   -1.94242   -1.94241   -1.94239   -0.80328   -0.80320   -0.80318   -0.79389
  -0.79382   -0.79347   -0.79175   -0.79141   -0.79085   -0.78972   -0.78864   -0.78682
  -0.38614   -0.33579   -0.32814   -0.32737   -0.32248   -0.32195   -0.31993   -0.30278
   0.07296    0.07603    0.07608    0.10013    0.10908    0.13056    0.14395    0.14419
   0.15841    0.16440    0.16470    0.17347    0.21003    0.21706    0.22145    0.22276
   0.24144    0.24843    0.24970    0.24983    0.25882    0.26149    0.26846    0.27573
   0.45492    0.46244
 kpt#  11, nband= 50, wtk=  0.00926, kpt=  0.0000  0.3333  0.0000 (reduced coord)
  -1.94289   -1.94255   -1.94239   -1.94238   -0.80186   -0.80178   -0.80071   -0.79621
  -0.79503   -0.79248   -0.79166   -0.79162   -0.79134   -0.79074   -0.78911   -0.78803
  -0.37729   -0.33840   -0.33238   -0.32604   -0.32271   -0.32112   -0.32104   -0.30710
   0.07794    0.08261    0.09866    0.10557    0.11499    0.12506    0.13430    0.13652
   0.14508    0.15420    0.18198    0.18276    0.18355    0.20662    0.21128    0.22842
   0.23086    0.23592    0.25228    0.26288    0.26447    0.26674    0.27009    0.27662
   0.46036    0.46762
 kpt#  12, nband= 50, wtk=  0.00926, kpt=  0.1667  0.3333  0.0000 (reduced coord)
  -1.94286   -1.94253   -1.94241   -1.94240   -0.80152   -0.80124   -0.80075   -0.79626
  -0.79569   -0.79307   -0.79260   -0.79125   -0.79082   -0.79044   -0.78952   -0.78753
  -0.37405   -0.33857   -0.33321   -0.32701   -0.32435   -0.32107   -0.32091   -0.30809
   0.08157    0.09109    0.10165    0.10561    0.11870    0.12368    0.13211    0.13846
   0.14878    0.16072    0.17505    0.17912    0.18668    0.20415    0.20613    0.22685
   0.23010    0.23086    0.25130    0.25152    0.26218    0.26693    0.26969    0.27625
   0.45943    0.46655
 kpt#  13, nband= 50, wtk=  0.00926, kpt=  0.3333  0.3333  0.0000 (reduced coord)
  -1.94276   -1.94251   -1.94250   -1.94243   -0.80059   -0.80057   -0.79961   -0.79822
  -0.79565   -0.79434   -0.79423   -0.79095   -0.78990   -0.78981   -0.78962   -0.78743
  -0.36499   -0.33839   -0.33799   -0.33519   -0.32096   -0.32084   -0.32025   -0.31099
   0.09169    0.10675    0.10814    0.10972    0.12562    0.12722    0.12834    0.13890
   0.15893    0.15901    0.17630    0.18041    0.18602    0.18906    0.20627    0.20787
   0.21386    0.23410    0.23528    0.24008    0.26636    0.26772    0.26874    0.27526
   0.45814    0.46379
 kpt#  14, nband= 50, wtk=  0.00926, kpt=  0.5000  0.3333  0.0000 (reduced coord)
  -1.94264   -1.94263   -1.94248   -1.94246   -0.79976   -0.79976   -0.79902   -0.79901
  -0.79640   -0.79639   -0.79261   -0.79260   -0.78940   -0.78939   -0.78834   -0.78834
  -0.35196   -0.35195   -0.33719   -0.33719   -0.32086   -0.32086   -0.31537   -0.31537
   0.10439    0.10439    0.10992    0.10992    0.13064    0.13065    0.14263    0.14263
   0.15571    0.15571    0.17260    0.17261    0.18644    0.18644    0.20756    0.20756
   0.21067    0.21068    0.23582    0.23583    0.26737    0.26737    0.27297    0.27297
   0.46079    0.46191
 kpt#  15, nband= 50, wtk=  0.00926, kpt= -0.3333  0.3333  0.0000 (reduced coord)
  -1.94276   -1.94251   -1.94250   -1.94243   -0.80059   -0.80057   -0.79961   -0.79822
  -0.79565   -0.79434   -0.79423   -0.79095   -0.78990   -0.78981   -0.78962   -0.78743
  -0.36499   -0.33839   -0.33799   -0.33519   -0.32096   -0.32084   -0.32025   -0.31099
   0.09169    0.10675    0.10814    0.10972    0.12562    0.12722    0.12834    0.13890
   0.15893    0.15901    0.17630    0.18041    0.18602    0.18906    0.20627    0.20787
   0.21386    0.23410    0.23528    0.24008    0.26636    0.26772    0.26874    0.27526
   0.45815    0.46370
 kpt#  16, nband= 50, wtk=  0.00926, kpt= -0.1667  0.3333  0.0000 (reduced coord)
  -1.94286   -1.94253   -1.94241   -1.94240   -0.80152   -0.80124   -0.80075   -0.79626
  -0.79569   -0.79307   -0.79260   -0.79125   -0.79082   -0.79044   -0.78952   -0.78753
  -0.37405   -0.33857   -0.33321   -0.32701   -0.32435   -0.32107   -0.32091   -0.30809
   0.08157    0.09109    0.10165    0.10561    0.11870    0.12368    0.13211    0.13846
   0.14878    0.16072    0.17505    0.17912    0.18668    0.20415    0.20613    0.22685
   0.23010    0.23086    0.25130    0.25152    0.26218    0.26693    0.26969    0.27625
   0.45944    0.46641
 kpt#  17, nband= 50, wtk=  0.00463, kpt=  0.0000  0.5000  0.0000 (reduced coord)
  -1.94272   -1.94272   -1.94238   -1.94238   -0.79905   -0.79904   -0.79845   -0.79845
  -0.79629   -0.79629   -0.79209   -0.79209   -0.79022   -0.79022   -0.78941   -0.78941
  -0.35845   -0.35845   -0.32666   -0.32666   -0.32350   -0.32350   -0.31511   -0.31510
   0.09420    0.09421    0.11150    0.11151    0.11771    0.11771    0.12865    0.12866
   0.13885    0.13886    0.19264    0.19265    0.19353    0.19354    0.19709    0.19710
   0.23229    0.23229    0.26150    0.26150    0.26588    0.26589    0.27581    0.27582
   0.46614    0.46619
 kpt#  18, nband= 50, wtk=  0.00926, kpt=  0.1667  0.5000  0.0000 (reduced coord)
  -1.94270   -1.94270   -1.94241   -1.94240   -0.79901   -0.79901   -0.79873   -0.79873
  -0.79682   -0.79681   -0.79152   -0.79152   -0.79050   -0.79050   -0.78894   -0.78893
  -0.35682   -0.35681   -0.32978   -0.32978   -0.32271   -0.32271   -0.31498   -0.31498
   0.09897    0.09897    0.11401    0.11402    0.11472    0.11473    0.13250    0.13251
   0.14556    0.14557    0.18941    0.18942    0.18943    0.18944    0.19838    0.19839
   0.22878    0.22878    0.25316    0.25316    0.26498    0.26499    0.27503    0.27504
   0.46343    0.46521
 kpt#  19, nband= 50, wtk=  0.00926, kpt=  0.3333  0.5000  0.0000 (reduced coord)
  -1.94264   -1.94263   -1.94247   -1.94247   -0.79976   -0.79976   -0.79903   -0.79903
  -0.79641   -0.79641   -0.79254   -0.79254   -0.78946   -0.78946   -0.78831   -0.78831
  -0.35210   -0.35210   -0.33689   -0.33689   -0.32062   -0.32061   -0.31580   -0.31580
   0.10503    0.10503    0.10962    0.10962    0.13019    0.13019    0.14252    0.14253
   0.15556    0.15557    0.17383    0.17384    0.18807    0.18808    0.20623    0.20624
   0.20853    0.20853    0.23712    0.23713    0.26682    0.26683    0.27320    0.27321
   0.45721    0.45757
 kpt#  20, nband= 50, wtk=  0.00463, kpt=  0.5000  0.5000  0.0000 (reduced coord)
  -1.94256   -1.94256   -1.94254   -1.94254   -0.79978   -0.79978   -0.79978   -0.79978
  -0.79454   -0.79454   -0.79453   -0.79453   -0.78845   -0.78845   -0.78844   -0.78844
  -0.34503   -0.34503   -0.34503   -0.34503   -0.31797   -0.31797   -0.31797   -0.31796
   0.10737    0.10737    0.10737    0.10737    0.15214    0.15214    0.15215    0.15215
   0.15696    0.15696    0.15696    0.15697    0.18961    0.18962    0.18963    0.18963
   0.21966    0.21967    0.21967    0.21968    0.27038    0.27038    0.27038    0.27038
   0.45617    0.45617
 kpt#  21, nband= 50, wtk=  0.00926, kpt=  0.0000  0.0000  0.1667 (reduced coord)
  -1.94302   -1.94244   -1.94237   -1.94237   -0.80423   -0.80415   -0.80364   -0.79420
  -0.79366   -0.79248   -0.79204   -0.79125   -0.79089   -0.78917   -0.78696   -0.78694
  -0.39075   -0.33584   -0.32896   -0.32785   -0.32512   -0.31733   -0.31643   -0.30146
   0.06632    0.06655    0.08224    0.10078    0.10578    0.11189    0.15523    0.15766
   0.16120    0.16251    0.16862    0.17104    0.21945    0.22427    0.22596    0.23170
   0.23821    0.23824    0.24553    0.25859    0.25861    0.26019    0.26665    0.26795
   0.44967    0.45201
 kpt#  22, nband= 50, wtk=  0.00926, kpt=  0.1667  0.0000  0.1667 (reduced coord)
  -1.94298   -1.94244   -1.94241   -1.94237   -0.80337   -0.80327   -0.80307   -0.79484
  -0.79364   -0.79221   -0.79214   -0.79155   -0.79110   -0.79001   -0.78742   -0.78737
  -0.38632   -0.33461   -0.32894   -0.32646   -0.32529   -0.32190   -0.31822   -0.30329
   0.07179    0.07600    0.08085    0.10301    0.10806    0.12615    0.14831    0.15365
   0.15394    0.15919    0.16597    0.16855    0.21606    0.21892    0.22666    0.22831
   0.24041    0.24066    0.24643    0.25051    0.25697    0.26161    0.26216    0.26802
   0.45764    0.45774
 kpt#  23, nband= 50, wtk=  0.00926, kpt=  0.3333  0.0000  0.1667 (reduced coord)
  -1.94286   -1.94253   -1.94243   -1.94239   -0.80149   -0.80116   -0.80063   -0.79681
  -0.79475   -0.79303   -0.79276   -0.79121   -0.79119   -0.79076   -0.78850   -0.78843
  -0.37393   -0.33760   -0.33140   -0.32753   -0.32569   -0.32387   -0.31926   -0.30820
   0.08625    0.08680    0.10238    0.10935    0.11458    0.12812    0.13613    0.13984
   0.14129    0.15718    0.17091    0.17815    0.19316    0.20210    0.21105    0.22975
   0.23770    0.24113    0.24515    0.24689    0.25685    0.26369    0.26589    0.26683
   0.47001    0.47219
 kpt#  24, nband= 50, wtk=  0.00926, kpt=  0.5000  0.0000  0.1667 (reduced coord)
  -1.94270   -1.94269   -1.94241   -1.94240   -0.79933   -0.79932   -0.79795   -0.79794
  -0.79685   -0.79685   -0.79184   -0.79183   -0.78990   -0.78989   -0.78969   -0.78968
  -0.35627   -0.35626   -0.32793   -0.32793   -0.32561   -0.32560   -0.31453   -0.31453
   0.10075    0.10075    0.11008    0.11008    0.12390    0.12390    0.12620    0.12621
   0.14390    0.14390    0.18637    0.18638    0.19315    0.19315    0.19949    0.19951
   0.23927    0.23928    0.24800    0.24800    0.26253    0.26253    0.26701    0.26701
   0.47775    0.47929
 kpt#  25, nband= 50, wtk=  0.00926, kpt= -0.3333  0.0000  0.1667 (reduced coord)
  -1.94286   -1.94253   -1.94243   -1.94239   -0.80149   -0.80116   -0.80063   -0.79681
  -0.79475   -0.79303   -0.79276   -0.79121   -0.79119   -0.79076   -0.78850   -0.78843
  -0.37393   -0.33760   -0.33140   -0.32753   -0.32568   -0.32387   -0.31926   -0.30820
   0.08625    0.08680    0.10238    0.10935    0.11458    0.12812    0.13613    0.13984
   0.14129    0.15718    0.17091    0.17815    0.19317    0.20210    0.21105    0.22975
   0.23770    0.24113    0.24515    0.24689    0.25685    0.26369    0.26589    0.26682
   0.46986    0.47360
 kpt#  26, nband= 50, wtk=  0.00926, kpt= -0.1667  0.0000  0.1667 (reduced coord)
  -1.94298   -1.94244   -1.94241   -1.94237   -0.80337   -0.80327   -0.80307   -0.79484
  -0.79364   -0.79221   -0.79213   -0.79155   -0.79110   -0.79001   -0.78743   -0.78737
  -0.38632   -0.33461   -0.32894   -0.32646   -0.32529   -0.32190   -0.31822   -0.30329
   0.07179    0.07600    0.08085    0.10301    0.10806    0.12615    0.14830    0.15365
   0.15394    0.15919    0.16597    0.16855    0.21606    0.21892    0.22666    0.22831
   0.24041    0.24066    0.24644    0.25051    0.25696    0.26161    0.26216    0.26802
   0.45764    0.45774
 kpt#  27, nband= 50, wtk=  0.00926, kpt=  0.0000  0.1667  0.1667 (reduced coord)
  -1.94298   -1.94244   -1.94241   -1.94237   -0.80344   -0.80318   -0.80307   -0.79503
  -0.79340   -0.79221   -0.79213   -0.79163   -0.79099   -0.79013   -0.78743   -0.78735
  -0.38635   -0.33447   -0.32827   -0.32663   -0.32531   -0.32307   -0.31757   -0.30340
   0.07173    0.07602    0.08062    0.10389    0.10821    0.12566    0.15065    0.15267
   0.15585    0.15702    0.16368    0.16983    0.21467    0.22125    0.22650    0.23350
   0.23451    0.23755    0.24615    0.25322    0.25353    0.26412    0.26561    0.26590
   0.45555    0.45655
 kpt#  28, nband= 50, wtk=  0.00926, kpt=  0.1667  0.1667  0.1667 (reduced coord)
  -1.94294   -1.94244   -1.94241   -1.94241   -0.80284   -0.80266   -0.80260   -0.79448
  -0.79405   -0.79335   -0.79180   -0.79158   -0.79124   -0.79051   -0.78803   -0.78709
  -0.38236   -0.33449   -0.32953   -0.32707   -0.32463   -0.32279   -0.32044   -0.30494
   0.08020    0.08164    0.08177    0.10523    0.11150    0.13560    0.14587    0.14775
   0.15399    0.15904    0.16010    0.16265    0.21685    0.22084    0.22241    0.22338
   0.23639    0.24073    0.24681    0.25017    0.25391    0.25626    0.26069    0.26815
   0.45838    0.46401
 kpt#  29, nband= 50, wtk=  0.00926, kpt=  0.3333  0.1667  0.1667 (reduced coord)
  -1.94283   -1.94252   -1.94244   -1.94242   -0.80149   -0.80140   -0.80090   -0.79562
  -0.79537   -0.79449   -0.79281   -0.79094   -0.79054   -0.79050   -0.78886   -0.78781
  -0.37120   -0.33862   -0.33415   -0.33074   -0.32324   -0.32271   -0.31884   -0.30905
   0.08928    0.09433    0.10533    0.10993    0.11847    0.12857    0.13700    0.13854
   0.14489    0.16129    0.16861    0.16920    0.19329    0.20705    0.21032    0.22785
   0.23263    0.23654    0.24195    0.24656    0.25537    0.25630    0.26261    0.26755
   0.46487    0.47452
 kpt#  30, nband= 50, wtk=  0.00926, kpt=  0.5000  0.1667  0.1667 (reduced coord)
  -1.94268   -1.94267   -1.94243   -1.94242   -0.80053   -0.80052   -0.79810   -0.79809
  -0.79644   -0.79643   -0.79130   -0.79129   -0.78986   -0.78986   -0.78929   -0.78929
  -0.35526   -0.35526   -0.33294   -0.33294   -0.32228   -0.32228   -0.31435   -0.31434
   0.10441    0.10442    0.11252    0.11252    0.12379    0.12379    0.12834    0.12834
   0.15009    0.15010    0.17657    0.17658    0.19495    0.19496    0.20420    0.20421
   0.23367    0.23367    0.24572    0.24573    0.25684    0.25684    0.26629    0.26629
   0.47130    0.47157
 kpt#  31, nband= 50, wtk=  0.00926, kpt= -0.3333  0.1667  0.1667 (reduced coord)
  -1.94283   -1.94252   -1.94244   -1.94242   -0.80149   -0.80140   -0.80090   -0.79562
  -0.79538   -0.79449   -0.79281   -0.79093   -0.79054   -0.79050   -0.78886   -0.78781
  -0.37120   -0.33862   -0.33415   -0.33074   -0.32324   -0.32271   -0.31884   -0.30905
   0.08928    0.09433    0.10534    0.10993    0.11847    0.12857    0.13700    0.13854
   0.14489    0.16129    0.16861    0.16920    0.19329    0.20704    0.21032    0.22785
   0.23263    0.23654    0.24195    0.24656    0.25537    0.25630    0.26261    0.26755
   0.46487    0.47529
 kpt#  32, nband= 50, wtk=  0.00926, kpt= -0.1667  0.1667  0.1667 (reduced coord)
  -1.94294   -1.94244   -1.94241   -1.94241   -0.80284   -0.80266   -0.80260   -0.79448
  -0.79405   -0.79335   -0.79180   -0.79158   -0.79124   -0.79051   -0.78803   -0.78709
  -0.38236   -0.33449   -0.32953   -0.32707   -0.32463   -0.32279   -0.32044   -0.30494
   0.08020    0.08164    0.08177    0.10523    0.11150    0.13560    0.14587    0.14775
   0.15399    0.15904    0.16010    0.16265    0.21685    0.22084    0.22241    0.22337
   0.23639    0.24073    0.24681    0.25017    0.25391    0.25627    0.26068    0.26815
   0.45838    0.46404
 kpt#  33, nband= 50, wtk=  0.00926, kpt=  0.0000  0.3333  0.1667 (reduced coord)
  -1.94286   -1.94253   -1.94242   -1.94239   -0.80150   -0.80119   -0.80054   -0.79696
  -0.79473   -0.79296   -0.79256   -0.79127   -0.79116   -0.79090   -0.78850   -0.78843
  -0.37405   -0.33777   -0.33077   -0.32744   -0.32582   -0.32210   -0.32100   -0.30865
   0.08603    0.08678    0.10214    0.11007    0.11511    0.12854    0.13669    0.14010
   0.14138    0.15844    0.16810    0.17914    0.19324    0.20239    0.21286    0.22984
   0.23287    0.23644    0.24893    0.25108    0.25121    0.26403    0.26746    0.26885
   0.46284    0.46905
 kpt#  34, nband= 50, wtk=  0.00926, kpt=  0.1667  0.3333  0.1667 (reduced coord)
  -1.94283   -1.94253   -1.94243   -1.94242   -0.80153   -0.80141   -0.80084   -0.79575
  -0.79532   -0.79454   -0.79258   -0.79108   -0.79051   -0.79048   -0.78892   -0.78779
  -0.37128   -0.33884   -0.33386   -0.33046   -0.32316   -0.32164   -0.32000   -0.30937
   0.08920    0.09457    0.10507    0.11006    0.11909    0.12803    0.13754    0.13892
   0.14527    0.16287    0.16660    0.16916    0.19345    0.20784    0.21152    0.22820
   0.23032    0.23061    0.24723    0.24852    0.25300    0.25323    0.26522    0.26832
   0.46025    0.46746
 kpt#  35, nband= 50, wtk=  0.00926, kpt=  0.3333  0.3333  0.1667 (reduced coord)
  -1.94274   -1.94251   -1.94250   -1.94245   -0.80146   -0.80137   -0.80124   -0.79757
  -0.79538   -0.79356   -0.79340   -0.79016   -0.79004   -0.78968   -0.78935   -0.78757
  -0.36346   -0.34053   -0.33965   -0.33778   -0.32025   -0.31918   -0.31829   -0.31146
   0.09824    0.11013    0.11113    0.11260    0.12800    0.13053    0.13243    0.14150
   0.15311    0.15634    0.16066    0.18003    0.18998    0.20386    0.20968    0.21278
   0.21762    0.23096    0.23298    0.23583    0.25517    0.25821    0.26221    0.26667
   0.45840    0.46487
 kpt#  36, nband= 50, wtk=  0.00926, kpt=  0.5000  0.3333  0.1667 (reduced coord)
  -1.94263   -1.94261   -1.94249   -1.94247   -0.80149   -0.80148   -0.80000   -0.80000
  -0.79464   -0.79463   -0.79155   -0.79155   -0.78929   -0.78928   -0.78845   -0.78845
  -0.35214   -0.35214   -0.34006   -0.34006   -0.31895   -0.31894   -0.31464   -0.31463
   0.10925    0.10925    0.11370    0.11370    0.13360    0.13361    0.13930    0.13930
   0.15761    0.15762    0.16492    0.16492    0.19703    0.19703    0.20712    0.20712
   0.21507    0.21508    0.23145    0.23145    0.25876    0.25877    0.26464    0.26465
   0.46102    0.46275
 kpt#  37, nband= 50, wtk=  0.00926, kpt= -0.3333  0.3333  0.1667 (reduced coord)
  -1.94274   -1.94251   -1.94250   -1.94245   -0.80146   -0.80137   -0.80124   -0.79757
  -0.79538   -0.79356   -0.79340   -0.79016   -0.79004   -0.78968   -0.78935   -0.78757
  -0.36346   -0.34053   -0.33965   -0.33778   -0.32025   -0.31918   -0.31828   -0.31146
   0.09824    0.11013    0.11113    0.11260    0.12800    0.13053    0.13243    0.14150
   0.15310    0.15634    0.16066    0.18003    0.18998    0.20386    0.20968    0.21277
   0.21762    0.23097    0.23298    0.23583    0.25517    0.25821    0.26221    0.26667
   0.45840    0.46493
 kpt#  38, nband= 50, wtk=  0.00926, kpt= -0.1667  0.3333  0.1667 (reduced coord)
  -1.94283   -1.94253   -1.94243   -1.94242   -0.80153   -0.80141   -0.80084   -0.79575
  -0.79532   -0.79454   -0.79258   -0.79108   -0.79051   -0.79048   -0.78892   -0.78779
  -0.37128   -0.33884   -0.33387   -0.33046   -0.32315   -0.32164   -0.32000   -0.30937
   0.08920    0.09457    0.10507    0.11006    0.11909    0.12803    0.13754    0.13892
   0.14528    0.16287    0.16660    0.16916    0.19345    0.20784    0.21152    0.22820
   0.23032    0.23061    0.24723    0.24852    0.25300    0.25323    0.26522    0.26832
   0.46026    0.46847
 kpt#  39, nband= 50, wtk=  0.00926, kpt=  0.0000  0.5000  0.1667 (reduced coord)
  -1.94270   -1.94270   -1.94241   -1.94240   -0.79930   -0.79929   -0.79802   -0.79802
  -0.79683   -0.79683   -0.79176   -0.79176   -0.78984   -0.78984   -0.78980   -0.78980
  -0.35649   -0.35649   -0.32658   -0.32658   -0.32582   -0.32582   -0.31552   -0.31552
   0.10056    0.10056    0.11074    0.11075    0.12437    0.12438    0.12624    0.12624
   0.14345    0.14346    0.18904    0.18905    0.19412    0.19413    0.19698    0.19699
   0.23468    0.23469    0.25088    0.25088    0.26031    0.26032    0.26961    0.26962
   0.46623    0.46624
 kpt#  40, nband= 50, wtk=  0.00926, kpt=  0.1667  0.5000  0.1667 (reduced coord)
  -1.94268   -1.94268   -1.94243   -1.94242   -0.80055   -0.80055   -0.79801   -0.79801
  -0.79654   -0.79654   -0.79110   -0.79109   -0.79009   -0.79008   -0.78922   -0.78922
  -0.35546   -0.35546   -0.33248   -0.33248   -0.32179   -0.32179   -0.31516   -0.31515
   0.10505    0.10505    0.11215    0.11216    0.12357    0.12358    0.12883    0.12884
   0.14977    0.14978    0.17766    0.17767    0.19691    0.19691    0.20234    0.20234
   0.23025    0.23026    0.24819    0.24819    0.25502    0.25502    0.26789    0.26790
   0.46312    0.46313
 kpt#  41, nband= 50, wtk=  0.00926, kpt=  0.3333  0.5000  0.1667 (reduced coord)
  -1.94262   -1.94262   -1.94248   -1.94248   -0.80150   -0.80150   -0.79997   -0.79997
  -0.79468   -0.79468   -0.79147   -0.79147   -0.78936   -0.78936   -0.78841   -0.78841
  -0.35227   -0.35226   -0.33988   -0.33987   -0.31861   -0.31861   -0.31505   -0.31504
   0.10999    0.10999    0.11324    0.11325    0.13365    0.13365    0.13862    0.13863
   0.15691    0.15693    0.16656    0.16657    0.19919    0.19919    0.20556    0.20556
   0.21274    0.21275    0.23259    0.23260    0.25804    0.25805    0.26543    0.26544
   0.45771    0.45771
 kpt#  42, nband= 50, wtk=  0.00926, kpt=  0.5000  0.5000  0.1667 (reduced coord)
  -1.94256   -1.94256   -1.94254   -1.94254   -0.80131   -0.80131   -0.80131   -0.80131
  -0.79295   -0.79295   -0.79294   -0.79294   -0.78843   -0.78843   -0.78843   -0.78843
  -0.34689   -0.34689   -0.34689   -0.34689   -0.31625   -0.31625   -0.31624   -0.31624
   0.11186    0.11186    0.11186    0.11186    0.14823    0.14823    0.14824    0.14824
   0.15730    0.15731    0.15731    0.15731    0.19885    0.19885    0.19886    0.19886
   0.21592    0.21592    0.21593    0.21593    0.26288    0.26288    0.26289    0.26289
   0.45802    0.45802
 kpt#  43, nband= 50, wtk=  0.00926, kpt= -0.3333  0.5000  0.1667 (reduced coord)
  -1.94262   -1.94262   -1.94248   -1.94248   -0.80150   -0.80150   -0.79997   -0.79997
  -0.79468   -0.79468   -0.79147   -0.79147   -0.78936   -0.78936   -0.78842   -0.78841
  -0.35227   -0.35226   -0.33988   -0.33988   -0.31861   -0.31861   -0.31505   -0.31505
   0.10998    0.10999    0.11324    0.11325    0.13365    0.13365    0.13863    0.13863
   0.15692    0.15692    0.16656    0.16657    0.19918    0.19919    0.20556    0.20557
   0.21274    0.21275    0.23259    0.23260    0.25804    0.25805    0.26543    0.26544
   0.45771    0.45778
 kpt#  44, nband= 50, wtk=  0.00926, kpt= -0.1667  0.5000  0.1667 (reduced coord)
  -1.94268   -1.94268   -1.94243   -1.94242   -0.80055   -0.80055   -0.79801   -0.79801
  -0.79654   -0.79654   -0.79110   -0.79109   -0.79009   -0.79008   -0.78922   -0.78922
  -0.35546   -0.35546   -0.33248   -0.33248   -0.32179   -0.32179   -0.31516   -0.31515
   0.10505    0.10505    0.11215    0.11216    0.12357    0.12357    0.12883    0.12884
   0.14978    0.14978    0.17766    0.17767    0.19690    0.19692    0.20233    0.20234
   0.23025    0.23025    0.24819    0.24819    0.25502    0.25502    0.26789    0.26790
   0.46312    0.46313
 kpt#  45, nband= 50, wtk=  0.00926, kpt=  0.0000 -0.3333  0.1667 (reduced coord)
  -1.94286   -1.94253   -1.94242   -1.94239   -0.80150   -0.80119   -0.80054   -0.79696
  -0.79473   -0.79296   -0.79256   -0.79127   -0.79116   -0.79090   -0.78850   -0.78843
  -0.37405   -0.33777   -0.33077   -0.32744   -0.32582   -0.32210   -0.32100   -0.30865
   0.08603    0.08678    0.10214    0.11007    0.11511    0.12854    0.13669    0.14010
   0.14138    0.15844    0.16810    0.17914    0.19324    0.20239    0.21286    0.22984
   0.23287    0.23644    0.24893    0.25108    0.25121    0.26403    0.26746    0.26885
   0.46255    0.46960
 kpt#  46, nband= 50, wtk=  0.00926, kpt=  0.1667 -0.3333  0.1667 (reduced coord)
  -1.94283   -1.94253   -1.94243   -1.94242   -0.80153   -0.80141   -0.80084   -0.79575
  -0.79532   -0.79454   -0.79258   -0.79108   -0.79051   -0.79048   -0.78892   -0.78779
  -0.37128   -0.33884   -0.33386   -0.33046   -0.32316   -0.32164   -0.32000   -0.30937
   0.08920    0.09457    0.10507    0.11006    0.11909    0.12803    0.13754    0.13892
   0.14527    0.16287    0.16660    0.16916    0.19345    0.20784    0.21152    0.22820
   0.23032    0.23061    0.24723    0.24852    0.25300    0.25323    0.26522    0.26832
   0.46025    0.46724
 kpt#  47, nband= 50, wtk=  0.00926, kpt=  0.3333 -0.3333  0.1667 (reduced coord)
  -1.94274   -1.94251   -1.94250   -1.94245   -0.80146   -0.80137   -0.80124   -0.79757
  -0.79538   -0.79356   -0.79340   -0.79016   -0.79004   -0.78968   -0.78935   -0.78757
  -0.36346   -0.34053   -0.33965   -0.33778   -0.32025   -0.31918   -0.31829   -0.31146
   0.09824    0.11013    0.11113    0.11260    0.12800    0.13053    0.13243    0.14150
   0.15311    0.15634    0.16066    0.18003    0.18998    0.20386    0.20968    0.21278
   0.21762    0.23096    0.23298    0.23583    0.25517    0.25821    0.26221    0.26667
   0.45840    0.46488
 kpt#  48, nband= 50, wtk=  0.00926, kpt=  0.5000 -0.3333  0.1667 (reduced coord)
  -1.94263   -1.94261   -1.94249   -1.94247   -0.80149   -0.80148   -0.80000   -0.80000
  -0.79464   -0.79463   -0.79155   -0.79155   -0.78929   -0.78928   -0.78845   -0.78845
  -0.35214   -0.35214   -0.34006   -0.34006   -0.31895   -0.31894   -0.31464   -0.31463
   0.10925    0.10925    0.11370    0.11370    0.13360    0.13361    0.13930    0.13930
   0.15761    0.15762    0.16492    0.16492    0.19703    0.19703    0.20712    0.20712
   0.21507    0.21508    0.23145    0.23145    0.25876    0.25877    0.26464    0.26465
   0.46113    0.46130
 kpt#  49, nband= 50, wtk=  0.00926, kpt= -0.3333 -0.3333  0.1667 (reduced coord)
  -1.94274   -1.94251   -1.94250   -1.94245   -0.80146   -0.80137   -0.80124   -0.79757
  -0.79538   -0.79356   -0.79340   -0.79016   -0.79004   -0.78968   -0.78935   -0.78757
  -0.36346   -0.34053   -0.33965   -0.33778   -0.32025   -0.31918   -0.31828   -0.31146
   0.09824    0.11013    0.11113    0.11260    0.12800    0.13053    0.13243    0.14150
   0.15310    0.15634    0.16066    0.18003    0.18998    0.20386    0.20968    0.21277
   0.21762    0.23097    0.23298    0.23583    0.25517    0.25821    0.26221    0.26667
   0.45842    0.46718
 kpt#  50, nband= 50, wtk=  0.00926, kpt= -0.1667 -0.3333  0.1667 (reduced coord)
  -1.94283   -1.94253   -1.94243   -1.94242   -0.80153   -0.80141   -0.80084   -0.79575
  -0.79532   -0.79454   -0.79258   -0.79108   -0.79051   -0.79048   -0.78892   -0.78779
  -0.37128   -0.33884   -0.33387   -0.33046   -0.32315   -0.32164   -0.32000   -0.30937
   0.08920    0.09457    0.10507    0.11006    0.11909    0.12803    0.13754    0.13892
   0.14528    0.16287    0.16660    0.16916    0.19345    0.20784    0.21152    0.22820
   0.23032    0.23061    0.24723    0.24852    0.25300    0.25323    0.26522    0.26832
   0.46025    0.46728
 kpt#  51, nband= 50, wtk=  0.00926, kpt=  0.0000 -0.1667  0.1667 (reduced coord)
  -1.94298   -1.94244   -1.94241   -1.94237   -0.80344   -0.80318   -0.80307   -0.79503
  -0.79340   -0.79221   -0.79213   -0.79163   -0.79099   -0.79013   -0.78743   -0.78735
  -0.38635   -0.33447   -0.32827   -0.32663   -0.32531   -0.32307   -0.31757   -0.30340
   0.07173    0.07602    0.08062    0.10389    0.10821    0.12566    0.15065    0.15267
   0.15585    0.15702    0.16368    0.16983    0.21467    0.22125    0.22650    0.23350
   0.23451    0.23755    0.24615    0.25322    0.25353    0.26412    0.26561    0.26590
   0.45555    0.45655
 kpt#  52, nband= 50, wtk=  0.00926, kpt=  0.1667 -0.1667  0.1667 (reduced coord)
  -1.94294   -1.94244   -1.94241   -1.94241   -0.80284   -0.80266   -0.80260   -0.79448
  -0.79405   -0.79335   -0.79180   -0.79158   -0.79124   -0.79051   -0.78803   -0.78709
  -0.38236   -0.33449   -0.32953   -0.32707   -0.32463   -0.32279   -0.32044   -0.30494
   0.08020    0.08164    0.08177    0.10523    0.11150    0.13560    0.14587    0.14775
   0.15399    0.15904    0.16010    0.16265    0.21685    0.22084    0.22241    0.22338
   0.23639    0.24073    0.24681    0.25017    0.25391    0.25626    0.26069    0.26815
   0.45838    0.46399
 kpt#  53, nband= 50, wtk=  0.00926, kpt=  0.3333 -0.1667  0.1667 (reduced coord)
  -1.94283   -1.94252   -1.94244   -1.94242   -0.80149   -0.80140   -0.80090   -0.79562
  -0.79537   -0.79449   -0.79281   -0.79094   -0.79054   -0.79050   -0.78886   -0.78781
  -0.37120   -0.33862   -0.33415   -0.33074   -0.32324   -0.32271   -0.31884   -0.30905
   0.08928    0.09433    0.10533    0.10993    0.11847    0.12857    0.13700    0.13854
   0.14489    0.16129    0.16861    0.16920    0.19329    0.20705    0.21032    0.22785
   0.23263    0.23654    0.24195    0.24656    0.25537    0.25630    0.26261    0.26755
   0.46487    0.47424
 kpt#  54, nband= 50, wtk=  0.00926, kpt=  0.5000 -0.1667  0.1667 (reduced coord)
  -1.94268   -1.94267   -1.94243   -1.94242   -0.80053   -0.80052   -0.79810   -0.79809
  -0.79644   -0.79643   -0.79130   -0.79129   -0.78986   -0.78986   -0.78929   -0.78929
  -0.35526   -0.35526   -0.33294   -0.33294   -0.32228   -0.32228   -0.31435   -0.31434
   0.10441    0.10442    0.11252    0.11252    0.12379    0.12379    0.12834    0.12834
   0.15009    0.15010    0.17657    0.17658    0.19495    0.19496    0.20420    0.20421
   0.23367    0.23367    0.24572    0.24573    0.25684    0.25684    0.26629    0.26629
   0.47130    0.47341
 kpt#  55, nband= 50, wtk=  0.00926, kpt= -0.3333 -0.1667  0.1667 (reduced coord)
  -1.94283   -1.94252   -1.94244   -1.94242   -0.80149   -0.80140   -0.80090   -0.79562
  -0.79538   -0.79449   -0.79281   -0.79093   -0.79054   -0.79050   -0.78886   -0.78781
  -0.37120   -0.33862   -0.33415   -0.33074   -0.32324   -0.32271   -0.31884   -0.30905
   0.08928    0.09433    0.10534    0.10993    0.11847    0.12857    0.13700    0.13854
   0.14489    0.16129    0.16861    0.16920    0.19329    0.20704    0.21032    0.22785
   0.23263    0.23654    0.24195    0.24656    0.25537    0.25630    0.26261    0.26755
   0.46488    0.47488
 kpt#  56, nband= 50, wtk=  0.00926, kpt= -0.1667 -0.1667  0.1667 (reduced coord)
  -1.94294   -1.94244   -1.94241   -1.94241   -0.80284   -0.80266   -0.80260   -0.79448
  -0.79405   -0.79335   -0.79180   -0.79158   -0.79124   -0.79051   -0.78803   -0.78709
  -0.38236   -0.33449   -0.32953   -0.32707   -0.32463   -0.32279   -0.32044   -0.30494
   0.08020    0.08164    0.08177    0.10523    0.11150    0.13560    0.14587    0.14775
   0.15399    0.15904    0.16010    0.16265    0.21685    0.22084    0.22241    0.22337
   0.23639    0.24073    0.24681    0.25017    0.25391    0.25627    0.26068    0.26815
   0.45838    0.46422
 kpt#  57, nband= 50, wtk=  0.00926, kpt=  0.0000  0.0000  0.3333 (reduced coord)
  -1.94290   -1.94257   -1.94237   -1.94237   -0.80206   -0.80201   -0.80085   -0.79617
  -0.79595   -0.79281   -0.79251   -0.79238   -0.79007   -0.78999   -0.78779   -0.78779
  -0.37828   -0.34086   -0.32913   -0.32622   -0.32547   -0.31946   -0.31893   -0.30921
   0.08248    0.08257    0.10975    0.11012    0.11340    0.13397    0.13447    0.13568
   0.14248    0.14737    0.18243    0.18290    0.19700    0.21392    0.21994    0.22097
   0.22279    0.22949    0.24037    0.24237    0.26488    0.26562    0.26820    0.26823
   0.45839    0.46673
 kpt#  58, nband= 50, wtk=  0.00926, kpt=  0.1667  0.0000  0.3333 (reduced coord)
  -1.94286   -1.94255   -1.94240   -1.94238   -0.80168   -0.80127   -0.80075   -0.79683
  -0.79555   -0.79381   -0.79207   -0.79165   -0.79087   -0.79001   -0.78830   -0.78779
  -0.37474   -0.33999   -0.32838   -0.32749   -0.32479   -0.32314   -0.31978   -0.31030
   0.08660    0.09103    0.10464    0.11089    0.11969    0.13221    0.13748    0.14120
   0.14362    0.15165    0.17117    0.17721    0.20026    0.20574    0.22029    0.22135
   0.22794    0.23378    0.23715    0.23795    0.25947    0.25982    0.26304    0.26567
   0.46405    0.47042
 kpt#  59, nband= 50, wtk=  0.00926, kpt=  0.3333  0.0000  0.3333 (reduced coord)
  -1.94277   -1.94252   -1.94250   -1.94242   -0.80049   -0.80038   -0.79939   -0.79804
  -0.79606   -0.79408   -0.79307   -0.79095   -0.79049   -0.79046   -0.78936   -0.78821
  -0.36482   -0.33752   -0.33572   -0.33003   -0.32642   -0.32271   -0.32014   -0.31323
   0.09790    0.10711    0.11088    0.11380    0.11930    0.13047    0.13531    0.14253
   0.15099    0.15626    0.17325    0.17367    0.19127    0.20090    0.20844    0.21646
   0.21866    0.23359    0.23641    0.24303    0.24971    0.25099    0.25713    0.26184
   0.47350    0.47531
 kpt#  60, nband= 50, wtk=  0.00926, kpt=  0.5000  0.0000  0.3333 (reduced coord)
  -1.94264   -1.94263   -1.94248   -1.94246   -0.79967   -0.79966   -0.79850   -0.79850
  -0.79604   -0.79603   -0.79213   -0.79212   -0.79002   -0.79001   -0.78925   -0.78925
  -0.35068   -0.35067   -0.33397   -0.33397   -0.32402   -0.32401   -0.31713   -0.31713
   0.11063    0.11063    0.11602    0.11602    0.12142    0.12142    0.14515    0.14515
   0.14756    0.14756    0.18253    0.18254    0.18946    0.18947    0.20599    0.20599
   0.21656    0.21656    0.24525    0.24526    0.24678    0.24678    0.25769    0.25769
   0.47449    0.47658
 kpt#  61, nband= 50, wtk=  0.00926, kpt= -0.3333  0.0000  0.3333 (reduced coord)
  -1.94277   -1.94252   -1.94250   -1.94242   -0.80049   -0.80038   -0.79939   -0.79803
  -0.79606   -0.79408   -0.79307   -0.79095   -0.79049   -0.79046   -0.78936   -0.78821
  -0.36482   -0.33752   -0.33572   -0.33002   -0.32642   -0.32272   -0.32014   -0.31323
   0.09790    0.10711    0.11088    0.11381    0.11930    0.13047    0.13531    0.14253
   0.15099    0.15626    0.17325    0.17367    0.19127    0.20090    0.20844    0.21646
   0.21866    0.23359    0.23641    0.24303    0.24971    0.25099    0.25713    0.26184
   0.47403    0.47531
 kpt#  62, nband= 50, wtk=  0.00926, kpt= -0.1667  0.0000  0.3333 (reduced coord)
  -1.94286   -1.94255   -1.94240   -1.94238   -0.80168   -0.80128   -0.80075   -0.79683
  -0.79555   -0.79381   -0.79207   -0.79165   -0.79087   -0.79001   -0.78830   -0.78779
  -0.37474   -0.33999   -0.32838   -0.32749   -0.32480   -0.32313   -0.31978   -0.31030
   0.08660    0.09103    0.10464    0.11089    0.11968    0.13221    0.13748    0.14120
   0.14362    0.15165    0.17117    0.17721    0.20026    0.20574    0.22029    0.22135
   0.22794    0.23378    0.23715    0.23795    0.25947    0.25982    0.26304    0.26567
   0.46404    0.47033
 kpt#  63, nband= 50, wtk=  0.00926, kpt=  0.0000  0.1667  0.3333 (reduced coord)
  -1.94286   -1.94255   -1.94241   -1.94238   -0.80166   -0.80125   -0.80074   -0.79694
  -0.79550   -0.79377   -0.79202   -0.79169   -0.79086   -0.79012   -0.78826   -0.78778
  -0.37477   -0.33997   -0.32835   -0.32740   -0.32430   -0.32425   -0.31922   -0.31032
   0.08673    0.09076    0.10389    0.11403    0.11754    0.13346    0.13655    0.14017
   0.14478    0.15117    0.17026    0.17829    0.19880    0.20474    0.22220    0.22249
   0.23013    0.23452    0.23516    0.23524    0.25873    0.26061    0.26427    0.26566
   0.46319    0.46644
 kpt#  64, nband= 50, wtk=  0.00926, kpt=  0.1667  0.1667  0.3333 (reduced coord)
  -1.94283   -1.94254   -1.94242   -1.94241   -0.80166   -0.80143   -0.80089   -0.79574
  -0.79553   -0.79487   -0.79175   -0.79165   -0.79125   -0.78983   -0.78827   -0.78781
  -0.37178   -0.34050   -0.33045   -0.32862   -0.32655   -0.32115   -0.31940   -0.31106
   0.09328    0.09573    0.10341    0.11515    0.12053    0.13507    0.13839    0.14312
   0.14461    0.15671    0.16367    0.16566    0.20239    0.21446    0.21932    0.22027
   0.22974    0.23079    0.23513    0.23565    0.25388    0.25591    0.25811    0.26044
   0.46385    0.47103
 kpt#  65, nband= 50, wtk=  0.00926, kpt=  0.3333  0.1667  0.3333 (reduced coord)
  -1.94274   -1.94252   -1.94250   -1.94244   -0.80162   -0.80121   -0.80107   -0.79727
  -0.79536   -0.79316   -0.79312   -0.79079   -0.79030   -0.78986   -0.78887   -0.78821
  -0.36337   -0.34053   -0.33875   -0.33455   -0.32309   -0.32013   -0.31776   -0.31307
   0.10396    0.10796    0.11304    0.11747    0.12173    0.13453    0.13882    0.14248
   0.15074    0.15190    0.15915    0.17550    0.19954    0.20519    0.20963    0.22132
   0.22388    0.23036    0.23388    0.23709    0.24356    0.24556    0.25196    0.25726
   0.46626    0.47789
 kpt#  66, nband= 50, wtk=  0.00926, kpt=  0.5000  0.1667  0.3333 (reduced coord)
  -1.94263   -1.94261   -1.94249   -1.94247   -0.80147   -0.80147   -0.79962   -0.79962
  -0.79444   -0.79443   -0.79089   -0.79089   -0.78975   -0.78974   -0.78929   -0.78929
  -0.35133   -0.35133   -0.33860   -0.33860   -0.32045   -0.32045   -0.31567   -0.31567
   0.11413    0.11413    0.11883    0.11883    0.12431    0.12431    0.13996    0.13996
   0.15322    0.15323    0.17214    0.17215    0.19906    0.19907    0.20809    0.20809
   0.22062    0.22062    0.23907    0.23907    0.24066    0.24066    0.25475    0.25475
   0.47040    0.47043
 kpt#  67, nband= 50, wtk=  0.00926, kpt= -0.3333  0.1667  0.3333 (reduced coord)
  -1.94274   -1.94252   -1.94250   -1.94244   -0.80162   -0.80121   -0.80107   -0.79727
  -0.79536   -0.79316   -0.79312   -0.79079   -0.79030   -0.78986   -0.78887   -0.78821
  -0.36336   -0.34053   -0.33875   -0.33455   -0.32309   -0.32013   -0.31776   -0.31307
   0.10396    0.10796    0.11304    0.11747    0.12172    0.13453    0.13882    0.14248
   0.15074    0.15190    0.15915    0.17550    0.19954    0.20519    0.20963    0.22132
   0.22388    0.23036    0.23388    0.23709    0.24356    0.24557    0.25195    0.25726
   0.46625    0.47553
 kpt#  68, nband= 50, wtk=  0.00926, kpt= -0.1667  0.1667  0.3333 (reduced coord)
  -1.94283   -1.94254   -1.94242   -1.94241   -0.80166   -0.80143   -0.80089   -0.79574
  -0.79553   -0.79487   -0.79175   -0.79165   -0.79125   -0.78983   -0.78827   -0.78781
  -0.37178   -0.34050   -0.33045   -0.32862   -0.32655   -0.32115   -0.31939   -0.31106
   0.09328    0.09573    0.10341    0.11515    0.12053    0.13507    0.13839    0.14312
   0.14461    0.15671    0.16367    0.16566    0.20239    0.21446    0.21932    0.22027
   0.22974    0.23079    0.23513    0.23565    0.25388    0.25591    0.25811    0.26044
   0.46385    0.47094
 kpt#  69, nband= 50, wtk=  0.00926, kpt=  0.0000  0.3333  0.3333 (reduced coord)
  -1.94277   -1.94252   -1.94250   -1.94242   -0.80042   -0.80036   -0.79913   -0.79837
  -0.79597   -0.79411   -0.79314   -0.79077   -0.79064   -0.79063   -0.78923   -0.78821
  -0.36495   -0.33745   -0.33597   -0.33025   -0.32626   -0.32139   -0.32097   -0.31332
   0.09772    0.10695    0.11066    0.11617    0.11854    0.13215    0.13417    0.14113
   0.15014    0.15594    0.17404    0.17466    0.19106    0.19739    0.21202    0.21576
   0.21789    0.23397    0.23540    0.24109    0.24953    0.25322    0.25907    0.26199
   0.46640    0.47118
 kpt#  70, nband= 50, wtk=  0.00926, kpt=  0.1667  0.3333  0.3333 (reduced coord)
  -1.94274   -1.94252   -1.94250   -1.94244   -0.80164   -0.80120   -0.80099   -0.79721
  -0.79547   -0.79319   -0.79312   -0.79075   -0.79034   -0.78989   -0.78885   -0.78820
  -0.36345   -0.34049   -0.33888   -0.33463   -0.32295   -0.31922   -0.31844   -0.31315
   0.10376    0.10800    0.11328    0.11839    0.12185    0.13366    0.13963    0.14168
   0.14992    0.15187    0.15952    0.17605    0.19720    0.20601    0.21243    0.22090
   0.22131    0.23126    0.23185    0.23598    0.24547    0.24621    0.25305    0.25780
   0.46127    0.47000
 kpt#  71, nband= 50, wtk=  0.00926, kpt=  0.3333  0.3333  0.3333 (reduced coord)
  -1.94268   -1.94252   -1.94250   -1.94250   -0.80264   -0.80253   -0.80247   -0.79987
  -0.79261   -0.79235   -0.79203   -0.79013   -0.78963   -0.78951   -0.78880   -0.78797
  -0.35899   -0.34429   -0.34351   -0.34280   -0.31836   -0.31620   -0.31549   -0.31295
   0.11326    0.11639    0.11894    0.12019    0.12857    0.13909    0.14111    0.14417
   0.14845    0.15019    0.15225    0.18412    0.19254    0.21264    0.21462    0.21935
   0.22121    0.22459    0.22766    0.22815    0.23275    0.24102    0.24615    0.25252
   0.45898    0.47105
 kpt#  72, nband= 50, wtk=  0.00926, kpt=  0.5000  0.3333  0.3333 (reduced coord)
  -1.94260   -1.94258   -1.94252   -1.94250   -0.80311   -0.80311   -0.80194   -0.80193
  -0.79219   -0.79218   -0.79024   -0.79024   -0.78903   -0.78903   -0.78871   -0.78871
  -0.35187   -0.35187   -0.34537   -0.34537   -0.31593   -0.31593   -0.31347   -0.31347
   0.11979    0.11979    0.12222    0.12222    0.13215    0.13216    0.14045    0.14046
   0.15475    0.15475    0.17051    0.17051    0.20046    0.20046    0.21211    0.21211
   0.22004    0.22005    0.22306    0.22306    0.23799    0.23799    0.24976    0.24976
   0.46308    0.46316
 kpt#  73, nband= 50, wtk=  0.00926, kpt= -0.3333  0.3333  0.3333 (reduced coord)
  -1.94268   -1.94252   -1.94250   -1.94250   -0.80264   -0.80253   -0.80247   -0.79987
  -0.79261   -0.79235   -0.79203   -0.79013   -0.78963   -0.78951   -0.78880   -0.78797
  -0.35899   -0.34429   -0.34351   -0.34279   -0.31836   -0.31620   -0.31548   -0.31295
   0.11326    0.11639    0.11895    0.12019    0.12857    0.13909    0.14111    0.14417
   0.14845    0.15019    0.15225    0.18412    0.19254    0.21264    0.21462    0.21935
   0.22121    0.22459    0.22766    0.22815    0.23275    0.24102    0.24615    0.25252
   0.45898    0.46719
 kpt#  74, nband= 50, wtk=  0.00926, kpt= -0.1667  0.3333  0.3333 (reduced coord)
  -1.94274   -1.94252   -1.94250   -1.94244   -0.80164   -0.80120   -0.80099   -0.79721
  -0.79547   -0.79319   -0.79312   -0.79075   -0.79034   -0.78989   -0.78885   -0.78820
  -0.36345   -0.34049   -0.33888   -0.33463   -0.32295   -0.31922   -0.31844   -0.31316
   0.10376    0.10800    0.11328    0.11839    0.12185    0.13366    0.13963    0.14168
   0.14992    0.15187    0.15952    0.17605    0.19720    0.20601    0.21243    0.22090
   0.22131    0.23126    0.23185    0.23598    0.24547    0.24621    0.25305    0.25780
   0.46127    0.47005
 kpt#  75, nband= 50, wtk=  0.00926, kpt=  0.0000  0.5000  0.3333 (reduced coord)
  -1.94264   -1.94263   -1.94247   -1.94247   -0.79958   -0.79958   -0.79841   -0.79841
  -0.79617   -0.79617   -0.79224   -0.79224   -0.78987   -0.78987   -0.78931   -0.78931
  -0.35092   -0.35092   -0.33393   -0.33393   -0.32354   -0.32354   -0.31738   -0.31738
   0.11062    0.11063    0.11897    0.11897    0.11900    0.11901    0.14566    0.14567
   0.14567    0.14567    0.18302    0.18303    0.19141    0.19143    0.20579    0.20580
   0.21351    0.21351    0.24223    0.24224    0.25242    0.25243    0.25721    0.25722
   0.46700    0.46704
 kpt#  76, nband= 50, wtk=  0.00926, kpt=  0.1667  0.5000  0.3333 (reduced coord)
  -1.94262   -1.94262   -1.94248   -1.94248   -0.80147   -0.80147   -0.79954   -0.79954
  -0.79455   -0.79455   -0.79090   -0.79089   -0.78968   -0.78967   -0.78933   -0.78932
  -0.35151   -0.35151   -0.33855   -0.33855   -0.31996   -0.31996   -0.31602   -0.31601
   0.11426    0.11426    0.11999    0.12000    0.12363    0.12363    0.13926    0.13926
   0.15261    0.15262    0.17269    0.17270    0.20290    0.20290    0.20519    0.20519
   0.21773    0.21773    0.23683    0.23683    0.24512    0.24512    0.25502    0.25503
   0.46310    0.46311
 kpt#  77, nband= 50, wtk=  0.00926, kpt=  0.3333  0.5000  0.3333 (reduced coord)
  -1.94259   -1.94259   -1.94251   -1.94251   -0.80312   -0.80312   -0.80191   -0.80191
  -0.79224   -0.79224   -0.79015   -0.79015   -0.78914   -0.78913   -0.78866   -0.78866
  -0.35195   -0.35195   -0.34534   -0.34534   -0.31560   -0.31560   -0.31376   -0.31375
   0.11998    0.11998    0.12223    0.12224    0.13256    0.13257    0.13971    0.13972
   0.15462    0.15462    0.17079    0.17081    0.20148    0.20148    0.21213    0.21213
   0.21637    0.21637    0.22452    0.22453    0.23910    0.23910    0.24993    0.24994
   0.45878    0.45878
 kpt#  78, nband= 50, wtk=  0.00926, kpt=  0.5000  0.5000  0.3333 (reduced coord)
  -1.94256   -1.94256   -1.94254   -1.94254   -0.80330   -0.80330   -0.80329   -0.80329
  -0.79086   -0.79086   -0.79086   -0.79086   -0.78839   -0.78839   -0.78839   -0.78838
  -0.35013   -0.35013   -0.35012   -0.35012   -0.31334   -0.31334   -0.31333   -0.31333
   0.12213    0.12213    0.12214    0.12214    0.13934    0.13934    0.13935    0.13935
   0.16526    0.16527    0.16527    0.16527    0.20447    0.20447    0.20447    0.20448
   0.21495    0.21495    0.21496    0.21496    0.24564    0.24564    0.24564    0.24565
   0.46144    0.46144
 kpt#  79, nband= 50, wtk=  0.00926, kpt= -0.3333  0.5000  0.3333 (reduced coord)
  -1.94259   -1.94259   -1.94251   -1.94251   -0.80312   -0.80312   -0.80191   -0.80191
  -0.79224   -0.79224   -0.79015   -0.79015   -0.78913   -0.78913   -0.78866   -0.78866
  -0.35195   -0.35194   -0.34534   -0.34534   -0.31560   -0.31560   -0.31376   -0.31376
   0.11998    0.11998    0.12224    0.12224    0.13256    0.13257    0.13971    0.13972
   0.15462    0.15462    0.17080    0.17080    0.20147    0.20149    0.21213    0.21214
   0.21637    0.21637    0.22452    0.22453    0.23910    0.23911    0.24993    0.24994
   0.45877    0.45878
 kpt#  80, nband= 50, wtk=  0.00926, kpt= -0.1667  0.5000  0.3333 (reduced coord)
  -1.94262   -1.94262   -1.94248   -1.94248   -0.80147   -0.80147   -0.79954   -0.79954
  -0.79455   -0.79455   -0.79089   -0.79089   -0.78968   -0.78968   -0.78933   -0.78932
  -0.35151   -0.35151   -0.33855   -0.33855   -0.31996   -0.31996   -0.31602   -0.31601
   0.11426    0.11427    0.12000    0.12000    0.12363    0.12363    0.13926    0.13926
   0.15262    0.15262    0.17269    0.17270    0.20290    0.20291    0.20518    0.20519
   0.21773    0.21773    0.23683    0.23684    0.24512    0.24513    0.25502    0.25502
   0.46310    0.46311
 kpt#  81, nband= 50, wtk=  0.00926, kpt=  0.0000 -0.3333  0.3333 (reduced coord)
  -1.94277   -1.94252   -1.94250   -1.94242   -0.80042   -0.80036   -0.79913   -0.79837
  -0.79597   -0.79411   -0.79314   -0.79077   -0.79064   -0.79063   -0.78923   -0.78821
  -0.36495   -0.33745   -0.33597   -0.33025   -0.32626   -0.32139   -0.32097   -0.31332
   0.09772    0.10695    0.11066    0.11617    0.11854    0.13215    0.13417    0.14113
   0.15014    0.15594    0.17404    0.17466    0.19106    0.19739    0.21202    0.21576
   0.21789    0.23397    0.23540    0.24109    0.24953    0.25322    0.25907    0.26199
   0.46636    0.47149
 kpt#  82, nband= 50, wtk=  0.00926, kpt=  0.1667 -0.3333  0.3333 (reduced coord)
  -1.94274   -1.94252   -1.94250   -1.94244   -0.80164   -0.80120   -0.80099   -0.79721
  -0.79547   -0.79319   -0.79312   -0.79075   -0.79034   -0.78989   -0.78885   -0.78820
  -0.36345   -0.34049   -0.33888   -0.33463   -0.32295   -0.31922   -0.31844   -0.31315
   0.10376    0.10800    0.11328    0.11839    0.12185    0.13366    0.13963    0.14168
   0.14992    0.15187    0.15952    0.17605    0.19720    0.20601    0.21243    0.22090
   0.22131    0.23126    0.23185    0.23598    0.24547    0.24621    0.25305    0.25780
   0.46127    0.47000
 kpt#  83, nband= 50, wtk=  0.00926, kpt=  0.3333 -0.3333  0.3333 (reduced coord)
  -1.94268   -1.94252   -1.94250   -1.94250   -0.80264   -0.80253   -0.80247   -0.79987
  -0.79261   -0.79235   -0.79203   -0.79013   -0.78963   -0.78951   -0.78880   -0.78797
  -0.35899   -0.34429   -0.34351   -0.34280   -0.31836   -0.31620   -0.31549   -0.31295
   0.11326    0.11639    0.11894    0.12019    0.12857    0.13909    0.14111    0.14417
   0.14845    0.15019    0.15225    0.18412    0.19254    0.21264    0.21462    0.21935
   0.22121    0.22459    0.22766    0.22815    0.23275    0.24102    0.24615    0.25252
   0.45898    0.46710
 kpt#  84, nband= 50, wtk=  0.00926, kpt=  0.5000 -0.3333  0.3333 (reduced coord)
  -1.94260   -1.94258   -1.94252   -1.94250   -0.80311   -0.80311   -0.80194   -0.80193
  -0.79219   -0.79218   -0.79024   -0.79024   -0.78903   -0.78903   -0.78871   -0.78871
  -0.35187   -0.35187   -0.34537   -0.34537   -0.31593   -0.31593   -0.31347   -0.31347
   0.11979    0.11979    0.12222    0.12222    0.13215    0.13216    0.14045    0.14046
   0.15475    0.15475    0.17051    0.17051    0.20046    0.20046    0.21211    0.21211
   0.22004    0.22005    0.22306    0.22306    0.23799    0.23799    0.24976    0.24976
   0.46308    0.46948
 kpt#  85, nband= 50, wtk=  0.00926, kpt= -0.3333 -0.3333  0.3333 (reduced coord)
  -1.94268   -1.94252   -1.94250   -1.94250   -0.80264   -0.80253   -0.80247   -0.79987
  -0.79261   -0.79235   -0.79203   -0.79013   -0.78963   -0.78951   -0.78880   -0.78797
  -0.35899   -0.34429   -0.34351   -0.34279   -0.31836   -0.31620   -0.31548   -0.31295
   0.11326    0.11639    0.11895    0.12019    0.12857    0.13909    0.14111    0.14417
   0.14845    0.15019    0.15225    0.18412    0.19254    0.21264    0.21462    0.21935
   0.22121    0.22459    0.22766    0.22815    0.23275    0.24102    0.24615    0.25252
   0.45898    0.46713
 kpt#  86, nband= 50, wtk=  0.00926, kpt= -0.1667 -0.3333  0.3333 (reduced coord)
  -1.94274   -1.94252   -1.94250   -1.94244   -0.80164   -0.80120   -0.80099   -0.79721
  -0.79547   -0.79319   -0.79312   -0.79075   -0.79034   -0.78989   -0.78885   -0.78820
  -0.36345   -0.34049   -0.33888   -0.33463   -0.32295   -0.31922   -0.31844   -0.31316
   0.10376    0.10800    0.11328    0.11839    0.12185    0.13366    0.13963    0.14168
   0.14992    0.15187    0.15952    0.17605    0.19720    0.20601    0.21243    0.22090
   0.22131    0.23126    0.23185    0.23598    0.24547    0.24621    0.25305    0.25780
   0.46127    0.46994
 kpt#  87, nband= 50, wtk=  0.00926, kpt=  0.0000 -0.1667  0.3333 (reduced coord)
  -1.94286   -1.94255   -1.94241   -1.94238   -0.80166   -0.80125   -0.80074   -0.79694
  -0.79550   -0.79377   -0.79202   -0.79169   -0.79086   -0.79012   -0.78826   -0.78778
  -0.37477   -0.33997   -0.32835   -0.32740   -0.32430   -0.32425   -0.31922   -0.31032
   0.08673    0.09076    0.10389    0.11403    0.11754    0.13346    0.13655    0.14017
   0.14478    0.15117    0.17026    0.17829    0.19880    0.20474    0.22220    0.22249
   0.23013    0.23452    0.23516    0.23524    0.25873    0.26061    0.26427    0.26566
   0.46319    0.46644
 kpt#  88, nband= 50, wtk=  0.00926, kpt=  0.1667 -0.1667  0.3333 (reduced coord)
  -1.94283   -1.94254   -1.94242   -1.94241   -0.80166   -0.80143   -0.80089   -0.79574
  -0.79553   -0.79487   -0.79175   -0.79165   -0.79125   -0.78983   -0.78827   -0.78781
  -0.37178   -0.34050   -0.33045   -0.32862   -0.32655   -0.32115   -0.31940   -0.31106
   0.09328    0.09573    0.10341    0.11515    0.12053    0.13507    0.13839    0.14312
   0.14461    0.15671    0.16367    0.16566    0.20239    0.21446    0.21932    0.22027
   0.22974    0.23079    0.23513    0.23565    0.25388    0.25591    0.25811    0.26044
   0.46385    0.47103
 kpt#  89, nband= 50, wtk=  0.00926, kpt=  0.3333 -0.1667  0.3333 (reduced coord)
  -1.94274   -1.94252   -1.94250   -1.94244   -0.80162   -0.80121   -0.80107   -0.79727
  -0.79536   -0.79316   -0.79312   -0.79079   -0.79030   -0.78986   -0.78887   -0.78821
  -0.36337   -0.34053   -0.33875   -0.33455   -0.32309   -0.32013   -0.31776   -0.31307
   0.10396    0.10796    0.11304    0.11747    0.12173    0.13453    0.13882    0.14248
   0.15074    0.15190    0.15915    0.17550    0.19954    0.20519    0.20963    0.22132
   0.22388    0.23036    0.23388    0.23709    0.24356    0.24556    0.25196    0.25726
   0.46625    0.47524
 kpt#  90, nband= 50, wtk=  0.00926, kpt=  0.5000 -0.1667  0.3333 (reduced coord)
  -1.94263   -1.94261   -1.94249   -1.94247   -0.80147   -0.80147   -0.79962   -0.79962
  -0.79444   -0.79443   -0.79089   -0.79089   -0.78975   -0.78974   -0.78929   -0.78929
  -0.35133   -0.35133   -0.33860   -0.33860   -0.32045   -0.32045   -0.31567   -0.31567
   0.11413    0.11413    0.11883    0.11883    0.12431    0.12431    0.13996    0.13996
   0.15322    0.15323    0.17214    0.17215    0.19906    0.19907    0.20809    0.20809
   0.22062    0.22062    0.23907    0.23907    0.24066    0.24066    0.25475    0.25475
   0.47041    0.47073
 kpt#  91, nband= 50, wtk=  0.00926, kpt= -0.3333 -0.1667  0.3333 (reduced coord)
  -1.94274   -1.94252   -1.94250   -1.94244   -0.80162   -0.80121   -0.80107   -0.79727
  -0.79536   -0.79316   -0.79312   -0.79079   -0.79030   -0.78986   -0.78887   -0.78821
  -0.36336   -0.34053   -0.33875   -0.33455   -0.32309   -0.32013   -0.31776   -0.31307
   0.10396    0.10796    0.11304    0.11747    0.12172    0.13453    0.13882    0.14248
   0.15074    0.15190    0.15915    0.17550    0.19954    0.20519    0.20963    0.22132
   0.22388    0.23036    0.23388    0.23709    0.24356    0.24557    0.25195    0.25726
   0.46624    0.47564
 kpt#  92, nband= 50, wtk=  0.00926, kpt= -0.1667 -0.1667  0.3333 (reduced coord)
  -1.94283   -1.94254   -1.94242   -1.94241   -0.80166   -0.80143   -0.80089   -0.79574
  -0.79553   -0.79487   -0.79175   -0.79165   -0.79125   -0.78983   -0.78827   -0.78781
  -0.37178   -0.34050   -0.33045   -0.32862   -0.32655   -0.32115   -0.31939   -0.31106
   0.09328    0.09573    0.10341    0.11515    0.12053    0.13507    0.13839    0.14312
   0.14461    0.15671    0.16367    0.16566    0.20239    0.21446    0.21932    0.22027
   0.22974    0.23079    0.23513    0.23565    0.25388    0.25591    0.25811    0.26044
   0.46385    0.47094
 kpt#  93, nband= 50, wtk=  0.00463, kpt=  0.0000  0.0000  0.5000 (reduced coord)
  -1.94273   -1.94273   -1.94237   -1.94237   -0.79911   -0.79911   -0.79902   -0.79902
  -0.79689   -0.79689   -0.79250   -0.79250   -0.78902   -0.78902   -0.78885   -0.78885
  -0.36031   -0.36031   -0.32263   -0.32262   -0.32231   -0.32230   -0.31947   -0.31947
   0.10641    0.10641    0.10702    0.10702    0.12133    0.12133    0.12952    0.12952
   0.15049    0.15050    0.17815    0.17816    0.20050    0.20050    0.20232    0.20233
   0.22006    0.22007    0.24611    0.24611    0.26717    0.26718    0.26911    0.26911
   0.47081    0.47097
 kpt#  94, nband= 50, wtk=  0.00926, kpt=  0.1667  0.0000  0.5000 (reduced coord)
  -1.94271   -1.94271   -1.94239   -1.94239   -0.79947   -0.79946   -0.79827   -0.79827
  -0.79740   -0.79740   -0.79186   -0.79185   -0.78969   -0.78969   -0.78876   -0.78876
  -0.35805   -0.35804   -0.32554   -0.32554   -0.32198   -0.32198   -0.31961   -0.31960
   0.10795    0.10795    0.11380    0.11380    0.12034    0.12034    0.12803    0.12803
   0.15764    0.15765    0.18295    0.18295    0.18869    0.18869    0.19820    0.19820
   0.23045    0.23046    0.23870    0.23870    0.26217    0.26217    0.26363    0.26363
   0.47332    0.47341
 kpt#  95, nband= 50, wtk=  0.00926, kpt=  0.3333  0.0000  0.5000 (reduced coord)
  -1.94264   -1.94264   -1.94246   -1.94246   -0.79973   -0.79973   -0.79849   -0.79849
  -0.79649   -0.79649   -0.79154   -0.79154   -0.79053   -0.79053   -0.78878   -0.78878
  -0.35168   -0.35168   -0.33301   -0.33300   -0.32138   -0.32138   -0.32000   -0.32000
   0.11112    0.11112    0.11740    0.11740    0.12950    0.12950    0.13073    0.13074
   0.16915    0.16915    0.17516    0.17516    0.18955    0.18955    0.19665    0.19665
   0.21687    0.21688    0.23908    0.23908    0.25016    0.25017    0.25725    0.25725
   0.47500    0.47564
 kpt#  96, nband= 50, wtk=  0.00463, kpt=  0.5000  0.0000  0.5000 (reduced coord)
  -1.94256   -1.94256   -1.94254   -1.94254   -0.79941   -0.79941   -0.79941   -0.79941
  -0.79404   -0.79404   -0.79403   -0.79403   -0.78937   -0.78937   -0.78937   -0.78936
  -0.34261   -0.34261   -0.34261   -0.34261   -0.32066   -0.32065   -0.32065   -0.32065
   0.11431    0.11431    0.11431    0.11432    0.13619    0.13619    0.13619    0.13619
   0.17578    0.17578    0.17578    0.17578    0.18750    0.18750    0.18750    0.18750
   0.22228    0.22228    0.22228    0.22228    0.25246    0.25246    0.25246    0.25246
   0.47436    0.47436
 kpt#  97, nband= 50, wtk=  0.00926, kpt=  0.0000  0.1667  0.5000 (reduced coord)
  -1.94271   -1.94271   -1.94239   -1.94239   -0.79934   -0.79934   -0.79840   -0.79840
  -0.79738   -0.79738   -0.79185   -0.79185   -0.78978   -0.78978   -0.78869   -0.78869
  -0.35807   -0.35807   -0.32587   -0.32587   -0.32164   -0.32164   -0.31957   -0.31957
   0.10724    0.10724    0.11459    0.11459    0.12093    0.12093    0.12803    0.12803
   0.15567    0.15567    0.18423    0.18423    0.18816    0.18816    0.19867    0.19868
   0.23034    0.23034    0.23874    0.23874    0.26223    0.26223    0.26391    0.26391
   0.47053    0.47054
 kpt#  98, nband= 50, wtk=  0.00926, kpt=  0.1667  0.1667  0.5000 (reduced coord)
  -1.94269   -1.94269   -1.94242   -1.94241   -0.80071   -0.80064   -0.79875   -0.79750
  -0.79662   -0.79651   -0.79145   -0.79142   -0.79066   -0.78918   -0.78880   -0.78865
  -0.35677   -0.35632   -0.33038   -0.32974   -0.32003   -0.31972   -0.31934   -0.31878
   0.10938    0.11093    0.11895    0.11964    0.12054    0.12163    0.12534    0.13185
   0.15403    0.16692    0.17423    0.17425    0.18651    0.18860    0.20718    0.20845
   0.22991    0.23034    0.23065    0.23992    0.25543    0.25584    0.25692    0.25995
   0.46551    0.48258
 kpt#  99, nband= 50, wtk=  0.00926, kpt=  0.3333  0.1667  0.5000 (reduced coord)
  -1.94263   -1.94263   -1.94247   -1.94247   -0.80170   -0.80116   -0.80049   -0.79893
  -0.79469   -0.79397   -0.79175   -0.79047   -0.79032   -0.78993   -0.78882   -0.78865
  -0.35254   -0.35170   -0.33793   -0.33697   -0.31929   -0.31881   -0.31775   -0.31760
   0.11389    0.11616    0.11948    0.11966    0.12924    0.12978    0.13275    0.13790
   0.15757    0.16100    0.16563    0.18176    0.19561    0.19629    0.20182    0.20806
   0.21250    0.22568    0.23404    0.23476    0.24142    0.24667    0.24752    0.25516
   0.46581    0.47728
 kpt# 100, nband= 50, wtk=  0.00926, kpt=  0.5000  0.1667  0.5000 (reduced coord)
  -1.94256   -1.94256   -1.94254   -1.94254   -0.80164   -0.80164   -0.80045   -0.80045
  -0.79313   -0.79313   -0.79160   -0.79160   -0.78945   -0.78945   -0.78918   -0.78917
  -0.34589   -0.34589   -0.34484   -0.34484   -0.31877   -0.31877   -0.31717   -0.31717
   0.11717    0.11717    0.11968    0.11968    0.13317    0.13317    0.13821    0.13821
   0.16551    0.16551    0.17212    0.17213    0.19755    0.19755    0.20202    0.20203
   0.21878    0.21878    0.21977    0.21977    0.24323    0.24323    0.25155    0.25155
   0.47001    0.47172
 kpt# 101, nband= 50, wtk=  0.00926, kpt= -0.3333  0.1667  0.5000 (reduced coord)
  -1.94263   -1.94263   -1.94247   -1.94247   -0.80170   -0.80116   -0.80049   -0.79893
  -0.79469   -0.79397   -0.79175   -0.79047   -0.79032   -0.78993   -0.78882   -0.78865
  -0.35254   -0.35170   -0.33793   -0.33697   -0.31929   -0.31881   -0.31775   -0.31760
   0.11389    0.11616    0.11948    0.11966    0.12924    0.12978    0.13275    0.13790
   0.15757    0.16100    0.16563    0.18176    0.19561    0.19629    0.20182    0.20806
   0.21250    0.22568    0.23404    0.23476    0.24142    0.24667    0.24752    0.25516
   0.46580    0.47681
 kpt# 102, nband= 50, wtk=  0.00926, kpt= -0.1667  0.1667  0.5000 (reduced coord)
  -1.94269   -1.94269   -1.94242   -1.94241   -0.80071   -0.80064   -0.79875   -0.79750
  -0.79662   -0.79651   -0.79145   -0.79142   -0.79066   -0.78918   -0.78880   -0.78865
  -0.35677   -0.35632   -0.33038   -0.32974   -0.32003   -0.31972   -0.31934   -0.31878
   0.10938    0.11093    0.11895    0.11964    0.12054    0.12163    0.12534    0.13185
   0.15403    0.16692    0.17423    0.17425    0.18651    0.18860    0.20718    0.20845
   0.22991    0.23034    0.23065    0.23992    0.25543    0.25584    0.25692    0.25995
   0.46551    0.48235
 kpt# 103, nband= 50, wtk=  0.00926, kpt=  0.0000  0.3333  0.5000 (reduced coord)
  -1.94264   -1.94264   -1.94246   -1.94246   -0.79961   -0.79961   -0.79843   -0.79843
  -0.79663   -0.79663   -0.79166   -0.79165   -0.79051   -0.79051   -0.78873   -0.78873
  -0.35179   -0.35179   -0.33331   -0.33331   -0.32105   -0.32104   -0.31988   -0.31987
   0.11069    0.11069    0.11833    0.11833    0.13013    0.13014    0.13054    0.13054
   0.16545    0.16545    0.17509    0.17509    0.18881    0.18881    0.19986    0.19986
   0.21649    0.21649    0.23972    0.23972    0.25016    0.25016    0.25782    0.25782
   0.47010    0.47065
 kpt# 104, nband= 50, wtk=  0.00926, kpt=  0.1667  0.3333  0.5000 (reduced coord)
  -1.94263   -1.94263   -1.94247   -1.94247   -0.80172   -0.80107   -0.80048   -0.79888
  -0.79483   -0.79392   -0.79184   -0.79050   -0.79027   -0.78998   -0.78878   -0.78860
  -0.35254   -0.35183   -0.33762   -0.33756   -0.31912   -0.31815   -0.31795   -0.31775
   0.11284    0.11699    0.12006    0.12017    0.12860    0.12959    0.13294    0.13956
   0.15693    0.15930    0.16544    0.17664    0.19738    0.20135    0.20269    0.20546
   0.21151    0.22511    0.23441    0.23575    0.24328    0.24621    0.24686    0.25596
   0.46119    0.47255
 kpt# 105, nband= 50, wtk=  0.00926, kpt=  0.3333  0.3333  0.5000 (reduced coord)
  -1.94260   -1.94260   -1.94251   -1.94250   -0.80308   -0.80304   -0.80261   -0.80115
  -0.79173   -0.79159   -0.79111   -0.78993   -0.78983   -0.78944   -0.78852   -0.78843
  -0.35259   -0.35167   -0.34465   -0.34429   -0.31648   -0.31484   -0.31468   -0.31441
   0.12173    0.12298    0.12353    0.12355    0.13140    0.13486    0.13692    0.13816
   0.15620    0.15631    0.16158    0.18633    0.19617    0.19653    0.21296    0.21674
   0.21814    0.22209    0.22483    0.22715    0.23150    0.23512    0.23783    0.24778
   0.45866    0.46801
 kpt# 106, nband= 50, wtk=  0.00926, kpt=  0.5000  0.3333  0.5000 (reduced coord)
  -1.94256   -1.94256   -1.94254   -1.94254   -0.80360   -0.80360   -0.80284   -0.80284
  -0.79098   -0.79098   -0.78991   -0.78991   -0.78901   -0.78901   -0.78876   -0.78876
  -0.35010   -0.35010   -0.34935   -0.34935   -0.31446   -0.31445   -0.31316   -0.31315
   0.12515    0.12515    0.12823    0.12823    0.13206    0.13206    0.13551    0.13551
   0.16409    0.16409    0.17241    0.17241    0.20363    0.20363    0.20380    0.20380
   0.21942    0.21943    0.22361    0.22361    0.22818    0.22819    0.24389    0.24389
   0.46390    0.46398
 kpt# 107, nband= 50, wtk=  0.00926, kpt= -0.3333  0.3333  0.5000 (reduced coord)
  -1.94260   -1.94260   -1.94251   -1.94250   -0.80308   -0.80304   -0.80261   -0.80115
  -0.79173   -0.79159   -0.79111   -0.78993   -0.78983   -0.78944   -0.78852   -0.78843
  -0.35259   -0.35167   -0.34465   -0.34429   -0.31648   -0.31484   -0.31468   -0.31441
   0.12173    0.12298    0.12353    0.12355    0.13140    0.13486    0.13692    0.13816
   0.15620    0.15631    0.16158    0.18633    0.19617    0.19653    0.21296    0.21674
   0.21814    0.22209    0.22483    0.22715    0.23150    0.23512    0.23783    0.24778
   0.45866    0.46803
 kpt# 108, nband= 50, wtk=  0.00926, kpt= -0.1667  0.3333  0.5000 (reduced coord)
  -1.94263   -1.94263   -1.94247   -1.94247   -0.80172   -0.80107   -0.80048   -0.79888
  -0.79483   -0.79392   -0.79184   -0.79050   -0.79027   -0.78998   -0.78878   -0.78860
  -0.35254   -0.35183   -0.33762   -0.33756   -0.31912   -0.31815   -0.31795   -0.31775
   0.11284    0.11699    0.12006    0.12017    0.12860    0.12959    0.13294    0.13956
   0.15693    0.15930    0.16544    0.17664    0.19738    0.20135    0.20269    0.20546
   0.21151    0.22511    0.23441    0.23575    0.24328    0.24621    0.24686    0.25596
   0.46119    0.47249
 kpt# 109, nband= 50, wtk=  0.00463, kpt=  0.0000  0.5000  0.5000 (reduced coord)
  -1.94256   -1.94256   -1.94254   -1.94254   -0.79932   -0.79932   -0.79931   -0.79931
  -0.79417   -0.79417   -0.79416   -0.79416   -0.78934   -0.78934   -0.78933   -0.78933
  -0.34282   -0.34282   -0.34282   -0.34282   -0.32042   -0.32041   -0.32041   -0.32041
   0.11456    0.11456    0.11457    0.11457    0.13622    0.13622    0.13623    0.13624
   0.17343    0.17343    0.17344    0.17344    0.18841    0.18841    0.18842    0.18842
   0.22329    0.22329    0.22329    0.22330    0.25286    0.25286    0.25287    0.25287
   0.47088    0.47090
 kpt# 110, nband= 50, wtk=  0.00926, kpt=  0.1667  0.5000  0.5000 (reduced coord)
  -1.94256   -1.94256   -1.94254   -1.94254   -0.80163   -0.80162   -0.80037   -0.80036
  -0.79327   -0.79326   -0.79161   -0.79160   -0.78946   -0.78945   -0.78913   -0.78912
  -0.34580   -0.34580   -0.34520   -0.34520   -0.31835   -0.31835   -0.31728   -0.31728
   0.11706    0.11706    0.12007    0.12007    0.13335    0.13337    0.13845    0.13847
   0.16433    0.16434    0.17125    0.17126    0.19520    0.19520    0.20343    0.20344
   0.21764    0.21764    0.22285    0.22286    0.24346    0.24347    0.25212    0.25212
   0.46352    0.46354
 kpt# 111, nband= 50, wtk=  0.00926, kpt=  0.3333  0.5000  0.5000 (reduced coord)
  -1.94256   -1.94256   -1.94254   -1.94254   -0.80361   -0.80361   -0.80281   -0.80281
  -0.79106   -0.79106   -0.78983   -0.78983   -0.78908   -0.78908   -0.78872   -0.78871
  -0.34996   -0.34996   -0.34956   -0.34955   -0.31421   -0.31420   -0.31332   -0.31332
   0.12470    0.12470    0.12809    0.12809    0.13268    0.13268    0.13591    0.13591
   0.16354    0.16354    0.17234    0.17235    0.20129    0.20130    0.20496    0.20497
   0.21852    0.21853    0.22470    0.22471    0.22967    0.22968    0.24379    0.24380
   0.45906    0.45907
 kpt# 112, nband= 50, wtk=  0.00463, kpt=  0.5000  0.5000  0.5000 (reduced coord)
  -1.94256   -1.94256   -1.94254   -1.94254   -0.80407   -0.80407   -0.80407   -0.80407
  -0.79007   -0.79007   -0.79006   -0.79006   -0.78835   -0.78835   -0.78835   -0.78834
  -0.35158   -0.35157   -0.35157   -0.35157   -0.31208   -0.31208   -0.31208   -0.31207
   0.12830    0.12830    0.12830    0.12830    0.13571    0.13571    0.13572    0.13572
   0.17061    0.17061    0.17062    0.17062    0.19911    0.19911    0.19912    0.19912
   0.22018    0.22018    0.22019    0.22019    0.23597    0.23597    0.23598    0.23599
   0.46290    0.46290
