 Fermi (or HOMO) energy (hartree) =   0.27696   Average Vxc (hartree)=  -0.44599
 Eigenvalues (hartree) for nkpt= 112  k points:
 kpt#   1, nband= 50, wtk=  0.00463, kpt=  0.0000  0.0000  0.0000 (reduced coord)
  -1.94354   -1.94288   -1.94285   -1.94285   -0.80520   -0.80520   -0.80484   -0.79317
  -0.79307   -0.79274   -0.79265   -0.79142   -0.79142   -0.78854   -0.78691   -0.78691
  -0.39509   -0.33836   -0.32901   -0.32898   -0.31892   -0.31578   -0.31575   -0.29700
   0.06027    0.06032    0.07188    0.09574    0.10257    0.10259    0.16393    0.16430
   0.16631    0.16690    0.17272    0.17283    0.22336    0.22340    0.22700    0.22842
   0.24815    0.25066    0.25480    0.25590    0.25890    0.26604    0.26613    0.27505
   0.44275    0.44541
 kpt#   2, nband= 50, wtk=  0.00926, kpt=  0.1667  0.0000  0.0000 (reduced coord)
  -1.94350   -1.94290   -1.94288   -1.94285   -0.80434   -0.80410   -0.80410   -0.79405
  -0.79305   -0.79246   -0.79238   -0.79218   -0.79155   -0.78876   -0.78827   -0.78729
  -0.39035   -0.33683   -0.32837   -0.32710   -0.32176   -0.31950   -0.31719   -0.29935
   0.06603    0.07037    0.07110    0.09814    0.10562    0.11761    0.15195    0.15261
   0.16021    0.16265    0.17237    0.17512    0.21819    0.22024    0.22044    0.23515
   0.24667    0.24692    0.24969    0.25826    0.25973    0.26414    0.26566    0.27561
   0.45138    0.45201
 kpt#   3, nband= 50, wtk=  0.00926, kpt=  0.3333  0.0000  0.0000 (reduced coord)
  -1.94337   -1.94302   -1.94287   -1.94285   -0.80206   -0.80194   -0.80102   -0.79623
  -0.79513   -0.79275   -0.79190   -0.79186   -0.79160   -0.79113   -0.78947   -0.78832
  -0.37709   -0.33808   -0.33263   -0.32599   -0.32263   -0.32116   -0.32026   -0.30561
   0.07812    0.08249    0.09884    0.10523    0.11425    0.12540    0.13408    0.13720
   0.14496    0.15223    0.18252    0.18297    0.18590    0.20742    0.21077    0.22840
   0.23666    0.23987    0.25204    0.26434    0.26445    0.26592    0.26968    0.27696
   0.46674    0.46726
 kpt#   4, nband= 50, wtk=  0.00463, kpt=  0.5000  0.0000  0.0000 (reduced coord)
  -1.94320   -1.94319   -1.94287   -1.94286   -0.79928   -0.79927   -0.79860   -0.79859
  -0.79647   -0.79646   -0.79235   -0.79234   -0.79052   -0.79052   -0.78973   -0.78972
  -0.35818   -0.35818   -0.32702   -0.32702   -0.32353   -0.32353   -0.31372   -0.31372
   0.09509    0.09509    0.11069    0.11069    0.11734    0.11734    0.12853    0.12853
   0.13997    0.13997    0.19147    0.19147    0.19397    0.19397    0.19704    0.19704
   0.23719    0.23720    0.26124    0.26124    0.26639    0.26639    0.27617    0.27617
   0.47852    0.47965
 kpt#   5, nband= 50, wtk=  0.00926, kpt=  0.0000  0.1667  0.0000 (reduced coord)
  -1.94350   -1.94290   -1.94288   -1.94285   -0.80434   -0.80410   -0.80409   -0.79408
  -0.79298   -0.79245   -0.79244   -0.79217   -0.79156   -0.78876   -0.78827   -0.78729
  -0.39034   -0.33681   -0.32824   -0.32703   -0.32194   -0.31952   -0.31721   -0.29936
   0.06609    0.07030    0.07109    0.09815    0.10565    0.11763    0.15204    0.15274
   0.15994    0.16257    0.17251    0.17515    0.21819    0.21979    0.22032    0.23707
   0.24472    0.24667    0.24998    0.25857    0.25971    0.26426    0.26573    0.27560
   0.45131    0.45198
 kpt#   6, nband= 50, wtk=  0.00926, kpt=  0.1667  0.1667  0.0000 (reduced coord)
  -1.94345   -1.94290   -1.94289   -1.94288   -0.80346   -0.80346   -0.80339   -0.79390
  -0.79376   -0.79373   -0.79201   -0.79199   -0.79102   -0.78998   -0.78908   -0.78709
  -0.38601   -0.33588   -0.32714   -0.32707   -0.32233   -0.32220   -0.31992   -0.30140
   0.07274    0.07573    0.07581    0.09985    0.10955    0.12838    0.14453    0.14459
   0.15953    0.16475    0.16493    0.17307    0.21373    0.21791    0.22347    0.22394
   0.24598    0.24886    0.25027    0.25036    0.25971    0.26010    0.26745    0.27590
   0.45586    0.45986
 kpt#   7, nband= 50, wtk=  0.00926, kpt=  0.3333  0.1667  0.0000 (reduced coord)
  -1.94333   -1.94301   -1.94289   -1.94288   -0.80169   -0.80144   -0.80102   -0.79638
  -0.79575   -0.79332   -0.79290   -0.79149   -0.79103   -0.79081   -0.78988   -0.78781
  -0.37388   -0.33821   -0.33335   -0.32697   -0.32432   -0.32105   -0.32016   -0.30681
   0.08181    0.09090    0.10212    0.10532    0.11860    0.12407    0.13166    0.13878
   0.14909    0.15879    0.17569    0.17946    0.18903    0.20465    0.20668    0.22915
   0.23094    0.23464    0.25009    0.25228    0.26299    0.26720    0.26944    0.27673
   0.46447    0.47378
 kpt#   8, nband= 50, wtk=  0.00926, kpt=  0.5000  0.1667  0.0000 (reduced coord)
  -1.94318   -1.94317   -1.94289   -1.94288   -0.79916   -0.79916   -0.79896   -0.79896
  -0.79700   -0.79700   -0.79180   -0.79180   -0.79077   -0.79076   -0.78924   -0.78924
  -0.35657   -0.35657   -0.32997   -0.32997   -0.32268   -0.32268   -0.31384   -0.31383
   0.09979    0.09979    0.11400    0.11400    0.11412    0.11412    0.13264    0.13264
   0.14628    0.14629    0.18894    0.18894    0.19005    0.19005    0.19801    0.19801
   0.23244    0.23244    0.25280    0.25281    0.26561    0.26561    0.27554    0.27554
   0.47251    0.47315
 kpt#   9, nband= 50, wtk=  0.00926, kpt= -0.3333  0.1667  0.0000 (reduced coord)
  -1.94333   -1.94301   -1.94289   -1.94288   -0.80169   -0.80144   -0.80102   -0.79638
  -0.79575   -0.79332   -0.79290   -0.79149   -0.79103   -0.79081   -0.78988   -0.78781
  -0.37388   -0.33821   -0.33335   -0.32697   -0.32432   -0.32105   -0.32016   -0.30681
   0.08181    0.09090    0.10212    0.10532    0.11860    0.12407    0.13166    0.13878
   0.14909    0.15879    0.17569    0.17946    0.18903    0.20465    0.20668    0.22915
   0.23094    0.23464    0.25009    0.25228    0.26299    0.26720    0.26944    0.27673
   0.46457    0.47369
 kpt#  10, nband= 50, wtk=  0.00926, kpt= -0.1667  0.1667  0.0000 (reduced coord)
  -1.94345   -1.94290   -1.94289   -1.94288   -0.80346   -0.80346   -0.80339   -0.79390
  -0.79376   -0.79373   -0.79201   -0.79199   -0.79102   -0.78998   -0.78908   -0.78709
  -0.38601   -0.33588   -0.32714   -0.32707   -0.32233   -0.32220   -0.31992   -0.30140
   0.07274    0.07573    0.07581    0.09985    0.10955    0.12838    0.14453    0.14459
   0.15953    0.16475    0.16493    0.17307    0.21373    0.21791    0.22347    0.22394
   0.24598    0.24886    0.25027    0.25036    0.25971    0.26010    0.26745    0.27590
   0.45586    0.45986
 kpt#  11, nband= 50, wtk=  0.00926, kpt=  0.0000  0.3333  0.0000 (reduced coord)
  -1.94337   -1.94302   -1.94287   -1.94285   -0.80204   -0.80194   -0.80098   -0.79628
  -0.79512   -0.79272   -0.79190   -0.79188   -0.79163   -0.79112   -0.78947   -0.78832
  -0.37706   -0.33788   -0.33257   -0.32625   -0.32159   -0.32125   -0.32121   -0.30566
   0.07813    0.08257    0.09878    0.10529    0.11440    0.12547    0.13423    0.13701
   0.14474    0.15226    0.18246    0.18310    0.18587    0.20711    0.21086    0.22845
   0.23654    0.24026    0.25202    0.26401    0.26494    0.26538    0.26988    0.27694
   0.46660    0.46667
 kpt#  12, nband= 50, wtk=  0.00926, kpt=  0.1667  0.3333  0.0000 (reduced coord)
  -1.94333   -1.94301   -1.94289   -1.94288   -0.80170   -0.80143   -0.80099   -0.79638
  -0.79579   -0.79333   -0.79288   -0.79151   -0.79103   -0.79081   -0.78989   -0.78781
  -0.37386   -0.33807   -0.33332   -0.32686   -0.32450   -0.32109   -0.32022   -0.30684
   0.08182    0.09100    0.10206    0.10536    0.11868    0.12407    0.13176    0.13873
   0.14886    0.15873    0.17584    0.17944    0.18902    0.20471    0.20649    0.22929
   0.23097    0.23446    0.25025    0.25241    0.26265    0.26717    0.26958    0.27671
   0.46444    0.47322
 kpt#  13, nband= 50, wtk=  0.00926, kpt=  0.3333  0.3333  0.0000 (reduced coord)
  -1.94324   -1.94298   -1.94298   -1.94291   -0.80078   -0.80077   -0.79982   -0.79837
  -0.79590   -0.79451   -0.79450   -0.79120   -0.79014   -0.79014   -0.78992   -0.78769
  -0.36487   -0.33798   -0.33795   -0.33509   -0.32079   -0.32024   -0.32017   -0.31018
   0.09221    0.10663    0.10961    0.10970    0.12594    0.12600    0.12917    0.13903
   0.15999    0.16015    0.17565    0.17907    0.18890    0.18988    0.20766    0.20771
   0.21432    0.23447    0.23450    0.24011    0.26715    0.26900    0.26903    0.27600
   0.46093    0.46808
 kpt#  14, nband= 50, wtk=  0.00926, kpt=  0.5000  0.3333  0.0000 (reduced coord)
  -1.94312   -1.94311   -1.94295   -1.94294   -0.79993   -0.79993   -0.79924   -0.79923
  -0.79664   -0.79664   -0.79283   -0.79283   -0.78970   -0.78970   -0.78859   -0.78859
  -0.35191   -0.35191   -0.33689   -0.33689   -0.32043   -0.32043   -0.31503   -0.31503
   0.10551    0.10551    0.10987    0.10987    0.13036    0.13036    0.14341    0.14341
   0.15623    0.15623    0.17482    0.17482    0.18719    0.18719    0.20574    0.20574
   0.21009    0.21009    0.23636    0.23637    0.26810    0.26810    0.27407    0.27407
   0.46163    0.46243
 kpt#  15, nband= 50, wtk=  0.00926, kpt= -0.3333  0.3333  0.0000 (reduced coord)
  -1.94324   -1.94298   -1.94298   -1.94291   -0.80078   -0.80077   -0.79982   -0.79837
  -0.79590   -0.79451   -0.79450   -0.79120   -0.79014   -0.79014   -0.78992   -0.78769
  -0.36487   -0.33798   -0.33795   -0.33509   -0.32079   -0.32024   -0.32017   -0.31018
   0.09221    0.10663    0.10961    0.10970    0.12594    0.12600    0.12917    0.13903
   0.15999    0.16015    0.17565    0.17907    0.18890    0.18988    0.20766    0.20771
   0.21432    0.23447    0.23450    0.24011    0.26715    0.26900    0.26903    0.27600
   0.46131    0.46805
 kpt#  16, nband= 50, wtk=  0.00926, kpt= -0.1667  0.3333  0.0000 (reduced coord)
  -1.94333   -1.94301   -1.94289   -1.94288   -0.80170   -0.80143   -0.80099   -0.79638
  -0.79579   -0.79333   -0.79288   -0.79151   -0.79103   -0.79081   -0.78989   -0.78781
  -0.37386   -0.33807   -0.33332   -0.32686   -0.32450   -0.32109   -0.32022   -0.30684
   0.08182    0.09100    0.10206    0.10536    0.11868    0.12407    0.13176    0.13873
   0.14886    0.15873    0.17584    0.17944    0.18902    0.20471    0.20649    0.22929
   0.23097    0.23446    0.25025    0.25241    0.26265    0.26717    0.26958    0.27671
   0.46450    0.47327
 kpt#  17, nband= 50, wtk=  0.00463, kpt=  0.0000  0.5000  0.0000 (reduced coord)
  -1.94320   -1.94319   -1.94287   -1.94286   -0.79919   -0.79919   -0.79860   -0.79859
  -0.79656   -0.79655   -0.79234   -0.79233   -0.79054   -0.79053   -0.78973   -0.78972
  -0.35810   -0.35810   -0.32687   -0.32687   -0.32365   -0.32365   -0.31385   -0.31385
   0.09511    0.09512    0.11096    0.11096    0.11746    0.11746    0.12815    0.12816
   0.13988    0.13989    0.19157    0.19158    0.19380    0.19380    0.19716    0.19716
   0.23722    0.23722    0.26171    0.26171    0.26583    0.26583    0.27620    0.27620
   0.47791    0.47910
 kpt#  18, nband= 50, wtk=  0.00926, kpt=  0.1667  0.5000  0.0000 (reduced coord)
  -1.94318   -1.94317   -1.94289   -1.94288   -0.79917   -0.79916   -0.79887   -0.79886
  -0.79710   -0.79709   -0.79179   -0.79178   -0.79078   -0.79078   -0.78924   -0.78924
  -0.35650   -0.35650   -0.32988   -0.32988   -0.32278   -0.32278   -0.31390   -0.31390
   0.09984    0.09984    0.11406    0.11407    0.11430    0.11430    0.13234    0.13234
   0.14624    0.14624    0.18883    0.18883    0.19017    0.19017    0.19806    0.19807
   0.23238    0.23239    0.25294    0.25295    0.26547    0.26547    0.27554    0.27554
   0.47216    0.47398
 kpt#  19, nband= 50, wtk=  0.00926, kpt=  0.3333  0.5000  0.0000 (reduced coord)
  -1.94312   -1.94311   -1.94295   -1.94294   -0.79993   -0.79993   -0.79921   -0.79921
  -0.79667   -0.79666   -0.79283   -0.79283   -0.78970   -0.78970   -0.78859   -0.78859
  -0.35188   -0.35188   -0.33688   -0.33688   -0.32048   -0.32047   -0.31503   -0.31502
   0.10556    0.10556    0.10989    0.10989    0.13035    0.13035    0.14333    0.14333
   0.15622    0.15623    0.17489    0.17489    0.18710    0.18710    0.20583    0.20583
   0.21006    0.21006    0.23636    0.23637    0.26810    0.26810    0.27403    0.27404
   0.46139    0.46176
 kpt#  20, nband= 50, wtk=  0.00463, kpt=  0.5000  0.5000  0.0000 (reduced coord)
  -1.94304   -1.94303   -1.94303   -1.94302   -0.79997   -0.79997   -0.79997   -0.79997
  -0.79481   -0.79480   -0.79480   -0.79480   -0.78870   -0.78870   -0.78870   -0.78870
  -0.34492   -0.34492   -0.34492   -0.34492   -0.31752   -0.31752   -0.31752   -0.31752
   0.10774    0.10774    0.10775    0.10775    0.15332    0.15332    0.15333    0.15333
   0.15787    0.15787    0.15787    0.15787    0.18916    0.18916    0.18916    0.18917
   0.21897    0.21897    0.21897    0.21897    0.27150    0.27150    0.27150    0.27151
   0.45773    0.45773
 kpt#  21, nband= 50, wtk=  0.00926, kpt=  0.0000  0.0000  0.1667 (reduced coord)
  -1.94350   -1.94292   -1.94285   -1.94285   -0.80442   -0.80442   -0.80385   -0.79396
  -0.79392   -0.79275   -0.79272   -0.79114   -0.79113   -0.78973   -0.78722   -0.78722
  -0.39063   -0.33595   -0.32806   -0.32803   -0.32511   -0.31663   -0.31660   -0.30001
   0.06595    0.06600    0.08192    0.10509    0.10516    0.10609    0.15776    0.15783
   0.16257    0.16266    0.16930    0.16946    0.22177    0.22336    0.23146    0.23159
   0.24047    0.24216    0.24379    0.25864    0.26049    0.26061    0.26694    0.26705
   0.44602    0.45123
 kpt#  22, nband= 50, wtk=  0.00926, kpt=  0.1667  0.0000  0.1667 (reduced coord)
  -1.94345   -1.94292   -1.94289   -1.94285   -0.80361   -0.80348   -0.80328   -0.79503
  -0.79357   -0.79241   -0.79220   -0.79213   -0.79126   -0.79050   -0.78775   -0.78762
  -0.38621   -0.33459   -0.32794   -0.32638   -0.32527   -0.32219   -0.31781   -0.30203
   0.07141    0.07566    0.08044    0.10488    0.10763    0.12321    0.15197    0.15289
   0.15584    0.15767    0.16501    0.16897    0.21685    0.22479    0.22622    0.23127
   0.24237    0.24258    0.24598    0.25012    0.25446    0.26393    0.26428    0.26597
   0.45393    0.45694
 kpt#  23, nband= 50, wtk=  0.00926, kpt=  0.3333  0.0000  0.1667 (reduced coord)
  -1.94334   -1.94301   -1.94290   -1.94287   -0.80170   -0.80135   -0.80085   -0.79703
  -0.79483   -0.79325   -0.79272   -0.79147   -0.79146   -0.79131   -0.78885   -0.78873
  -0.37385   -0.33739   -0.33097   -0.32699   -0.32571   -0.32238   -0.32036   -0.30747
   0.08620    0.08676    0.10242    0.11044    0.11459    0.12914    0.13688    0.13988
   0.14133    0.15638    0.16936    0.17920    0.19524    0.20340    0.21254    0.22975
   0.24097    0.24107    0.24782    0.24795    0.25262    0.26448    0.26608    0.26792
   0.46840    0.46935
 kpt#  24, nband= 50, wtk=  0.00926, kpt=  0.5000  0.0000  0.1667 (reduced coord)
  -1.94318   -1.94317   -1.94289   -1.94288   -0.79952   -0.79952   -0.79815   -0.79815
  -0.79703   -0.79703   -0.79195   -0.79195   -0.79016   -0.79015   -0.79015   -0.79014
  -0.35618   -0.35618   -0.32642   -0.32641   -0.32607   -0.32607   -0.31454   -0.31454
   0.10147    0.10147    0.11048    0.11048    0.12420    0.12420    0.12615    0.12615
   0.14417    0.14417    0.18971    0.18972    0.19367    0.19367    0.19638    0.19638
   0.24064    0.24065    0.25020    0.25021    0.26071    0.26071    0.26830    0.26830
   0.47694    0.47905
 kpt#  25, nband= 50, wtk=  0.00926, kpt= -0.3333  0.0000  0.1667 (reduced coord)
  -1.94334   -1.94301   -1.94290   -1.94287   -0.80170   -0.80135   -0.80085   -0.79703
  -0.79483   -0.79325   -0.79272   -0.79147   -0.79146   -0.79131   -0.78885   -0.78873
  -0.37385   -0.33739   -0.33097   -0.32699   -0.32571   -0.32239   -0.32036   -0.30747
   0.08620    0.08676    0.10242    0.11044    0.11459    0.12914    0.13688    0.13988
   0.14132    0.15637    0.16936    0.17920    0.19524    0.20340    0.21254    0.22975
   0.24097    0.24107    0.24782    0.24796    0.25261    0.26448    0.26608    0.26792
   0.46839    0.46952
 kpt#  26, nband= 50, wtk=  0.00926, kpt= -0.1667  0.0000  0.1667 (reduced coord)
  -1.94345   -1.94292   -1.94289   -1.94285   -0.80361   -0.80348   -0.80328   -0.79503
  -0.79357   -0.79241   -0.79220   -0.79213   -0.79126   -0.79050   -0.78775   -0.78762
  -0.38621   -0.33459   -0.32794   -0.32638   -0.32527   -0.32219   -0.31781   -0.30203
   0.07141    0.07566    0.08045    0.10488    0.10763    0.12321    0.15197    0.15289
   0.15584    0.15767    0.16501    0.16897    0.21685    0.22479    0.22622    0.23127
   0.24237    0.24258    0.24598    0.25012    0.25446    0.26393    0.26428    0.26597
   0.45393    0.45694
 kpt#  27, nband= 50, wtk=  0.00926, kpt=  0.0000  0.1667  0.1667 (reduced coord)
  -1.94345   -1.94292   -1.94289   -1.94285   -0.80365   -0.80342   -0.80328   -0.79504
  -0.79356   -0.79240   -0.79221   -0.79214   -0.79122   -0.79053   -0.78775   -0.78763
  -0.38621   -0.33458   -0.32794   -0.32620   -0.32529   -0.32239   -0.31779   -0.30203
   0.07146    0.07563    0.08045    0.10492    0.10760    0.12326    0.15204    0.15267
   0.15576    0.15774    0.16503    0.16911    0.21607    0.22487    0.22626    0.23290
   0.24184    0.24199    0.24563    0.25033    0.25450    0.26404    0.26425    0.26603
   0.45390    0.45691
 kpt#  28, nband= 50, wtk=  0.00926, kpt=  0.1667  0.1667  0.1667 (reduced coord)
  -1.94341   -1.94292   -1.94289   -1.94289   -0.80307   -0.80287   -0.80280   -0.79457
  -0.79421   -0.79341   -0.79196   -0.79190   -0.79181   -0.79073   -0.78840   -0.78736
  -0.38223   -0.33450   -0.32853   -0.32725   -0.32459   -0.32206   -0.32081   -0.30375
   0.08060    0.08085    0.08161    0.10607    0.11148    0.13336    0.14723    0.14803
   0.15500    0.15933    0.15966    0.16239    0.22056    0.22321    0.22327    0.22393
   0.24197    0.24382    0.24543    0.24942    0.25106    0.25834    0.25890    0.26781
   0.45987    0.46112
 kpt#  29, nband= 50, wtk=  0.00926, kpt=  0.3333  0.1667  0.1667 (reduced coord)
  -1.94330   -1.94300   -1.94291   -1.94290   -0.80170   -0.80160   -0.80108   -0.79587
  -0.79542   -0.79483   -0.79282   -0.79127   -0.79093   -0.79070   -0.78929   -0.78807
  -0.37110   -0.33844   -0.33392   -0.33019   -0.32307   -0.32182   -0.31932   -0.30833
   0.08946    0.09465    0.10542    0.11044    0.11894    0.12872    0.13715    0.13907
   0.14534    0.16128    0.16716    0.16956    0.19528    0.20868    0.21191    0.22954
   0.23199    0.23668    0.24599    0.24790    0.25283    0.25438    0.26382    0.26795
   0.46625    0.47389
 kpt#  30, nband= 50, wtk=  0.00926, kpt=  0.5000  0.1667  0.1667 (reduced coord)
  -1.94316   -1.94315   -1.94291   -1.94290   -0.80072   -0.80072   -0.79826   -0.79825
  -0.79669   -0.79669   -0.79133   -0.79133   -0.79037   -0.79037   -0.78955   -0.78955
  -0.35518   -0.35518   -0.33246   -0.33246   -0.32179   -0.32179   -0.31427   -0.31427
   0.10588    0.10588    0.11242    0.11243    0.12312    0.12312    0.12901    0.12901
   0.15034    0.15035    0.17810    0.17810    0.19631    0.19631    0.20236    0.20236
   0.23442    0.23443    0.24879    0.24879    0.25466    0.25466    0.26719    0.26719
   0.47195    0.47231
 kpt#  31, nband= 50, wtk=  0.00926, kpt= -0.3333  0.1667  0.1667 (reduced coord)
  -1.94330   -1.94300   -1.94291   -1.94290   -0.80170   -0.80160   -0.80108   -0.79587
  -0.79542   -0.79483   -0.79282   -0.79127   -0.79093   -0.79070   -0.78929   -0.78807
  -0.37109   -0.33844   -0.33392   -0.33019   -0.32307   -0.32183   -0.31932   -0.30833
   0.08946    0.09465    0.10542    0.11044    0.11894    0.12872    0.13715    0.13907
   0.14534    0.16128    0.16716    0.16956    0.19528    0.20868    0.21191    0.22954
   0.23199    0.23668    0.24599    0.24791    0.25283    0.25438    0.26381    0.26795
   0.46625    0.47346
 kpt#  32, nband= 50, wtk=  0.00926, kpt= -0.1667  0.1667  0.1667 (reduced coord)
  -1.94341   -1.94292   -1.94289   -1.94289   -0.80306   -0.80287   -0.80280   -0.79457
  -0.79422   -0.79341   -0.79196   -0.79190   -0.79181   -0.79073   -0.78840   -0.78736
  -0.38223   -0.33450   -0.32853   -0.32724   -0.32459   -0.32206   -0.32080   -0.30375
   0.08060    0.08085    0.08161    0.10607    0.11148    0.13336    0.14723    0.14803
   0.15500    0.15933    0.15966    0.16238    0.22057    0.22321    0.22327    0.22393
   0.24197    0.24382    0.24543    0.24942    0.25106    0.25834    0.25889    0.26781
   0.45987    0.46113
 kpt#  33, nband= 50, wtk=  0.00926, kpt=  0.0000  0.3333  0.1667 (reduced coord)
  -1.94334   -1.94301   -1.94290   -1.94287   -0.80169   -0.80139   -0.80077   -0.79708
  -0.79485   -0.79321   -0.79271   -0.79150   -0.79145   -0.79133   -0.78884   -0.78873
  -0.37383   -0.33724   -0.33091   -0.32730   -0.32578   -0.32139   -0.32120   -0.30747
   0.08619    0.08681    0.10239    0.11055    0.11460    0.12904    0.13672    0.14023
   0.14105    0.15648    0.16930    0.17935    0.19526    0.20309    0.21260    0.22989
   0.24075    0.24119    0.24784    0.24934    0.25098    0.26448    0.26616    0.26809
   0.46838    0.46999
 kpt#  34, nband= 50, wtk=  0.00926, kpt=  0.1667  0.3333  0.1667 (reduced coord)
  -1.94330   -1.94300   -1.94291   -1.94290   -0.80170   -0.80159   -0.80107   -0.79589
  -0.79545   -0.79480   -0.79281   -0.79127   -0.79093   -0.79070   -0.78929   -0.78807
  -0.37108   -0.33833   -0.33390   -0.33031   -0.32309   -0.32167   -0.31946   -0.30833
   0.08945    0.09471    0.10539    0.11050    0.11895    0.12861    0.13734    0.13900
   0.14516    0.16126    0.16720    0.16972    0.19528    0.20845    0.21197    0.23006
   0.23166    0.23653    0.24599    0.24818    0.25282    0.25391    0.26398    0.26803
   0.46613    0.47354
 kpt#  35, nband= 50, wtk=  0.00926, kpt=  0.3333  0.3333  0.1667 (reduced coord)
  -1.94322   -1.94298   -1.94298   -1.94293   -0.80165   -0.80155   -0.80144   -0.79776
  -0.79562   -0.79386   -0.79354   -0.79032   -0.79021   -0.79011   -0.78975   -0.78784
  -0.36331   -0.34005   -0.33966   -0.33767   -0.32001   -0.31860   -0.31823   -0.31078
   0.09879    0.11140    0.11179    0.11235    0.12861    0.13094    0.13139    0.14158
   0.15502    0.15607    0.16100    0.17872    0.19128    0.20558    0.21177    0.21284
   0.21852    0.23168    0.23183    0.23574    0.25535    0.25990    0.26139    0.26699
   0.46211    0.46981
 kpt#  36, nband= 50, wtk=  0.00926, kpt=  0.5000  0.3333  0.1667 (reduced coord)
  -1.94310   -1.94310   -1.94296   -1.94295   -0.80167   -0.80167   -0.80018   -0.80018
  -0.79490   -0.79490   -0.79176   -0.79175   -0.78961   -0.78961   -0.78871   -0.78871
  -0.35205   -0.35205   -0.33980   -0.33980   -0.31844   -0.31844   -0.31438   -0.31438
   0.11047    0.11047    0.11381    0.11381    0.13396    0.13396    0.13913    0.13913
   0.15791    0.15791    0.16648    0.16649    0.19890    0.19890    0.20582    0.20582
   0.21426    0.21427    0.23206    0.23206    0.25912    0.25912    0.26545    0.26545
   0.46258    0.46478
 kpt#  37, nband= 50, wtk=  0.00926, kpt= -0.3333  0.3333  0.1667 (reduced coord)
  -1.94322   -1.94298   -1.94298   -1.94293   -0.80165   -0.80155   -0.80144   -0.79776
  -0.79562   -0.79386   -0.79354   -0.79032   -0.79021   -0.79011   -0.78975   -0.78784
  -0.36331   -0.34005   -0.33965   -0.33767   -0.32001   -0.31860   -0.31822   -0.31078
   0.09879    0.11140    0.11179    0.11235    0.12861    0.13094    0.13139    0.14158
   0.15502    0.15607    0.16100    0.17872    0.19128    0.20558    0.21177    0.21284
   0.21852    0.23168    0.23183    0.23574    0.25535    0.25990    0.26139    0.26699
   0.46202    0.47019
 kpt#  38, nband= 50, wtk=  0.00926, kpt= -0.1667  0.3333  0.1667 (reduced coord)
  -1.94330   -1.94300   -1.94291   -1.94290   -0.80170   -0.80159   -0.80107   -0.79589
  -0.79545   -0.79480   -0.79281   -0.79127   -0.79093   -0.79070   -0.78929   -0.78807
  -0.37108   -0.33833   -0.33390   -0.33031   -0.32309   -0.32167   -0.31946   -0.30833
   0.08946    0.09471    0.10539    0.11050    0.11895    0.12861    0.13734    0.13900
   0.14516    0.16126    0.16720    0.16972    0.19528    0.20844    0.21197    0.23006
   0.23166    0.23653    0.24599    0.24818    0.25282    0.25391    0.26398    0.26802
   0.46615    0.47360
 kpt#  39, nband= 50, wtk=  0.00926, kpt=  0.0000  0.5000  0.1667 (reduced coord)
  -1.94318   -1.94317   -1.94289   -1.94288   -0.79946   -0.79945   -0.79820   -0.79819
  -0.79705   -0.79704   -0.79195   -0.79194   -0.79016   -0.79016   -0.79015   -0.79015
  -0.35613   -0.35613   -0.32650   -0.32650   -0.32599   -0.32599   -0.31458   -0.31458
   0.10144    0.10144    0.11069    0.11069    0.12431    0.12432    0.12587    0.12587
   0.14409    0.14409    0.18979    0.18979    0.19368    0.19368    0.19640    0.19641
   0.24063    0.24063    0.25020    0.25020    0.26049    0.26049    0.26847    0.26847
   0.47656    0.47889
 kpt#  40, nband= 50, wtk=  0.00926, kpt=  0.1667  0.5000  0.1667 (reduced coord)
  -1.94316   -1.94315   -1.94291   -1.94290   -0.80070   -0.80069   -0.79827   -0.79827
  -0.79670   -0.79669   -0.79133   -0.79132   -0.79038   -0.79038   -0.78956   -0.78955
  -0.35514   -0.35513   -0.33248   -0.33247   -0.32180   -0.32179   -0.31430   -0.31429
   0.10590    0.10590    0.11250    0.11251    0.12333    0.12333    0.12865    0.12865
   0.15032    0.15032    0.17817    0.17817    0.19642    0.19642    0.20229    0.20229
   0.23441    0.23441    0.24875    0.24875    0.25453    0.25454    0.26732    0.26733
   0.47167    0.47249
 kpt#  41, nband= 50, wtk=  0.00926, kpt=  0.3333  0.5000  0.1667 (reduced coord)
  -1.94311   -1.94310   -1.94296   -1.94295   -0.80166   -0.80166   -0.80019   -0.80019
  -0.79491   -0.79490   -0.79176   -0.79175   -0.78961   -0.78961   -0.78871   -0.78871
  -0.35203   -0.35202   -0.33982   -0.33981   -0.31844   -0.31844   -0.31439   -0.31439
   0.11048    0.11048    0.11386    0.11386    0.13388    0.13388    0.13905    0.13906
   0.15803    0.15803    0.16645    0.16646    0.19883    0.19884    0.20591    0.20592
   0.21427    0.21428    0.23199    0.23200    0.25904    0.25905    0.26555    0.26556
   0.46246    0.46264
 kpt#  42, nband= 50, wtk=  0.00926, kpt=  0.5000  0.5000  0.1667 (reduced coord)
  -1.94304   -1.94303   -1.94303   -1.94302   -0.80150   -0.80150   -0.80149   -0.80149
  -0.79321   -0.79320   -0.79320   -0.79320   -0.78870   -0.78870   -0.78870   -0.78870
  -0.34675   -0.34675   -0.34675   -0.34674   -0.31583   -0.31583   -0.31583   -0.31583
   0.11232    0.11232    0.11232    0.11232    0.14999    0.14999    0.14999    0.15000
   0.15687    0.15687    0.15688    0.15688    0.19949    0.19950    0.19950    0.19951
   0.21507    0.21507    0.21507    0.21507    0.26371    0.26371    0.26371    0.26371
   0.45992    0.45992
 kpt#  43, nband= 50, wtk=  0.00926, kpt= -0.3333  0.5000  0.1667 (reduced coord)
  -1.94311   -1.94310   -1.94296   -1.94295   -0.80166   -0.80166   -0.80019   -0.80019
  -0.79491   -0.79490   -0.79176   -0.79175   -0.78961   -0.78961   -0.78871   -0.78871
  -0.35203   -0.35203   -0.33982   -0.33981   -0.31844   -0.31844   -0.31439   -0.31439
   0.11048    0.11048    0.11386    0.11387    0.13388    0.13389    0.13905    0.13906
   0.15802    0.15803    0.16645    0.16646    0.19883    0.19884    0.20591    0.20591
   0.21427    0.21428    0.23199    0.23199    0.25904    0.25904    0.26555    0.26556
   0.46248    0.46273
 kpt#  44, nband= 50, wtk=  0.00926, kpt= -0.1667  0.5000  0.1667 (reduced coord)
  -1.94316   -1.94315   -1.94291   -1.94290   -0.80070   -0.80069   -0.79827   -0.79827
  -0.79669   -0.79669   -0.79133   -0.79132   -0.79038   -0.79038   -0.78956   -0.78955
  -0.35514   -0.35513   -0.33248   -0.33247   -0.32180   -0.32179   -0.31430   -0.31430
   0.10590    0.10590    0.11251    0.11251    0.12333    0.12333    0.12865    0.12865
   0.15032    0.15032    0.17817    0.17817    0.19642    0.19643    0.20229    0.20229
   0.23441    0.23441    0.24875    0.24875    0.25453    0.25454    0.26732    0.26733
   0.47180    0.47202
 kpt#  45, nband= 50, wtk=  0.00926, kpt=  0.0000 -0.3333  0.1667 (reduced coord)
  -1.94334   -1.94301   -1.94290   -1.94287   -0.80169   -0.80139   -0.80077   -0.79708
  -0.79485   -0.79321   -0.79271   -0.79150   -0.79145   -0.79133   -0.78884   -0.78873
  -0.37383   -0.33724   -0.33091   -0.32730   -0.32578   -0.32139   -0.32120   -0.30747
   0.08619    0.08681    0.10239    0.11055    0.11460    0.12904    0.13672    0.14023
   0.14105    0.15648    0.16930    0.17935    0.19526    0.20309    0.21260    0.22989
   0.24075    0.24119    0.24784    0.24934    0.25098    0.26448    0.26616    0.26809
   0.46836    0.47005
 kpt#  46, nband= 50, wtk=  0.00926, kpt=  0.1667 -0.3333  0.1667 (reduced coord)
  -1.94330   -1.94300   -1.94291   -1.94290   -0.80170   -0.80159   -0.80107   -0.79589
  -0.79545   -0.79480   -0.79281   -0.79127   -0.79093   -0.79070   -0.78929   -0.78807
  -0.37108   -0.33833   -0.33390   -0.33031   -0.32309   -0.32167   -0.31946   -0.30833
   0.08945    0.09471    0.10539    0.11050    0.11895    0.12861    0.13734    0.13900
   0.14516    0.16126    0.16720    0.16972    0.19528    0.20845    0.21197    0.23006
   0.23166    0.23653    0.24599    0.24818    0.25282    0.25391    0.26398    0.26803
   0.46612    0.47366
 kpt#  47, nband= 50, wtk=  0.00926, kpt=  0.3333 -0.3333  0.1667 (reduced coord)
  -1.94322   -1.94298   -1.94298   -1.94293   -0.80165   -0.80155   -0.80144   -0.79776
  -0.79562   -0.79386   -0.79354   -0.79032   -0.79021   -0.79011   -0.78975   -0.78784
  -0.36331   -0.34005   -0.33966   -0.33767   -0.32001   -0.31860   -0.31823   -0.31078
   0.09879    0.11140    0.11179    0.11235    0.12861    0.13094    0.13139    0.14158
   0.15502    0.15607    0.16100    0.17872    0.19128    0.20558    0.21177    0.21284
   0.21852    0.23168    0.23183    0.23574    0.25535    0.25990    0.26139    0.26699
   0.46202    0.46996
 kpt#  48, nband= 50, wtk=  0.00926, kpt=  0.5000 -0.3333  0.1667 (reduced coord)
  -1.94310   -1.94310   -1.94296   -1.94295   -0.80167   -0.80167   -0.80018   -0.80018
  -0.79490   -0.79490   -0.79176   -0.79175   -0.78961   -0.78961   -0.78871   -0.78871
  -0.35205   -0.35205   -0.33980   -0.33980   -0.31844   -0.31844   -0.31438   -0.31438
   0.11047    0.11047    0.11381    0.11381    0.13396    0.13396    0.13913    0.13913
   0.15791    0.15791    0.16648    0.16649    0.19890    0.19890    0.20582    0.20582
   0.21426    0.21427    0.23206    0.23206    0.25912    0.25912    0.26545    0.26545
   0.46256    0.46286
 kpt#  49, nband= 50, wtk=  0.00926, kpt= -0.3333 -0.3333  0.1667 (reduced coord)
  -1.94322   -1.94298   -1.94298   -1.94293   -0.80165   -0.80155   -0.80144   -0.79776
  -0.79562   -0.79386   -0.79354   -0.79032   -0.79021   -0.79011   -0.78975   -0.78784
  -0.36331   -0.34005   -0.33965   -0.33767   -0.32001   -0.31860   -0.31822   -0.31078
   0.09879    0.11140    0.11179    0.11235    0.12861    0.13094    0.13139    0.14158
   0.15502    0.15607    0.16100    0.17872    0.19128    0.20558    0.21177    0.21284
   0.21852    0.23168    0.23183    0.23574    0.25535    0.25990    0.26139    0.26699
   0.46205    0.47000
 kpt#  50, nband= 50, wtk=  0.00926, kpt= -0.1667 -0.3333  0.1667 (reduced coord)
  -1.94330   -1.94300   -1.94291   -1.94290   -0.80170   -0.80159   -0.80107   -0.79589
  -0.79545   -0.79480   -0.79281   -0.79127   -0.79093   -0.79070   -0.78929   -0.78807
  -0.37108   -0.33833   -0.33390   -0.33031   -0.32309   -0.32167   -0.31946   -0.30833
   0.08946    0.09471    0.10539    0.11050    0.11895    0.12861    0.13734    0.13900
   0.14516    0.16126    0.16720    0.16972    0.19528    0.20844    0.21197    0.23006
   0.23166    0.23653    0.24599    0.24818    0.25282    0.25391    0.26398    0.26802
   0.46647    0.47349
 kpt#  51, nband= 50, wtk=  0.00926, kpt=  0.0000 -0.1667  0.1667 (reduced coord)
  -1.94345   -1.94292   -1.94289   -1.94285   -0.80365   -0.80342   -0.80328   -0.79504
  -0.79356   -0.79240   -0.79221   -0.79214   -0.79122   -0.79053   -0.78775   -0.78763
  -0.38621   -0.33458   -0.32794   -0.32620   -0.32529   -0.32239   -0.31779   -0.30203
   0.07146    0.07563    0.08045    0.10492    0.10760    0.12326    0.15204    0.15267
   0.15576    0.15774    0.16503    0.16911    0.21607    0.22487    0.22626    0.23290
   0.24184    0.24199    0.24563    0.25033    0.25450    0.26404    0.26425    0.26603
   0.45390    0.45691
 kpt#  52, nband= 50, wtk=  0.00926, kpt=  0.1667 -0.1667  0.1667 (reduced coord)
  -1.94341   -1.94292   -1.94289   -1.94289   -0.80307   -0.80287   -0.80280   -0.79457
  -0.79421   -0.79341   -0.79196   -0.79190   -0.79181   -0.79073   -0.78840   -0.78736
  -0.38223   -0.33450   -0.32853   -0.32725   -0.32459   -0.32206   -0.32081   -0.30375
   0.08060    0.08085    0.08161    0.10607    0.11148    0.13336    0.14723    0.14803
   0.15500    0.15933    0.15966    0.16239    0.22056    0.22321    0.22327    0.22393
   0.24197    0.24382    0.24543    0.24942    0.25106    0.25834    0.25890    0.26781
   0.45987    0.46113
 kpt#  53, nband= 50, wtk=  0.00926, kpt=  0.3333 -0.1667  0.1667 (reduced coord)
  -1.94330   -1.94300   -1.94291   -1.94290   -0.80170   -0.80160   -0.80108   -0.79587
  -0.79542   -0.79483   -0.79282   -0.79127   -0.79093   -0.79070   -0.78929   -0.78807
  -0.37110   -0.33844   -0.33392   -0.33019   -0.32307   -0.32182   -0.31932   -0.30833
   0.08946    0.09465    0.10542    0.11044    0.11894    0.12872    0.13715    0.13907
   0.14534    0.16128    0.16716    0.16956    0.19528    0.20868    0.21191    0.22954
   0.23199    0.23668    0.24599    0.24790    0.25283    0.25438    0.26382    0.26795
   0.46622    0.47378
 kpt#  54, nband= 50, wtk=  0.00926, kpt=  0.5000 -0.1667  0.1667 (reduced coord)
  -1.94316   -1.94315   -1.94291   -1.94290   -0.80072   -0.80072   -0.79826   -0.79825
  -0.79669   -0.79669   -0.79133   -0.79133   -0.79037   -0.79037   -0.78955   -0.78955
  -0.35518   -0.35518   -0.33246   -0.33246   -0.32179   -0.32179   -0.31427   -0.31427
   0.10588    0.10588    0.11242    0.11243    0.12312    0.12312    0.12901    0.12901
   0.15034    0.15035    0.17810    0.17810    0.19631    0.19631    0.20236    0.20236
   0.23442    0.23443    0.24879    0.24879    0.25466    0.25466    0.26719    0.26719
   0.47196    0.47707
 kpt#  55, nband= 50, wtk=  0.00926, kpt= -0.3333 -0.1667  0.1667 (reduced coord)
  -1.94330   -1.94300   -1.94291   -1.94290   -0.80170   -0.80160   -0.80108   -0.79587
  -0.79542   -0.79483   -0.79282   -0.79127   -0.79093   -0.79070   -0.78929   -0.78807
  -0.37109   -0.33844   -0.33392   -0.33019   -0.32307   -0.32183   -0.31932   -0.30833
   0.08946    0.09465    0.10542    0.11044    0.11894    0.12872    0.13715    0.13907
   0.14534    0.16128    0.16716    0.16956    0.19528    0.20868    0.21191    0.22954
   0.23199    0.23668    0.24599    0.24791    0.25283    0.25438    0.26381    0.26795
   0.46623    0.47375
 kpt#  56, nband= 50, wtk=  0.00926, kpt= -0.1667 -0.1667  0.1667 (reduced coord)
  -1.94341   -1.94292   -1.94289   -1.94289   -0.80306   -0.80287   -0.80280   -0.79457
  -0.79422   -0.79341   -0.79196   -0.79190   -0.79181   -0.79073   -0.78840   -0.78736
  -0.38223   -0.33450   -0.32853   -0.32724   -0.32459   -0.32206   -0.32080   -0.30375
   0.08060    0.08085    0.08161    0.10607    0.11148    0.13336    0.14723    0.14803
   0.15500    0.15933    0.15966    0.16238    0.22057    0.22321    0.22327    0.22393
   0.24197    0.24382    0.24543    0.24942    0.25106    0.25834    0.25889    0.26781
   0.45987    0.46113
 kpt#  57, nband= 50, wtk=  0.00926, kpt=  0.0000  0.0000  0.3333 (reduced coord)
  -1.94338   -1.94304   -1.94285   -1.94285   -0.80226   -0.80225   -0.80107   -0.79622
  -0.79620   -0.79298   -0.79279   -0.79278   -0.79031   -0.79027   -0.78805   -0.78804
  -0.37818   -0.34079   -0.32901   -0.32553   -0.32550   -0.31894   -0.31891   -0.30823
   0.08230    0.08231    0.10956    0.11288    0.11310    0.13432    0.13477    0.13495
   0.14465    0.14467    0.18297    0.18322    0.19830    0.21606    0.21904    0.21992
   0.22507    0.22770    0.24352    0.24353    0.26676    0.26678    0.26844    0.26852
   0.45530    0.46601
 kpt#  58, nband= 50, wtk=  0.00926, kpt=  0.1667  0.0000  0.3333 (reduced coord)
  -1.94334   -1.94303   -1.94288   -1.94286   -0.80186   -0.80148   -0.80096   -0.79707
  -0.79569   -0.79397   -0.79230   -0.79207   -0.79109   -0.79031   -0.78854   -0.78809
  -0.37464   -0.33985   -0.32826   -0.32670   -0.32445   -0.32336   -0.31952   -0.30943
   0.08667    0.09072    0.10434    0.11351    0.11930    0.13369    0.13732    0.14373
   0.14421    0.14678    0.17104    0.17793    0.20169    0.20656    0.22056    0.22287
   0.22953    0.23568    0.23587    0.23870    0.25985    0.26001    0.26477    0.26590
   0.46106    0.46948
 kpt#  59, nband= 50, wtk=  0.00926, kpt=  0.3333  0.0000  0.3333 (reduced coord)
  -1.94324   -1.94300   -1.94298   -1.94290   -0.80064   -0.80056   -0.79934   -0.79851
  -0.79618   -0.79428   -0.79331   -0.79109   -0.79099   -0.79076   -0.78960   -0.78855
  -0.36471   -0.33719   -0.33542   -0.32950   -0.32629   -0.32186   -0.32071   -0.31265
   0.09803    0.10727    0.11142    0.11573    0.11948    0.13165    0.13489    0.14247
   0.15125    0.15623    0.17116    0.17455    0.19215    0.20365    0.21023    0.21589
   0.22020    0.23391    0.23568    0.24306    0.24943    0.25190    0.25764    0.26233
   0.47144    0.47422
 kpt#  60, nband= 50, wtk=  0.00926, kpt=  0.5000  0.0000  0.3333 (reduced coord)
  -1.94312   -1.94311   -1.94295   -1.94294   -0.79979   -0.79979   -0.79860   -0.79860
  -0.79635   -0.79635   -0.79239   -0.79238   -0.79025   -0.79025   -0.78964   -0.78964
  -0.35052   -0.35052   -0.33345   -0.33345   -0.32374   -0.32374   -0.31698   -0.31697
   0.11113    0.11113    0.11875    0.11875    0.11991    0.11991    0.14599    0.14600
   0.14659    0.14660    0.18441    0.18441    0.19130    0.19130    0.20455    0.20455
   0.21627    0.21627    0.24547    0.24547    0.24828    0.24828    0.25738    0.25738
   0.47372    0.47545
 kpt#  61, nband= 50, wtk=  0.00926, kpt= -0.3333  0.0000  0.3333 (reduced coord)
  -1.94324   -1.94300   -1.94298   -1.94290   -0.80064   -0.80056   -0.79934   -0.79851
  -0.79618   -0.79428   -0.79331   -0.79109   -0.79099   -0.79076   -0.78960   -0.78855
  -0.36471   -0.33719   -0.33542   -0.32950   -0.32629   -0.32186   -0.32070   -0.31265
   0.09803    0.10728    0.11142    0.11573    0.11948    0.13165    0.13489    0.14247
   0.15125    0.15623    0.17116    0.17455    0.19215    0.20365    0.21023    0.21589
   0.22021    0.23391    0.23568    0.24306    0.24943    0.25190    0.25764    0.26233
   0.47299    0.47451
 kpt#  62, nband= 50, wtk=  0.00926, kpt= -0.1667  0.0000  0.3333 (reduced coord)
  -1.94334   -1.94303   -1.94288   -1.94286   -0.80186   -0.80148   -0.80096   -0.79707
  -0.79569   -0.79397   -0.79230   -0.79207   -0.79109   -0.79031   -0.78854   -0.78809
  -0.37464   -0.33985   -0.32826   -0.32670   -0.32445   -0.32336   -0.31952   -0.30943
   0.08667    0.09072    0.10434    0.11351    0.11930    0.13369    0.13732    0.14373
   0.14421    0.14678    0.17104    0.17793    0.20169    0.20656    0.22056    0.22287
   0.22953    0.23568    0.23587    0.23870    0.25985    0.26002    0.26477    0.26590
   0.46106    0.46940
 kpt#  63, nband= 50, wtk=  0.00926, kpt=  0.0000  0.1667  0.3333 (reduced coord)
  -1.94334   -1.94303   -1.94288   -1.94286   -0.80192   -0.80142   -0.80096   -0.79709
  -0.79567   -0.79398   -0.79230   -0.79207   -0.79105   -0.79034   -0.78853   -0.78810
  -0.37464   -0.33988   -0.32825   -0.32686   -0.32418   -0.32359   -0.31939   -0.30941
   0.08666    0.09074    0.10435    0.11354    0.11920    0.13354    0.13740    0.14289
   0.14527    0.14662    0.17096    0.17820    0.20157    0.20592    0.22065    0.22405
   0.22969    0.23474    0.23599    0.23874    0.25971    0.26008    0.26479    0.26592
   0.46104    0.46930
 kpt#  64, nband= 50, wtk=  0.00926, kpt=  0.1667  0.1667  0.3333 (reduced coord)
  -1.94331   -1.94302   -1.94289   -1.94289   -0.80188   -0.80159   -0.80109   -0.79602
  -0.79562   -0.79506   -0.79195   -0.79182   -0.79173   -0.79003   -0.78863   -0.78808
  -0.37164   -0.34037   -0.32960   -0.32868   -0.32643   -0.32053   -0.31965   -0.31025
   0.09439    0.09476    0.10355    0.11734    0.11979    0.13710    0.13732    0.14467
   0.14647    0.15200    0.16419    0.16556    0.20526    0.21707    0.21878    0.22037
   0.23231    0.23237    0.23378    0.23660    0.25312    0.25737    0.25747    0.26045
   0.46471    0.47043
 kpt#  65, nband= 50, wtk=  0.00926, kpt=  0.3333  0.1667  0.3333 (reduced coord)
  -1.94322   -1.94300   -1.94298   -1.94292   -0.80181   -0.80138   -0.80120   -0.79744
  -0.79564   -0.79335   -0.79332   -0.79099   -0.79077   -0.79003   -0.78926   -0.78850
  -0.36323   -0.34030   -0.33844   -0.33420   -0.32286   -0.31943   -0.31801   -0.31252
   0.10433    0.10833    0.11363    0.11971    0.12125    0.13517    0.13879    0.14247
   0.15129    0.15199    0.15958    0.17348    0.20122    0.20696    0.21265    0.22130
   0.22558    0.23095    0.23273    0.23580    0.24372    0.24712    0.25067    0.25776
   0.46899    0.47474
 kpt#  66, nband= 50, wtk=  0.00926, kpt=  0.5000  0.1667  0.3333 (reduced coord)
  -1.94310   -1.94310   -1.94296   -1.94295   -0.80163   -0.80163   -0.79976   -0.79976
  -0.79471   -0.79471   -0.79104   -0.79104   -0.79006   -0.79005   -0.78968   -0.78967
  -0.35117   -0.35117   -0.33826   -0.33825   -0.31999   -0.31999   -0.31554   -0.31554
   0.11490    0.11490    0.12062    0.12062    0.12379    0.12379    0.13969    0.13969
   0.15320    0.15320    0.17342    0.17342    0.20210    0.20210    0.20583    0.20584
   0.22084    0.22084    0.23962    0.23963    0.24100    0.24100    0.25473    0.25474
   0.47158    0.47158
 kpt#  67, nband= 50, wtk=  0.00926, kpt= -0.3333  0.1667  0.3333 (reduced coord)
  -1.94322   -1.94300   -1.94298   -1.94292   -0.80181   -0.80138   -0.80120   -0.79744
  -0.79564   -0.79335   -0.79332   -0.79099   -0.79077   -0.79003   -0.78926   -0.78850
  -0.36323   -0.34030   -0.33844   -0.33420   -0.32286   -0.31943   -0.31800   -0.31252
   0.10433    0.10833    0.11363    0.11971    0.12124    0.13517    0.13879    0.14247
   0.15129    0.15199    0.15958    0.17348    0.20122    0.20696    0.21265    0.22130
   0.22559    0.23095    0.23273    0.23580    0.24372    0.24713    0.25066    0.25776
   0.46892    0.47515
 kpt#  68, nband= 50, wtk=  0.00926, kpt= -0.1667  0.1667  0.3333 (reduced coord)
  -1.94331   -1.94302   -1.94289   -1.94289   -0.80188   -0.80159   -0.80109   -0.79602
  -0.79563   -0.79506   -0.79195   -0.79182   -0.79173   -0.79003   -0.78863   -0.78808
  -0.37164   -0.34037   -0.32960   -0.32868   -0.32643   -0.32054   -0.31965   -0.31025
   0.09439    0.09476    0.10355    0.11734    0.11979    0.13710    0.13732    0.14467
   0.14647    0.15200    0.16419    0.16556    0.20526    0.21707    0.21878    0.22038
   0.23231    0.23237    0.23377    0.23660    0.25312    0.25737    0.25747    0.26044
   0.46471    0.47001
 kpt#  69, nband= 50, wtk=  0.00926, kpt=  0.0000  0.3333  0.3333 (reduced coord)
  -1.94324   -1.94300   -1.94298   -1.94290   -0.80068   -0.80057   -0.79928   -0.79855
  -0.79622   -0.79427   -0.79327   -0.79107   -0.79101   -0.79076   -0.78960   -0.78855
  -0.36472   -0.33728   -0.33542   -0.32981   -0.32623   -0.32114   -0.32111   -0.31260
   0.09801    0.10725    0.11142    0.11586    0.11931    0.13157    0.13465    0.14235
   0.15123    0.15661    0.17137    0.17465    0.19190    0.20344    0.21028    0.21597
   0.22039    0.23406    0.23593    0.24275    0.24939    0.25175    0.25777    0.26231
   0.47224    0.47435
 kpt#  70, nband= 50, wtk=  0.00926, kpt=  0.1667  0.3333  0.3333 (reduced coord)
  -1.94322   -1.94299   -1.94298   -1.94292   -0.80181   -0.80138   -0.80121   -0.79746
  -0.79564   -0.79333   -0.79331   -0.79098   -0.79077   -0.79003   -0.78926   -0.78850
  -0.36324   -0.34034   -0.33841   -0.33435   -0.32283   -0.31923   -0.31808   -0.31249
   0.10432    0.10831    0.11365    0.11995    0.12099    0.13486    0.13876    0.14234
   0.15135    0.15234    0.15962    0.17361    0.20101    0.20679    0.21284    0.22129
   0.22571    0.23123    0.23290    0.23544    0.24353    0.24734    0.25054    0.25779
   0.46879    0.47479
 kpt#  71, nband= 50, wtk=  0.00926, kpt=  0.3333  0.3333  0.3333 (reduced coord)
  -1.94316   -1.94299   -1.94298   -1.94298   -0.80281   -0.80269   -0.80265   -0.80007
  -0.79283   -0.79256   -0.79224   -0.79028   -0.79013   -0.78956   -0.78932   -0.78825
  -0.35881   -0.34412   -0.34305   -0.34274   -0.31808   -0.31570   -0.31541   -0.31246
   0.11385    0.11798    0.11885    0.12114    0.12889    0.14024    0.14085    0.14458
   0.15004    0.15045    0.15066    0.18298    0.19351    0.21700    0.21899    0.22023
   0.22203    0.22531    0.22544    0.22715    0.23042    0.24212    0.24398    0.25269
   0.46552    0.47367
 kpt#  72, nband= 50, wtk=  0.00926, kpt=  0.5000  0.3333  0.3333 (reduced coord)
  -1.94307   -1.94307   -1.94299   -1.94298   -0.80328   -0.80328   -0.80210   -0.80210
  -0.79244   -0.79244   -0.79038   -0.79038   -0.78942   -0.78942   -0.78900   -0.78900
  -0.35170   -0.35170   -0.34515   -0.34515   -0.31544   -0.31544   -0.31326   -0.31326
   0.12079    0.12079    0.12285    0.12286    0.13321    0.13321    0.14023    0.14024
   0.15471    0.15471    0.17107    0.17107    0.20142    0.20142    0.21327    0.21327
   0.21927    0.21927    0.22386    0.22386    0.23756    0.23756    0.24982    0.24983
   0.46574    0.46642
 kpt#  73, nband= 50, wtk=  0.00926, kpt= -0.3333  0.3333  0.3333 (reduced coord)
  -1.94316   -1.94299   -1.94298   -1.94298   -0.80281   -0.80269   -0.80265   -0.80007
  -0.79283   -0.79256   -0.79224   -0.79028   -0.79013   -0.78956   -0.78932   -0.78825
  -0.35881   -0.34413   -0.34305   -0.34274   -0.31808   -0.31570   -0.31541   -0.31246
   0.11385    0.11798    0.11885    0.12114    0.12889    0.14024    0.14085    0.14458
   0.15004    0.15045    0.15066    0.18298    0.19351    0.21700    0.21899    0.22023
   0.22203    0.22531    0.22544    0.22715    0.23042    0.24212    0.24397    0.25269
   0.46551    0.47457
 kpt#  74, nband= 50, wtk=  0.00926, kpt= -0.1667  0.3333  0.3333 (reduced coord)
  -1.94322   -1.94299   -1.94298   -1.94292   -0.80181   -0.80138   -0.80121   -0.79746
  -0.79564   -0.79334   -0.79331   -0.79098   -0.79077   -0.79003   -0.78926   -0.78850
  -0.36324   -0.34034   -0.33841   -0.33435   -0.32283   -0.31923   -0.31808   -0.31249
   0.10432    0.10831    0.11365    0.11995    0.12099    0.13486    0.13876    0.14234
   0.15135    0.15234    0.15962    0.17361    0.20101    0.20679    0.21284    0.22129
   0.22571    0.23123    0.23290    0.23544    0.24353    0.24734    0.25054    0.25779
   0.46881    0.47505
 kpt#  75, nband= 50, wtk=  0.00926, kpt=  0.0000  0.5000  0.3333 (reduced coord)
  -1.94312   -1.94311   -1.94295   -1.94294   -0.79978   -0.79977   -0.79868   -0.79867
  -0.79630   -0.79630   -0.79238   -0.79237   -0.79025   -0.79025   -0.78964   -0.78964
  -0.35055   -0.35055   -0.33363   -0.33363   -0.32359   -0.32359   -0.31690   -0.31690
   0.11118    0.11118    0.11912    0.11912    0.11925    0.11925    0.14606    0.14607
   0.14655    0.14655    0.18458    0.18458    0.19140    0.19140    0.20463    0.20463
   0.21605    0.21605    0.24560    0.24560    0.24829    0.24830    0.25730    0.25730
   0.47356    0.47423
 kpt#  76, nband= 50, wtk=  0.00926, kpt=  0.1667  0.5000  0.3333 (reduced coord)
  -1.94311   -1.94310   -1.94296   -1.94295   -0.80163   -0.80163   -0.79979   -0.79979
  -0.79470   -0.79469   -0.79103   -0.79103   -0.79006   -0.79006   -0.78968   -0.78967
  -0.35118   -0.35118   -0.33835   -0.33834   -0.31992   -0.31991   -0.31550   -0.31550
   0.11496    0.11497    0.12057    0.12057    0.12358    0.12358    0.13969    0.13969
   0.15323    0.15323    0.17354    0.17355    0.20234    0.20234    0.20571    0.20571
   0.22065    0.22066    0.23991    0.23991    0.24086    0.24086    0.25470    0.25470
   0.47135    0.47167
 kpt#  77, nband= 50, wtk=  0.00926, kpt=  0.3333  0.5000  0.3333 (reduced coord)
  -1.94308   -1.94307   -1.94299   -1.94298   -0.80328   -0.80328   -0.80211   -0.80211
  -0.79244   -0.79243   -0.79038   -0.79038   -0.78942   -0.78942   -0.78901   -0.78900
  -0.35170   -0.35170   -0.34518   -0.34517   -0.31541   -0.31541   -0.31326   -0.31326
   0.12072    0.12072    0.12296    0.12296    0.13312    0.13312    0.14013    0.14014
   0.15490    0.15490    0.17101    0.17101    0.20143    0.20143    0.21339    0.21339
   0.21934    0.21935    0.22357    0.22358    0.23766    0.23766    0.24983    0.24984
   0.46562    0.46572
 kpt#  78, nband= 50, wtk=  0.00926, kpt=  0.5000  0.5000  0.3333 (reduced coord)
  -1.94304   -1.94303   -1.94303   -1.94302   -0.80347   -0.80347   -0.80347   -0.80347
  -0.79110   -0.79110   -0.79109   -0.79109   -0.78869   -0.78869   -0.78869   -0.78869
  -0.34994   -0.34994   -0.34994   -0.34994   -0.31298   -0.31298   -0.31297   -0.31297
   0.12279    0.12279    0.12279    0.12279    0.14032    0.14032    0.14033    0.14033
   0.16509    0.16509    0.16509    0.16509    0.20570    0.20570    0.20571    0.20571
   0.21464    0.21464    0.21465    0.21465    0.24561    0.24562    0.24562    0.24562
   0.46408    0.46408
 kpt#  79, nband= 50, wtk=  0.00926, kpt= -0.3333  0.5000  0.3333 (reduced coord)
  -1.94308   -1.94307   -1.94299   -1.94298   -0.80328   -0.80328   -0.80211   -0.80211
  -0.79244   -0.79243   -0.79038   -0.79038   -0.78942   -0.78942   -0.78901   -0.78900
  -0.35170   -0.35170   -0.34518   -0.34517   -0.31541   -0.31541   -0.31326   -0.31326
   0.12072    0.12072    0.12296    0.12296    0.13311    0.13312    0.14013    0.14014
   0.15490    0.15491    0.17101    0.17101    0.20143    0.20144    0.21339    0.21339
   0.21934    0.21935    0.22357    0.22358    0.23766    0.23766    0.24983    0.24984
   0.46562    0.46583
 kpt#  80, nband= 50, wtk=  0.00926, kpt= -0.1667  0.5000  0.3333 (reduced coord)
  -1.94311   -1.94310   -1.94296   -1.94295   -0.80163   -0.80163   -0.79979   -0.79979
  -0.79470   -0.79469   -0.79104   -0.79103   -0.79006   -0.79006   -0.78968   -0.78967
  -0.35118   -0.35118   -0.33835   -0.33834   -0.31992   -0.31991   -0.31550   -0.31550
   0.11496    0.11496    0.12057    0.12058    0.12358    0.12358    0.13968    0.13969
   0.15323    0.15323    0.17355    0.17355    0.20233    0.20234    0.20571    0.20571
   0.22065    0.22065    0.23991    0.23992    0.24086    0.24086    0.25470    0.25470
   0.47135    0.47145
 kpt#  81, nband= 50, wtk=  0.00926, kpt=  0.0000 -0.3333  0.3333 (reduced coord)
  -1.94324   -1.94300   -1.94298   -1.94290   -0.80068   -0.80057   -0.79928   -0.79855
  -0.79622   -0.79427   -0.79327   -0.79107   -0.79101   -0.79076   -0.78960   -0.78855
  -0.36472   -0.33728   -0.33542   -0.32981   -0.32623   -0.32114   -0.32111   -0.31260
   0.09801    0.10725    0.11142    0.11586    0.11931    0.13157    0.13465    0.14235
   0.15123    0.15661    0.17137    0.17465    0.19190    0.20344    0.21028    0.21597
   0.22039    0.23406    0.23593    0.24275    0.24939    0.25175    0.25777    0.26231
   0.47153    0.47432
 kpt#  82, nband= 50, wtk=  0.00926, kpt=  0.1667 -0.3333  0.3333 (reduced coord)
  -1.94322   -1.94299   -1.94298   -1.94292   -0.80181   -0.80138   -0.80121   -0.79746
  -0.79564   -0.79333   -0.79331   -0.79098   -0.79077   -0.79003   -0.78926   -0.78850
  -0.36324   -0.34034   -0.33841   -0.33435   -0.32283   -0.31923   -0.31808   -0.31249
   0.10432    0.10831    0.11365    0.11995    0.12099    0.13486    0.13876    0.14234
   0.15135    0.15234    0.15962    0.17361    0.20101    0.20679    0.21284    0.22129
   0.22571    0.23123    0.23290    0.23544    0.24353    0.24734    0.25054    0.25779
   0.46877    0.47491
 kpt#  83, nband= 50, wtk=  0.00926, kpt=  0.3333 -0.3333  0.3333 (reduced coord)
  -1.94316   -1.94299   -1.94298   -1.94298   -0.80281   -0.80269   -0.80265   -0.80007
  -0.79283   -0.79256   -0.79224   -0.79028   -0.79013   -0.78956   -0.78932   -0.78825
  -0.35881   -0.34412   -0.34305   -0.34274   -0.31808   -0.31570   -0.31541   -0.31246
   0.11385    0.11798    0.11885    0.12114    0.12889    0.14024    0.14085    0.14458
   0.15004    0.15045    0.15066    0.18298    0.19351    0.21700    0.21899    0.22023
   0.22203    0.22531    0.22544    0.22715    0.23042    0.24212    0.24398    0.25269
   0.46553    0.47348
 kpt#  84, nband= 50, wtk=  0.00926, kpt=  0.5000 -0.3333  0.3333 (reduced coord)
  -1.94307   -1.94307   -1.94299   -1.94298   -0.80328   -0.80328   -0.80210   -0.80210
  -0.79244   -0.79244   -0.79038   -0.79038   -0.78942   -0.78942   -0.78900   -0.78900
  -0.35170   -0.35170   -0.34515   -0.34515   -0.31544   -0.31544   -0.31326   -0.31326
   0.12079    0.12079    0.12285    0.12286    0.13321    0.13321    0.14023    0.14024
   0.15471    0.15471    0.17107    0.17107    0.20142    0.20142    0.21327    0.21327
   0.21927    0.21927    0.22386    0.22386    0.23756    0.23756    0.24982    0.24983
   0.46575    0.46593
 kpt#  85, nband= 50, wtk=  0.00926, kpt= -0.3333 -0.3333  0.3333 (reduced coord)
  -1.94316   -1.94299   -1.94298   -1.94298   -0.80281   -0.80269   -0.80265   -0.80007
  -0.79283   -0.79256   -0.79224   -0.79028   -0.79013   -0.78956   -0.78932   -0.78825
  -0.35881   -0.34413   -0.34305   -0.34274   -0.31808   -0.31570   -0.31541   -0.31246
   0.11385    0.11798    0.11885    0.12114    0.12889    0.14024    0.14085    0.14458
   0.15004    0.15045    0.15066    0.18298    0.19351    0.21700    0.21899    0.22023
   0.22203    0.22531    0.22544    0.22715    0.23042    0.24212    0.24397    0.25269
   0.46550    0.47334
 kpt#  86, nband= 50, wtk=  0.00926, kpt= -0.1667 -0.3333  0.3333 (reduced coord)
  -1.94322   -1.94299   -1.94298   -1.94292   -0.80181   -0.80138   -0.80121   -0.79746
  -0.79564   -0.79334   -0.79331   -0.79098   -0.79077   -0.79003   -0.78926   -0.78850
  -0.36324   -0.34034   -0.33841   -0.33435   -0.32283   -0.31923   -0.31808   -0.31249
   0.10432    0.10831    0.11365    0.11995    0.12099    0.13486    0.13876    0.14234
   0.15135    0.15234    0.15962    0.17361    0.20101    0.20679    0.21284    0.22129
   0.22571    0.23123    0.23290    0.23544    0.24353    0.24734    0.25054    0.25779
   0.46877    0.47507
 kpt#  87, nband= 50, wtk=  0.00926, kpt=  0.0000 -0.1667  0.3333 (reduced coord)
  -1.94334   -1.94303   -1.94288   -1.94286   -0.80192   -0.80142   -0.80096   -0.79709
  -0.79567   -0.79398   -0.79230   -0.79207   -0.79105   -0.79034   -0.78853   -0.78810
  -0.37464   -0.33988   -0.32825   -0.32686   -0.32418   -0.32359   -0.31939   -0.30941
   0.08666    0.09074    0.10435    0.11354    0.11920    0.13354    0.13740    0.14289
   0.14527    0.14662    0.17096    0.17820    0.20157    0.20592    0.22065    0.22405
   0.22969    0.23474    0.23599    0.23874    0.25971    0.26008    0.26479    0.26592
   0.46104    0.46930
 kpt#  88, nband= 50, wtk=  0.00926, kpt=  0.1667 -0.1667  0.3333 (reduced coord)
  -1.94331   -1.94302   -1.94289   -1.94289   -0.80188   -0.80159   -0.80109   -0.79602
  -0.79562   -0.79506   -0.79195   -0.79182   -0.79173   -0.79003   -0.78863   -0.78808
  -0.37164   -0.34037   -0.32960   -0.32868   -0.32643   -0.32053   -0.31965   -0.31025
   0.09439    0.09476    0.10355    0.11734    0.11979    0.13710    0.13732    0.14467
   0.14647    0.15200    0.16419    0.16556    0.20526    0.21707    0.21878    0.22037
   0.23231    0.23237    0.23378    0.23660    0.25312    0.25737    0.25747    0.26045
   0.46471    0.47001
 kpt#  89, nband= 50, wtk=  0.00926, kpt=  0.3333 -0.1667  0.3333 (reduced coord)
  -1.94322   -1.94300   -1.94298   -1.94292   -0.80181   -0.80138   -0.80120   -0.79744
  -0.79564   -0.79335   -0.79332   -0.79099   -0.79077   -0.79003   -0.78926   -0.78850
  -0.36323   -0.34030   -0.33844   -0.33420   -0.32286   -0.31943   -0.31801   -0.31252
   0.10433    0.10833    0.11363    0.11971    0.12125    0.13517    0.13879    0.14247
   0.15129    0.15199    0.15958    0.17348    0.20122    0.20696    0.21265    0.22130
   0.22558    0.23095    0.23273    0.23580    0.24372    0.24712    0.25067    0.25776
   0.46897    0.47545
 kpt#  90, nband= 50, wtk=  0.00926, kpt=  0.5000 -0.1667  0.3333 (reduced coord)
  -1.94310   -1.94310   -1.94296   -1.94295   -0.80163   -0.80163   -0.79976   -0.79976
  -0.79471   -0.79471   -0.79104   -0.79104   -0.79006   -0.79005   -0.78968   -0.78967
  -0.35117   -0.35117   -0.33826   -0.33825   -0.31999   -0.31999   -0.31554   -0.31554
   0.11490    0.11490    0.12062    0.12062    0.12379    0.12379    0.13969    0.13969
   0.15320    0.15320    0.17342    0.17342    0.20210    0.20210    0.20583    0.20584
   0.22084    0.22084    0.23962    0.23963    0.24100    0.24100    0.25473    0.25474
   0.47158    0.47234
 kpt#  91, nband= 50, wtk=  0.00926, kpt= -0.3333 -0.1667  0.3333 (reduced coord)
  -1.94322   -1.94300   -1.94298   -1.94292   -0.80181   -0.80138   -0.80120   -0.79744
  -0.79564   -0.79335   -0.79332   -0.79099   -0.79077   -0.79003   -0.78926   -0.78850
  -0.36323   -0.34030   -0.33844   -0.33420   -0.32286   -0.31943   -0.31800   -0.31252
   0.10433    0.10833    0.11363    0.11971    0.12124    0.13517    0.13879    0.14247
   0.15129    0.15199    0.15958    0.17348    0.20122    0.20696    0.21265    0.22130
   0.22559    0.23095    0.23273    0.23580    0.24372    0.24713    0.25066    0.25776
   0.46896    0.47565
 kpt#  92, nband= 50, wtk=  0.00926, kpt= -0.1667 -0.1667  0.3333 (reduced coord)
  -1.94331   -1.94302   -1.94289   -1.94289   -0.80188   -0.80159   -0.80109   -0.79602
  -0.79563   -0.79506   -0.79195   -0.79182   -0.79173   -0.79003   -0.78863   -0.78808
  -0.37164   -0.34037   -0.32960   -0.32868   -0.32643   -0.32054   -0.31965   -0.31025
   0.09439    0.09476    0.10355    0.11734    0.11979    0.13710    0.13732    0.14467
   0.14647    0.15200    0.16419    0.16556    0.20526    0.21707    0.21878    0.22038
   0.23231    0.23237    0.23377    0.23660    0.25312    0.25737    0.25747    0.26044
   0.46471    0.47001
 kpt#  93, nband= 50, wtk=  0.00463, kpt=  0.0000  0.0000  0.5000 (reduced coord)
  -1.94321   -1.94321   -1.94285   -1.94285   -0.79927   -0.79927   -0.79926   -0.79926
  -0.79712   -0.79712   -0.79280   -0.79280   -0.78928   -0.78928   -0.78907   -0.78907
  -0.36023   -0.36023   -0.32219   -0.32219   -0.32216   -0.32216   -0.31897   -0.31896
   0.10671    0.10671    0.10706    0.10706    0.12205    0.12205    0.13141    0.13141
   0.15084    0.15084    0.17509    0.17509    0.20212    0.20212    0.20324    0.20324
   0.21867    0.21868    0.24853    0.24853    0.26884    0.26884    0.26943    0.26943
   0.46900    0.48075
 kpt#  94, nband= 50, wtk=  0.00926, kpt=  0.1667  0.0000  0.5000 (reduced coord)
  -1.94319   -1.94319   -1.94287   -1.94287   -0.79953   -0.79953   -0.79861   -0.79861
  -0.79761   -0.79761   -0.79216   -0.79216   -0.78994   -0.78994   -0.78902   -0.78902
  -0.35794   -0.35794   -0.32502   -0.32502   -0.32193   -0.32193   -0.31914   -0.31914
   0.10845    0.10845    0.11377    0.11377    0.12169    0.12169    0.12863    0.12863
   0.15819    0.15819    0.18055    0.18055    0.18940    0.18941    0.19896    0.19896
   0.23032    0.23032    0.24081    0.24081    0.26331    0.26331    0.26399    0.26399
   0.47161    0.47161
 kpt#  95, nband= 50, wtk=  0.00926, kpt=  0.3333  0.0000  0.5000 (reduced coord)
  -1.94312   -1.94312   -1.94294   -1.94294   -0.79980   -0.79980   -0.79864   -0.79864
  -0.79682   -0.79682   -0.79181   -0.79181   -0.79084   -0.79084   -0.78907   -0.78907
  -0.35151   -0.35151   -0.33259   -0.33259   -0.32124   -0.32124   -0.31962   -0.31962
   0.11155    0.11155    0.11865    0.11865    0.12994    0.12995    0.13079    0.13079
   0.16954    0.16954    0.17581    0.17581    0.18974    0.18974    0.19622    0.19623
   0.21727    0.21728    0.24072    0.24073    0.24937    0.24937    0.25802    0.25802
   0.47386    0.47527
 kpt#  96, nband= 50, wtk=  0.00463, kpt=  0.5000  0.0000  0.5000 (reduced coord)
  -1.94304   -1.94303   -1.94303   -1.94302   -0.79952   -0.79952   -0.79951   -0.79951
  -0.79434   -0.79434   -0.79433   -0.79433   -0.78968   -0.78968   -0.78967   -0.78967
  -0.34233   -0.34233   -0.34232   -0.34232   -0.32040   -0.32040   -0.32039   -0.32039
   0.11496    0.11496    0.11497    0.11497    0.13657    0.13658    0.13658    0.13658
   0.17743    0.17744    0.17744    0.17744    0.18687    0.18687    0.18688    0.18688
   0.22220    0.22220    0.22221    0.22221    0.25284    0.25284    0.25285    0.25285
   0.47403    0.47404
 kpt#  97, nband= 50, wtk=  0.00926, kpt=  0.0000  0.1667  0.5000 (reduced coord)
  -1.94319   -1.94319   -1.94287   -1.94287   -0.79956   -0.79956   -0.79857   -0.79857
  -0.79761   -0.79761   -0.79216   -0.79216   -0.78992   -0.78992   -0.78903   -0.78903
  -0.35796   -0.35796   -0.32524   -0.32524   -0.32170   -0.32170   -0.31912   -0.31912
   0.10837    0.10837    0.11383    0.11384    0.12168    0.12168    0.12864    0.12864
   0.15802    0.15802    0.18071    0.18071    0.18906    0.18907    0.19947    0.19947
   0.23014    0.23014    0.24089    0.24089    0.26334    0.26334    0.26392    0.26392
   0.47152    0.47153
 kpt#  98, nband= 50, wtk=  0.00926, kpt=  0.1667  0.1667  0.5000 (reduced coord)
  -1.94317   -1.94316   -1.94289   -1.94289   -0.80085   -0.80085   -0.79894   -0.79772
  -0.79678   -0.79678   -0.79175   -0.79175   -0.79083   -0.78937   -0.78914   -0.78896
  -0.35671   -0.35612   -0.32966   -0.32964   -0.31955   -0.31953   -0.31938   -0.31826
   0.11105    0.11113    0.11924    0.11935    0.12047    0.12321    0.12515    0.13244
   0.15487    0.17024    0.17473    0.17479    0.18424    0.18456    0.20912    0.20917
   0.23029    0.23041    0.23211    0.24197    0.25511    0.25693    0.25704    0.26009
   0.46806    0.47859
 kpt#  99, nband= 50, wtk=  0.00926, kpt=  0.3333  0.1667  0.5000 (reduced coord)
  -1.94311   -1.94311   -1.94295   -1.94295   -0.80187   -0.80128   -0.80065   -0.79911
  -0.79497   -0.79416   -0.79198   -0.79082   -0.79062   -0.79017   -0.78913   -0.78895
  -0.35244   -0.35143   -0.33743   -0.33682   -0.31902   -0.31839   -0.31758   -0.31728
   0.11418    0.11729    0.12051    0.12067    0.12908    0.12999    0.13311    0.13881
   0.15755    0.16143    0.16580    0.18338    0.19493    0.19560    0.20324    0.20843
   0.21215    0.22646    0.23568    0.23597    0.24122    0.24582    0.24687    0.25601
   0.46833    0.47985
 kpt# 100, nband= 50, wtk=  0.00926, kpt=  0.5000  0.1667  0.5000 (reduced coord)
  -1.94304   -1.94303   -1.94303   -1.94302   -0.80179   -0.80178   -0.80059   -0.80058
  -0.79340   -0.79339   -0.79182   -0.79182   -0.78980   -0.78979   -0.78949   -0.78948
  -0.34563   -0.34563   -0.34459   -0.34459   -0.31847   -0.31847   -0.31689   -0.31689
   0.11787    0.11788    0.12023    0.12023    0.13388    0.13388    0.13874    0.13875
   0.16571    0.16571    0.17298    0.17298    0.19763    0.19763    0.20327    0.20327
   0.21812    0.21812    0.21966    0.21966    0.24346    0.24346    0.25198    0.25199
   0.47116    0.47564
 kpt# 101, nband= 50, wtk=  0.00926, kpt= -0.3333  0.1667  0.5000 (reduced coord)
  -1.94311   -1.94311   -1.94295   -1.94295   -0.80187   -0.80128   -0.80065   -0.79911
  -0.79497   -0.79416   -0.79198   -0.79082   -0.79062   -0.79017   -0.78913   -0.78895
  -0.35244   -0.35143   -0.33743   -0.33682   -0.31902   -0.31839   -0.31758   -0.31728
   0.11418    0.11729    0.12051    0.12067    0.12908    0.12999    0.13311    0.13881
   0.15755    0.16143    0.16580    0.18338    0.19493    0.19560    0.20324    0.20843
   0.21215    0.22646    0.23568    0.23597    0.24122    0.24582    0.24687    0.25601
   0.46832    0.47907
 kpt# 102, nband= 50, wtk=  0.00926, kpt= -0.1667  0.1667  0.5000 (reduced coord)
  -1.94317   -1.94316   -1.94289   -1.94289   -0.80085   -0.80085   -0.79894   -0.79772
  -0.79678   -0.79678   -0.79175   -0.79175   -0.79083   -0.78937   -0.78914   -0.78896
  -0.35671   -0.35612   -0.32966   -0.32964   -0.31955   -0.31953   -0.31938   -0.31826
   0.11105    0.11113    0.11924    0.11935    0.12047    0.12321    0.12515    0.13244
   0.15487    0.17024    0.17473    0.17479    0.18424    0.18456    0.20912    0.20917
   0.23029    0.23041    0.23211    0.24197    0.25511    0.25693    0.25704    0.26009
   0.46806    0.47898
 kpt# 103, nband= 50, wtk=  0.00926, kpt=  0.0000  0.3333  0.5000 (reduced coord)
  -1.94312   -1.94312   -1.94294   -1.94294   -0.79983   -0.79983   -0.79866   -0.79866
  -0.79679   -0.79678   -0.79179   -0.79178   -0.79083   -0.79083   -0.78908   -0.78908
  -0.35157   -0.35157   -0.33277   -0.33277   -0.32105   -0.32105   -0.31955   -0.31955
   0.11148    0.11148    0.11861    0.11861    0.12990    0.12990    0.13077    0.13077
   0.16928    0.16928    0.17580    0.17580    0.18991    0.18991    0.19656    0.19656
   0.21737    0.21737    0.24063    0.24063    0.24940    0.24941    0.25792    0.25792
   0.47372    0.47469
 kpt# 104, nband= 50, wtk=  0.00926, kpt=  0.1667  0.3333  0.5000 (reduced coord)
  -1.94311   -1.94311   -1.94295   -1.94295   -0.80188   -0.80129   -0.80065   -0.79912
  -0.79496   -0.79415   -0.79197   -0.79082   -0.79062   -0.79016   -0.78914   -0.78895
  -0.35248   -0.35147   -0.33752   -0.33687   -0.31897   -0.31833   -0.31748   -0.31724
   0.11411    0.11729    0.12047    0.12060    0.12895    0.13005    0.13311    0.13888
   0.15753    0.16132    0.16589    0.18275    0.19566    0.19575    0.20335    0.20843
   0.21214    0.22654    0.23562    0.23587    0.24163    0.24552    0.24679    0.25592
   0.46815    0.47952
 kpt# 105, nband= 50, wtk=  0.00926, kpt=  0.3333  0.3333  0.5000 (reduced coord)
  -1.94307   -1.94307   -1.94298   -1.94298   -0.80323   -0.80323   -0.80277   -0.80134
  -0.79183   -0.79182   -0.79130   -0.79026   -0.79025   -0.78966   -0.78886   -0.78876
  -0.35252   -0.35133   -0.34421   -0.34420   -0.31630   -0.31436   -0.31434   -0.31418
   0.12316    0.12325    0.12410    0.12427    0.13213    0.13524    0.13806    0.13834
   0.15579    0.15598    0.16248    0.18945    0.19550    0.19582    0.21512    0.21898
   0.21939    0.22231    0.22238    0.22837    0.23131    0.23505    0.23541    0.24790
   0.46728    0.47271
 kpt# 106, nband= 50, wtk=  0.00926, kpt=  0.5000  0.3333  0.5000 (reduced coord)
  -1.94304   -1.94303   -1.94303   -1.94302   -0.80377   -0.80377   -0.80300   -0.80300
  -0.79121   -0.79121   -0.79001   -0.79000   -0.78946   -0.78946   -0.78909   -0.78908
  -0.34988   -0.34988   -0.34914   -0.34914   -0.31411   -0.31411   -0.31284   -0.31284
   0.12578    0.12579    0.12865    0.12866    0.13309    0.13309    0.13641    0.13641
   0.16403    0.16403    0.17257    0.17257    0.20456    0.20456    0.20486    0.20486
   0.21956    0.21956    0.22339    0.22339    0.22809    0.22809    0.24378    0.24379
   0.46744    0.46760
 kpt# 107, nband= 50, wtk=  0.00926, kpt= -0.3333  0.3333  0.5000 (reduced coord)
  -1.94307   -1.94307   -1.94298   -1.94298   -0.80323   -0.80323   -0.80277   -0.80134
  -0.79183   -0.79182   -0.79130   -0.79026   -0.79025   -0.78966   -0.78886   -0.78876
  -0.35252   -0.35133   -0.34421   -0.34420   -0.31630   -0.31436   -0.31434   -0.31418
   0.12316    0.12325    0.12410    0.12427    0.13213    0.13524    0.13806    0.13834
   0.15579    0.15598    0.16248    0.18945    0.19550    0.19582    0.21512    0.21898
   0.21939    0.22231    0.22238    0.22837    0.23131    0.23505    0.23541    0.24790
   0.46721    0.47261
 kpt# 108, nband= 50, wtk=  0.00926, kpt= -0.1667  0.3333  0.5000 (reduced coord)
  -1.94311   -1.94311   -1.94295   -1.94295   -0.80188   -0.80129   -0.80065   -0.79912
  -0.79496   -0.79415   -0.79197   -0.79082   -0.79062   -0.79016   -0.78914   -0.78895
  -0.35248   -0.35147   -0.33752   -0.33687   -0.31897   -0.31833   -0.31748   -0.31724
   0.11411    0.11729    0.12047    0.12060    0.12895    0.13005    0.13311    0.13888
   0.15753    0.16132    0.16589    0.18275    0.19566    0.19575    0.20335    0.20843
   0.21214    0.22654    0.23562    0.23587    0.24163    0.24552    0.24679    0.25592
   0.46814    0.47952
 kpt# 109, nband= 50, wtk=  0.00463, kpt=  0.0000  0.5000  0.5000 (reduced coord)
  -1.94304   -1.94303   -1.94303   -1.94302   -0.79954   -0.79954   -0.79954   -0.79954
  -0.79431   -0.79431   -0.79431   -0.79430   -0.78968   -0.78968   -0.78967   -0.78967
  -0.34245   -0.34244   -0.34244   -0.34244   -0.32026   -0.32026   -0.32026   -0.32026
   0.11491    0.11491    0.11491    0.11491    0.13644    0.13644    0.13645    0.13645
   0.17755    0.17755    0.17755    0.17756    0.18691    0.18691    0.18691    0.18691
   0.22234    0.22234    0.22234    0.22234    0.25275    0.25275    0.25276    0.25276
   0.47399    0.47399
 kpt# 110, nband= 50, wtk=  0.00926, kpt=  0.1667  0.5000  0.5000 (reduced coord)
  -1.94304   -1.94303   -1.94303   -1.94302   -0.80180   -0.80180   -0.80060   -0.80060
  -0.79338   -0.79338   -0.79181   -0.79180   -0.78980   -0.78980   -0.78948   -0.78948
  -0.34571   -0.34570   -0.34466   -0.34466   -0.31840   -0.31839   -0.31681   -0.31680
   0.11780    0.11780    0.12017    0.12017    0.13378    0.13379    0.13874    0.13875
   0.16573    0.16574    0.17302    0.17302    0.19745    0.19746    0.20349    0.20349
   0.21814    0.21814    0.21994    0.21994    0.24340    0.24340    0.25187    0.25188
   0.47102    0.47159
 kpt# 111, nband= 50, wtk=  0.00926, kpt=  0.3333  0.5000  0.5000 (reduced coord)
  -1.94304   -1.94303   -1.94303   -1.94302   -0.80377   -0.80377   -0.80301   -0.80301
  -0.79121   -0.79121   -0.79000   -0.79000   -0.78946   -0.78946   -0.78908   -0.78908
  -0.34990   -0.34990   -0.34916   -0.34915   -0.31410   -0.31410   -0.31281   -0.31281
   0.12566    0.12566    0.12863    0.12863    0.13301    0.13302    0.13660    0.13660
   0.16405    0.16405    0.17248    0.17248    0.20440    0.20440    0.20502    0.20502
   0.21957    0.21958    0.22369    0.22369    0.22799    0.22800    0.24368    0.24368
   0.46725    0.46730
 kpt# 112, nband= 50, wtk=  0.00463, kpt=  0.5000  0.5000  0.5000 (reduced coord)
  -1.94304   -1.94303   -1.94303   -1.94302   -0.80424   -0.80424   -0.80423   -0.80423
  -0.79027   -0.79027   -0.79027   -0.79026   -0.78869   -0.78869   -0.78868   -0.78868
  -0.35138   -0.35138   -0.35137   -0.35137   -0.31174   -0.31174   -0.31173   -0.31173
   0.12897    0.12898    0.12898    0.12898    0.13659    0.13659    0.13660    0.13660
   0.17050    0.17050    0.17051    0.17051    0.19996    0.19996    0.19997    0.19997
   0.22079    0.22080    0.22081    0.22081    0.23546    0.23547    0.23547    0.23547
   0.46597    0.46597
