 Fermi (or HOMO) energy (hartree) =   0.27711   Average Vxc (hartree)=  -0.44601
 Eigenvalues (hartree) for nkpt= 112  k points:
 kpt#   1, nband= 50, wtk=  0.00463, kpt=  0.0000  0.0000  0.0000 (reduced coord)
  -1.94367   -1.94302   -1.94298   -1.94297   -0.80523   -0.80522   -0.80488   -0.79313
  -0.79311   -0.79280   -0.79278   -0.79147   -0.79146   -0.78861   -0.78697   -0.78697
  -0.39505   -0.33822   -0.32894   -0.32893   -0.31890   -0.31581   -0.31580   -0.29683
   0.06029    0.06030    0.07170    0.09586    0.10257    0.10257    0.16424    0.16431
   0.16647    0.16657    0.17274    0.17275    0.22364    0.22365    0.22821    0.22844
   0.24935    0.24978    0.25525    0.25544    0.25950    0.26625    0.26626    0.27517
   0.44251    0.44527
 kpt#   2, nband= 50, wtk=  0.00926, kpt=  0.1667  0.0000  0.0000 (reduced coord)
  -1.94363   -1.94303   -1.94300   -1.94297   -0.80436   -0.80414   -0.80412   -0.79410
  -0.79303   -0.79250   -0.79249   -0.79224   -0.79160   -0.78883   -0.78833   -0.78735
  -0.39031   -0.33669   -0.32819   -0.32698   -0.32194   -0.31949   -0.31725   -0.29920
   0.06604    0.07034    0.07102    0.09827    0.10565    0.11757    0.15209    0.15276
   0.16016    0.16256    0.17250    0.17506    0.21848    0.22051    0.22053    0.23671
   0.24572    0.24708    0.25026    0.25820    0.25983    0.26459    0.26583    0.27574
   0.45113    0.45188
 kpt#   3, nband= 50, wtk=  0.00926, kpt=  0.3333  0.0000  0.0000 (reduced coord)
  -1.94350   -1.94315   -1.94301   -1.94298   -0.80208   -0.80197   -0.80102   -0.79631
  -0.79516   -0.79277   -0.79194   -0.79193   -0.79169   -0.79118   -0.78954   -0.78838
  -0.37705   -0.33793   -0.33249   -0.32615   -0.32188   -0.32117   -0.32091   -0.30552
   0.07816    0.08253    0.09885    0.10539    0.11440    0.12556    0.13426    0.13700
   0.14488    0.15218    0.18245    0.18315    0.18609    0.20742    0.21102    0.22854
   0.23682    0.24057    0.25204    0.26445    0.26493    0.26591    0.26988    0.27711
   0.46654    0.46701
 kpt#   4, nband= 50, wtk=  0.00463, kpt=  0.5000  0.0000  0.0000 (reduced coord)
  -1.94334   -1.94331   -1.94301   -1.94298   -0.79925   -0.79924   -0.79864   -0.79862
  -0.79659   -0.79657   -0.79238   -0.79236   -0.79060   -0.79058   -0.78979   -0.78977
  -0.35811   -0.35811   -0.32685   -0.32685   -0.32359   -0.32359   -0.31373   -0.31373
   0.09519    0.09520    0.11090    0.11090    0.11753    0.11753    0.12827    0.12828
   0.14002    0.14003    0.19152    0.19152    0.19389    0.19390    0.19727    0.19727
   0.23748    0.23748    0.26170    0.26170    0.26636    0.26636    0.27635    0.27635
   0.47825    0.47940
 kpt#   5, nband= 50, wtk=  0.00926, kpt=  0.0000  0.1667  0.0000 (reduced coord)
  -1.94363   -1.94303   -1.94300   -1.94297   -0.80436   -0.80414   -0.80411   -0.79411
  -0.79302   -0.79250   -0.79250   -0.79223   -0.79160   -0.78883   -0.78833   -0.78735
  -0.39031   -0.33668   -0.32817   -0.32697   -0.32197   -0.31949   -0.31725   -0.29920
   0.06605    0.07033    0.07102    0.09827    0.10566    0.11758    0.15210    0.15278
   0.16011    0.16255    0.17253    0.17506    0.21848    0.22041    0.22054    0.23706
   0.24536    0.24704    0.25031    0.25825    0.25984    0.26462    0.26584    0.27574
   0.45112    0.45187
 kpt#   6, nband= 50, wtk=  0.00926, kpt=  0.1667  0.1667  0.0000 (reduced coord)
  -1.94358   -1.94304   -1.94302   -1.94300   -0.80348   -0.80348   -0.80342   -0.79394
  -0.79379   -0.79378   -0.79206   -0.79206   -0.79105   -0.79004   -0.78915   -0.78716
  -0.38597   -0.33575   -0.32695   -0.32694   -0.32240   -0.32237   -0.31990   -0.30126
   0.07272    0.07577    0.07578    0.09997    0.10957    0.12834    0.14466    0.14467
   0.15948    0.16489    0.16492    0.17299    0.21398    0.21819    0.22406    0.22413
   0.24705    0.24820    0.25061    0.25062    0.25980    0.25986    0.26779    0.27605
   0.45575    0.45969
 kpt#   7, nband= 50, wtk=  0.00926, kpt=  0.3333  0.1667  0.0000 (reduced coord)
  -1.94347   -1.94314   -1.94303   -1.94300   -0.80172   -0.80146   -0.80103   -0.79642
  -0.79582   -0.79338   -0.79292   -0.79157   -0.79106   -0.79087   -0.78996   -0.78787
  -0.37384   -0.33809   -0.33323   -0.32681   -0.32442   -0.32105   -0.32022   -0.30672
   0.08187    0.09095    0.10214    0.10547    0.11870    0.12418    0.13180    0.13869
   0.14905    0.15872    0.17587    0.17936    0.18922    0.20489    0.20678    0.22959
   0.23104    0.23488    0.25024    0.25250    0.26293    0.26750    0.26963    0.27691
   0.46435    0.47345
 kpt#   8, nband= 50, wtk=  0.00926, kpt=  0.5000  0.1667  0.0000 (reduced coord)
  -1.94332   -1.94329   -1.94303   -1.94300   -0.79920   -0.79919   -0.79892   -0.79891
  -0.79714   -0.79712   -0.79182   -0.79181   -0.79086   -0.79084   -0.78930   -0.78929
  -0.35651   -0.35650   -0.32985   -0.32984   -0.32272   -0.32272   -0.31381   -0.31381
   0.09993    0.09993    0.11415    0.11416    0.11423    0.11423    0.13249    0.13249
   0.14635    0.14635    0.18899    0.18899    0.19026    0.19027    0.19795    0.19795
   0.23274    0.23275    0.25299    0.25300    0.26577    0.26577    0.27574    0.27574
   0.47235    0.47294
 kpt#   9, nband= 50, wtk=  0.00926, kpt= -0.3333  0.1667  0.0000 (reduced coord)
  -1.94347   -1.94314   -1.94303   -1.94300   -0.80172   -0.80146   -0.80103   -0.79642
  -0.79582   -0.79338   -0.79292   -0.79157   -0.79106   -0.79087   -0.78996   -0.78787
  -0.37384   -0.33809   -0.33323   -0.32681   -0.32442   -0.32105   -0.32022   -0.30672
   0.08187    0.09095    0.10214    0.10547    0.11870    0.12418    0.13180    0.13869
   0.14905    0.15872    0.17587    0.17936    0.18922    0.20489    0.20678    0.22959
   0.23104    0.23488    0.25024    0.25250    0.26293    0.26750    0.26963    0.27691
   0.46444    0.47357
 kpt#  10, nband= 50, wtk=  0.00926, kpt= -0.1667  0.1667  0.0000 (reduced coord)
  -1.94358   -1.94304   -1.94302   -1.94300   -0.80348   -0.80348   -0.80342   -0.79394
  -0.79379   -0.79378   -0.79206   -0.79206   -0.79105   -0.79004   -0.78915   -0.78716
  -0.38597   -0.33575   -0.32695   -0.32694   -0.32240   -0.32237   -0.31990   -0.30126
   0.07272    0.07577    0.07578    0.09997    0.10957    0.12834    0.14466    0.14467
   0.15948    0.16489    0.16492    0.17299    0.21398    0.21819    0.22406    0.22413
   0.24705    0.24820    0.25061    0.25062    0.25980    0.25986    0.26779    0.27605
   0.45574    0.45967
 kpt#  11, nband= 50, wtk=  0.00926, kpt=  0.0000  0.3333  0.0000 (reduced coord)
  -1.94350   -1.94315   -1.94301   -1.94298   -0.80208   -0.80197   -0.80101   -0.79632
  -0.79516   -0.79276   -0.79194   -0.79193   -0.79169   -0.79118   -0.78954   -0.78838
  -0.37704   -0.33789   -0.33248   -0.32619   -0.32152   -0.32126   -0.32118   -0.30553
   0.07817    0.08254    0.09884    0.10540    0.11443    0.12557    0.13428    0.13697
   0.14485    0.15219    0.18244    0.18317    0.18609    0.20737    0.21104    0.22855
   0.23680    0.24064    0.25203    0.26438    0.26504    0.26581    0.26992    0.27711
   0.46652    0.46662
 kpt#  12, nband= 50, wtk=  0.00926, kpt=  0.1667  0.3333  0.0000 (reduced coord)
  -1.94347   -1.94314   -1.94303   -1.94300   -0.80172   -0.80146   -0.80102   -0.79642
  -0.79583   -0.79338   -0.79292   -0.79157   -0.79106   -0.79087   -0.78996   -0.78787
  -0.37384   -0.33807   -0.33322   -0.32679   -0.32445   -0.32106   -0.32023   -0.30672
   0.08187    0.09097    0.10213    0.10547    0.11872    0.12418    0.13181    0.13869
   0.14901    0.15871    0.17589    0.17936    0.18921    0.20490    0.20674    0.22962
   0.23105    0.23485    0.25027    0.25252    0.26288    0.26749    0.26965    0.27690
   0.46441    0.47322
 kpt#  13, nband= 50, wtk=  0.00926, kpt=  0.3333  0.3333  0.0000 (reduced coord)
  -1.94337   -1.94312   -1.94311   -1.94303   -0.80080   -0.80080   -0.79984   -0.79840
  -0.79596   -0.79455   -0.79455   -0.79123   -0.79021   -0.79020   -0.79000   -0.78775
  -0.36483   -0.33791   -0.33791   -0.33500   -0.32077   -0.32019   -0.32018   -0.31010
   0.09229    0.10675    0.10974    0.10975    0.12600    0.12601    0.12923    0.13901
   0.16016    0.16018    0.17641    0.17822    0.18920    0.18990    0.20791    0.20792
   0.21458    0.23454    0.23454    0.24023    0.26741    0.26918    0.26919    0.27624
   0.46083    0.46803
 kpt#  14, nband= 50, wtk=  0.00926, kpt=  0.5000  0.3333  0.0000 (reduced coord)
  -1.94326   -1.94323   -1.94309   -1.94306   -0.79996   -0.79996   -0.79924   -0.79923
  -0.79673   -0.79671   -0.79288   -0.79286   -0.78977   -0.78976   -0.78866   -0.78865
  -0.35186   -0.35186   -0.33682   -0.33682   -0.32043   -0.32043   -0.31497   -0.31497
   0.10563    0.10564    0.10999    0.10999    0.13038    0.13039    0.14343    0.14343
   0.15630    0.15631    0.17499    0.17500    0.18731    0.18731    0.20567    0.20567
   0.21030    0.21031    0.23646    0.23647    0.26832    0.26833    0.27430    0.27430
   0.46145    0.46224
 kpt#  15, nband= 50, wtk=  0.00926, kpt= -0.3333  0.3333  0.0000 (reduced coord)
  -1.94337   -1.94312   -1.94311   -1.94303   -0.80080   -0.80080   -0.79984   -0.79840
  -0.79596   -0.79455   -0.79455   -0.79123   -0.79021   -0.79020   -0.79000   -0.78775
  -0.36483   -0.33791   -0.33791   -0.33500   -0.32077   -0.32019   -0.32018   -0.31010
   0.09229    0.10675    0.10974    0.10975    0.12600    0.12601    0.12923    0.13901
   0.16016    0.16018    0.17641    0.17822    0.18920    0.18990    0.20791    0.20792
   0.21458    0.23454    0.23454    0.24023    0.26741    0.26918    0.26919    0.27624
   0.46108    0.46804
 kpt#  16, nband= 50, wtk=  0.00926, kpt= -0.1667  0.3333  0.0000 (reduced coord)
  -1.94347   -1.94314   -1.94303   -1.94300   -0.80172   -0.80146   -0.80102   -0.79642
  -0.79583   -0.79338   -0.79292   -0.79157   -0.79106   -0.79087   -0.78996   -0.78787
  -0.37384   -0.33807   -0.33322   -0.32679   -0.32445   -0.32106   -0.32023   -0.30672
   0.08187    0.09097    0.10213    0.10547    0.11872    0.12418    0.13181    0.13869
   0.14901    0.15871    0.17589    0.17936    0.18921    0.20490    0.20674    0.22962
   0.23105    0.23485    0.25027    0.25252    0.26288    0.26749    0.26965    0.27690
   0.46444    0.47329
 kpt#  17, nband= 50, wtk=  0.00463, kpt=  0.0000  0.5000  0.0000 (reduced coord)
  -1.94334   -1.94331   -1.94301   -1.94298   -0.79924   -0.79922   -0.79863   -0.79862
  -0.79661   -0.79659   -0.79238   -0.79236   -0.79061   -0.79059   -0.78979   -0.78977
  -0.35810   -0.35809   -0.32682   -0.32682   -0.32361   -0.32360   -0.31375   -0.31375
   0.09520    0.09520    0.11094    0.11095    0.11755    0.11755    0.12821    0.12822
   0.14001    0.14001    0.19153    0.19154    0.19387    0.19387    0.19729    0.19729
   0.23748    0.23749    0.26178    0.26178    0.26627    0.26627    0.27636    0.27636
   0.47826    0.47928
 kpt#  18, nband= 50, wtk=  0.00926, kpt=  0.1667  0.5000  0.0000 (reduced coord)
  -1.94332   -1.94329   -1.94303   -1.94300   -0.79920   -0.79919   -0.79891   -0.79889
  -0.79715   -0.79714   -0.79182   -0.79181   -0.79086   -0.79085   -0.78930   -0.78929
  -0.35650   -0.35649   -0.32983   -0.32983   -0.32274   -0.32273   -0.31382   -0.31382
   0.09994    0.09994    0.11416    0.11417    0.11426    0.11426    0.13244    0.13244
   0.14634    0.14634    0.18897    0.18898    0.19028    0.19029    0.19796    0.19796
   0.23273    0.23274    0.25302    0.25302    0.26574    0.26575    0.27574    0.27574
   0.47227    0.47435
 kpt#  19, nband= 50, wtk=  0.00926, kpt=  0.3333  0.5000  0.0000 (reduced coord)
  -1.94326   -1.94323   -1.94309   -1.94306   -0.79996   -0.79996   -0.79923   -0.79922
  -0.79673   -0.79671   -0.79288   -0.79286   -0.78977   -0.78976   -0.78866   -0.78865
  -0.35186   -0.35185   -0.33682   -0.33682   -0.32043   -0.32043   -0.31497   -0.31497
   0.10564    0.10564    0.10999    0.10999    0.13038    0.13038    0.14342    0.14342
   0.15630    0.15630    0.17500    0.17501    0.18729    0.18730    0.20568    0.20568
   0.21030    0.21031    0.23646    0.23647    0.26832    0.26833    0.27429    0.27429
   0.46134    0.46170
 kpt#  20, nband= 50, wtk=  0.00463, kpt=  0.5000  0.5000  0.0000 (reduced coord)
  -1.94318   -1.94316   -1.94316   -1.94313   -0.79999   -0.79999   -0.79999   -0.79999
  -0.79487   -0.79485   -0.79485   -0.79483   -0.78877   -0.78877   -0.78876   -0.78876
  -0.34488   -0.34488   -0.34487   -0.34487   -0.31748   -0.31748   -0.31747   -0.31747
   0.10783    0.10783    0.10783    0.10784    0.15344    0.15344    0.15344    0.15345
   0.15793    0.15794    0.15794    0.15794    0.18931    0.18932    0.18932    0.18932
   0.21896    0.21896    0.21896    0.21897    0.27175    0.27175    0.27175    0.27175
   0.45762    0.45762
 kpt#  21, nband= 50, wtk=  0.00926, kpt=  0.0000  0.0000  0.1667 (reduced coord)
  -1.94363   -1.94306   -1.94298   -1.94297   -0.80444   -0.80444   -0.80389   -0.79396
  -0.79395   -0.79282   -0.79281   -0.79117   -0.79117   -0.78981   -0.78728   -0.78728
  -0.39060   -0.33581   -0.32799   -0.32799   -0.32508   -0.31666   -0.31665   -0.29984
   0.06597    0.06597    0.08178    0.10515    0.10517    0.10615    0.15793    0.15794
   0.16258    0.16260    0.16933    0.16936    0.22320    0.22347    0.23179    0.23181
   0.24078    0.24248    0.24276    0.25884    0.26083    0.26085    0.26718    0.26719
   0.44576    0.45108
 kpt#  22, nband= 50, wtk=  0.00926, kpt=  0.1667  0.0000  0.1667 (reduced coord)
  -1.94358   -1.94305   -1.94302   -1.94298   -0.80363   -0.80350   -0.80331   -0.79506
  -0.79360   -0.79247   -0.79224   -0.79221   -0.79127   -0.79060   -0.78781   -0.78769
  -0.38618   -0.33445   -0.32779   -0.32627   -0.32525   -0.32235   -0.31786   -0.30189
   0.07142    0.07566    0.08040    0.10504    0.10761    0.12319    0.15222    0.15288
   0.15577    0.15771    0.16499    0.16903    0.21705    0.22513    0.22646    0.23271
   0.24228    0.24267    0.24537    0.25024    0.25470    0.26417    0.26443    0.26616
   0.45368    0.45681
 kpt#  23, nband= 50, wtk=  0.00926, kpt=  0.3333  0.0000  0.1667 (reduced coord)
  -1.94347   -1.94314   -1.94304   -1.94299   -0.80173   -0.80137   -0.80086   -0.79710
  -0.79486   -0.79329   -0.79275   -0.79153   -0.79151   -0.79139   -0.78890   -0.78879
  -0.37380   -0.33725   -0.33083   -0.32712   -0.32571   -0.32174   -0.32092   -0.30737
   0.08626    0.08679    0.10247    0.11065    0.11463    0.12928    0.13672    0.14013
   0.14120    0.15636    0.16941    0.17936    0.19537    0.20346    0.21275    0.22997
   0.24114    0.24148    0.24813    0.24916    0.25143    0.26462    0.26622    0.26812
   0.46813    0.46920
 kpt#  24, nband= 50, wtk=  0.00926, kpt=  0.5000  0.0000  0.1667 (reduced coord)
  -1.94332   -1.94329   -1.94303   -1.94300   -0.79951   -0.79949   -0.79820   -0.79818
  -0.79713   -0.79711   -0.79200   -0.79198   -0.79022   -0.79022   -0.79021   -0.79020
  -0.35612   -0.35612   -0.32639   -0.32639   -0.32598   -0.32597   -0.31454   -0.31454
   0.10161    0.10161    0.11068    0.11068    0.12438    0.12438    0.12592    0.12593
   0.14424    0.14425    0.18984    0.18985    0.19372    0.19372    0.19640    0.19641
   0.24089    0.24090    0.25065    0.25066    0.26061    0.26062    0.26844    0.26845
   0.47677    0.47885
 kpt#  25, nband= 50, wtk=  0.00926, kpt= -0.3333  0.0000  0.1667 (reduced coord)
  -1.94347   -1.94314   -1.94304   -1.94299   -0.80173   -0.80137   -0.80086   -0.79710
  -0.79486   -0.79329   -0.79275   -0.79153   -0.79151   -0.79139   -0.78890   -0.78879
  -0.37380   -0.33726   -0.33083   -0.32712   -0.32571   -0.32174   -0.32091   -0.30737
   0.08626    0.08679    0.10247    0.11065    0.11463    0.12928    0.13672    0.14013
   0.14120    0.15636    0.16941    0.17936    0.19537    0.20346    0.21275    0.22997
   0.24114    0.24148    0.24813    0.24916    0.25143    0.26462    0.26622    0.26812
   0.46812    0.46953
 kpt#  26, nband= 50, wtk=  0.00926, kpt= -0.1667  0.0000  0.1667 (reduced coord)
  -1.94358   -1.94305   -1.94302   -1.94298   -0.80363   -0.80350   -0.80331   -0.79506
  -0.79360   -0.79247   -0.79224   -0.79221   -0.79127   -0.79060   -0.78781   -0.78769
  -0.38618   -0.33445   -0.32779   -0.32627   -0.32525   -0.32235   -0.31786   -0.30189
   0.07142    0.07566    0.08040    0.10504    0.10761    0.12319    0.15222    0.15288
   0.15577    0.15771    0.16499    0.16903    0.21705    0.22513    0.22646    0.23271
   0.24228    0.24267    0.24537    0.25024    0.25470    0.26417    0.26443    0.26616
   0.45368    0.45681
 kpt#  27, nband= 50, wtk=  0.00926, kpt=  0.0000  0.1667  0.1667 (reduced coord)
  -1.94358   -1.94305   -1.94302   -1.94298   -0.80364   -0.80349   -0.80331   -0.79507
  -0.79360   -0.79247   -0.79224   -0.79221   -0.79127   -0.79060   -0.78781   -0.78769
  -0.38618   -0.33445   -0.32779   -0.32624   -0.32526   -0.32238   -0.31785   -0.30189
   0.07143    0.07565    0.08040    0.10504    0.10761    0.12320    0.15224    0.15283
   0.15576    0.15772    0.16499    0.16905    0.21693    0.22514    0.22647    0.23301
   0.24211    0.24261    0.24534    0.25027    0.25471    0.26419    0.26442    0.26617
   0.45368    0.45681
 kpt#  28, nband= 50, wtk=  0.00926, kpt=  0.1667  0.1667  0.1667 (reduced coord)
  -1.94354   -1.94306   -1.94302   -1.94301   -0.80303   -0.80295   -0.80284   -0.79450
  -0.79436   -0.79344   -0.79197   -0.79195   -0.79191   -0.79079   -0.78846   -0.78742
  -0.38219   -0.33438   -0.32808   -0.32757   -0.32455   -0.32171   -0.32121   -0.30362
   0.08070    0.08079    0.08161    0.10622    0.11149    0.13331    0.14760    0.14793
   0.15498    0.15947    0.15959    0.16233    0.22084    0.22349    0.22397    0.22410
   0.24257    0.24434    0.24496    0.24954    0.25096    0.25857    0.25879    0.26794
   0.45978    0.46092
 kpt#  29, nband= 50, wtk=  0.00926, kpt=  0.3333  0.1667  0.1667 (reduced coord)
  -1.94344   -1.94313   -1.94305   -1.94302   -0.80171   -0.80163   -0.80113   -0.79592
  -0.79543   -0.79491   -0.79287   -0.79132   -0.79100   -0.79074   -0.78935   -0.78813
  -0.37105   -0.33833   -0.33383   -0.33019   -0.32303   -0.32169   -0.31946   -0.30825
   0.08955    0.09472    0.10549    0.11061    0.11899    0.12881    0.13731    0.13897
   0.14530    0.16129    0.16713    0.16973    0.19542    0.20879    0.21211    0.23014
   0.23191    0.23697    0.24626    0.24836    0.25287    0.25409    0.26391    0.26805
   0.46617    0.47370
 kpt#  30, nband= 50, wtk=  0.00926, kpt=  0.5000  0.1667  0.1667 (reduced coord)
  -1.94330   -1.94327   -1.94305   -1.94302   -0.80074   -0.80072   -0.79828   -0.79827
  -0.79677   -0.79675   -0.79137   -0.79135   -0.79046   -0.79044   -0.78962   -0.78961
  -0.35512   -0.35512   -0.33240   -0.33240   -0.32174   -0.32174   -0.31426   -0.31426
   0.10609    0.10609    0.11255    0.11256    0.12328    0.12328    0.12879    0.12880
   0.15043    0.15045    0.17822    0.17823    0.19640    0.19641    0.20236    0.20237
   0.23473    0.23474    0.24916    0.24916    0.25459    0.25459    0.26728    0.26729
   0.47183    0.47221
 kpt#  31, nband= 50, wtk=  0.00926, kpt= -0.3333  0.1667  0.1667 (reduced coord)
  -1.94344   -1.94313   -1.94305   -1.94302   -0.80171   -0.80163   -0.80113   -0.79592
  -0.79543   -0.79491   -0.79287   -0.79132   -0.79100   -0.79074   -0.78935   -0.78813
  -0.37105   -0.33833   -0.33383   -0.33019   -0.32303   -0.32169   -0.31946   -0.30825
   0.08955    0.09472    0.10549    0.11061    0.11899    0.12881    0.13731    0.13897
   0.14530    0.16129    0.16713    0.16973    0.19542    0.20879    0.21211    0.23014
   0.23191    0.23697    0.24626    0.24836    0.25288    0.25409    0.26391    0.26805
   0.46616    0.47331
 kpt#  32, nband= 50, wtk=  0.00926, kpt= -0.1667  0.1667  0.1667 (reduced coord)
  -1.94354   -1.94306   -1.94302   -1.94301   -0.80303   -0.80296   -0.80284   -0.79450
  -0.79436   -0.79344   -0.79197   -0.79195   -0.79191   -0.79079   -0.78846   -0.78742
  -0.38219   -0.33438   -0.32809   -0.32757   -0.32455   -0.32171   -0.32121   -0.30362
   0.08070    0.08079    0.08161    0.10621    0.11149    0.13331    0.14761    0.14793
   0.15498    0.15947    0.15959    0.16233    0.22084    0.22349    0.22397    0.22410
   0.24257    0.24434    0.24496    0.24954    0.25096    0.25857    0.25879    0.26794
   0.45978    0.46093
 kpt#  33, nband= 50, wtk=  0.00926, kpt=  0.0000  0.3333  0.1667 (reduced coord)
  -1.94347   -1.94314   -1.94304   -1.94299   -0.80173   -0.80138   -0.80084   -0.79711
  -0.79487   -0.79329   -0.79275   -0.79154   -0.79151   -0.79139   -0.78890   -0.78879
  -0.37380   -0.33723   -0.33082   -0.32717   -0.32572   -0.32140   -0.32123   -0.30738
   0.08626    0.08680    0.10247    0.11067    0.11463    0.12927    0.13670    0.14019
   0.14115    0.15638    0.16940    0.17939    0.19537    0.20341    0.21276    0.22999
   0.24111    0.24150    0.24813    0.24956    0.25099    0.26462    0.26623    0.26814
   0.46822    0.46997
 kpt#  34, nband= 50, wtk=  0.00926, kpt=  0.1667  0.3333  0.1667 (reduced coord)
  -1.94343   -1.94313   -1.94305   -1.94302   -0.80171   -0.80163   -0.80112   -0.79592
  -0.79543   -0.79490   -0.79286   -0.79132   -0.79100   -0.79074   -0.78935   -0.78813
  -0.37105   -0.33831   -0.33382   -0.33021   -0.32303   -0.32166   -0.31948   -0.30825
   0.08955    0.09473    0.10549    0.11062    0.11900    0.12879    0.13734    0.13896
   0.14527    0.16129    0.16714    0.16975    0.19542    0.20875    0.21212    0.23024
   0.23185    0.23695    0.24626    0.24841    0.25287    0.25401    0.26393    0.26807
   0.46614    0.47349
 kpt#  35, nband= 50, wtk=  0.00926, kpt=  0.3333  0.3333  0.1667 (reduced coord)
  -1.94335   -1.94312   -1.94311   -1.94305   -0.80161   -0.80157   -0.80153   -0.79778
  -0.79568   -0.79381   -0.79368   -0.79033   -0.79024   -0.79020   -0.78984   -0.78790
  -0.36327   -0.33987   -0.33972   -0.33760   -0.31995   -0.31847   -0.31833   -0.31072
   0.09893    0.11154    0.11210    0.11231    0.12866    0.13112    0.13129    0.14154
   0.15543    0.15584    0.16111    0.17863    0.19142    0.20569    0.21232    0.21275
   0.21880    0.23180    0.23186    0.23586    0.25557    0.26043    0.26103    0.26704
   0.46210    0.46991
 kpt#  36, nband= 50, wtk=  0.00926, kpt=  0.5000  0.3333  0.1667 (reduced coord)
  -1.94324   -1.94322   -1.94310   -1.94307   -0.80169   -0.80169   -0.80021   -0.80021
  -0.79496   -0.79494   -0.79180   -0.79179   -0.78968   -0.78967   -0.78877   -0.78877
  -0.35199   -0.35199   -0.33975   -0.33974   -0.31840   -0.31840   -0.31436   -0.31436
   0.11063    0.11064    0.11399    0.11399    0.13394    0.13395    0.13912    0.13912
   0.15808    0.15809    0.16653    0.16654    0.19908    0.19909    0.20576    0.20577
   0.21448    0.21449    0.23215    0.23215    0.25928    0.25929    0.26556    0.26556
   0.46254    0.46427
 kpt#  37, nband= 50, wtk=  0.00926, kpt= -0.3333  0.3333  0.1667 (reduced coord)
  -1.94335   -1.94312   -1.94311   -1.94305   -0.80161   -0.80158   -0.80153   -0.79778
  -0.79568   -0.79381   -0.79368   -0.79033   -0.79024   -0.79020   -0.78984   -0.78790
  -0.36327   -0.33988   -0.33971   -0.33760   -0.31995   -0.31848   -0.31833   -0.31072
   0.09893    0.11154    0.11210    0.11231    0.12866    0.13112    0.13129    0.14154
   0.15542    0.15584    0.16110    0.17863    0.19142    0.20569    0.21232    0.21275
   0.21880    0.23180    0.23186    0.23586    0.25557    0.26043    0.26103    0.26704
   0.46201    0.47027
 kpt#  38, nband= 50, wtk=  0.00926, kpt= -0.1667  0.3333  0.1667 (reduced coord)
  -1.94343   -1.94313   -1.94305   -1.94302   -0.80171   -0.80163   -0.80112   -0.79592
  -0.79543   -0.79490   -0.79286   -0.79132   -0.79100   -0.79074   -0.78935   -0.78813
  -0.37105   -0.33831   -0.33382   -0.33021   -0.32303   -0.32166   -0.31948   -0.30825
   0.08955    0.09473    0.10549    0.11062    0.11900    0.12879    0.13734    0.13896
   0.14527    0.16129    0.16714    0.16975    0.19542    0.20875    0.21212    0.23024
   0.23185    0.23695    0.24626    0.24841    0.25287    0.25401    0.26393    0.26807
   0.46615    0.47352
 kpt#  39, nband= 50, wtk=  0.00926, kpt=  0.0000  0.5000  0.1667 (reduced coord)
  -1.94332   -1.94329   -1.94303   -1.94300   -0.79950   -0.79948   -0.79821   -0.79819
  -0.79713   -0.79711   -0.79200   -0.79198   -0.79022   -0.79022   -0.79021   -0.79020
  -0.35611   -0.35611   -0.32641   -0.32641   -0.32596   -0.32596   -0.31455   -0.31454
   0.10160    0.10161    0.11071    0.11072    0.12440    0.12440    0.12587    0.12588
   0.14423    0.14423    0.18986    0.18987    0.19372    0.19372    0.19640    0.19641
   0.24089    0.24090    0.25065    0.25066    0.26058    0.26058    0.26847    0.26847
   0.47673    0.47851
 kpt#  40, nband= 50, wtk=  0.00926, kpt=  0.1667  0.5000  0.1667 (reduced coord)
  -1.94330   -1.94327   -1.94305   -1.94302   -0.80073   -0.80072   -0.79829   -0.79828
  -0.79677   -0.79675   -0.79137   -0.79135   -0.79046   -0.79044   -0.78962   -0.78961
  -0.35511   -0.35511   -0.33241   -0.33240   -0.32174   -0.32174   -0.31427   -0.31426
   0.10609    0.10610    0.11256    0.11257    0.12331    0.12332    0.12873    0.12874
   0.15043    0.15044    0.17823    0.17824    0.19642    0.19642    0.20235    0.20235
   0.23473    0.23474    0.24915    0.24916    0.25456    0.25457    0.26730    0.26731
   0.47178    0.47264
 kpt#  41, nband= 50, wtk=  0.00926, kpt=  0.3333  0.5000  0.1667 (reduced coord)
  -1.94324   -1.94322   -1.94310   -1.94307   -0.80169   -0.80169   -0.80021   -0.80021
  -0.79496   -0.79494   -0.79180   -0.79179   -0.78968   -0.78967   -0.78877   -0.78877
  -0.35199   -0.35198   -0.33975   -0.33975   -0.31840   -0.31840   -0.31436   -0.31436
   0.11064    0.11064    0.11400    0.11400    0.13393    0.13394    0.13910    0.13911
   0.15810    0.15811    0.16652    0.16653    0.19907    0.19908    0.20578    0.20578
   0.21448    0.21449    0.23213    0.23214    0.25927    0.25927    0.26557    0.26557
   0.46251    0.46264
 kpt#  42, nband= 50, wtk=  0.00926, kpt=  0.5000  0.5000  0.1667 (reduced coord)
  -1.94318   -1.94316   -1.94316   -1.94313   -0.80153   -0.80152   -0.80152   -0.80152
  -0.79326   -0.79325   -0.79325   -0.79323   -0.78876   -0.78876   -0.78876   -0.78876
  -0.34669   -0.34669   -0.34669   -0.34669   -0.31581   -0.31580   -0.31580   -0.31580
   0.11245    0.11246    0.11246    0.11246    0.15014    0.15015    0.15015    0.15015
   0.15687    0.15687    0.15687    0.15688    0.19970    0.19971    0.19971    0.19971
   0.21503    0.21503    0.21503    0.21504    0.26387    0.26387    0.26387    0.26388
   0.45987    0.45988
 kpt#  43, nband= 50, wtk=  0.00926, kpt= -0.3333  0.5000  0.1667 (reduced coord)
  -1.94324   -1.94322   -1.94310   -1.94307   -0.80169   -0.80169   -0.80021   -0.80021
  -0.79496   -0.79494   -0.79180   -0.79179   -0.78968   -0.78967   -0.78877   -0.78877
  -0.35199   -0.35199   -0.33975   -0.33975   -0.31840   -0.31840   -0.31436   -0.31436
   0.11064    0.11064    0.11400    0.11400    0.13393    0.13394    0.13910    0.13911
   0.15809    0.15811    0.16652    0.16653    0.19907    0.19908    0.20578    0.20578
   0.21448    0.21449    0.23214    0.23214    0.25927    0.25927    0.26557    0.26558
   0.46253    0.46284
 kpt#  44, nband= 50, wtk=  0.00926, kpt= -0.1667  0.5000  0.1667 (reduced coord)
  -1.94330   -1.94327   -1.94305   -1.94302   -0.80073   -0.80072   -0.79829   -0.79828
  -0.79677   -0.79675   -0.79137   -0.79135   -0.79046   -0.79044   -0.78962   -0.78961
  -0.35511   -0.35511   -0.33241   -0.33241   -0.32174   -0.32174   -0.31427   -0.31426
   0.10609    0.10610    0.11256    0.11257    0.12331    0.12332    0.12873    0.12874
   0.15043    0.15044    0.17823    0.17824    0.19642    0.19642    0.20235    0.20236
   0.23473    0.23474    0.24915    0.24916    0.25457    0.25457    0.26730    0.26731
   0.47194    0.47247
 kpt#  45, nband= 50, wtk=  0.00926, kpt=  0.0000 -0.3333  0.1667 (reduced coord)
  -1.94347   -1.94314   -1.94304   -1.94299   -0.80173   -0.80138   -0.80084   -0.79711
  -0.79487   -0.79329   -0.79275   -0.79154   -0.79151   -0.79139   -0.78890   -0.78879
  -0.37380   -0.33723   -0.33082   -0.32717   -0.32572   -0.32140   -0.32123   -0.30738
   0.08626    0.08680    0.10247    0.11067    0.11463    0.12927    0.13670    0.14019
   0.14115    0.15638    0.16940    0.17939    0.19537    0.20341    0.21276    0.22999
   0.24111    0.24150    0.24813    0.24956    0.25099    0.26462    0.26623    0.26814
   0.46816    0.47064
 kpt#  46, nband= 50, wtk=  0.00926, kpt=  0.1667 -0.3333  0.1667 (reduced coord)
  -1.94343   -1.94313   -1.94305   -1.94302   -0.80171   -0.80163   -0.80112   -0.79592
  -0.79543   -0.79490   -0.79286   -0.79132   -0.79100   -0.79074   -0.78935   -0.78813
  -0.37105   -0.33831   -0.33382   -0.33021   -0.32303   -0.32166   -0.31948   -0.30825
   0.08955    0.09473    0.10549    0.11062    0.11900    0.12879    0.13734    0.13896
   0.14527    0.16129    0.16714    0.16975    0.19542    0.20875    0.21212    0.23024
   0.23185    0.23695    0.24626    0.24841    0.25287    0.25401    0.26393    0.26807
   0.46613    0.47370
 kpt#  47, nband= 50, wtk=  0.00926, kpt=  0.3333 -0.3333  0.1667 (reduced coord)
  -1.94335   -1.94312   -1.94311   -1.94305   -0.80161   -0.80157   -0.80153   -0.79778
  -0.79568   -0.79381   -0.79368   -0.79033   -0.79024   -0.79020   -0.78984   -0.78790
  -0.36327   -0.33987   -0.33972   -0.33760   -0.31995   -0.31847   -0.31833   -0.31072
   0.09893    0.11154    0.11210    0.11231    0.12866    0.13112    0.13129    0.14154
   0.15543    0.15584    0.16111    0.17863    0.19142    0.20569    0.21232    0.21275
   0.21880    0.23180    0.23186    0.23586    0.25557    0.26043    0.26103    0.26704
   0.46201    0.47002
 kpt#  48, nband= 50, wtk=  0.00926, kpt=  0.5000 -0.3333  0.1667 (reduced coord)
  -1.94324   -1.94322   -1.94310   -1.94307   -0.80169   -0.80169   -0.80021   -0.80021
  -0.79496   -0.79494   -0.79180   -0.79179   -0.78968   -0.78967   -0.78877   -0.78877
  -0.35199   -0.35199   -0.33975   -0.33974   -0.31840   -0.31840   -0.31436   -0.31436
   0.11063    0.11064    0.11399    0.11399    0.13394    0.13395    0.13912    0.13912
   0.15808    0.15809    0.16653    0.16654    0.19908    0.19909    0.20576    0.20577
   0.21448    0.21449    0.23215    0.23215    0.25928    0.25929    0.26556    0.26556
   0.46253    0.46285
 kpt#  49, nband= 50, wtk=  0.00926, kpt= -0.3333 -0.3333  0.1667 (reduced coord)
  -1.94335   -1.94312   -1.94311   -1.94305   -0.80161   -0.80158   -0.80153   -0.79778
  -0.79568   -0.79381   -0.79368   -0.79033   -0.79024   -0.79020   -0.78984   -0.78790
  -0.36327   -0.33988   -0.33971   -0.33760   -0.31995   -0.31848   -0.31833   -0.31072
   0.09893    0.11154    0.11210    0.11231    0.12866    0.13112    0.13129    0.14154
   0.15542    0.15584    0.16110    0.17863    0.19142    0.20569    0.21232    0.21275
   0.21880    0.23180    0.23186    0.23586    0.25557    0.26043    0.26103    0.26704
   0.46202    0.47002
 kpt#  50, nband= 50, wtk=  0.00926, kpt= -0.1667 -0.3333  0.1667 (reduced coord)
  -1.94343   -1.94313   -1.94305   -1.94302   -0.80171   -0.80163   -0.80112   -0.79592
  -0.79543   -0.79490   -0.79286   -0.79132   -0.79100   -0.79074   -0.78935   -0.78813
  -0.37105   -0.33831   -0.33382   -0.33021   -0.32303   -0.32166   -0.31948   -0.30825
   0.08955    0.09473    0.10549    0.11062    0.11900    0.12879    0.13734    0.13896
   0.14527    0.16129    0.16714    0.16975    0.19542    0.20875    0.21212    0.23024
   0.23185    0.23695    0.24626    0.24841    0.25287    0.25401    0.26393    0.26807
   0.46642    0.47339
 kpt#  51, nband= 50, wtk=  0.00926, kpt=  0.0000 -0.1667  0.1667 (reduced coord)
  -1.94358   -1.94305   -1.94302   -1.94298   -0.80364   -0.80349   -0.80331   -0.79507
  -0.79360   -0.79247   -0.79224   -0.79221   -0.79127   -0.79060   -0.78781   -0.78769
  -0.38618   -0.33445   -0.32779   -0.32624   -0.32526   -0.32238   -0.31785   -0.30189
   0.07143    0.07565    0.08040    0.10504    0.10761    0.12320    0.15224    0.15283
   0.15576    0.15772    0.16499    0.16905    0.21693    0.22514    0.22647    0.23301
   0.24211    0.24261    0.24534    0.25027    0.25471    0.26419    0.26442    0.26617
   0.45368    0.45681
 kpt#  52, nband= 50, wtk=  0.00926, kpt=  0.1667 -0.1667  0.1667 (reduced coord)
  -1.94354   -1.94306   -1.94302   -1.94301   -0.80303   -0.80295   -0.80284   -0.79450
  -0.79436   -0.79344   -0.79197   -0.79195   -0.79191   -0.79079   -0.78846   -0.78742
  -0.38219   -0.33438   -0.32808   -0.32757   -0.32455   -0.32171   -0.32121   -0.30362
   0.08070    0.08079    0.08161    0.10622    0.11149    0.13331    0.14760    0.14793
   0.15498    0.15947    0.15959    0.16233    0.22084    0.22349    0.22397    0.22410
   0.24257    0.24434    0.24496    0.24954    0.25096    0.25857    0.25879    0.26794
   0.45978    0.46093
 kpt#  53, nband= 50, wtk=  0.00926, kpt=  0.3333 -0.1667  0.1667 (reduced coord)
  -1.94344   -1.94313   -1.94305   -1.94302   -0.80171   -0.80163   -0.80113   -0.79592
  -0.79543   -0.79491   -0.79287   -0.79132   -0.79100   -0.79074   -0.78935   -0.78813
  -0.37105   -0.33833   -0.33383   -0.33019   -0.32303   -0.32169   -0.31946   -0.30825
   0.08955    0.09472    0.10549    0.11061    0.11899    0.12881    0.13731    0.13897
   0.14530    0.16129    0.16713    0.16973    0.19542    0.20879    0.21211    0.23014
   0.23191    0.23697    0.24626    0.24836    0.25287    0.25409    0.26391    0.26805
   0.46613    0.47358
 kpt#  54, nband= 50, wtk=  0.00926, kpt=  0.5000 -0.1667  0.1667 (reduced coord)
  -1.94330   -1.94327   -1.94305   -1.94302   -0.80074   -0.80072   -0.79828   -0.79827
  -0.79677   -0.79675   -0.79137   -0.79135   -0.79046   -0.79044   -0.78962   -0.78961
  -0.35512   -0.35512   -0.33240   -0.33240   -0.32174   -0.32174   -0.31426   -0.31426
   0.10609    0.10609    0.11255    0.11256    0.12328    0.12328    0.12879    0.12880
   0.15043    0.15045    0.17822    0.17823    0.19640    0.19641    0.20236    0.20237
   0.23473    0.23474    0.24916    0.24916    0.25459    0.25459    0.26728    0.26729
   0.47184    0.47458
 kpt#  55, nband= 50, wtk=  0.00926, kpt= -0.3333 -0.1667  0.1667 (reduced coord)
  -1.94344   -1.94313   -1.94305   -1.94302   -0.80171   -0.80163   -0.80113   -0.79592
  -0.79543   -0.79491   -0.79287   -0.79132   -0.79100   -0.79074   -0.78935   -0.78813
  -0.37105   -0.33833   -0.33383   -0.33019   -0.32303   -0.32169   -0.31946   -0.30825
   0.08955    0.09472    0.10549    0.11061    0.11899    0.12881    0.13731    0.13897
   0.14530    0.16129    0.16713    0.16973    0.19542    0.20879    0.21211    0.23014
   0.23191    0.23697    0.24626    0.24836    0.25288    0.25409    0.26391    0.26805
   0.46616    0.47358
 kpt#  56, nband= 50, wtk=  0.00926, kpt= -0.1667 -0.1667  0.1667 (reduced coord)
  -1.94354   -1.94306   -1.94302   -1.94301   -0.80303   -0.80296   -0.80284   -0.79450
  -0.79436   -0.79344   -0.79197   -0.79195   -0.79191   -0.79079   -0.78846   -0.78742
  -0.38219   -0.33438   -0.32809   -0.32757   -0.32455   -0.32171   -0.32121   -0.30362
   0.08070    0.08079    0.08161    0.10621    0.11149    0.13331    0.14761    0.14793
   0.15498    0.15947    0.15959    0.16233    0.22084    0.22349    0.22397    0.22410
   0.24257    0.24434    0.24496    0.24954    0.25096    0.25857    0.25879    0.26794
   0.45978    0.46097
 kpt#  57, nband= 50, wtk=  0.00926, kpt=  0.0000  0.0000  0.3333 (reduced coord)
  -1.94351   -1.94318   -1.94298   -1.94298   -0.80228   -0.80228   -0.80111   -0.79624
  -0.79623   -0.79301   -0.79285   -0.79285   -0.79036   -0.79035   -0.78810   -0.78810
  -0.37815   -0.34076   -0.32886   -0.32549   -0.32548   -0.31895   -0.31894   -0.30808
   0.08232    0.08232    0.10965    0.11289    0.11293    0.13449    0.13494    0.13497
   0.14463    0.14464    0.18316    0.18320    0.19842    0.21851    0.21914    0.22017
   0.22512    0.22569    0.24374    0.24374    0.26704    0.26704    0.26868    0.26869
   0.45503    0.46586
 kpt#  58, nband= 50, wtk=  0.00926, kpt=  0.1667  0.0000  0.3333 (reduced coord)
  -1.94347   -1.94316   -1.94301   -1.94299   -0.80189   -0.80151   -0.80100   -0.79709
  -0.79572   -0.79400   -0.79236   -0.79213   -0.79113   -0.79038   -0.78860   -0.78815
  -0.37460   -0.33983   -0.32813   -0.32662   -0.32437   -0.32346   -0.31954   -0.30929
   0.08668    0.09077    0.10438    0.11355    0.11927    0.13371    0.13748    0.14371
   0.14442    0.14665    0.17127    0.17794    0.20184    0.20703    0.22079    0.22342
   0.22983    0.23488    0.23615    0.23887    0.25996    0.26023    0.26497    0.26609
   0.46080    0.46927
 kpt#  59, nband= 50, wtk=  0.00926, kpt=  0.3333  0.0000  0.3333 (reduced coord)
  -1.94338   -1.94313   -1.94310   -1.94302   -0.80066   -0.80060   -0.79937   -0.79856
  -0.79623   -0.79432   -0.79335   -0.79113   -0.79106   -0.79081   -0.78966   -0.78861
  -0.36467   -0.33718   -0.33534   -0.32957   -0.32617   -0.32147   -0.32100   -0.31255
   0.09808    0.10742    0.11155    0.11588    0.11942    0.13167    0.13504    0.14246
   0.15137    0.15641    0.17116    0.17464    0.19231    0.20382    0.21037    0.21606
   0.22043    0.23413    0.23580    0.24300    0.24944    0.25199    0.25776    0.26249
   0.47117    0.47403
 kpt#  60, nband= 50, wtk=  0.00926, kpt=  0.5000  0.0000  0.3333 (reduced coord)
  -1.94326   -1.94323   -1.94309   -1.94306   -0.79981   -0.79980   -0.79866   -0.79866
  -0.79640   -0.79638   -0.79243   -0.79242   -0.79031   -0.79031   -0.78970   -0.78970
  -0.35048   -0.35048   -0.33347   -0.33346   -0.32362   -0.32362   -0.31694   -0.31694
   0.11126    0.11126    0.11911    0.11912    0.11967    0.11967    0.14628    0.14628
   0.14655    0.14656    0.18454    0.18455    0.19142    0.19142    0.20451    0.20451
   0.21644    0.21645    0.24568    0.24569    0.24829    0.24829    0.25745    0.25745
   0.47354    0.47499
 kpt#  61, nband= 50, wtk=  0.00926, kpt= -0.3333  0.0000  0.3333 (reduced coord)
  -1.94338   -1.94313   -1.94310   -1.94302   -0.80066   -0.80060   -0.79937   -0.79856
  -0.79623   -0.79432   -0.79335   -0.79113   -0.79106   -0.79081   -0.78966   -0.78861
  -0.36467   -0.33718   -0.33534   -0.32957   -0.32617   -0.32147   -0.32100   -0.31255
   0.09808    0.10742    0.11155    0.11588    0.11942    0.13167    0.13504    0.14246
   0.15137    0.15641    0.17116    0.17464    0.19231    0.20382    0.21037    0.21606
   0.22044    0.23413    0.23580    0.24300    0.24944    0.25199    0.25776    0.26249
   0.47294    0.47435
 kpt#  62, nband= 50, wtk=  0.00926, kpt= -0.1667  0.0000  0.3333 (reduced coord)
  -1.94347   -1.94316   -1.94301   -1.94299   -0.80189   -0.80151   -0.80100   -0.79709
  -0.79572   -0.79400   -0.79236   -0.79213   -0.79113   -0.79038   -0.78860   -0.78815
  -0.37460   -0.33983   -0.32813   -0.32662   -0.32436   -0.32346   -0.31954   -0.30929
   0.08668    0.09077    0.10438    0.11355    0.11927    0.13371    0.13748    0.14371
   0.14442    0.14665    0.17127    0.17794    0.20184    0.20703    0.22079    0.22342
   0.22983    0.23488    0.23615    0.23887    0.25996    0.26023    0.26497    0.26609
   0.46080    0.46925
 kpt#  63, nband= 50, wtk=  0.00926, kpt=  0.0000  0.1667  0.3333 (reduced coord)
  -1.94347   -1.94316   -1.94301   -1.94299   -0.80190   -0.80150   -0.80100   -0.79710
  -0.79572   -0.79401   -0.79236   -0.79213   -0.79112   -0.79039   -0.78859   -0.78815
  -0.37460   -0.33983   -0.32812   -0.32665   -0.32432   -0.32350   -0.31952   -0.30929
   0.08668    0.09078    0.10439    0.11355    0.11925    0.13368    0.13749    0.14349
   0.14467    0.14663    0.17126    0.17799    0.20182    0.20692    0.22080    0.22362
   0.22986    0.23472    0.23617    0.23888    0.25994    0.26024    0.26497    0.26609
   0.46080    0.46924
 kpt#  64, nband= 50, wtk=  0.00926, kpt=  0.1667  0.1667  0.3333 (reduced coord)
  -1.94344   -1.94315   -1.94302   -1.94302   -0.80182   -0.80170   -0.80112   -0.79594
  -0.79578   -0.79510   -0.79201   -0.79186   -0.79182   -0.79009   -0.78869   -0.78814
  -0.37161   -0.34032   -0.32927   -0.32890   -0.32631   -0.32030   -0.31994   -0.31014
   0.09456    0.09471    0.10363    0.11741    0.11982    0.13728    0.13735    0.14473
   0.14656    0.15184    0.16471    0.16526    0.20554    0.21842    0.21890    0.21975
   0.23258    0.23270    0.23326    0.23677    0.25327    0.25751    0.25754    0.26053
   0.46453    0.47007
 kpt#  65, nband= 50, wtk=  0.00926, kpt=  0.3333  0.1667  0.3333 (reduced coord)
  -1.94335   -1.94313   -1.94310   -1.94305   -0.80181   -0.80141   -0.80125   -0.79748
  -0.79567   -0.79340   -0.79336   -0.79104   -0.79084   -0.79008   -0.78932   -0.78857
  -0.36319   -0.34026   -0.33835   -0.33421   -0.32277   -0.31930   -0.31812   -0.31245
   0.10441    0.10850    0.11378    0.12001    0.12109    0.13527    0.13893    0.14244
   0.15140    0.15215    0.15961    0.17345    0.20136    0.20711    0.21296    0.22141
   0.22592    0.23124    0.23281    0.23566    0.24379    0.24733    0.25044    0.25783
   0.46894    0.47451
 kpt#  66, nband= 50, wtk=  0.00926, kpt=  0.5000  0.1667  0.3333 (reduced coord)
  -1.94324   -1.94322   -1.94310   -1.94307   -0.80166   -0.80165   -0.79981   -0.79980
  -0.79476   -0.79474   -0.79109   -0.79108   -0.79013   -0.79011   -0.78975   -0.78973
  -0.35112   -0.35111   -0.33823   -0.33823   -0.31990   -0.31990   -0.31553   -0.31553
   0.11505    0.11506    0.12094    0.12094    0.12368    0.12369    0.13972    0.13973
   0.15335    0.15336    0.17347    0.17348    0.20234    0.20235    0.20573    0.20574
   0.22106    0.22107    0.23988    0.23989    0.24092    0.24094    0.25472    0.25473
   0.47154    0.47158
 kpt#  67, nband= 50, wtk=  0.00926, kpt= -0.3333  0.1667  0.3333 (reduced coord)
  -1.94335   -1.94313   -1.94310   -1.94305   -0.80181   -0.80141   -0.80125   -0.79748
  -0.79567   -0.79340   -0.79336   -0.79104   -0.79084   -0.79008   -0.78932   -0.78857
  -0.36319   -0.34026   -0.33835   -0.33421   -0.32277   -0.31930   -0.31811   -0.31245
   0.10441    0.10850    0.11378    0.12001    0.12109    0.13527    0.13893    0.14244
   0.15140    0.15215    0.15961    0.17345    0.20135    0.20711    0.21296    0.22141
   0.22592    0.23124    0.23281    0.23566    0.24379    0.24733    0.25044    0.25783
   0.46889    0.47498
 kpt#  68, nband= 50, wtk=  0.00926, kpt= -0.1667  0.1667  0.3333 (reduced coord)
  -1.94344   -1.94315   -1.94302   -1.94302   -0.80182   -0.80171   -0.80112   -0.79594
  -0.79578   -0.79510   -0.79201   -0.79186   -0.79182   -0.79009   -0.78869   -0.78814
  -0.37161   -0.34032   -0.32927   -0.32890   -0.32631   -0.32030   -0.31994   -0.31014
   0.09456    0.09471    0.10363    0.11741    0.11981    0.13727    0.13736    0.14473
   0.14656    0.15184    0.16471    0.16526    0.20554    0.21842    0.21890    0.21975
   0.23259    0.23271    0.23326    0.23677    0.25327    0.25751    0.25754    0.26053
   0.46453    0.46992
 kpt#  69, nband= 50, wtk=  0.00926, kpt=  0.0000  0.3333  0.3333 (reduced coord)
  -1.94338   -1.94313   -1.94310   -1.94302   -0.80067   -0.80060   -0.79936   -0.79856
  -0.79623   -0.79432   -0.79335   -0.79113   -0.79107   -0.79081   -0.78966   -0.78861
  -0.36468   -0.33719   -0.33534   -0.32962   -0.32616   -0.32124   -0.32118   -0.31254
   0.09807    0.10741    0.11155    0.11590    0.11939    0.13165    0.13500    0.14244
   0.15137    0.15647    0.17119    0.17466    0.19227    0.20379    0.21038    0.21607
   0.22047    0.23415    0.23584    0.24295    0.24944    0.25197    0.25778    0.26248
   0.47197    0.47425
 kpt#  70, nband= 50, wtk=  0.00926, kpt=  0.1667  0.3333  0.3333 (reduced coord)
  -1.94335   -1.94313   -1.94310   -1.94305   -0.80181   -0.80141   -0.80126   -0.79748
  -0.79567   -0.79340   -0.79336   -0.79104   -0.79084   -0.79008   -0.78932   -0.78857
  -0.36319   -0.34026   -0.33835   -0.33423   -0.32276   -0.31926   -0.31813   -0.31245
   0.10441    0.10850    0.11378    0.12005    0.12104    0.13522    0.13892    0.14242
   0.15141    0.15220    0.15962    0.17347    0.20132    0.20708    0.21299    0.22141
   0.22594    0.23129    0.23284    0.23560    0.24376    0.24737    0.25042    0.25784
   0.46889    0.47455
 kpt#  71, nband= 50, wtk=  0.00926, kpt=  0.3333  0.3333  0.3333 (reduced coord)
  -1.94329   -1.94313   -1.94311   -1.94310   -0.80279   -0.80272   -0.80272   -0.80010
  -0.79288   -0.79251   -0.79238   -0.79030   -0.79024   -0.78957   -0.78942   -0.78831
  -0.35875   -0.34406   -0.34289   -0.34276   -0.31802   -0.31562   -0.31551   -0.31245
   0.11410    0.11842    0.11876    0.12134    0.12895    0.14083    0.14101    0.14464
   0.14997    0.15006    0.15061    0.18295    0.19369    0.21737    0.21964    0.22013
   0.22215    0.22546    0.22550    0.22719    0.23036    0.24256    0.24330    0.25263
   0.46576    0.47401
 kpt#  72, nband= 50, wtk=  0.00926, kpt=  0.5000  0.3333  0.3333 (reduced coord)
  -1.94321   -1.94319   -1.94313   -1.94310   -0.80331   -0.80330   -0.80214   -0.80213
  -0.79249   -0.79247   -0.79043   -0.79042   -0.78950   -0.78948   -0.78907   -0.78907
  -0.35163   -0.35163   -0.34509   -0.34509   -0.31539   -0.31539   -0.31328   -0.31327
   0.12098    0.12098    0.12324    0.12324    0.13328    0.13329    0.14021    0.14021
   0.15478    0.15478    0.17105    0.17106    0.20152    0.20152    0.21345    0.21345
   0.21959    0.21960    0.22377    0.22378    0.23754    0.23755    0.24974    0.24975
   0.46587    0.46644
 kpt#  73, nband= 50, wtk=  0.00926, kpt= -0.3333  0.3333  0.3333 (reduced coord)
  -1.94329   -1.94313   -1.94311   -1.94310   -0.80279   -0.80273   -0.80272   -0.80010
  -0.79288   -0.79251   -0.79238   -0.79030   -0.79024   -0.78957   -0.78942   -0.78831
  -0.35875   -0.34406   -0.34289   -0.34276   -0.31802   -0.31562   -0.31550   -0.31245
   0.11410    0.11842    0.11876    0.12134    0.12895    0.14083    0.14101    0.14464
   0.14997    0.15007    0.15061    0.18295    0.19369    0.21737    0.21964    0.22013
   0.22215    0.22546    0.22549    0.22719    0.23036    0.24256    0.24330    0.25263
   0.46574    0.47451
 kpt#  74, nband= 50, wtk=  0.00926, kpt= -0.1667  0.3333  0.3333 (reduced coord)
  -1.94335   -1.94313   -1.94310   -1.94305   -0.80181   -0.80141   -0.80126   -0.79748
  -0.79567   -0.79340   -0.79336   -0.79104   -0.79084   -0.79008   -0.78932   -0.78857
  -0.36319   -0.34027   -0.33835   -0.33423   -0.32276   -0.31926   -0.31813   -0.31245
   0.10441    0.10850    0.11378    0.12005    0.12104    0.13522    0.13892    0.14242
   0.15141    0.15220    0.15962    0.17347    0.20132    0.20708    0.21299    0.22141
   0.22594    0.23129    0.23284    0.23560    0.24376    0.24737    0.25042    0.25784
   0.46886    0.47522
 kpt#  75, nband= 50, wtk=  0.00926, kpt=  0.0000  0.5000  0.3333 (reduced coord)
  -1.94326   -1.94323   -1.94309   -1.94306   -0.79980   -0.79980   -0.79867   -0.79867
  -0.79639   -0.79637   -0.79243   -0.79241   -0.79031   -0.79031   -0.78970   -0.78970
  -0.35049   -0.35048   -0.33349   -0.33349   -0.32360   -0.32359   -0.31693   -0.31693
   0.11127    0.11127    0.11920    0.11920    0.11953    0.11954    0.14632    0.14632
   0.14652    0.14652    0.18457    0.18458    0.19144    0.19144    0.20452    0.20452
   0.21641    0.21641    0.24571    0.24572    0.24829    0.24829    0.25744    0.25744
   0.47348    0.47431
 kpt#  76, nband= 50, wtk=  0.00926, kpt=  0.1667  0.5000  0.3333 (reduced coord)
  -1.94324   -1.94322   -1.94310   -1.94307   -0.80166   -0.80165   -0.79981   -0.79981
  -0.79476   -0.79474   -0.79108   -0.79107   -0.79013   -0.79011   -0.78975   -0.78973
  -0.35112   -0.35111   -0.33824   -0.33824   -0.31989   -0.31989   -0.31553   -0.31552
   0.11506    0.11507    0.12094    0.12094    0.12365    0.12365    0.13972    0.13973
   0.15336    0.15337    0.17349    0.17350    0.20238    0.20238    0.20571    0.20572
   0.22103    0.22104    0.23993    0.23995    0.24089    0.24091    0.25472    0.25473
   0.47149    0.47183
 kpt#  77, nband= 50, wtk=  0.00926, kpt=  0.3333  0.5000  0.3333 (reduced coord)
  -1.94322   -1.94319   -1.94313   -1.94310   -0.80331   -0.80330   -0.80214   -0.80213
  -0.79249   -0.79247   -0.79043   -0.79041   -0.78950   -0.78948   -0.78907   -0.78907
  -0.35163   -0.35163   -0.34510   -0.34509   -0.31538   -0.31538   -0.31328   -0.31327
   0.12096    0.12097    0.12325    0.12326    0.13327    0.13327    0.14019    0.14020
   0.15481    0.15481    0.17104    0.17106    0.20152    0.20152    0.21347    0.21347
   0.21960    0.21961    0.22372    0.22373    0.23756    0.23757    0.24975    0.24975
   0.46586    0.46594
 kpt#  78, nband= 50, wtk=  0.00926, kpt=  0.5000  0.5000  0.3333 (reduced coord)
  -1.94318   -1.94316   -1.94316   -1.94313   -0.80350   -0.80349   -0.80349   -0.80349
  -0.79116   -0.79114   -0.79114   -0.79113   -0.78875   -0.78875   -0.78875   -0.78875
  -0.34987   -0.34987   -0.34987   -0.34986   -0.31297   -0.31297   -0.31296   -0.31296
   0.12308    0.12308    0.12308    0.12309    0.14042    0.14042    0.14043    0.14043
   0.16506    0.16506    0.16506    0.16507    0.20587    0.20588    0.20588    0.20588
   0.21469    0.21469    0.21470    0.21470    0.24556    0.24557    0.24557    0.24558
   0.46420    0.46420
 kpt#  79, nband= 50, wtk=  0.00926, kpt= -0.3333  0.5000  0.3333 (reduced coord)
  -1.94322   -1.94319   -1.94313   -1.94310   -0.80331   -0.80330   -0.80214   -0.80213
  -0.79249   -0.79247   -0.79043   -0.79042   -0.78949   -0.78948   -0.78907   -0.78907
  -0.35163   -0.35163   -0.34510   -0.34509   -0.31538   -0.31538   -0.31328   -0.31327
   0.12096    0.12097    0.12325    0.12326    0.13327    0.13327    0.14019    0.14020
   0.15481    0.15481    0.17105    0.17105    0.20152    0.20152    0.21347    0.21347
   0.21960    0.21961    0.22372    0.22373    0.23756    0.23756    0.24974    0.24975
   0.46586    0.46611
 kpt#  80, nband= 50, wtk=  0.00926, kpt= -0.1667  0.5000  0.3333 (reduced coord)
  -1.94324   -1.94322   -1.94310   -1.94307   -0.80166   -0.80165   -0.79981   -0.79981
  -0.79476   -0.79474   -0.79109   -0.79107   -0.79013   -0.79011   -0.78975   -0.78973
  -0.35112   -0.35112   -0.33825   -0.33824   -0.31989   -0.31989   -0.31553   -0.31553
   0.11507    0.11507    0.12094    0.12094    0.12365    0.12366    0.13972    0.13973
   0.15336    0.15336    0.17349    0.17350    0.20238    0.20239    0.20571    0.20572
   0.22103    0.22104    0.23993    0.23995    0.24089    0.24090    0.25471    0.25473
   0.47147    0.47156
 kpt#  81, nband= 50, wtk=  0.00926, kpt=  0.0000 -0.3333  0.3333 (reduced coord)
  -1.94338   -1.94313   -1.94310   -1.94302   -0.80067   -0.80060   -0.79936   -0.79856
  -0.79623   -0.79432   -0.79335   -0.79113   -0.79107   -0.79081   -0.78966   -0.78861
  -0.36468   -0.33719   -0.33534   -0.32962   -0.32616   -0.32124   -0.32118   -0.31254
   0.09807    0.10741    0.11155    0.11590    0.11939    0.13165    0.13500    0.14244
   0.15137    0.15647    0.17119    0.17466    0.19227    0.20379    0.21038    0.21607
   0.22047    0.23415    0.23584    0.24295    0.24944    0.25197    0.25778    0.26248
   0.47125    0.47427
 kpt#  82, nband= 50, wtk=  0.00926, kpt=  0.1667 -0.3333  0.3333 (reduced coord)
  -1.94335   -1.94313   -1.94310   -1.94305   -0.80181   -0.80141   -0.80126   -0.79748
  -0.79567   -0.79340   -0.79336   -0.79104   -0.79084   -0.79008   -0.78932   -0.78857
  -0.36319   -0.34026   -0.33835   -0.33423   -0.32276   -0.31926   -0.31813   -0.31245
   0.10441    0.10850    0.11378    0.12005    0.12104    0.13522    0.13892    0.14242
   0.15141    0.15220    0.15962    0.17347    0.20132    0.20708    0.21299    0.22141
   0.22594    0.23129    0.23284    0.23560    0.24376    0.24737    0.25042    0.25784
   0.46887    0.47463
 kpt#  83, nband= 50, wtk=  0.00926, kpt=  0.3333 -0.3333  0.3333 (reduced coord)
  -1.94329   -1.94313   -1.94311   -1.94310   -0.80279   -0.80272   -0.80272   -0.80010
  -0.79288   -0.79251   -0.79238   -0.79030   -0.79024   -0.78957   -0.78942   -0.78831
  -0.35875   -0.34406   -0.34289   -0.34276   -0.31802   -0.31562   -0.31551   -0.31245
   0.11410    0.11842    0.11876    0.12134    0.12895    0.14083    0.14101    0.14464
   0.14997    0.15006    0.15061    0.18295    0.19369    0.21737    0.21964    0.22013
   0.22215    0.22546    0.22550    0.22719    0.23036    0.24256    0.24330    0.25263
   0.46576    0.47372
 kpt#  84, nband= 50, wtk=  0.00926, kpt=  0.5000 -0.3333  0.3333 (reduced coord)
  -1.94321   -1.94319   -1.94313   -1.94310   -0.80331   -0.80330   -0.80214   -0.80213
  -0.79249   -0.79247   -0.79043   -0.79042   -0.78950   -0.78948   -0.78907   -0.78907
  -0.35163   -0.35163   -0.34509   -0.34509   -0.31539   -0.31539   -0.31328   -0.31327
   0.12098    0.12098    0.12324    0.12324    0.13328    0.13329    0.14021    0.14021
   0.15478    0.15478    0.17105    0.17106    0.20152    0.20152    0.21345    0.21345
   0.21959    0.21960    0.22377    0.22378    0.23754    0.23755    0.24974    0.24975
   0.46589    0.46600
 kpt#  85, nband= 50, wtk=  0.00926, kpt= -0.3333 -0.3333  0.3333 (reduced coord)
  -1.94329   -1.94313   -1.94311   -1.94310   -0.80279   -0.80273   -0.80272   -0.80010
  -0.79288   -0.79251   -0.79238   -0.79030   -0.79024   -0.78957   -0.78942   -0.78831
  -0.35875   -0.34406   -0.34289   -0.34276   -0.31802   -0.31562   -0.31550   -0.31245
   0.11410    0.11842    0.11876    0.12134    0.12895    0.14083    0.14101    0.14464
   0.14997    0.15007    0.15061    0.18295    0.19369    0.21737    0.21964    0.22013
   0.22215    0.22546    0.22549    0.22719    0.23036    0.24256    0.24330    0.25263
   0.46575    0.47372
 kpt#  86, nband= 50, wtk=  0.00926, kpt= -0.1667 -0.3333  0.3333 (reduced coord)
  -1.94335   -1.94313   -1.94310   -1.94305   -0.80181   -0.80141   -0.80126   -0.79748
  -0.79567   -0.79340   -0.79336   -0.79104   -0.79084   -0.79008   -0.78932   -0.78857
  -0.36319   -0.34027   -0.33835   -0.33423   -0.32276   -0.31926   -0.31813   -0.31245
   0.10441    0.10850    0.11378    0.12005    0.12104    0.13522    0.13892    0.14242
   0.15141    0.15220    0.15962    0.17347    0.20132    0.20708    0.21299    0.22141
   0.22594    0.23129    0.23284    0.23560    0.24376    0.24737    0.25042    0.25784
   0.46888    0.47474
 kpt#  87, nband= 50, wtk=  0.00926, kpt=  0.0000 -0.1667  0.3333 (reduced coord)
  -1.94347   -1.94316   -1.94301   -1.94299   -0.80190   -0.80150   -0.80100   -0.79710
  -0.79572   -0.79401   -0.79236   -0.79213   -0.79112   -0.79039   -0.78859   -0.78815
  -0.37460   -0.33983   -0.32812   -0.32665   -0.32432   -0.32350   -0.31952   -0.30929
   0.08668    0.09078    0.10439    0.11355    0.11925    0.13368    0.13749    0.14349
   0.14467    0.14663    0.17126    0.17799    0.20182    0.20692    0.22080    0.22362
   0.22986    0.23472    0.23617    0.23888    0.25994    0.26024    0.26497    0.26609
   0.46080    0.46923
 kpt#  88, nband= 50, wtk=  0.00926, kpt=  0.1667 -0.1667  0.3333 (reduced coord)
  -1.94344   -1.94315   -1.94302   -1.94302   -0.80182   -0.80170   -0.80112   -0.79594
  -0.79578   -0.79510   -0.79201   -0.79186   -0.79182   -0.79009   -0.78869   -0.78814
  -0.37161   -0.34032   -0.32927   -0.32890   -0.32631   -0.32030   -0.31994   -0.31014
   0.09456    0.09471    0.10363    0.11741    0.11982    0.13728    0.13735    0.14473
   0.14656    0.15184    0.16471    0.16526    0.20554    0.21842    0.21890    0.21975
   0.23258    0.23270    0.23326    0.23677    0.25327    0.25751    0.25754    0.26053
   0.46453    0.46992
 kpt#  89, nband= 50, wtk=  0.00926, kpt=  0.3333 -0.1667  0.3333 (reduced coord)
  -1.94335   -1.94313   -1.94310   -1.94305   -0.80181   -0.80141   -0.80125   -0.79748
  -0.79567   -0.79340   -0.79336   -0.79104   -0.79084   -0.79008   -0.78932   -0.78857
  -0.36319   -0.34026   -0.33835   -0.33421   -0.32277   -0.31930   -0.31812   -0.31245
   0.10441    0.10850    0.11378    0.12001    0.12109    0.13527    0.13893    0.14244
   0.15140    0.15215    0.15961    0.17345    0.20136    0.20711    0.21296    0.22141
   0.22592    0.23124    0.23281    0.23566    0.24379    0.24733    0.25044    0.25783
   0.46893    0.47540
 kpt#  90, nband= 50, wtk=  0.00926, kpt=  0.5000 -0.1667  0.3333 (reduced coord)
  -1.94324   -1.94322   -1.94310   -1.94307   -0.80166   -0.80165   -0.79981   -0.79980
  -0.79476   -0.79474   -0.79109   -0.79108   -0.79013   -0.79011   -0.78975   -0.78973
  -0.35112   -0.35111   -0.33823   -0.33823   -0.31990   -0.31990   -0.31553   -0.31553
   0.11505    0.11506    0.12094    0.12094    0.12368    0.12369    0.13972    0.13973
   0.15335    0.15336    0.17347    0.17348    0.20234    0.20235    0.20573    0.20574
   0.22106    0.22107    0.23988    0.23989    0.24092    0.24094    0.25472    0.25473
   0.47156    0.47225
 kpt#  91, nband= 50, wtk=  0.00926, kpt= -0.3333 -0.1667  0.3333 (reduced coord)
  -1.94335   -1.94313   -1.94310   -1.94305   -0.80181   -0.80141   -0.80125   -0.79748
  -0.79567   -0.79340   -0.79336   -0.79104   -0.79084   -0.79008   -0.78932   -0.78857
  -0.36319   -0.34026   -0.33835   -0.33421   -0.32277   -0.31930   -0.31811   -0.31245
   0.10441    0.10850    0.11378    0.12001    0.12109    0.13527    0.13893    0.14244
   0.15140    0.15215    0.15961    0.17345    0.20135    0.20711    0.21296    0.22141
   0.22592    0.23124    0.23281    0.23566    0.24379    0.24733    0.25044    0.25783
   0.46895    0.47565
 kpt#  92, nband= 50, wtk=  0.00926, kpt= -0.1667 -0.1667  0.3333 (reduced coord)
  -1.94344   -1.94315   -1.94302   -1.94302   -0.80182   -0.80171   -0.80112   -0.79594
  -0.79578   -0.79510   -0.79201   -0.79186   -0.79182   -0.79009   -0.78869   -0.78814
  -0.37161   -0.34032   -0.32927   -0.32890   -0.32631   -0.32030   -0.31994   -0.31014
   0.09456    0.09471    0.10363    0.11741    0.11981    0.13727    0.13736    0.14473
   0.14656    0.15184    0.16471    0.16526    0.20554    0.21842    0.21890    0.21975
   0.23259    0.23271    0.23326    0.23677    0.25327    0.25751    0.25754    0.26053
   0.46453    0.46992
 kpt#  93, nband= 50, wtk=  0.00463, kpt=  0.0000  0.0000  0.5000 (reduced coord)
  -1.94334   -1.94334   -1.94298   -1.94298   -0.79929   -0.79929   -0.79929   -0.79929
  -0.79716   -0.79716   -0.79287   -0.79287   -0.78933   -0.78933   -0.78913   -0.78913
  -0.36020   -0.36019   -0.32217   -0.32217   -0.32216   -0.32216   -0.31882   -0.31882
   0.10668    0.10668    0.10720    0.10720    0.12207    0.12207    0.13143    0.13143
   0.15081    0.15081    0.17525    0.17525    0.20303    0.20303    0.20322    0.20322
   0.21815    0.21816    0.24876    0.24876    0.26908    0.26908    0.26965    0.26965
   0.46878    0.47018
 kpt#  94, nband= 50, wtk=  0.00926, kpt=  0.1667  0.0000  0.5000 (reduced coord)
  -1.94332   -1.94332   -1.94300   -1.94300   -0.79955   -0.79955   -0.79864   -0.79864
  -0.79765   -0.79765   -0.79222   -0.79222   -0.78999   -0.78998   -0.78909   -0.78908
  -0.35791   -0.35791   -0.32502   -0.32502   -0.32190   -0.32190   -0.31900   -0.31900
   0.10852    0.10852    0.11382    0.11382    0.12172    0.12172    0.12867    0.12867
   0.15818    0.15818    0.18068    0.18069    0.18982    0.18982    0.19900    0.19900
   0.23025    0.23025    0.24104    0.24104    0.26349    0.26349    0.26415    0.26415
   0.47138    0.47138
 kpt#  95, nband= 50, wtk=  0.00926, kpt=  0.3333  0.0000  0.5000 (reduced coord)
  -1.94325   -1.94325   -1.94307   -1.94306   -0.79983   -0.79983   -0.79868   -0.79868
  -0.79685   -0.79685   -0.79185   -0.79185   -0.79090   -0.79090   -0.78914   -0.78914
  -0.35149   -0.35148   -0.33259   -0.33258   -0.32120   -0.32119   -0.31951   -0.31951
   0.11160    0.11160    0.11867    0.11867    0.13011    0.13011    0.13094    0.13094
   0.16961    0.16961    0.17601    0.17601    0.18981    0.18982    0.19631    0.19631
   0.21738    0.21738    0.24078    0.24078    0.24944    0.24944    0.25816    0.25816
   0.47363    0.47498
 kpt#  96, nband= 50, wtk=  0.00463, kpt=  0.5000  0.0000  0.5000 (reduced coord)
  -1.94318   -1.94316   -1.94316   -1.94313   -0.79956   -0.79956   -0.79954   -0.79954
  -0.79439   -0.79438   -0.79438   -0.79436   -0.78974   -0.78974   -0.78973   -0.78972
  -0.34232   -0.34231   -0.34231   -0.34231   -0.32032   -0.32032   -0.32032   -0.32031
   0.11499    0.11499    0.11499    0.11500    0.13681    0.13682    0.13683    0.13684
   0.17758    0.17759    0.17760    0.17760    0.18693    0.18693    0.18693    0.18694
   0.22217    0.22217    0.22218    0.22218    0.25296    0.25296    0.25297    0.25297
   0.47386    0.47388
 kpt#  97, nband= 50, wtk=  0.00926, kpt=  0.0000  0.1667  0.5000 (reduced coord)
  -1.94332   -1.94332   -1.94300   -1.94300   -0.79956   -0.79956   -0.79863   -0.79863
  -0.79765   -0.79765   -0.79222   -0.79222   -0.78998   -0.78998   -0.78909   -0.78909
  -0.35791   -0.35791   -0.32506   -0.32506   -0.32186   -0.32186   -0.31900   -0.31900
   0.10851    0.10851    0.11383    0.11383    0.12172    0.12172    0.12867    0.12867
   0.15815    0.15815    0.18071    0.18071    0.18976    0.18976    0.19908    0.19908
   0.23022    0.23022    0.24105    0.24105    0.26349    0.26349    0.26414    0.26414
   0.47136    0.47136
 kpt#  98, nband= 50, wtk=  0.00926, kpt=  0.1667  0.1667  0.5000 (reduced coord)
  -1.94330   -1.94330   -1.94302   -1.94302   -0.80087   -0.80087   -0.79897   -0.79776
  -0.79682   -0.79682   -0.79181   -0.79181   -0.79088   -0.78943   -0.78920   -0.78902
  -0.35667   -0.35607   -0.32958   -0.32958   -0.31958   -0.31957   -0.31927   -0.31815
   0.11122    0.11123    0.11931    0.11933    0.12058    0.12328    0.12516    0.13247
   0.15496    0.17045    0.17502    0.17503    0.18416    0.18459    0.20919    0.20920
   0.23042    0.23044    0.23234    0.24215    0.25527    0.25707    0.25709    0.26022
   0.46798    0.47841
 kpt#  99, nband= 50, wtk=  0.00926, kpt=  0.3333  0.1667  0.5000 (reduced coord)
  -1.94324   -1.94324   -1.94308   -1.94308   -0.80190   -0.80131   -0.80068   -0.79915
  -0.79501   -0.79420   -0.79202   -0.79088   -0.79068   -0.79022   -0.78920   -0.78901
  -0.35240   -0.35140   -0.33740   -0.33677   -0.31893   -0.31839   -0.31756   -0.31720
   0.11426    0.11740    0.12065    0.12070    0.12922    0.13013    0.13323    0.13914
   0.15750    0.16150    0.16593    0.18357    0.19489    0.19563    0.20336    0.20858
   0.21226    0.22657    0.23592    0.23601    0.24130    0.24564    0.24700    0.25607
   0.46829    0.47995
 kpt# 100, nband= 50, wtk=  0.00926, kpt=  0.5000  0.1667  0.5000 (reduced coord)
  -1.94318   -1.94316   -1.94316   -1.94313   -0.80182   -0.80181   -0.80063   -0.80062
  -0.79344   -0.79343   -0.79187   -0.79186   -0.78987   -0.78985   -0.78955   -0.78953
  -0.34559   -0.34559   -0.34456   -0.34455   -0.31842   -0.31842   -0.31684   -0.31684
   0.11791    0.11792    0.12032    0.12032    0.13412    0.13413    0.13905    0.13907
   0.16575    0.16576    0.17296    0.17297    0.19779    0.19779    0.20347    0.20347
   0.21805    0.21806    0.21960    0.21961    0.24359    0.24360    0.25201    0.25202
   0.47117    0.47601
 kpt# 101, nband= 50, wtk=  0.00926, kpt= -0.3333  0.1667  0.5000 (reduced coord)
  -1.94324   -1.94324   -1.94308   -1.94308   -0.80190   -0.80131   -0.80068   -0.79915
  -0.79501   -0.79420   -0.79202   -0.79088   -0.79068   -0.79022   -0.78920   -0.78901
  -0.35240   -0.35140   -0.33740   -0.33677   -0.31893   -0.31839   -0.31756   -0.31720
   0.11426    0.11740    0.12065    0.12070    0.12922    0.13013    0.13323    0.13914
   0.15750    0.16150    0.16593    0.18357    0.19489    0.19563    0.20336    0.20858
   0.21226    0.22657    0.23592    0.23601    0.24130    0.24564    0.24700    0.25607
   0.46828    0.47899
 kpt# 102, nband= 50, wtk=  0.00926, kpt= -0.1667  0.1667  0.5000 (reduced coord)
  -1.94330   -1.94330   -1.94302   -1.94302   -0.80087   -0.80087   -0.79897   -0.79776
  -0.79682   -0.79682   -0.79181   -0.79181   -0.79088   -0.78943   -0.78920   -0.78902
  -0.35667   -0.35607   -0.32958   -0.32958   -0.31958   -0.31957   -0.31927   -0.31815
   0.11122    0.11123    0.11931    0.11933    0.12058    0.12328    0.12516    0.13247
   0.15496    0.17045    0.17502    0.17503    0.18416    0.18459    0.20919    0.20920
   0.23042    0.23044    0.23234    0.24215    0.25527    0.25707    0.25709    0.26022
   0.46798    0.47873
 kpt# 103, nband= 50, wtk=  0.00926, kpt=  0.0000  0.3333  0.5000 (reduced coord)
  -1.94325   -1.94325   -1.94307   -1.94306   -0.79984   -0.79984   -0.79868   -0.79868
  -0.79685   -0.79685   -0.79185   -0.79185   -0.79090   -0.79090   -0.78914   -0.78914
  -0.35150   -0.35149   -0.33261   -0.33261   -0.32117   -0.32116   -0.31950   -0.31950
   0.11159    0.11159    0.11866    0.11867    0.13010    0.13011    0.13094    0.13094
   0.16957    0.16957    0.17601    0.17601    0.18984    0.18984    0.19636    0.19637
   0.21740    0.21740    0.24077    0.24077    0.24944    0.24944    0.25815    0.25815
   0.47362    0.47467
 kpt# 104, nband= 50, wtk=  0.00926, kpt=  0.1667  0.3333  0.5000 (reduced coord)
  -1.94324   -1.94324   -1.94308   -1.94308   -0.80190   -0.80132   -0.80068   -0.79915
  -0.79501   -0.79420   -0.79202   -0.79088   -0.79068   -0.79022   -0.78920   -0.78901
  -0.35240   -0.35140   -0.33741   -0.33678   -0.31892   -0.31838   -0.31754   -0.31720
   0.11424    0.11740    0.12064    0.12069    0.12920    0.13014    0.13323    0.13916
   0.15750    0.16148    0.16595    0.18346    0.19501    0.19565    0.20338    0.20858
   0.21226    0.22658    0.23594    0.23595    0.24137    0.24559    0.24699    0.25606
   0.46826    0.47962
 kpt# 105, nband= 50, wtk=  0.00926, kpt=  0.3333  0.3333  0.5000 (reduced coord)
  -1.94321   -1.94320   -1.94311   -1.94311   -0.80325   -0.80325   -0.80279   -0.80137
  -0.79187   -0.79186   -0.79134   -0.79032   -0.79032   -0.78971   -0.78892   -0.78882
  -0.35245   -0.35126   -0.34413   -0.34413   -0.31627   -0.31437   -0.31436   -0.31415
   0.12335    0.12337    0.12444    0.12446    0.13217    0.13530    0.13862    0.13867
   0.15564    0.15567    0.16254    0.19037    0.19475    0.19580    0.21513    0.21941
   0.21948    0.22245    0.22247    0.22848    0.23145    0.23499    0.23505    0.24784
   0.46834    0.47125
 kpt# 106, nband= 50, wtk=  0.00926, kpt=  0.5000  0.3333  0.5000 (reduced coord)
  -1.94318   -1.94316   -1.94316   -1.94313   -0.80380   -0.80379   -0.80304   -0.80303
  -0.79125   -0.79125   -0.79005   -0.79003   -0.78954   -0.78954   -0.78915   -0.78914
  -0.34981   -0.34981   -0.34907   -0.34907   -0.31410   -0.31410   -0.31282   -0.31282
   0.12592    0.12593    0.12913    0.12914    0.13304    0.13305    0.13671    0.13671
   0.16399    0.16399    0.17250    0.17250    0.20473    0.20473    0.20501    0.20502
   0.21964    0.21964    0.22339    0.22340    0.22808    0.22809    0.24366    0.24367
   0.46775    0.46799
 kpt# 107, nband= 50, wtk=  0.00926, kpt= -0.3333  0.3333  0.5000 (reduced coord)
  -1.94321   -1.94320   -1.94311   -1.94311   -0.80325   -0.80325   -0.80279   -0.80137
  -0.79187   -0.79186   -0.79134   -0.79032   -0.79032   -0.78971   -0.78892   -0.78882
  -0.35245   -0.35126   -0.34413   -0.34413   -0.31627   -0.31437   -0.31436   -0.31415
   0.12335    0.12337    0.12444    0.12446    0.13217    0.13530    0.13862    0.13867
   0.15564    0.15567    0.16254    0.19037    0.19475    0.19580    0.21513    0.21941
   0.21948    0.22245    0.22247    0.22848    0.23145    0.23499    0.23505    0.24784
   0.46830    0.47119
 kpt# 108, nband= 50, wtk=  0.00926, kpt= -0.1667  0.3333  0.5000 (reduced coord)
  -1.94324   -1.94324   -1.94308   -1.94308   -0.80190   -0.80132   -0.80068   -0.79915
  -0.79501   -0.79420   -0.79202   -0.79088   -0.79068   -0.79022   -0.78920   -0.78901
  -0.35240   -0.35140   -0.33741   -0.33678   -0.31892   -0.31838   -0.31754   -0.31720
   0.11424    0.11740    0.12064    0.12069    0.12920    0.13014    0.13323    0.13916
   0.15750    0.16148    0.16595    0.18346    0.19501    0.19565    0.20338    0.20858
   0.21226    0.22658    0.23594    0.23595    0.24137    0.24559    0.24699    0.25606
   0.46825    0.47959
 kpt# 109, nband= 50, wtk=  0.00463, kpt=  0.0000  0.5000  0.5000 (reduced coord)
  -1.94318   -1.94316   -1.94316   -1.94313   -0.79956   -0.79956   -0.79955   -0.79955
  -0.79439   -0.79437   -0.79437   -0.79435   -0.78974   -0.78974   -0.78973   -0.78972
  -0.34233   -0.34233   -0.34233   -0.34233   -0.32030   -0.32030   -0.32030   -0.32029
   0.11498    0.11498    0.11499    0.11499    0.13679    0.13679    0.13681    0.13681
   0.17760    0.17760    0.17762    0.17762    0.18693    0.18694    0.18694    0.18694
   0.22219    0.22220    0.22220    0.22220    0.25294    0.25295    0.25296    0.25296
   0.47385    0.47387
 kpt# 110, nband= 50, wtk=  0.00926, kpt=  0.1667  0.5000  0.5000 (reduced coord)
  -1.94318   -1.94316   -1.94316   -1.94313   -0.80182   -0.80181   -0.80063   -0.80062
  -0.79344   -0.79343   -0.79187   -0.79185   -0.78987   -0.78985   -0.78955   -0.78953
  -0.34560   -0.34560   -0.34457   -0.34456   -0.31841   -0.31841   -0.31683   -0.31683
   0.11790    0.11790    0.12031    0.12032    0.13410    0.13412    0.13905    0.13907
   0.16575    0.16576    0.17297    0.17297    0.19776    0.19776    0.20350    0.20351
   0.21806    0.21806    0.21965    0.21965    0.24358    0.24359    0.25200    0.25201
   0.47110    0.47178
 kpt# 111, nband= 50, wtk=  0.00926, kpt=  0.3333  0.5000  0.5000 (reduced coord)
  -1.94318   -1.94316   -1.94316   -1.94313   -0.80380   -0.80379   -0.80304   -0.80303
  -0.79125   -0.79125   -0.79004   -0.79003   -0.78954   -0.78954   -0.78915   -0.78914
  -0.34981   -0.34981   -0.34908   -0.34907   -0.31410   -0.31410   -0.31282   -0.31282
   0.12590    0.12591    0.12913    0.12914    0.13303    0.13304    0.13674    0.13675
   0.16399    0.16399    0.17248    0.17249    0.20470    0.20471    0.20504    0.20505
   0.21964    0.21965    0.22344    0.22345    0.22807    0.22807    0.24364    0.24365
   0.46770    0.46775
 kpt# 112, nband= 50, wtk=  0.00463, kpt=  0.5000  0.5000  0.5000 (reduced coord)
  -1.94318   -1.94316   -1.94316   -1.94313   -0.80427   -0.80426   -0.80426   -0.80426
  -0.79033   -0.79031   -0.79031   -0.79030   -0.78875   -0.78875   -0.78875   -0.78875
  -0.35130   -0.35130   -0.35129   -0.35129   -0.31174   -0.31174   -0.31173   -0.31173
   0.12942    0.12942    0.12942    0.12942    0.13663    0.13663    0.13663    0.13663
   0.17043    0.17043    0.17043    0.17044    0.20009    0.20009    0.20009    0.20010
   0.22093    0.22094    0.22094    0.22095    0.23530    0.23531    0.23531    0.23532
   0.46622    0.46624
