 Fermi (or HOMO) energy (hartree) =   0.27653   Average Vxc (hartree)=  -0.44593
 Eigenvalues (hartree) for nkpt= 112  k points:
 kpt#   1, nband= 50, wtk=  0.00463, kpt=  0.0000  0.0000  0.0000 (reduced coord)
  -1.94296   -1.94229   -1.94226   -1.94225   -0.80499   -0.80487   -0.80460   -0.79368
  -0.79277   -0.79240   -0.79161   -0.79145   -0.79115   -0.78796   -0.78660   -0.78656
  -0.39524   -0.33817   -0.33019   -0.32870   -0.31886   -0.31670   -0.31545   -0.29901
   0.06071    0.06110    0.07233    0.09608    0.10342    0.10458    0.15973    0.16343
   0.16657    0.17015    0.17183    0.17185    0.21692    0.22294    0.22443    0.22957
   0.24278    0.25116    0.25244    0.25401    0.25512    0.26561    0.26971    0.27518
   0.44642    0.44721
 kpt#   2, nband= 50, wtk=  0.00926, kpt=  0.1667  0.0000  0.0000 (reduced coord)
  -1.94291   -1.94231   -1.94229   -1.94226   -0.80402   -0.80387   -0.80385   -0.79374
  -0.79346   -0.79244   -0.79187   -0.79142   -0.79129   -0.78820   -0.78795   -0.78696
  -0.39049   -0.33675   -0.32969   -0.32718   -0.32129   -0.31951   -0.31773   -0.30107
   0.06673    0.07077    0.07167    0.09845    0.10437    0.12090    0.14934    0.15233
   0.16055    0.16146    0.17175    0.17602    0.21253    0.21978    0.21987    0.22894
   0.24722    0.24857    0.25084    0.25439    0.25681    0.25955    0.27047    0.27551
   0.45298    0.45599
 kpt#   3, nband= 50, wtk=  0.00926, kpt=  0.3333  0.0000  0.0000 (reduced coord)
  -1.94278   -1.94243   -1.94229   -1.94226   -0.80178   -0.80168   -0.80074   -0.79597
  -0.79503   -0.79292   -0.79170   -0.79158   -0.79084   -0.79081   -0.78892   -0.78800
  -0.37719   -0.33833   -0.33294   -0.32642   -0.32479   -0.32134   -0.31878   -0.30657
   0.07826    0.08263    0.09904    0.10546    0.11298    0.12428    0.13405    0.13616
   0.14451    0.15398    0.18159    0.18394    0.18428    0.20606    0.20790    0.22982
   0.23457    0.23743    0.25412    0.25594    0.26488    0.26791    0.27018    0.27642
   0.46773    0.47255
 kpt#   4, nband= 50, wtk=  0.00463, kpt=  0.5000  0.0000  0.0000 (reduced coord)
  -1.94262   -1.94260   -1.94229   -1.94226   -0.79892   -0.79891   -0.79841   -0.79840
  -0.79629   -0.79627   -0.79229   -0.79227   -0.78993   -0.78991   -0.78941   -0.78940
  -0.35826   -0.35826   -0.32805   -0.32805   -0.32392   -0.32392   -0.31359   -0.31359
   0.09443    0.09443    0.11059    0.11059    0.11747    0.11748    0.12723    0.12723
   0.13964    0.13964    0.18816    0.18817    0.19473    0.19474    0.19946    0.19948
   0.23544    0.23545    0.25730    0.25731    0.26872    0.26873    0.27496    0.27496
   0.47982    0.48297
 kpt#   5, nband= 50, wtk=  0.00926, kpt=  0.0000  0.1667  0.0000 (reduced coord)
  -1.94291   -1.94231   -1.94228   -1.94226   -0.80413   -0.80386   -0.80376   -0.79424
  -0.79268   -0.79242   -0.79210   -0.79147   -0.79128   -0.78824   -0.78796   -0.78694
  -0.39052   -0.33661   -0.32827   -0.32796   -0.32276   -0.31945   -0.31692   -0.30129
   0.06650    0.07091    0.07135    0.09847    0.10637    0.11942    0.15119    0.15184
   0.16010    0.16219    0.17259    0.17437    0.21280    0.21781    0.22123    0.23807
   0.23933    0.23969    0.24829    0.25753    0.26081    0.26524    0.26748    0.27553
   0.45077    0.45436
 kpt#   6, nband= 50, wtk=  0.00926, kpt=  0.1667  0.1667  0.0000 (reduced coord)
  -1.94287   -1.94231   -1.94231   -1.94228   -0.80324   -0.80315   -0.80314   -0.79390
  -0.79380   -0.79342   -0.79169   -0.79130   -0.79081   -0.78966   -0.78855   -0.78676
  -0.38617   -0.33579   -0.32835   -0.32745   -0.32250   -0.32187   -0.31992   -0.30306
   0.07300    0.07609    0.07613    0.10017    0.10901    0.13095    0.14383    0.14411
   0.15821    0.16432    0.16467    0.17355    0.20920    0.21700    0.22102    0.22250
   0.24060    0.24808    0.24950    0.24998    0.25861    0.26180    0.26852    0.27567
   0.45477    0.46283
 kpt#   7, nband= 50, wtk=  0.00926, kpt=  0.3333  0.1667  0.0000 (reduced coord)
  -1.94275   -1.94242   -1.94231   -1.94228   -0.80143   -0.80117   -0.80076   -0.79624
  -0.79547   -0.79303   -0.79297   -0.79090   -0.79082   -0.79050   -0.78931   -0.78749
  -0.37399   -0.33835   -0.33361   -0.32817   -0.32488   -0.32123   -0.31960   -0.30778
   0.08166    0.09058    0.10228    0.10555    0.11747    0.12383    0.13151    0.13809
   0.14820    0.16022    0.17432    0.18093    0.18718    0.20208    0.20528    0.22677
   0.23204    0.23471    0.24663    0.25158    0.26397    0.26775    0.26780    0.27607
   0.46363    0.47496
 kpt#   8, nband= 50, wtk=  0.00926, kpt=  0.5000  0.1667  0.0000 (reduced coord)
  -1.94260   -1.94257   -1.94231   -1.94228   -0.79897   -0.79896   -0.79861   -0.79860
  -0.79681   -0.79679   -0.79179   -0.79178   -0.79013   -0.79011   -0.78893   -0.78892
  -0.35664   -0.35663   -0.33073   -0.33073   -0.32311   -0.32310   -0.31395   -0.31394
   0.09841    0.09841    0.11415    0.11416    0.11481    0.11482    0.13135    0.13136
   0.14585    0.14585    0.18737    0.18738    0.18769    0.18770    0.20144    0.20145
   0.23122    0.23123    0.25073    0.25074    0.26624    0.26625    0.27428    0.27428
   0.47221    0.47278
 kpt#   9, nband= 50, wtk=  0.00926, kpt= -0.3333  0.1667  0.0000 (reduced coord)
  -1.94275   -1.94242   -1.94231   -1.94228   -0.80143   -0.80117   -0.80076   -0.79624
  -0.79547   -0.79303   -0.79297   -0.79090   -0.79082   -0.79050   -0.78931   -0.78749
  -0.37399   -0.33835   -0.33361   -0.32817   -0.32488   -0.32123   -0.31960   -0.30778
   0.08166    0.09058    0.10228    0.10555    0.11747    0.12383    0.13151    0.13809
   0.14820    0.16022    0.17432    0.18093    0.18718    0.20208    0.20528    0.22677
   0.23204    0.23471    0.24663    0.25158    0.26397    0.26775    0.26780    0.27607
   0.46363    0.47491
 kpt#  10, nband= 50, wtk=  0.00926, kpt= -0.1667  0.1667  0.0000 (reduced coord)
  -1.94287   -1.94231   -1.94231   -1.94228   -0.80324   -0.80315   -0.80314   -0.79390
  -0.79380   -0.79342   -0.79169   -0.79130   -0.79081   -0.78966   -0.78855   -0.78676
  -0.38617   -0.33579   -0.32835   -0.32745   -0.32250   -0.32187   -0.31992   -0.30306
   0.07300    0.07609    0.07613    0.10017    0.10901    0.13095    0.14383    0.14411
   0.15821    0.16432    0.16467    0.17355    0.20920    0.21700    0.22102    0.22250
   0.24060    0.24808    0.24950    0.24998    0.25861    0.26180    0.26852    0.27567
   0.45477    0.46291
 kpt#  11, nband= 50, wtk=  0.00926, kpt=  0.0000  0.3333  0.0000 (reduced coord)
  -1.94278   -1.94244   -1.94228   -1.94226   -0.80182   -0.80174   -0.80065   -0.79619
  -0.79500   -0.79243   -0.79162   -0.79156   -0.79128   -0.79066   -0.78904   -0.78797
  -0.37733   -0.33850   -0.33235   -0.32601   -0.32293   -0.32110   -0.32099   -0.30738
   0.07790    0.08262    0.09864    0.10562    0.11509    0.12497    0.13431    0.13645
   0.14512    0.15457    0.18190    0.18269    0.18309    0.20650    0.21133    0.22840
   0.22984    0.23507    0.25235    0.26258    0.26440    0.26683    0.27012    0.27653
   0.45937    0.46774
 kpt#  12, nband= 50, wtk=  0.00926, kpt=  0.1667  0.3333  0.0000 (reduced coord)
  -1.94275   -1.94243   -1.94230   -1.94229   -0.80149   -0.80120   -0.80070   -0.79623
  -0.79566   -0.79301   -0.79255   -0.79119   -0.79078   -0.79037   -0.78944   -0.78747
  -0.37409   -0.33866   -0.33320   -0.32706   -0.32432   -0.32106   -0.32102   -0.30834
   0.08152    0.09111    0.10157    0.10565    0.11870    0.12359    0.13218    0.13842
   0.14874    0.16108    0.17489    0.17908    0.18622    0.20399    0.20603    0.22635
   0.22935    0.23083    0.25112    0.25167    0.26202    0.26681    0.26970    0.27614
   0.45863    0.46552
 kpt#  13, nband= 50, wtk=  0.00926, kpt=  0.3333  0.3333  0.0000 (reduced coord)
  -1.94265   -1.94240   -1.94240   -1.94232   -0.80055   -0.80052   -0.79957   -0.79819
  -0.79559   -0.79430   -0.79417   -0.79090   -0.78985   -0.78973   -0.78955   -0.78737
  -0.36502   -0.33847   -0.33800   -0.33521   -0.32098   -0.32096   -0.32026   -0.31116
   0.09158    0.10677    0.10786    0.10971    0.12556    0.12742    0.12819    0.13888
   0.15872    0.15881    0.17630    0.18079    0.18543    0.18894    0.20598    0.20786
   0.21370    0.23403    0.23542    0.24007    0.26616    0.26744    0.26866    0.27508
   0.45767    0.46309
 kpt#  14, nband= 50, wtk=  0.00926, kpt=  0.5000  0.3333  0.0000 (reduced coord)
  -1.94254   -1.94251   -1.94237   -1.94235   -0.79973   -0.79972   -0.79898   -0.79897
  -0.79635   -0.79633   -0.79257   -0.79255   -0.78933   -0.78932   -0.78829   -0.78828
  -0.35197   -0.35197   -0.33726   -0.33725   -0.32093   -0.32093   -0.31544   -0.31544
   0.10416    0.10416    0.10991    0.10992    0.13068    0.13069    0.14251    0.14251
   0.15560    0.15561    0.17218    0.17219    0.18630    0.18630    0.20789    0.20790
   0.21071    0.21072    0.23573    0.23573    0.26719    0.26719    0.27272    0.27272
   0.46067    0.46174
 kpt#  15, nband= 50, wtk=  0.00926, kpt= -0.3333  0.3333  0.0000 (reduced coord)
  -1.94265   -1.94240   -1.94240   -1.94232   -0.80055   -0.80052   -0.79957   -0.79819
  -0.79559   -0.79430   -0.79417   -0.79090   -0.78985   -0.78973   -0.78955   -0.78737
  -0.36502   -0.33847   -0.33800   -0.33521   -0.32098   -0.32096   -0.32026   -0.31116
   0.09158    0.10677    0.10786    0.10971    0.12556    0.12742    0.12819    0.13888
   0.15872    0.15881    0.17630    0.18079    0.18543    0.18894    0.20598    0.20786
   0.21370    0.23403    0.23542    0.24007    0.26616    0.26744    0.26866    0.27508
   0.45768    0.46305
 kpt#  16, nband= 50, wtk=  0.00926, kpt= -0.1667  0.3333  0.0000 (reduced coord)
  -1.94275   -1.94243   -1.94230   -1.94229   -0.80149   -0.80120   -0.80070   -0.79623
  -0.79566   -0.79301   -0.79255   -0.79119   -0.79078   -0.79037   -0.78944   -0.78747
  -0.37409   -0.33866   -0.33320   -0.32706   -0.32432   -0.32106   -0.32102   -0.30834
   0.08152    0.09111    0.10157    0.10565    0.11870    0.12359    0.13218    0.13842
   0.14874    0.16108    0.17489    0.17908    0.18622    0.20399    0.20603    0.22635
   0.22935    0.23083    0.25112    0.25167    0.26202    0.26681    0.26970    0.27614
   0.45863    0.46545
 kpt#  17, nband= 50, wtk=  0.00463, kpt=  0.0000  0.5000  0.0000 (reduced coord)
  -1.94262   -1.94260   -1.94228   -1.94227   -0.79902   -0.79901   -0.79843   -0.79842
  -0.79624   -0.79623   -0.79205   -0.79204   -0.79015   -0.79015   -0.78935   -0.78934
  -0.35852   -0.35852   -0.32662   -0.32662   -0.32348   -0.32347   -0.31535   -0.31535
   0.09402    0.09403    0.11161    0.11161    0.11775    0.11776    0.12873    0.12874
   0.13864    0.13865    0.19284    0.19285    0.19347    0.19348    0.19706    0.19706
   0.23137    0.23137    0.26148    0.26148    0.26576    0.26577    0.27572    0.27572
   0.46467    0.46468
 kpt#  18, nband= 50, wtk=  0.00926, kpt=  0.1667  0.5000  0.0000 (reduced coord)
  -1.94259   -1.94258   -1.94230   -1.94229   -0.79898   -0.79898   -0.79870   -0.79869
  -0.79676   -0.79675   -0.79147   -0.79146   -0.79044   -0.79043   -0.78887   -0.78887
  -0.35687   -0.35687   -0.32976   -0.32976   -0.32270   -0.32270   -0.31519   -0.31519
   0.09880    0.09880    0.11400    0.11400    0.11481    0.11481    0.13253    0.13253
   0.14543    0.14544    0.18924    0.18925    0.18950    0.18950    0.19848    0.19849
   0.22810    0.22810    0.25318    0.25318    0.26482    0.26482    0.27490    0.27491
   0.46220    0.46435
 kpt#  19, nband= 50, wtk=  0.00926, kpt=  0.3333  0.5000  0.0000 (reduced coord)
  -1.94253   -1.94252   -1.94236   -1.94235   -0.79973   -0.79973   -0.79900   -0.79899
  -0.79636   -0.79635   -0.79248   -0.79247   -0.78941   -0.78941   -0.78825   -0.78825
  -0.35214   -0.35214   -0.33690   -0.33690   -0.32065   -0.32065   -0.31595   -0.31595
   0.10492    0.10492    0.10956    0.10956    0.13016    0.13016    0.14237    0.14238
   0.15543    0.15544    0.17362    0.17362    0.18820    0.18821    0.20635    0.20636
   0.20822    0.20823    0.23724    0.23725    0.26654    0.26654    0.27300    0.27300
   0.45655    0.45703
 kpt#  20, nband= 50, wtk=  0.00463, kpt=  0.5000  0.5000  0.0000 (reduced coord)
  -1.94246   -1.94245   -1.94244   -1.94242   -0.79975   -0.79975   -0.79975   -0.79974
  -0.79449   -0.79449   -0.79448   -0.79447   -0.78839   -0.78839   -0.78839   -0.78839
  -0.34505   -0.34505   -0.34505   -0.34505   -0.31806   -0.31806   -0.31806   -0.31805
   0.10729    0.10729    0.10729    0.10729    0.15189    0.15189    0.15190    0.15190
   0.15681    0.15681    0.15681    0.15681    0.18966    0.18967    0.18967    0.18968
   0.21981    0.21981    0.21981    0.21982    0.27012    0.27012    0.27012    0.27013
   0.45593    0.45593
 kpt#  21, nband= 50, wtk=  0.00926, kpt=  0.0000  0.0000  0.1667 (reduced coord)
  -1.94291   -1.94234   -1.94226   -1.94226   -0.80420   -0.80409   -0.80360   -0.79423
  -0.79361   -0.79242   -0.79192   -0.79125   -0.79084   -0.78907   -0.78690   -0.78688
  -0.39078   -0.33584   -0.32914   -0.32782   -0.32512   -0.31746   -0.31639   -0.30175
   0.06638    0.06666    0.08231    0.10042    0.10589    0.11253    0.15478    0.15762
   0.16093    0.16250    0.16849    0.17131    0.21888    0.22444    0.22503    0.23170
   0.23747    0.23763    0.24587    0.25820    0.25858    0.26012    0.26657    0.26807
   0.45034    0.45217
 kpt#  22, nband= 50, wtk=  0.00926, kpt=  0.1667  0.0000  0.1667 (reduced coord)
  -1.94287   -1.94233   -1.94230   -1.94226   -0.80333   -0.80322   -0.80303   -0.79481
  -0.79364   -0.79221   -0.79208   -0.79144   -0.79106   -0.78991   -0.78736   -0.78731
  -0.38635   -0.33463   -0.32915   -0.32650   -0.32529   -0.32182   -0.31828   -0.30354
   0.07186    0.07607    0.08093    0.10272    0.10813    0.12665    0.14782    0.15362
   0.15364    0.15940    0.16612    0.16847    0.21586    0.21798    0.22661    0.22776
   0.23975    0.24013    0.24683    0.25063    0.25729    0.26115    0.26197    0.26815
   0.45786    0.45836
 kpt#  23, nband= 50, wtk=  0.00926, kpt=  0.3333  0.0000  0.1667 (reduced coord)
  -1.94275   -1.94242   -1.94232   -1.94228   -0.80144   -0.80113   -0.80059   -0.79675
  -0.79473   -0.79298   -0.79275   -0.79115   -0.79114   -0.79066   -0.78844   -0.78835
  -0.37395   -0.33767   -0.33149   -0.32760   -0.32568   -0.32410   -0.31911   -0.30835
   0.08626    0.08681    0.10237    0.10914    0.11457    0.12791    0.13602    0.13980
   0.14132    0.15733    0.17120    0.17793    0.19275    0.20185    0.21079    0.22973
   0.23711    0.24089    0.24484    0.24677    0.25744    0.26358    0.26548    0.26685
   0.47016    0.47286
 kpt#  24, nband= 50, wtk=  0.00926, kpt=  0.5000  0.0000  0.1667 (reduced coord)
  -1.94260   -1.94257   -1.94231   -1.94228   -0.79930   -0.79929   -0.79791   -0.79790
  -0.79681   -0.79679   -0.79181   -0.79180   -0.78985   -0.78983   -0.78960   -0.78959
  -0.35629   -0.35629   -0.32814   -0.32813   -0.32561   -0.32560   -0.31453   -0.31453
   0.10059    0.10060    0.10996    0.10997    0.12383    0.12384    0.12626    0.12626
   0.14384    0.14384    0.18594    0.18595    0.19287    0.19287    0.20005    0.20007
   0.23892    0.23893    0.24767    0.24767    0.26278    0.26279    0.26674    0.26674
   0.47796    0.47944
 kpt#  25, nband= 50, wtk=  0.00926, kpt= -0.3333  0.0000  0.1667 (reduced coord)
  -1.94275   -1.94242   -1.94232   -1.94228   -0.80144   -0.80113   -0.80059   -0.79675
  -0.79473   -0.79298   -0.79275   -0.79115   -0.79113   -0.79066   -0.78844   -0.78835
  -0.37395   -0.33767   -0.33150   -0.32759   -0.32567   -0.32410   -0.31911   -0.30835
   0.08625    0.08681    0.10237    0.10914    0.11457    0.12791    0.13602    0.13980
   0.14132    0.15733    0.17120    0.17793    0.19275    0.20185    0.21078    0.22973
   0.23711    0.24089    0.24484    0.24677    0.25743    0.26358    0.26549    0.26685
   0.47003    0.47427
 kpt#  26, nband= 50, wtk=  0.00926, kpt= -0.1667  0.0000  0.1667 (reduced coord)
  -1.94287   -1.94233   -1.94230   -1.94226   -0.80333   -0.80322   -0.80303   -0.79481
  -0.79364   -0.79221   -0.79208   -0.79144   -0.79106   -0.78991   -0.78736   -0.78731
  -0.38635   -0.33463   -0.32915   -0.32650   -0.32529   -0.32182   -0.31829   -0.30354
   0.07186    0.07607    0.08093    0.10272    0.10813    0.12665    0.14781    0.15362
   0.15364    0.15940    0.16612    0.16848    0.21586    0.21798    0.22661    0.22776
   0.23975    0.24013    0.24683    0.25063    0.25728    0.26115    0.26197    0.26815
   0.45786    0.45836
 kpt#  27, nband= 50, wtk=  0.00926, kpt=  0.0000  0.1667  0.1667 (reduced coord)
  -1.94287   -1.94233   -1.94230   -1.94226   -0.80341   -0.80313   -0.80303   -0.79502
  -0.79336   -0.79220   -0.79207   -0.79153   -0.79094   -0.79005   -0.78736   -0.78729
  -0.38638   -0.33446   -0.32840   -0.32666   -0.32531   -0.32320   -0.31751   -0.30368
   0.07179    0.07609    0.08065    0.10372    0.10832    0.12608    0.15037    0.15265
   0.15588    0.15691    0.16343    0.16997    0.21429    0.22056    0.22652    0.23340
   0.23360    0.23675    0.24623    0.25297    0.25378    0.26411    0.26553    0.26613
   0.45531    0.45704
 kpt#  28, nband= 50, wtk=  0.00926, kpt=  0.1667  0.1667  0.1667 (reduced coord)
  -1.94283   -1.94233   -1.94231   -1.94230   -0.80281   -0.80261   -0.80256   -0.79448
  -0.79399   -0.79334   -0.79175   -0.79152   -0.79114   -0.79046   -0.78795   -0.78703
  -0.38239   -0.33450   -0.32973   -0.32705   -0.32463   -0.32291   -0.32036   -0.30518
   0.08016    0.08175    0.08179    0.10507    0.11152    0.13599    0.14558    0.14771
   0.15381    0.15895    0.16021    0.16271    0.21611    0.22035    0.22224    0.22319
   0.23554    0.24023    0.24703    0.25023    0.25424    0.25591    0.26091    0.26818
   0.45816    0.46452
 kpt#  29, nband= 50, wtk=  0.00926, kpt=  0.3333  0.1667  0.1667 (reduced coord)
  -1.94272   -1.94242   -1.94233   -1.94230   -0.80146   -0.80136   -0.80086   -0.79557
  -0.79536   -0.79442   -0.79279   -0.79087   -0.79051   -0.79041   -0.78877   -0.78775
  -0.37122   -0.33868   -0.33420   -0.33083   -0.32327   -0.32286   -0.31876   -0.30919
   0.08923    0.09426    0.10531    0.10981    0.11839    0.12852    0.13694    0.13846
   0.14483    0.16130    0.16841    0.16956    0.19289    0.20673    0.21004    0.22754
   0.23268    0.23623    0.24160    0.24635    0.25562    0.25653    0.26242    0.26745
   0.46467    0.47462
 kpt#  30, nband= 50, wtk=  0.00926, kpt=  0.5000  0.1667  0.1667 (reduced coord)
  -1.94258   -1.94255   -1.94233   -1.94230   -0.80050   -0.80049   -0.79807   -0.79806
  -0.79638   -0.79636   -0.79128   -0.79127   -0.78977   -0.78975   -0.78924   -0.78923
  -0.35529   -0.35528   -0.33303   -0.33303   -0.32237   -0.32237   -0.31436   -0.31436
   0.10413    0.10414    0.11250    0.11250    0.12386    0.12387    0.12829    0.12829
   0.15003    0.15004    0.17627    0.17628    0.19471    0.19471    0.20452    0.20453
   0.23344    0.23344    0.24531    0.24531    0.25707    0.25708    0.26611    0.26611
   0.47123    0.47149
 kpt#  31, nband= 50, wtk=  0.00926, kpt= -0.3333  0.1667  0.1667 (reduced coord)
  -1.94272   -1.94242   -1.94233   -1.94230   -0.80146   -0.80136   -0.80086   -0.79557
  -0.79536   -0.79442   -0.79279   -0.79087   -0.79051   -0.79041   -0.78877   -0.78775
  -0.37122   -0.33868   -0.33420   -0.33082   -0.32327   -0.32286   -0.31876   -0.30919
   0.08923    0.09426    0.10531    0.10981    0.11839    0.12852    0.13694    0.13846
   0.14483    0.16130    0.16841    0.16956    0.19289    0.20673    0.21004    0.22753
   0.23268    0.23623    0.24160    0.24635    0.25562    0.25653    0.26242    0.26745
   0.46467    0.47558
 kpt#  32, nband= 50, wtk=  0.00926, kpt= -0.1667  0.1667  0.1667 (reduced coord)
  -1.94283   -1.94233   -1.94231   -1.94230   -0.80281   -0.80261   -0.80256   -0.79448
  -0.79399   -0.79334   -0.79175   -0.79152   -0.79114   -0.79046   -0.78795   -0.78703
  -0.38239   -0.33450   -0.32973   -0.32704   -0.32463   -0.32292   -0.32036   -0.30518
   0.08016    0.08175    0.08179    0.10507    0.11152    0.13599    0.14558    0.14771
   0.15381    0.15895    0.16020    0.16271    0.21612    0.22035    0.22224    0.22319
   0.23554    0.24023    0.24703    0.25023    0.25424    0.25591    0.26091    0.26818
   0.45816    0.46455
 kpt#  33, nband= 50, wtk=  0.00926, kpt=  0.0000  0.3333  0.1667 (reduced coord)
  -1.94275   -1.94243   -1.94231   -1.94228   -0.80146   -0.80115   -0.80049   -0.79693
  -0.79471   -0.79290   -0.79253   -0.79123   -0.79109   -0.79082   -0.78842   -0.78837
  -0.37410   -0.33787   -0.33075   -0.32750   -0.32583   -0.32221   -0.32095   -0.30887
   0.08599    0.08678    0.10209    0.10998    0.11520    0.12841    0.13669    0.14010
   0.14142    0.15882    0.16786    0.17910    0.19285    0.20220    0.21289    0.22981
   0.23174    0.23559    0.24879    0.25125    0.25127    0.26395    0.26766    0.26893
   0.46166    0.46859
 kpt#  34, nband= 50, wtk=  0.00926, kpt=  0.1667  0.3333  0.1667 (reduced coord)
  -1.94272   -1.94242   -1.94232   -1.94231   -0.80150   -0.80137   -0.80078   -0.79573
  -0.79530   -0.79447   -0.79253   -0.79103   -0.79046   -0.79039   -0.78884   -0.78773
  -0.37132   -0.33893   -0.33386   -0.33051   -0.32317   -0.32165   -0.32008   -0.30957
   0.08914    0.09453    0.10500    0.10996    0.11911    0.12789    0.13759    0.13891
   0.14529    0.16308    0.16657    0.16906    0.19310    0.20768    0.21140    0.22764
   0.22940    0.23058    0.24701    0.24864    0.25289    0.25333    0.26538    0.26836
   0.45936    0.46649
 kpt#  35, nband= 50, wtk=  0.00926, kpt=  0.3333  0.3333  0.1667 (reduced coord)
  -1.94263   -1.94240   -1.94240   -1.94234   -0.80143   -0.80134   -0.80120   -0.79754
  -0.79533   -0.79352   -0.79334   -0.79012   -0.78999   -0.78960   -0.78927   -0.78751
  -0.36349   -0.34063   -0.33965   -0.33780   -0.32030   -0.31930   -0.31829   -0.31159
   0.09812    0.10982    0.11107    0.11261    0.12789    0.13042    0.13263    0.14149
   0.15282    0.15631    0.16057    0.18026    0.18973    0.20354    0.20930    0.21269
   0.21740    0.23088    0.23312    0.23585    0.25509    0.25794    0.26228    0.26659
   0.45782    0.46417
 kpt#  36, nband= 50, wtk=  0.00926, kpt=  0.5000  0.3333  0.1667 (reduced coord)
  -1.94253   -1.94250   -1.94238   -1.94236   -0.80145   -0.80145   -0.79996   -0.79996
  -0.79459   -0.79458   -0.79151   -0.79150   -0.78922   -0.78921   -0.78839   -0.78839
  -0.35217   -0.35216   -0.34011   -0.34011   -0.31904   -0.31904   -0.31468   -0.31468
   0.10900    0.10900    0.11366    0.11366    0.13349    0.13350    0.13938    0.13939
   0.15753    0.15754    0.16462    0.16463    0.19672    0.19673    0.20729    0.20730
   0.21517    0.21518    0.23135    0.23135    0.25866    0.25867    0.26447    0.26447
   0.46077    0.46213
 kpt#  37, nband= 50, wtk=  0.00926, kpt= -0.3333  0.3333  0.1667 (reduced coord)
  -1.94263   -1.94240   -1.94240   -1.94234   -0.80143   -0.80134   -0.80120   -0.79754
  -0.79533   -0.79352   -0.79334   -0.79012   -0.78999   -0.78960   -0.78927   -0.78751
  -0.36349   -0.34063   -0.33965   -0.33780   -0.32030   -0.31930   -0.31828   -0.31159
   0.09812    0.10982    0.11107    0.11262    0.12789    0.13042    0.13263    0.14149
   0.15282    0.15631    0.16057    0.18026    0.18973    0.20355    0.20930    0.21269
   0.21740    0.23088    0.23312    0.23585    0.25509    0.25794    0.26228    0.26659
   0.45782    0.46421
 kpt#  38, nband= 50, wtk=  0.00926, kpt= -0.1667  0.3333  0.1667 (reduced coord)
  -1.94272   -1.94242   -1.94232   -1.94231   -0.80150   -0.80137   -0.80078   -0.79573
  -0.79530   -0.79447   -0.79253   -0.79103   -0.79046   -0.79039   -0.78884   -0.78773
  -0.37132   -0.33893   -0.33386   -0.33051   -0.32317   -0.32165   -0.32008   -0.30957
   0.08914    0.09453    0.10500    0.10996    0.11911    0.12789    0.13759    0.13891
   0.14529    0.16308    0.16657    0.16906    0.19310    0.20768    0.21140    0.22764
   0.22940    0.23058    0.24701    0.24864    0.25289    0.25333    0.26538    0.26836
   0.45937    0.46714
 kpt#  39, nband= 50, wtk=  0.00926, kpt=  0.0000  0.5000  0.1667 (reduced coord)
  -1.94259   -1.94258   -1.94230   -1.94229   -0.79926   -0.79926   -0.79799   -0.79798
  -0.79678   -0.79677   -0.79172   -0.79171   -0.78977   -0.78976   -0.78973   -0.78973
  -0.35656   -0.35656   -0.32661   -0.32661   -0.32578   -0.32578   -0.31569   -0.31569
   0.10038    0.10038    0.11075    0.11075    0.12437    0.12437    0.12632    0.12632
   0.14332    0.14333    0.18889    0.18890    0.19417    0.19418    0.19711    0.19712
   0.23370    0.23371    0.25081    0.25081    0.26029    0.26029    0.26977    0.26977
   0.46491    0.46492
 kpt#  40, nband= 50, wtk=  0.00926, kpt=  0.1667  0.5000  0.1667 (reduced coord)
  -1.94257   -1.94256   -1.94232   -1.94231   -0.80052   -0.80051   -0.79796   -0.79796
  -0.79650   -0.79649   -0.79105   -0.79104   -0.79002   -0.79001   -0.78916   -0.78915
  -0.35552   -0.35552   -0.33249   -0.33249   -0.32180   -0.32179   -0.31531   -0.31531
   0.10487    0.10487    0.11208    0.11208    0.12362    0.12362    0.12886    0.12887
   0.14966    0.14967    0.17755    0.17756    0.19698    0.19698    0.20235    0.20236
   0.22950    0.22951    0.24802    0.24803    0.25507    0.25507    0.26797    0.26798
   0.46193    0.46194
 kpt#  41, nband= 50, wtk=  0.00926, kpt=  0.3333  0.5000  0.1667 (reduced coord)
  -1.94252   -1.94251   -1.94237   -1.94236   -0.80147   -0.80147   -0.79993   -0.79993
  -0.79464   -0.79463   -0.79141   -0.79141   -0.78931   -0.78931   -0.78835   -0.78835
  -0.35231   -0.35231   -0.33990   -0.33989   -0.31865   -0.31865   -0.31517   -0.31517
   0.10986    0.10987    0.11311    0.11312    0.13359    0.13360    0.13856    0.13857
   0.15671    0.15672    0.16656    0.16657    0.19918    0.19919    0.20552    0.20553
   0.21247    0.21248    0.23267    0.23268    0.25783    0.25783    0.26539    0.26540
   0.45695    0.45695
 kpt#  42, nband= 50, wtk=  0.00926, kpt=  0.5000  0.5000  0.1667 (reduced coord)
  -1.94246   -1.94245   -1.94244   -1.94242   -0.80128   -0.80128   -0.80127   -0.80127
  -0.79290   -0.79289   -0.79288   -0.79288   -0.78837   -0.78837   -0.78837   -0.78837
  -0.34693   -0.34692   -0.34692   -0.34692   -0.31633   -0.31632   -0.31632   -0.31632
   0.11175    0.11175    0.11175    0.11175    0.14791    0.14791    0.14793    0.14793
   0.15736    0.15736    0.15737    0.15737    0.19870    0.19870    0.19871    0.19871
   0.21608    0.21608    0.21609    0.21609    0.26270    0.26270    0.26270    0.26271
   0.45772    0.45772
 kpt#  43, nband= 50, wtk=  0.00926, kpt= -0.3333  0.5000  0.1667 (reduced coord)
  -1.94252   -1.94251   -1.94237   -1.94236   -0.80147   -0.80147   -0.79993   -0.79993
  -0.79464   -0.79463   -0.79142   -0.79141   -0.78931   -0.78930   -0.78835   -0.78835
  -0.35231   -0.35231   -0.33990   -0.33989   -0.31865   -0.31865   -0.31517   -0.31517
   0.10986    0.10987    0.11311    0.11312    0.13359    0.13360    0.13856    0.13857
   0.15671    0.15672    0.16656    0.16657    0.19918    0.19919    0.20552    0.20553
   0.21247    0.21248    0.23267    0.23267    0.25783    0.25783    0.26539    0.26539
   0.45695    0.45700
 kpt#  44, nband= 50, wtk=  0.00926, kpt= -0.1667  0.5000  0.1667 (reduced coord)
  -1.94257   -1.94256   -1.94232   -1.94231   -0.80052   -0.80051   -0.79796   -0.79796
  -0.79650   -0.79649   -0.79105   -0.79104   -0.79002   -0.79001   -0.78916   -0.78915
  -0.35552   -0.35552   -0.33249   -0.33249   -0.32179   -0.32179   -0.31532   -0.31531
   0.10487    0.10487    0.11208    0.11208    0.12362    0.12362    0.12887    0.12887
   0.14966    0.14967    0.17755    0.17755    0.19697    0.19699    0.20235    0.20236
   0.22950    0.22951    0.24802    0.24802    0.25507    0.25507    0.26798    0.26798
   0.46194    0.46194
 kpt#  45, nband= 50, wtk=  0.00926, kpt=  0.0000 -0.3333  0.1667 (reduced coord)
  -1.94275   -1.94243   -1.94231   -1.94228   -0.80146   -0.80115   -0.80049   -0.79693
  -0.79471   -0.79290   -0.79253   -0.79123   -0.79109   -0.79082   -0.78842   -0.78837
  -0.37410   -0.33787   -0.33075   -0.32750   -0.32583   -0.32221   -0.32095   -0.30887
   0.08599    0.08678    0.10209    0.10998    0.11520    0.12841    0.13669    0.14010
   0.14142    0.15882    0.16786    0.17910    0.19285    0.20220    0.21289    0.22981
   0.23174    0.23559    0.24879    0.25125    0.25127    0.26395    0.26766    0.26893
   0.46143    0.46970
 kpt#  46, nband= 50, wtk=  0.00926, kpt=  0.1667 -0.3333  0.1667 (reduced coord)
  -1.94272   -1.94242   -1.94232   -1.94231   -0.80150   -0.80137   -0.80078   -0.79573
  -0.79530   -0.79447   -0.79253   -0.79103   -0.79046   -0.79039   -0.78884   -0.78773
  -0.37132   -0.33893   -0.33386   -0.33051   -0.32317   -0.32165   -0.32008   -0.30957
   0.08914    0.09453    0.10500    0.10996    0.11911    0.12789    0.13759    0.13891
   0.14529    0.16308    0.16657    0.16906    0.19310    0.20768    0.21140    0.22764
   0.22940    0.23058    0.24701    0.24864    0.25289    0.25333    0.26538    0.26836
   0.45936    0.46636
 kpt#  47, nband= 50, wtk=  0.00926, kpt=  0.3333 -0.3333  0.1667 (reduced coord)
  -1.94263   -1.94240   -1.94240   -1.94234   -0.80143   -0.80134   -0.80120   -0.79754
  -0.79533   -0.79352   -0.79334   -0.79012   -0.78999   -0.78960   -0.78927   -0.78751
  -0.36349   -0.34063   -0.33965   -0.33780   -0.32030   -0.31930   -0.31829   -0.31159
   0.09812    0.10982    0.11107    0.11261    0.12789    0.13042    0.13263    0.14149
   0.15282    0.15631    0.16057    0.18026    0.18973    0.20354    0.20930    0.21269
   0.21740    0.23088    0.23312    0.23585    0.25509    0.25794    0.26228    0.26659
   0.45782    0.46418
 kpt#  48, nband= 50, wtk=  0.00926, kpt=  0.5000 -0.3333  0.1667 (reduced coord)
  -1.94253   -1.94250   -1.94238   -1.94236   -0.80145   -0.80145   -0.79996   -0.79996
  -0.79459   -0.79458   -0.79151   -0.79150   -0.78922   -0.78921   -0.78839   -0.78839
  -0.35217   -0.35216   -0.34011   -0.34011   -0.31904   -0.31904   -0.31468   -0.31468
   0.10900    0.10900    0.11366    0.11366    0.13349    0.13350    0.13938    0.13939
   0.15753    0.15754    0.16462    0.16463    0.19672    0.19673    0.20729    0.20730
   0.21517    0.21518    0.23135    0.23135    0.25866    0.25867    0.26447    0.26447
   0.46091    0.46107
 kpt#  49, nband= 50, wtk=  0.00926, kpt= -0.3333 -0.3333  0.1667 (reduced coord)
  -1.94263   -1.94240   -1.94240   -1.94234   -0.80143   -0.80134   -0.80120   -0.79754
  -0.79533   -0.79352   -0.79334   -0.79012   -0.78999   -0.78960   -0.78927   -0.78751
  -0.36349   -0.34063   -0.33965   -0.33780   -0.32030   -0.31930   -0.31828   -0.31159
   0.09812    0.10982    0.11107    0.11262    0.12789    0.13042    0.13263    0.14149
   0.15282    0.15631    0.16057    0.18026    0.18973    0.20355    0.20930    0.21269
   0.21740    0.23088    0.23312    0.23585    0.25509    0.25794    0.26228    0.26659
   0.45783    0.46626
 kpt#  50, nband= 50, wtk=  0.00926, kpt= -0.1667 -0.3333  0.1667 (reduced coord)
  -1.94272   -1.94242   -1.94232   -1.94231   -0.80150   -0.80137   -0.80078   -0.79573
  -0.79530   -0.79447   -0.79253   -0.79103   -0.79046   -0.79039   -0.78884   -0.78773
  -0.37132   -0.33893   -0.33386   -0.33051   -0.32317   -0.32165   -0.32008   -0.30957
   0.08914    0.09453    0.10500    0.10996    0.11911    0.12789    0.13759    0.13891
   0.14529    0.16308    0.16657    0.16906    0.19310    0.20768    0.21140    0.22764
   0.22940    0.23058    0.24701    0.24864    0.25289    0.25333    0.26538    0.26836
   0.45936    0.46638
 kpt#  51, nband= 50, wtk=  0.00926, kpt=  0.0000 -0.1667  0.1667 (reduced coord)
  -1.94287   -1.94233   -1.94230   -1.94226   -0.80341   -0.80313   -0.80303   -0.79502
  -0.79336   -0.79220   -0.79207   -0.79153   -0.79094   -0.79005   -0.78736   -0.78729
  -0.38638   -0.33446   -0.32840   -0.32666   -0.32531   -0.32320   -0.31751   -0.30368
   0.07179    0.07609    0.08065    0.10372    0.10832    0.12608    0.15037    0.15265
   0.15588    0.15691    0.16343    0.16997    0.21429    0.22056    0.22652    0.23340
   0.23360    0.23675    0.24623    0.25297    0.25378    0.26411    0.26553    0.26613
   0.45531    0.45703
 kpt#  52, nband= 50, wtk=  0.00926, kpt=  0.1667 -0.1667  0.1667 (reduced coord)
  -1.94283   -1.94233   -1.94231   -1.94230   -0.80281   -0.80261   -0.80256   -0.79448
  -0.79399   -0.79334   -0.79175   -0.79152   -0.79114   -0.79046   -0.78795   -0.78703
  -0.38239   -0.33450   -0.32973   -0.32705   -0.32463   -0.32291   -0.32036   -0.30518
   0.08016    0.08175    0.08179    0.10507    0.11152    0.13599    0.14558    0.14771
   0.15381    0.15895    0.16021    0.16271    0.21611    0.22035    0.22224    0.22319
   0.23554    0.24023    0.24703    0.25023    0.25424    0.25591    0.26091    0.26818
   0.45815    0.46448
 kpt#  53, nband= 50, wtk=  0.00926, kpt=  0.3333 -0.1667  0.1667 (reduced coord)
  -1.94272   -1.94242   -1.94233   -1.94230   -0.80146   -0.80136   -0.80086   -0.79557
  -0.79536   -0.79442   -0.79279   -0.79087   -0.79051   -0.79041   -0.78877   -0.78775
  -0.37122   -0.33868   -0.33420   -0.33083   -0.32327   -0.32286   -0.31876   -0.30919
   0.08923    0.09426    0.10531    0.10981    0.11839    0.12852    0.13694    0.13846
   0.14483    0.16130    0.16841    0.16956    0.19289    0.20673    0.21004    0.22754
   0.23268    0.23623    0.24160    0.24635    0.25562    0.25653    0.26242    0.26745
   0.46466    0.47429
 kpt#  54, nband= 50, wtk=  0.00926, kpt=  0.5000 -0.1667  0.1667 (reduced coord)
  -1.94258   -1.94255   -1.94233   -1.94230   -0.80050   -0.80049   -0.79807   -0.79806
  -0.79638   -0.79636   -0.79128   -0.79127   -0.78977   -0.78975   -0.78924   -0.78923
  -0.35529   -0.35528   -0.33303   -0.33303   -0.32237   -0.32237   -0.31436   -0.31436
   0.10413    0.10414    0.11250    0.11250    0.12386    0.12387    0.12829    0.12829
   0.15003    0.15004    0.17627    0.17628    0.19471    0.19471    0.20452    0.20453
   0.23344    0.23344    0.24531    0.24531    0.25707    0.25708    0.26611    0.26611
   0.47122    0.47304
 kpt#  55, nband= 50, wtk=  0.00926, kpt= -0.3333 -0.1667  0.1667 (reduced coord)
  -1.94272   -1.94242   -1.94233   -1.94230   -0.80146   -0.80136   -0.80086   -0.79557
  -0.79536   -0.79442   -0.79279   -0.79087   -0.79051   -0.79041   -0.78877   -0.78775
  -0.37122   -0.33868   -0.33420   -0.33082   -0.32327   -0.32286   -0.31876   -0.30919
   0.08923    0.09426    0.10531    0.10981    0.11839    0.12852    0.13694    0.13846
   0.14483    0.16130    0.16841    0.16956    0.19289    0.20673    0.21004    0.22753
   0.23268    0.23623    0.24160    0.24635    0.25562    0.25653    0.26242    0.26745
   0.46467    0.47505
 kpt#  56, nband= 50, wtk=  0.00926, kpt= -0.1667 -0.1667  0.1667 (reduced coord)
  -1.94283   -1.94233   -1.94231   -1.94230   -0.80281   -0.80261   -0.80256   -0.79448
  -0.79399   -0.79334   -0.79175   -0.79152   -0.79114   -0.79046   -0.78795   -0.78703
  -0.38239   -0.33450   -0.32973   -0.32704   -0.32463   -0.32292   -0.32036   -0.30518
   0.08016    0.08175    0.08179    0.10507    0.11152    0.13599    0.14558    0.14771
   0.15381    0.15895    0.16020    0.16271    0.21612    0.22035    0.22224    0.22319
   0.23554    0.24023    0.24703    0.25023    0.25424    0.25591    0.26091    0.26818
   0.45815    0.46490
 kpt#  57, nband= 50, wtk=  0.00926, kpt=  0.0000  0.0000  0.3333 (reduced coord)
  -1.94279   -1.94246   -1.94226   -1.94226   -0.80203   -0.80196   -0.80080   -0.79616
  -0.79590   -0.79278   -0.79245   -0.79229   -0.79002   -0.78993   -0.78774   -0.78774
  -0.37830   -0.34087   -0.32917   -0.32635   -0.32547   -0.31956   -0.31893   -0.30941
   0.08251    0.08262    0.10944    0.10999    0.11349    0.13378    0.13439    0.13582
   0.14208    0.14791    0.18230    0.18286    0.19674    0.21330    0.22010    0.22114
   0.22236    0.22996    0.23975    0.24212    0.26449    0.26538    0.26811    0.26816
   0.45897    0.46687
 kpt#  58, nband= 50, wtk=  0.00926, kpt=  0.1667  0.0000  0.3333 (reduced coord)
  -1.94275   -1.94244   -1.94229   -1.94227   -0.80164   -0.80123   -0.80070   -0.79679
  -0.79551   -0.79378   -0.79202   -0.79156   -0.79082   -0.78995   -0.78825   -0.78773
  -0.37476   -0.34001   -0.32842   -0.32764   -0.32486   -0.32309   -0.31982   -0.31047
   0.08658    0.09108    0.10469    0.11046    0.11973    0.13195    0.13747    0.14087
   0.14357    0.15234    0.17116    0.17708    0.19998    0.20550    0.22019    0.22097
   0.22775    0.23333    0.23744    0.23781    0.25941    0.25975    0.26270    0.26559
   0.46460    0.47060
 kpt#  59, nband= 50, wtk=  0.00926, kpt=  0.3333  0.0000  0.3333 (reduced coord)
  -1.94266   -1.94241   -1.94239   -1.94231   -0.80046   -0.80035   -0.79938   -0.79795
  -0.79603   -0.79403   -0.79302   -0.79091   -0.79040   -0.79040   -0.78931   -0.78814
  -0.36485   -0.33758   -0.33579   -0.33010   -0.32646   -0.32285   -0.32006   -0.31335
   0.09786    0.10705    0.11077    0.11349    0.11923    0.13027    0.13534    0.14255
   0.15094    0.15624    0.17349    0.17361    0.19108    0.20037    0.20818    0.21643
   0.21840    0.23343    0.23652    0.24310    0.24965    0.25084    0.25709    0.26172
   0.47384    0.47560
 kpt#  60, nband= 50, wtk=  0.00926, kpt=  0.5000  0.0000  0.3333 (reduced coord)
  -1.94254   -1.94251   -1.94237   -1.94235   -0.79965   -0.79964   -0.79847   -0.79847
  -0.79598   -0.79597   -0.79208   -0.79206   -0.78997   -0.78996   -0.78917   -0.78917
  -0.35071   -0.35071   -0.33406   -0.33406   -0.32408   -0.32408   -0.31716   -0.31716
   0.11051    0.11051    0.11565    0.11565    0.12155    0.12155    0.14505    0.14505
   0.14765    0.14766    0.18214    0.18215    0.18916    0.18916    0.20626    0.20627
   0.21654    0.21654    0.24517    0.24518    0.24653    0.24653    0.25773    0.25774
   0.47463    0.47677
 kpt#  61, nband= 50, wtk=  0.00926, kpt= -0.3333  0.0000  0.3333 (reduced coord)
  -1.94266   -1.94241   -1.94239   -1.94231   -0.80046   -0.80035   -0.79939   -0.79795
  -0.79603   -0.79403   -0.79302   -0.79090   -0.79040   -0.79039   -0.78931   -0.78814
  -0.36485   -0.33758   -0.33579   -0.33010   -0.32645   -0.32286   -0.32006   -0.31335
   0.09786    0.10705    0.11077    0.11349    0.11923    0.13027    0.13534    0.14255
   0.15094    0.15624    0.17349    0.17361    0.19107    0.20038    0.20818    0.21642
   0.21840    0.23343    0.23652    0.24310    0.24965    0.25084    0.25709    0.26172
   0.47444    0.47549
 kpt#  62, nband= 50, wtk=  0.00926, kpt= -0.1667  0.0000  0.3333 (reduced coord)
  -1.94275   -1.94244   -1.94229   -1.94227   -0.80164   -0.80123   -0.80070   -0.79679
  -0.79551   -0.79378   -0.79201   -0.79156   -0.79082   -0.78995   -0.78825   -0.78773
  -0.37476   -0.34001   -0.32842   -0.32764   -0.32487   -0.32308   -0.31982   -0.31048
   0.08658    0.09108    0.10468    0.11046    0.11973    0.13195    0.13747    0.14087
   0.14357    0.15234    0.17116    0.17708    0.19998    0.20550    0.22019    0.22097
   0.22776    0.23333    0.23744    0.23781    0.25941    0.25975    0.26270    0.26559
   0.46460    0.47052
 kpt#  63, nband= 50, wtk=  0.00926, kpt=  0.0000  0.1667  0.3333 (reduced coord)
  -1.94275   -1.94244   -1.94230   -1.94227   -0.80162   -0.80120   -0.80070   -0.79691
  -0.79546   -0.79373   -0.79195   -0.79162   -0.79081   -0.79007   -0.78820   -0.78772
  -0.37480   -0.33999   -0.32838   -0.32754   -0.32439   -0.32430   -0.31917   -0.31050
   0.08673    0.09076    0.10379    0.11411    0.11727    0.13342    0.13638    0.13995
   0.14444    0.15195    0.17011    0.17834    0.19829    0.20436    0.22188    0.22276
   0.23020    0.23453    0.23461    0.23498    0.25847    0.26070    0.26414    0.26559
   0.46360    0.46602
 kpt#  64, nband= 50, wtk=  0.00926, kpt=  0.1667  0.1667  0.3333 (reduced coord)
  -1.94272   -1.94243   -1.94231   -1.94230   -0.80163   -0.80138   -0.80085   -0.79571
  -0.79548   -0.79483   -0.79170   -0.79159   -0.79116   -0.78978   -0.78820   -0.78776
  -0.37180   -0.34053   -0.33062   -0.32861   -0.32659   -0.32126   -0.31933   -0.31122
   0.09314    0.09583    0.10337    0.11481    0.12061    0.13480    0.13844    0.14281
   0.14446    0.15741    0.16354    0.16570    0.20187    0.21393    0.21931    0.22015
   0.22951    0.23046    0.23491    0.23584    0.25398    0.25566    0.25817    0.26042
   0.46363    0.47137
 kpt#  65, nband= 50, wtk=  0.00926, kpt=  0.3333  0.1667  0.3333 (reduced coord)
  -1.94263   -1.94241   -1.94239   -1.94233   -0.80159   -0.80117   -0.80103   -0.79723
  -0.79531   -0.79312   -0.79306   -0.79074   -0.79021   -0.78982   -0.78879   -0.78815
  -0.36339   -0.34058   -0.33882   -0.33460   -0.32314   -0.32025   -0.31772   -0.31318
   0.10387    0.10786    0.11292    0.11714    0.12172    0.13439    0.13881    0.14250
   0.15063    0.15187    0.15908    0.17585    0.19920    0.20484    0.20911    0.22123
   0.22362    0.23013    0.23406    0.23735    0.24356    0.24524    0.25219    0.25716
   0.46592    0.47731
 kpt#  66, nband= 50, wtk=  0.00926, kpt=  0.5000  0.1667  0.3333 (reduced coord)
  -1.94253   -1.94250   -1.94238   -1.94236   -0.80144   -0.80144   -0.79959   -0.79959
  -0.79439   -0.79437   -0.79086   -0.79085   -0.78968   -0.78968   -0.78921   -0.78920
  -0.35137   -0.35136   -0.33866   -0.33866   -0.32055   -0.32055   -0.31570   -0.31570
   0.11396    0.11397    0.11851    0.11851    0.12436    0.12437    0.14002    0.14002
   0.15320    0.15321    0.17190    0.17190    0.19864    0.19864    0.20835    0.20836
   0.22051    0.22052    0.23895    0.23896    0.24060    0.24061    0.25475    0.25476
   0.47023    0.47028
 kpt#  67, nband= 50, wtk=  0.00926, kpt= -0.3333  0.1667  0.3333 (reduced coord)
  -1.94263   -1.94241   -1.94239   -1.94233   -0.80159   -0.80117   -0.80103   -0.79724
  -0.79530   -0.79312   -0.79306   -0.79074   -0.79021   -0.78982   -0.78879   -0.78815
  -0.36339   -0.34058   -0.33882   -0.33460   -0.32314   -0.32025   -0.31772   -0.31318
   0.10387    0.10786    0.11292    0.11714    0.12172    0.13439    0.13881    0.14250
   0.15063    0.15187    0.15908    0.17585    0.19920    0.20484    0.20911    0.22122
   0.22362    0.23013    0.23406    0.23735    0.24356    0.24525    0.25219    0.25716
   0.46591    0.47531
 kpt#  68, nband= 50, wtk=  0.00926, kpt= -0.1667  0.1667  0.3333 (reduced coord)
  -1.94272   -1.94243   -1.94231   -1.94230   -0.80163   -0.80138   -0.80085   -0.79571
  -0.79548   -0.79483   -0.79170   -0.79159   -0.79117   -0.78978   -0.78820   -0.78776
  -0.37180   -0.34053   -0.33062   -0.32861   -0.32659   -0.32126   -0.31933   -0.31122
   0.09314    0.09583    0.10337    0.11481    0.12061    0.13480    0.13844    0.14281
   0.14446    0.15741    0.16354    0.16570    0.20187    0.21392    0.21931    0.22015
   0.22951    0.23045    0.23491    0.23584    0.25398    0.25566    0.25817    0.26042
   0.46363    0.47126
 kpt#  69, nband= 50, wtk=  0.00926, kpt=  0.0000  0.3333  0.3333 (reduced coord)
  -1.94266   -1.94241   -1.94239   -1.94231   -0.80038   -0.80032   -0.79909   -0.79833
  -0.79593   -0.79407   -0.79311   -0.79070   -0.79060   -0.79056   -0.78915   -0.78814
  -0.36500   -0.33750   -0.33608   -0.33037   -0.32627   -0.32142   -0.32092   -0.31345
   0.09766    0.10687    0.11050    0.11621    0.11838    0.13225    0.13401    0.14093
   0.14992    0.15585    0.17453    0.17467    0.19084    0.19648    0.21205    0.21571
   0.21742    0.23393    0.23535    0.24082    0.24957    0.25343    0.25925    0.26192
   0.46540    0.47069
 kpt#  70, nband= 50, wtk=  0.00926, kpt=  0.1667  0.3333  0.3333 (reduced coord)
  -1.94263   -1.94241   -1.94239   -1.94233   -0.80161   -0.80116   -0.80094   -0.79717
  -0.79544   -0.79315   -0.79307   -0.79069   -0.79025   -0.78985   -0.78876   -0.78813
  -0.36350   -0.34053   -0.33897   -0.33469   -0.32298   -0.31924   -0.31847   -0.31328
   0.10363    0.10791    0.11319    0.11814    0.12195    0.13342    0.13973    0.14156
   0.14966    0.15182    0.15951    0.17649    0.19653    0.20581    0.21229    0.22060
   0.22076    0.23119    0.23173    0.23599    0.24573    0.24616    0.25337    0.25781
   0.46035    0.46918
 kpt#  71, nband= 50, wtk=  0.00926, kpt=  0.3333  0.3333  0.3333 (reduced coord)
  -1.94257   -1.94241   -1.94240   -1.94238   -0.80262   -0.80249   -0.80242   -0.79983
  -0.79257   -0.79232   -0.79197   -0.79008   -0.78954   -0.78948   -0.78871   -0.78791
  -0.35903   -0.34433   -0.34361   -0.34281   -0.31842   -0.31630   -0.31549   -0.31304
   0.11311    0.11608    0.11893    0.11999    0.12851    0.13880    0.14108    0.14408
   0.14839    0.15012    0.15246    0.18429    0.19235    0.21196    0.21392    0.21919
   0.22103    0.22446    0.22781    0.22821    0.23315    0.24095    0.24646    0.25250
   0.45817    0.46956
 kpt#  72, nband= 50, wtk=  0.00926, kpt=  0.5000  0.3333  0.3333 (reduced coord)
  -1.94249   -1.94247   -1.94241   -1.94239   -0.80308   -0.80308   -0.80190   -0.80190
  -0.79213   -0.79212   -0.79021   -0.79020   -0.78896   -0.78895   -0.78865   -0.78864
  -0.35191   -0.35191   -0.34542   -0.34542   -0.31602   -0.31602   -0.31351   -0.31350
   0.11957    0.11957    0.12205    0.12206    0.13196    0.13197    0.14048    0.14048
   0.15476    0.15476    0.17042    0.17042    0.20026    0.20027    0.21186    0.21186
   0.22009    0.22010    0.22298    0.22299    0.23806    0.23807    0.24975    0.24976
   0.46267    0.46273
 kpt#  73, nband= 50, wtk=  0.00926, kpt= -0.3333  0.3333  0.3333 (reduced coord)
  -1.94257   -1.94241   -1.94240   -1.94238   -0.80261   -0.80250   -0.80242   -0.79983
  -0.79256   -0.79232   -0.79197   -0.79008   -0.78954   -0.78948   -0.78871   -0.78791
  -0.35903   -0.34433   -0.34361   -0.34281   -0.31842   -0.31630   -0.31548   -0.31304
   0.11311    0.11608    0.11893    0.11999    0.12851    0.13880    0.14108    0.14408
   0.14839    0.15012    0.15246    0.18429    0.19235    0.21196    0.21392    0.21919
   0.22103    0.22446    0.22781    0.22821    0.23315    0.24095    0.24646    0.25250
   0.45817    0.46637
 kpt#  74, nband= 50, wtk=  0.00926, kpt= -0.1667  0.3333  0.3333 (reduced coord)
  -1.94263   -1.94241   -1.94239   -1.94233   -0.80161   -0.80116   -0.80094   -0.79717
  -0.79544   -0.79315   -0.79307   -0.79069   -0.79025   -0.78985   -0.78876   -0.78813
  -0.36350   -0.34053   -0.33897   -0.33470   -0.32298   -0.31924   -0.31847   -0.31328
   0.10363    0.10791    0.11319    0.11814    0.12195    0.13341    0.13973    0.14156
   0.14966    0.15182    0.15951    0.17649    0.19652    0.20581    0.21230    0.22060
   0.22076    0.23119    0.23174    0.23599    0.24573    0.24616    0.25337    0.25781
   0.46035    0.46922
 kpt#  75, nband= 50, wtk=  0.00926, kpt=  0.0000  0.5000  0.3333 (reduced coord)
  -1.94253   -1.94252   -1.94236   -1.94235   -0.79955   -0.79954   -0.79837   -0.79837
  -0.79614   -0.79613   -0.79221   -0.79220   -0.78980   -0.78979   -0.78924   -0.78924
  -0.35100   -0.35100   -0.33401   -0.33401   -0.32352   -0.32352   -0.31746   -0.31746
   0.11051    0.11051    0.11891    0.11891    0.11892    0.11892    0.14553    0.14553
   0.14556    0.14557    0.18272    0.18273    0.19142    0.19142    0.20602    0.20602
   0.21302    0.21302    0.24188    0.24188    0.25288    0.25289    0.25719    0.25719
   0.46610    0.46612
 kpt#  76, nband= 50, wtk=  0.00926, kpt=  0.1667  0.5000  0.3333 (reduced coord)
  -1.94252   -1.94251   -1.94237   -1.94236   -0.80144   -0.80143   -0.79950   -0.79949
  -0.79452   -0.79451   -0.79086   -0.79086   -0.78961   -0.78959   -0.78926   -0.78924
  -0.35158   -0.35158   -0.33861   -0.33860   -0.31997   -0.31997   -0.31610   -0.31610
   0.11410    0.11411    0.11983    0.11984    0.12362    0.12362    0.13919    0.13919
   0.15249    0.15249    0.17255    0.17255    0.20295    0.20295    0.20511    0.20511
   0.21721    0.21721    0.23657    0.23658    0.24552    0.24553    0.25509    0.25510
   0.46204    0.46206
 kpt#  77, nband= 50, wtk=  0.00926, kpt=  0.3333  0.5000  0.3333 (reduced coord)
  -1.94249   -1.94248   -1.94240   -1.94239   -0.80309   -0.80309   -0.80187   -0.80186
  -0.79220   -0.79220   -0.79011   -0.79010   -0.78907   -0.78907   -0.78858   -0.78858
  -0.35200   -0.35200   -0.34538   -0.34538   -0.31564   -0.31563   -0.31384   -0.31384
   0.11978    0.11979    0.12206    0.12207    0.13244    0.13245    0.13962    0.13964
   0.15459    0.15459    0.17075    0.17077    0.20144    0.20145    0.21185    0.21185
   0.21598    0.21598    0.22457    0.22458    0.23934    0.23935    0.24997    0.24998
   0.45785    0.45786
 kpt#  78, nband= 50, wtk=  0.00926, kpt=  0.5000  0.5000  0.3333 (reduced coord)
  -1.94246   -1.94245   -1.94244   -1.94242   -0.80326   -0.80326   -0.80326   -0.80326
  -0.79082   -0.79081   -0.79081   -0.79080   -0.78832   -0.78832   -0.78832   -0.78832
  -0.35017   -0.35017   -0.35017   -0.35017   -0.31340   -0.31340   -0.31340   -0.31340
   0.12196    0.12197    0.12197    0.12197    0.13915    0.13915    0.13916    0.13916
   0.16531    0.16531    0.16531    0.16532    0.20421    0.20421    0.20421    0.20422
   0.21500    0.21500    0.21500    0.21500    0.24565    0.24565    0.24566    0.24566
   0.46102    0.46103
 kpt#  79, nband= 50, wtk=  0.00926, kpt= -0.3333  0.5000  0.3333 (reduced coord)
  -1.94249   -1.94248   -1.94240   -1.94239   -0.80309   -0.80309   -0.80187   -0.80186
  -0.79220   -0.79220   -0.79011   -0.79009   -0.78907   -0.78906   -0.78859   -0.78858
  -0.35200   -0.35200   -0.34538   -0.34538   -0.31564   -0.31563   -0.31384   -0.31384
   0.11978    0.11979    0.12207    0.12207    0.13244    0.13245    0.13963    0.13963
   0.15459    0.15459    0.17076    0.17077    0.20144    0.20145    0.21185    0.21186
   0.21598    0.21598    0.22457    0.22458    0.23934    0.23935    0.24997    0.24998
   0.45785    0.45786
 kpt#  80, nband= 50, wtk=  0.00926, kpt= -0.1667  0.5000  0.3333 (reduced coord)
  -1.94252   -1.94251   -1.94237   -1.94236   -0.80144   -0.80143   -0.79950   -0.79949
  -0.79452   -0.79451   -0.79086   -0.79086   -0.78961   -0.78960   -0.78926   -0.78924
  -0.35158   -0.35158   -0.33861   -0.33860   -0.31997   -0.31997   -0.31610   -0.31610
   0.11410    0.11411    0.11984    0.11984    0.12362    0.12362    0.13919    0.13919
   0.15249    0.15249    0.17254    0.17255    0.20295    0.20296    0.20511    0.20512
   0.21720    0.21721    0.23657    0.23658    0.24552    0.24553    0.25509    0.25510
   0.46204    0.46206
 kpt#  81, nband= 50, wtk=  0.00926, kpt=  0.0000 -0.3333  0.3333 (reduced coord)
  -1.94266   -1.94241   -1.94239   -1.94231   -0.80038   -0.80032   -0.79909   -0.79833
  -0.79593   -0.79407   -0.79311   -0.79070   -0.79060   -0.79056   -0.78915   -0.78814
  -0.36500   -0.33750   -0.33608   -0.33037   -0.32627   -0.32142   -0.32092   -0.31345
   0.09766    0.10687    0.11050    0.11621    0.11838    0.13225    0.13401    0.14093
   0.14992    0.15585    0.17453    0.17467    0.19084    0.19648    0.21205    0.21571
   0.21742    0.23393    0.23535    0.24082    0.24957    0.25343    0.25925    0.26192
   0.46538    0.47119
 kpt#  82, nband= 50, wtk=  0.00926, kpt=  0.1667 -0.3333  0.3333 (reduced coord)
  -1.94263   -1.94241   -1.94239   -1.94233   -0.80161   -0.80116   -0.80094   -0.79717
  -0.79544   -0.79315   -0.79307   -0.79069   -0.79025   -0.78985   -0.78876   -0.78813
  -0.36350   -0.34053   -0.33897   -0.33469   -0.32298   -0.31924   -0.31847   -0.31328
   0.10363    0.10791    0.11319    0.11814    0.12195    0.13342    0.13973    0.14156
   0.14966    0.15182    0.15951    0.17649    0.19653    0.20581    0.21229    0.22060
   0.22076    0.23119    0.23173    0.23599    0.24573    0.24616    0.25337    0.25781
   0.46035    0.46919
 kpt#  83, nband= 50, wtk=  0.00926, kpt=  0.3333 -0.3333  0.3333 (reduced coord)
  -1.94257   -1.94241   -1.94240   -1.94238   -0.80262   -0.80249   -0.80242   -0.79983
  -0.79257   -0.79232   -0.79197   -0.79008   -0.78954   -0.78948   -0.78871   -0.78791
  -0.35903   -0.34433   -0.34361   -0.34281   -0.31842   -0.31630   -0.31549   -0.31304
   0.11311    0.11608    0.11893    0.11999    0.12851    0.13880    0.14108    0.14408
   0.14839    0.15012    0.15246    0.18429    0.19235    0.21196    0.21392    0.21919
   0.22103    0.22446    0.22781    0.22821    0.23315    0.24095    0.24646    0.25250
   0.45817    0.46630
 kpt#  84, nband= 50, wtk=  0.00926, kpt=  0.5000 -0.3333  0.3333 (reduced coord)
  -1.94249   -1.94247   -1.94241   -1.94239   -0.80308   -0.80308   -0.80190   -0.80190
  -0.79213   -0.79212   -0.79021   -0.79020   -0.78896   -0.78895   -0.78865   -0.78864
  -0.35191   -0.35191   -0.34542   -0.34542   -0.31602   -0.31602   -0.31351   -0.31350
   0.11957    0.11957    0.12205    0.12206    0.13196    0.13197    0.14048    0.14048
   0.15476    0.15476    0.17042    0.17042    0.20026    0.20027    0.21186    0.21186
   0.22009    0.22010    0.22298    0.22299    0.23806    0.23807    0.24975    0.24976
   0.46267    0.46807
 kpt#  85, nband= 50, wtk=  0.00926, kpt= -0.3333 -0.3333  0.3333 (reduced coord)
  -1.94257   -1.94241   -1.94240   -1.94238   -0.80261   -0.80250   -0.80242   -0.79983
  -0.79256   -0.79232   -0.79197   -0.79008   -0.78954   -0.78948   -0.78871   -0.78791
  -0.35903   -0.34433   -0.34361   -0.34281   -0.31842   -0.31630   -0.31548   -0.31304
   0.11311    0.11608    0.11893    0.11999    0.12851    0.13880    0.14108    0.14408
   0.14839    0.15012    0.15246    0.18429    0.19235    0.21196    0.21392    0.21919
   0.22103    0.22446    0.22781    0.22821    0.23315    0.24095    0.24646    0.25250
   0.45817    0.46632
 kpt#  86, nband= 50, wtk=  0.00926, kpt= -0.1667 -0.3333  0.3333 (reduced coord)
  -1.94263   -1.94241   -1.94239   -1.94233   -0.80161   -0.80116   -0.80094   -0.79717
  -0.79544   -0.79315   -0.79307   -0.79069   -0.79025   -0.78985   -0.78876   -0.78813
  -0.36350   -0.34053   -0.33897   -0.33470   -0.32298   -0.31924   -0.31847   -0.31328
   0.10363    0.10791    0.11319    0.11814    0.12195    0.13341    0.13973    0.14156
   0.14966    0.15182    0.15951    0.17649    0.19652    0.20581    0.21230    0.22060
   0.22076    0.23119    0.23174    0.23599    0.24573    0.24616    0.25337    0.25781
   0.46035    0.46915
 kpt#  87, nband= 50, wtk=  0.00926, kpt=  0.0000 -0.1667  0.3333 (reduced coord)
  -1.94275   -1.94244   -1.94230   -1.94227   -0.80162   -0.80120   -0.80070   -0.79691
  -0.79546   -0.79373   -0.79195   -0.79162   -0.79081   -0.79007   -0.78820   -0.78772
  -0.37480   -0.33999   -0.32838   -0.32754   -0.32439   -0.32430   -0.31917   -0.31050
   0.08673    0.09076    0.10379    0.11411    0.11727    0.13342    0.13638    0.13995
   0.14444    0.15195    0.17011    0.17834    0.19829    0.20436    0.22188    0.22276
   0.23020    0.23453    0.23461    0.23498    0.25847    0.26070    0.26414    0.26559
   0.46360    0.46602
 kpt#  88, nband= 50, wtk=  0.00926, kpt=  0.1667 -0.1667  0.3333 (reduced coord)
  -1.94272   -1.94243   -1.94231   -1.94230   -0.80163   -0.80138   -0.80085   -0.79571
  -0.79548   -0.79483   -0.79170   -0.79159   -0.79116   -0.78978   -0.78820   -0.78776
  -0.37180   -0.34053   -0.33062   -0.32861   -0.32659   -0.32126   -0.31933   -0.31122
   0.09314    0.09583    0.10337    0.11481    0.12061    0.13480    0.13844    0.14281
   0.14446    0.15741    0.16354    0.16570    0.20187    0.21393    0.21931    0.22015
   0.22951    0.23046    0.23491    0.23584    0.25398    0.25566    0.25817    0.26042
   0.46363    0.47139
 kpt#  89, nband= 50, wtk=  0.00926, kpt=  0.3333 -0.1667  0.3333 (reduced coord)
  -1.94263   -1.94241   -1.94239   -1.94233   -0.80159   -0.80117   -0.80103   -0.79723
  -0.79531   -0.79312   -0.79306   -0.79074   -0.79021   -0.78982   -0.78879   -0.78815
  -0.36339   -0.34058   -0.33882   -0.33460   -0.32314   -0.32025   -0.31772   -0.31318
   0.10387    0.10786    0.11292    0.11714    0.12172    0.13439    0.13881    0.14250
   0.15063    0.15187    0.15908    0.17585    0.19920    0.20484    0.20911    0.22123
   0.22362    0.23013    0.23406    0.23735    0.24356    0.24524    0.25219    0.25716
   0.46592    0.47513
 kpt#  90, nband= 50, wtk=  0.00926, kpt=  0.5000 -0.1667  0.3333 (reduced coord)
  -1.94253   -1.94250   -1.94238   -1.94236   -0.80144   -0.80144   -0.79959   -0.79959
  -0.79439   -0.79437   -0.79086   -0.79085   -0.78968   -0.78968   -0.78921   -0.78920
  -0.35137   -0.35136   -0.33866   -0.33866   -0.32055   -0.32055   -0.31570   -0.31570
   0.11396    0.11397    0.11851    0.11851    0.12436    0.12437    0.14002    0.14002
   0.15320    0.15321    0.17190    0.17190    0.19864    0.19864    0.20835    0.20836
   0.22051    0.22052    0.23895    0.23896    0.24060    0.24061    0.25475    0.25476
   0.47024    0.47054
 kpt#  91, nband= 50, wtk=  0.00926, kpt= -0.3333 -0.1667  0.3333 (reduced coord)
  -1.94263   -1.94241   -1.94239   -1.94233   -0.80159   -0.80117   -0.80103   -0.79724
  -0.79530   -0.79312   -0.79306   -0.79074   -0.79021   -0.78982   -0.78879   -0.78815
  -0.36339   -0.34058   -0.33882   -0.33460   -0.32314   -0.32025   -0.31772   -0.31318
   0.10387    0.10786    0.11292    0.11714    0.12172    0.13439    0.13881    0.14250
   0.15063    0.15187    0.15908    0.17585    0.19920    0.20484    0.20911    0.22122
   0.22362    0.23013    0.23406    0.23735    0.24356    0.24525    0.25219    0.25716
   0.46591    0.47562
 kpt#  92, nband= 50, wtk=  0.00926, kpt= -0.1667 -0.1667  0.3333 (reduced coord)
  -1.94272   -1.94243   -1.94231   -1.94230   -0.80163   -0.80138   -0.80085   -0.79571
  -0.79548   -0.79483   -0.79170   -0.79159   -0.79117   -0.78978   -0.78820   -0.78776
  -0.37180   -0.34053   -0.33062   -0.32861   -0.32659   -0.32126   -0.31933   -0.31122
   0.09314    0.09583    0.10337    0.11481    0.12061    0.13480    0.13844    0.14281
   0.14446    0.15741    0.16354    0.16570    0.20187    0.21392    0.21931    0.22015
   0.22951    0.23045    0.23491    0.23584    0.25398    0.25566    0.25817    0.26042
   0.46363    0.47126
 kpt#  93, nband= 50, wtk=  0.00463, kpt=  0.0000  0.0000  0.5000 (reduced coord)
  -1.94262   -1.94262   -1.94226   -1.94226   -0.79907   -0.79907   -0.79898   -0.79897
  -0.79684   -0.79684   -0.79243   -0.79243   -0.78896   -0.78896   -0.78880   -0.78880
  -0.36032   -0.36032   -0.32272   -0.32271   -0.32233   -0.32232   -0.31958   -0.31958
   0.10635    0.10636    0.10699    0.10699    0.12115    0.12115    0.12924    0.12924
   0.15044    0.15044    0.17867    0.17868    0.20009    0.20009    0.20216    0.20216
   0.22039    0.22039    0.24564    0.24564    0.26684    0.26684    0.26902    0.26902
   0.47115    0.47209
 kpt#  94, nband= 50, wtk=  0.00926, kpt=  0.1667  0.0000  0.5000 (reduced coord)
  -1.94260   -1.94260   -1.94229   -1.94228   -0.79945   -0.79945   -0.79820   -0.79820
  -0.79736   -0.79736   -0.79179   -0.79179   -0.78964   -0.78964   -0.78870   -0.78870
  -0.35807   -0.35806   -0.32563   -0.32563   -0.32199   -0.32199   -0.31971   -0.31971
   0.10785    0.10785    0.11380    0.11380    0.12006    0.12006    0.12795    0.12795
   0.15755    0.15755    0.18337    0.18337    0.18850    0.18850    0.19805    0.19805
   0.23050    0.23050    0.23827    0.23827    0.26194    0.26194    0.26355    0.26355
   0.47365    0.47375
 kpt#  95, nband= 50, wtk=  0.00926, kpt=  0.3333  0.0000  0.5000 (reduced coord)
  -1.94253   -1.94253   -1.94235   -1.94235   -0.79971   -0.79971   -0.79846   -0.79845
  -0.79642   -0.79642   -0.79149   -0.79149   -0.79046   -0.79046   -0.78872   -0.78872
  -0.35171   -0.35171   -0.33308   -0.33308   -0.32141   -0.32141   -0.32009   -0.32008
   0.11103    0.11103    0.11717    0.11717    0.12939    0.12940    0.13070    0.13071
   0.16907    0.16907    0.17502    0.17502    0.18950    0.18950    0.19667    0.19668
   0.21681    0.21681    0.23878    0.23879    0.25028    0.25029    0.25710    0.25710
   0.47523    0.47587
 kpt#  96, nband= 50, wtk=  0.00463, kpt=  0.5000  0.0000  0.5000 (reduced coord)
  -1.94246   -1.94245   -1.94244   -1.94242   -0.79939   -0.79939   -0.79938   -0.79938
  -0.79399   -0.79398   -0.79397   -0.79396   -0.78931   -0.78930   -0.78930   -0.78929
  -0.34267   -0.34266   -0.34266   -0.34266   -0.32071   -0.32071   -0.32071   -0.32071
   0.11418    0.11418    0.11419    0.11419    0.13607    0.13608    0.13608    0.13609
   0.17549    0.17549    0.17549    0.17550    0.18757    0.18757    0.18757    0.18757
   0.22229    0.22229    0.22229    0.22229    0.25238    0.25238    0.25238    0.25238
   0.47444    0.47445
 kpt#  97, nband= 50, wtk=  0.00926, kpt=  0.0000  0.1667  0.5000 (reduced coord)
  -1.94260   -1.94260   -1.94229   -1.94228   -0.79930   -0.79930   -0.79836   -0.79836
  -0.79733   -0.79733   -0.79178   -0.79178   -0.78975   -0.78975   -0.78862   -0.78862
  -0.35810   -0.35810   -0.32601   -0.32600   -0.32161   -0.32160   -0.31967   -0.31967
   0.10704    0.10704    0.11470    0.11470    0.12075    0.12075    0.12795    0.12795
   0.15528    0.15529    0.18481    0.18482    0.18788    0.18789    0.19859    0.19859
   0.23038    0.23038    0.23833    0.23833    0.26201    0.26201    0.26387    0.26387
   0.47043    0.47043
 kpt#  98, nband= 50, wtk=  0.00926, kpt=  0.1667  0.1667  0.5000 (reduced coord)
  -1.94258   -1.94258   -1.94231   -1.94230   -0.80068   -0.80060   -0.79871   -0.79745
  -0.79658   -0.79646   -0.79138   -0.79135   -0.79063   -0.78914   -0.78874   -0.78858
  -0.35679   -0.35636   -0.33053   -0.32976   -0.32011   -0.31979   -0.31930   -0.31889
   0.10908    0.11088    0.11888    0.11946    0.12073    0.12133    0.12537    0.13175
   0.15389    0.16640    0.17410    0.17412    0.18684    0.18929    0.20682    0.20831
   0.22948    0.23033    0.23069    0.23952    0.25545    0.25562    0.25689    0.25990
   0.46521    0.48265
 kpt#  99, nband= 50, wtk=  0.00926, kpt=  0.3333  0.1667  0.5000 (reduced coord)
  -1.94252   -1.94252   -1.94236   -1.94236   -0.80167   -0.80114   -0.80046   -0.79890
  -0.79463   -0.79392   -0.79170   -0.79040   -0.79025   -0.78988   -0.78875   -0.78858
  -0.35256   -0.35175   -0.33803   -0.33700   -0.31934   -0.31889   -0.31784   -0.31760
   0.11383    0.11594    0.11925    0.11949    0.12924    0.12972    0.13267    0.13768
   0.15760    0.16093    0.16559    0.18146    0.19566    0.19638    0.20155    0.20796
   0.21260    0.22552    0.23375    0.23455    0.24145    0.24662    0.24781    0.25500
   0.46550    0.47687
 kpt# 100, nband= 50, wtk=  0.00926, kpt=  0.5000  0.1667  0.5000 (reduced coord)
  -1.94246   -1.94245   -1.94244   -1.94242   -0.80161   -0.80160   -0.80042   -0.80042
  -0.79308   -0.79307   -0.79155   -0.79155   -0.78938   -0.78937   -0.78911   -0.78911
  -0.34594   -0.34594   -0.34489   -0.34489   -0.31883   -0.31883   -0.31722   -0.31722
   0.11703    0.11704    0.11956    0.11956    0.13300    0.13300    0.13805    0.13806
   0.16548    0.16548    0.17198    0.17199    0.19749    0.19749    0.20177    0.20177
   0.21889    0.21889    0.21980    0.21980    0.24318    0.24318    0.25147    0.25147
   0.46983    0.47135
 kpt# 101, nband= 50, wtk=  0.00926, kpt= -0.3333  0.1667  0.5000 (reduced coord)
  -1.94252   -1.94252   -1.94236   -1.94236   -0.80167   -0.80114   -0.80046   -0.79890
  -0.79463   -0.79392   -0.79170   -0.79040   -0.79025   -0.78988   -0.78875   -0.78858
  -0.35256   -0.35175   -0.33803   -0.33700   -0.31934   -0.31889   -0.31784   -0.31760
   0.11383    0.11594    0.11925    0.11949    0.12924    0.12972    0.13267    0.13768
   0.15760    0.16093    0.16559    0.18146    0.19566    0.19638    0.20155    0.20796
   0.21260    0.22552    0.23375    0.23455    0.24145    0.24662    0.24781    0.25500
   0.46549    0.47632
 kpt# 102, nband= 50, wtk=  0.00926, kpt= -0.1667  0.1667  0.5000 (reduced coord)
  -1.94258   -1.94258   -1.94231   -1.94230   -0.80068   -0.80060   -0.79871   -0.79745
  -0.79658   -0.79646   -0.79138   -0.79135   -0.79063   -0.78914   -0.78874   -0.78858
  -0.35679   -0.35636   -0.33053   -0.32976   -0.32011   -0.31979   -0.31930   -0.31889
   0.10908    0.11088    0.11888    0.11946    0.12073    0.12133    0.12537    0.13175
   0.15389    0.16640    0.17410    0.17412    0.18684    0.18929    0.20682    0.20831
   0.22948    0.23033    0.23069    0.23952    0.25545    0.25562    0.25689    0.25990
   0.46521    0.48201
 kpt# 103, nband= 50, wtk=  0.00926, kpt=  0.0000  0.3333  0.5000 (reduced coord)
  -1.94253   -1.94253   -1.94235   -1.94235   -0.79957   -0.79957   -0.79838   -0.79838
  -0.79659   -0.79659   -0.79162   -0.79162   -0.79044   -0.79044   -0.78866   -0.78865
  -0.35184   -0.35184   -0.33344   -0.33344   -0.32102   -0.32102   -0.31994   -0.31994
   0.11052    0.11053    0.11826    0.11826    0.13014    0.13014    0.13048    0.13048
   0.16479    0.16479    0.17491    0.17492    0.18864    0.18864    0.20039    0.20039
   0.21635    0.21635    0.23955    0.23955    0.25028    0.25028    0.25777    0.25777
   0.46961    0.47015
 kpt# 104, nband= 50, wtk=  0.00926, kpt=  0.1667  0.3333  0.5000 (reduced coord)
  -1.94252   -1.94252   -1.94236   -1.94236   -0.80169   -0.80102   -0.80044   -0.79884
  -0.79480   -0.79387   -0.79181   -0.79044   -0.79019   -0.78994   -0.78871   -0.78853
  -0.35256   -0.35191   -0.33770   -0.33765   -0.31915   -0.31810   -0.31803   -0.31784
   0.11259    0.11691    0.11993    0.12008    0.12850    0.12950    0.13291    0.13962
   0.15684    0.15894    0.16535    0.17574    0.19765    0.20214    0.20256    0.20493
   0.21141    0.22485    0.23413    0.23571    0.24360    0.24632    0.24685    0.25595
   0.46037    0.47173
 kpt# 105, nband= 50, wtk=  0.00926, kpt=  0.3333  0.3333  0.5000 (reduced coord)
  -1.94249   -1.94249   -1.94240   -1.94239   -0.80305   -0.80300   -0.80258   -0.80111
  -0.79170   -0.79155   -0.79107   -0.78986   -0.78974   -0.78939   -0.78844   -0.78836
  -0.35261   -0.35174   -0.34474   -0.34432   -0.31651   -0.31492   -0.31478   -0.31442
   0.12143    0.12292    0.12335    0.12340    0.13126    0.13479    0.13663    0.13807
   0.15631    0.15642    0.16143    0.18575    0.19627    0.19662    0.21217    0.21704
   0.21788    0.22202    0.22493    0.22691    0.23153    0.23516    0.23829    0.24778
   0.45782    0.46717
 kpt# 106, nband= 50, wtk=  0.00926, kpt=  0.5000  0.3333  0.5000 (reduced coord)
  -1.94246   -1.94245   -1.94244   -1.94242   -0.80357   -0.80357   -0.80281   -0.80281
  -0.79094   -0.79094   -0.78988   -0.78988   -0.78892   -0.78892   -0.78870   -0.78869
  -0.35015   -0.35015   -0.34940   -0.34940   -0.31451   -0.31451   -0.31321   -0.31321
   0.12501    0.12501    0.12807    0.12807    0.13188    0.13188    0.13529    0.13529
   0.16412    0.16412    0.17240    0.17241    0.20341    0.20341    0.20356    0.20357
   0.21939    0.21939    0.22364    0.22364    0.22823    0.22823    0.24393    0.24394
   0.46342    0.46350
 kpt# 107, nband= 50, wtk=  0.00926, kpt= -0.3333  0.3333  0.5000 (reduced coord)
  -1.94249   -1.94249   -1.94240   -1.94239   -0.80305   -0.80300   -0.80258   -0.80111
  -0.79170   -0.79155   -0.79107   -0.78986   -0.78974   -0.78939   -0.78844   -0.78836
  -0.35261   -0.35174   -0.34474   -0.34432   -0.31651   -0.31492   -0.31478   -0.31442
   0.12143    0.12292    0.12335    0.12340    0.13126    0.13479    0.13663    0.13807
   0.15631    0.15642    0.16143    0.18575    0.19627    0.19662    0.21217    0.21704
   0.21788    0.22202    0.22493    0.22691    0.23153    0.23516    0.23829    0.24778
   0.45781    0.46718
 kpt# 108, nband= 50, wtk=  0.00926, kpt= -0.1667  0.3333  0.5000 (reduced coord)
  -1.94252   -1.94252   -1.94236   -1.94236   -0.80169   -0.80102   -0.80044   -0.79884
  -0.79480   -0.79387   -0.79181   -0.79044   -0.79019   -0.78994   -0.78871   -0.78853
  -0.35256   -0.35191   -0.33770   -0.33765   -0.31915   -0.31810   -0.31803   -0.31784
   0.11259    0.11691    0.11993    0.12008    0.12850    0.12950    0.13291    0.13962
   0.15684    0.15894    0.16535    0.17574    0.19765    0.20214    0.20256    0.20493
   0.21141    0.22485    0.23413    0.23571    0.24360    0.24632    0.24685    0.25595
   0.46037    0.47167
 kpt# 109, nband= 50, wtk=  0.00463, kpt=  0.0000  0.5000  0.5000 (reduced coord)
  -1.94246   -1.94245   -1.94244   -1.94242   -0.79928   -0.79928   -0.79927   -0.79927
  -0.79414   -0.79413   -0.79413   -0.79411   -0.78927   -0.78927   -0.78925   -0.78925
  -0.34291   -0.34291   -0.34291   -0.34290   -0.32043   -0.32043   -0.32043   -0.32042
   0.11448    0.11448    0.11448    0.11449    0.13613    0.13613    0.13615    0.13615
   0.17278    0.17278    0.17279    0.17279    0.18857    0.18858    0.18858    0.18859
   0.22347    0.22347    0.22348    0.22349    0.25286    0.25286    0.25287    0.25287
   0.47044    0.47046
 kpt# 110, nband= 50, wtk=  0.00926, kpt=  0.1667  0.5000  0.5000 (reduced coord)
  -1.94246   -1.94245   -1.94244   -1.94242   -0.80160   -0.80159   -0.80033   -0.80032
  -0.79324   -0.79323   -0.79156   -0.79156   -0.78939   -0.78937   -0.78906   -0.78904
  -0.34583   -0.34583   -0.34532   -0.34531   -0.31833   -0.31833   -0.31736   -0.31736
   0.11689    0.11690    0.12001    0.12002    0.13324    0.13325    0.13835    0.13837
   0.16408    0.16409    0.17093    0.17094    0.19483    0.19483    0.20340    0.20341
   0.21755    0.21756    0.22335    0.22336    0.24346    0.24347    0.25215    0.25216
   0.46259    0.46261
 kpt# 111, nband= 50, wtk=  0.00926, kpt=  0.3333  0.5000  0.5000 (reduced coord)
  -1.94246   -1.94245   -1.94244   -1.94242   -0.80358   -0.80358   -0.80278   -0.80277
  -0.79103   -0.79102   -0.78980   -0.78978   -0.78900   -0.78899   -0.78864   -0.78863
  -0.34999   -0.34998   -0.34964   -0.34964   -0.31422   -0.31421   -0.31341   -0.31341
   0.12447    0.12448    0.12789    0.12790    0.13263    0.13264    0.13576    0.13577
   0.16347    0.16347    0.17232    0.17233    0.20076    0.20076    0.20491    0.20492
   0.21832    0.21833    0.22477    0.22478    0.23005    0.23006    0.24383    0.24384
   0.45810    0.45811
 kpt# 112, nband= 50, wtk=  0.00463, kpt=  0.5000  0.5000  0.5000 (reduced coord)
  -1.94246   -1.94245   -1.94244   -1.94242   -0.80404   -0.80404   -0.80403   -0.80403
  -0.79003   -0.79002   -0.79002   -0.79001   -0.78828   -0.78828   -0.78827   -0.78827
  -0.35162   -0.35162   -0.35162   -0.35162   -0.31214   -0.31214   -0.31213   -0.31213
   0.12810    0.12810    0.12810    0.12810    0.13555    0.13555    0.13556    0.13556
   0.17066    0.17066    0.17066    0.17067    0.19891    0.19892    0.19892    0.19892
   0.22005    0.22005    0.22006    0.22006    0.23609    0.23610    0.23611    0.23611
   0.46242    0.46244
