 Fermi (or HOMO) energy (hartree) =   0.28059   Average Vxc (hartree)=  -0.44575
 Eigenvalues (hartree) for nkpt= 112  k points:
 kpt#   1, nband= 50, wtk=  0.00463, kpt=  0.0000  0.0000  0.0000 (reduced coord)
  -1.94278   -1.94206   -1.94196   -1.94193   -0.80676   -0.80573   -0.80560   -0.79523
  -0.79278   -0.79277   -0.79240   -0.79219   -0.79183   -0.78761   -0.78730   -0.78691
  -0.39853   -0.34429   -0.34240   -0.33659   -0.31653   -0.31268   -0.31136   -0.30623
   0.06529    0.06605    0.07510    0.09656    0.10405    0.10481    0.15948    0.15966
   0.16017    0.16595    0.17596    0.18964    0.19336    0.20230    0.21686    0.21960
   0.22787    0.23441    0.23619    0.23671    0.24931    0.26477    0.28027    0.28059
   0.45560    0.46265
 kpt#   2, nband= 50, wtk=  0.00926, kpt=  0.1667  0.0000  0.0000 (reduced coord)
  -1.94274   -1.94210   -1.94196   -1.94194   -0.80602   -0.80493   -0.80464   -0.79544
  -0.79382   -0.79297   -0.79212   -0.79209   -0.79176   -0.78865   -0.78790   -0.78727
  -0.39413   -0.34290   -0.34152   -0.33547   -0.31914   -0.31754   -0.31125   -0.30743
   0.06901    0.07343    0.07428    0.09843    0.10032    0.12183    0.14967    0.15082
   0.15574    0.16319    0.17464    0.18497    0.18888    0.20762    0.21420    0.22119
   0.23200    0.23637    0.23960    0.24298    0.24861    0.25235    0.27722    0.27939
   0.46017    0.46916
 kpt#   3, nband= 50, wtk=  0.00926, kpt=  0.3333  0.0000  0.0000 (reduced coord)
  -1.94263   -1.94220   -1.94196   -1.94194   -0.80407   -0.80315   -0.80166   -0.79682
  -0.79574   -0.79342   -0.79218   -0.79207   -0.79146   -0.79112   -0.78863   -0.78825
  -0.38274   -0.34004   -0.33962   -0.33297   -0.33255   -0.31992   -0.31277   -0.31024
   0.07554    0.07671    0.09701    0.10480    0.10505    0.12134    0.13557    0.13628
   0.15825    0.16080    0.16483    0.18105    0.19045    0.20406    0.20965    0.21596
   0.22939    0.23960    0.24045    0.24269    0.24817    0.25448    0.27527    0.27611
   0.45851    0.46178
 kpt#   4, nband= 50, wtk=  0.00463, kpt=  0.5000  0.0000  0.0000 (reduced coord)
  -1.94255   -1.94228   -1.94196   -1.94194   -0.80247   -0.80176   -0.79856   -0.79834
  -0.79704   -0.79568   -0.79345   -0.79208   -0.79113   -0.79017   -0.78921   -0.78914
  -0.37371   -0.34442   -0.33751   -0.33723   -0.33166   -0.32133   -0.31372   -0.31197
   0.08119    0.08207    0.10689    0.10771    0.10950    0.11967    0.12736    0.12762
   0.15125    0.16184    0.17544    0.17882    0.18604    0.18923    0.21189    0.21855
   0.22656    0.23066    0.24216    0.24359    0.25255    0.25655    0.27420    0.27655
   0.45384    0.46028
 kpt#   5, nband= 50, wtk=  0.00926, kpt=  0.0000  0.1667  0.0000 (reduced coord)
  -1.94273   -1.94206   -1.94201   -1.94193   -0.80567   -0.80505   -0.80489   -0.79630
  -0.79306   -0.79268   -0.79265   -0.79245   -0.79117   -0.78811   -0.78794   -0.78760
  -0.39391   -0.34391   -0.34159   -0.33655   -0.32076   -0.31307   -0.31260   -0.30696
   0.07064    0.07207    0.07519    0.09822    0.10735    0.11630    0.14759    0.15290
   0.15806    0.16719    0.16787    0.18644    0.19323    0.20165    0.21934    0.22039
   0.22783    0.23155    0.23738    0.23750    0.24406    0.26322    0.27850    0.27873
   0.45494    0.46285
 kpt#   6, nband= 50, wtk=  0.00926, kpt=  0.1667  0.1667  0.0000 (reduced coord)
  -1.94269   -1.94209   -1.94201   -1.94194   -0.80513   -0.80445   -0.80394   -0.79659
  -0.79368   -0.79349   -0.79216   -0.79205   -0.79106   -0.78993   -0.78828   -0.78722
  -0.38991   -0.34326   -0.34076   -0.33533   -0.32146   -0.31991   -0.31156   -0.30793
   0.07092    0.07913    0.07977    0.09974    0.10503    0.12685    0.14189    0.15141
   0.15528    0.15717    0.17271    0.18083    0.18989    0.20272    0.21589    0.21872
   0.23151    0.23512    0.23747    0.24326    0.24666    0.24963    0.27622    0.27757
   0.45625    0.46451
 kpt#   7, nband= 50, wtk=  0.00926, kpt=  0.3333  0.1667  0.0000 (reduced coord)
  -1.94259   -1.94218   -1.94200   -1.94196   -0.80377   -0.80269   -0.80152   -0.79789
  -0.79558   -0.79355   -0.79326   -0.79200   -0.79091   -0.79061   -0.78908   -0.78783
  -0.37958   -0.34155   -0.33938   -0.33304   -0.33234   -0.32262   -0.31272   -0.31027
   0.07566    0.08551    0.09925    0.10617    0.10846    0.12356    0.13219    0.13912
   0.15779    0.15869    0.16695    0.18114    0.18780    0.20145    0.20941    0.21045
   0.22739    0.23680    0.23835    0.24076    0.24790    0.24984    0.27451    0.27469
   0.45626    0.46009
 kpt#   8, nband= 50, wtk=  0.00926, kpt=  0.5000  0.1667  0.0000 (reduced coord)
  -1.94251   -1.94226   -1.94200   -1.94196   -0.80270   -0.80125   -0.79911   -0.79903
  -0.79680   -0.79655   -0.79273   -0.79212   -0.79081   -0.78963   -0.78942   -0.78894
  -0.37153   -0.34318   -0.34042   -0.33667   -0.33222   -0.32281   -0.31355   -0.31180
   0.08261    0.08795    0.10527    0.10957    0.11399    0.12319    0.12492    0.13345
   0.15309    0.16086    0.17687    0.17713    0.18032    0.19170    0.21139    0.21418
   0.22525    0.22580    0.23946    0.23994    0.25101    0.25240    0.27267    0.27558
   0.45695    0.45792
 kpt#   9, nband= 50, wtk=  0.00926, kpt= -0.3333  0.1667  0.0000 (reduced coord)
  -1.94259   -1.94218   -1.94200   -1.94196   -0.80376   -0.80269   -0.80152   -0.79789
  -0.79558   -0.79355   -0.79326   -0.79200   -0.79091   -0.79061   -0.78908   -0.78783
  -0.37957   -0.34155   -0.33938   -0.33304   -0.33234   -0.32263   -0.31272   -0.31027
   0.07566    0.08551    0.09925    0.10617    0.10847    0.12355    0.13219    0.13911
   0.15780    0.15869    0.16694    0.18115    0.18781    0.20145    0.20942    0.21045
   0.22739    0.23680    0.23835    0.24077    0.24789    0.24985    0.27451    0.27468
   0.45628    0.46011
 kpt#  10, nband= 50, wtk=  0.00926, kpt= -0.1667  0.1667  0.0000 (reduced coord)
  -1.94269   -1.94209   -1.94201   -1.94194   -0.80513   -0.80445   -0.80394   -0.79659
  -0.79368   -0.79349   -0.79215   -0.79205   -0.79106   -0.78993   -0.78828   -0.78722
  -0.38991   -0.34326   -0.34076   -0.33533   -0.32146   -0.31991   -0.31156   -0.30793
   0.07092    0.07914    0.07978    0.09974    0.10503    0.12684    0.14188    0.15141
   0.15528    0.15716    0.17271    0.18083    0.18989    0.20273    0.21590    0.21872
   0.23151    0.23512    0.23747    0.24326    0.24666    0.24962    0.27622    0.27757
   0.45626    0.46453
 kpt#  11, nband= 50, wtk=  0.00926, kpt=  0.0000  0.3333  0.0000 (reduced coord)
  -1.94258   -1.94216   -1.94205   -1.94194   -0.80350   -0.80267   -0.80261   -0.79862
  -0.79536   -0.79355   -0.79235   -0.79215   -0.79038   -0.79010   -0.78878   -0.78841
  -0.38118   -0.34823   -0.33962   -0.33672   -0.32640   -0.31766   -0.31213   -0.30883
   0.07373    0.08461    0.09992    0.10045    0.11567    0.12941    0.13262    0.13859
   0.14196    0.15981    0.17366    0.17992    0.19367    0.19491    0.20862    0.20931
   0.21801    0.22319    0.24332    0.24721    0.25200    0.26291    0.27504    0.27522
   0.45193    0.46165
 kpt#  12, nband= 50, wtk=  0.00926, kpt=  0.1667  0.3333  0.0000 (reduced coord)
  -1.94255   -1.94215   -1.94207   -1.94196   -0.80329   -0.80277   -0.80183   -0.79871
  -0.79551   -0.79466   -0.79225   -0.79171   -0.79078   -0.79011   -0.78919   -0.78785
  -0.37826   -0.34823   -0.33891   -0.33560   -0.32694   -0.32232   -0.31179   -0.30940
   0.07552    0.09191    0.10092    0.10232    0.11462    0.12717    0.13330    0.14144
   0.14237    0.16352    0.17245    0.18259    0.18670    0.19288    0.19687    0.21596
   0.21832    0.22912    0.24064    0.24508    0.25219    0.25318    0.27421    0.27463
   0.44998    0.45801
 kpt#  13, nband= 50, wtk=  0.00926, kpt=  0.3333  0.3333  0.0000 (reduced coord)
  -1.94247   -1.94215   -1.94212   -1.94199   -0.80285   -0.80229   -0.80020   -0.79946
  -0.79687   -0.79476   -0.79386   -0.79139   -0.79010   -0.78995   -0.78953   -0.78774
  -0.37087   -0.34797   -0.33779   -0.33403   -0.33155   -0.32725   -0.31245   -0.31084
   0.08208    0.10145    0.10258    0.11121    0.11775    0.12392    0.12914    0.14258
   0.14625    0.16023    0.17706    0.17760    0.18838    0.19107    0.19557    0.20997
   0.21773    0.22612    0.23777    0.23996    0.24392    0.25027    0.27173    0.27295
   0.44728    0.45409
 kpt#  14, nband= 50, wtk=  0.00926, kpt=  0.5000  0.3333  0.0000 (reduced coord)
  -1.94241   -1.94220   -1.94210   -1.94202   -0.80282   -0.80069   -0.80029   -0.79998
  -0.79739   -0.79550   -0.79379   -0.79196   -0.79028   -0.78932   -0.78873   -0.78844
  -0.36546   -0.34774   -0.33995   -0.33490   -0.33381   -0.32672   -0.31304   -0.31179
   0.08820    0.10149    0.10291    0.11796    0.11906    0.12455    0.12725    0.14321
   0.15216    0.15844    0.16806    0.17892    0.17976    0.19851    0.20276    0.20891
   0.21252    0.22442    0.23032    0.23446    0.24517    0.25062    0.26965    0.27226
   0.44822    0.45359
 kpt#  15, nband= 50, wtk=  0.00926, kpt= -0.3333  0.3333  0.0000 (reduced coord)
  -1.94247   -1.94215   -1.94212   -1.94199   -0.80285   -0.80229   -0.80020   -0.79946
  -0.79687   -0.79476   -0.79386   -0.79139   -0.79011   -0.78995   -0.78953   -0.78774
  -0.37086   -0.34798   -0.33779   -0.33402   -0.33155   -0.32726   -0.31245   -0.31084
   0.08208    0.10145    0.10258    0.11121    0.11776    0.12392    0.12913    0.14258
   0.14625    0.16023    0.17705    0.17761    0.18839    0.19107    0.19559    0.20998
   0.21774    0.22611    0.23777    0.23995    0.24391    0.25028    0.27173    0.27295
   0.44729    0.45405
 kpt#  16, nband= 50, wtk=  0.00926, kpt= -0.1667  0.3333  0.0000 (reduced coord)
  -1.94255   -1.94215   -1.94207   -1.94196   -0.80329   -0.80277   -0.80183   -0.79871
  -0.79551   -0.79466   -0.79224   -0.79171   -0.79078   -0.79011   -0.78919   -0.78785
  -0.37826   -0.34823   -0.33891   -0.33560   -0.32694   -0.32232   -0.31179   -0.30940
   0.07552    0.09191    0.10092    0.10232    0.11463    0.12717    0.13329    0.14143
   0.14237    0.16352    0.17245    0.18259    0.18670    0.19290    0.19688    0.21595
   0.21833    0.22911    0.24064    0.24508    0.25218    0.25319    0.27421    0.27463
   0.44999    0.45800
 kpt#  17, nband= 50, wtk=  0.00463, kpt=  0.0000  0.5000  0.0000 (reduced coord)
  -1.94242   -1.94232   -1.94204   -1.94195   -0.80123   -0.80119   -0.80017   -0.80012
  -0.79683   -0.79679   -0.79210   -0.79206   -0.78980   -0.78973   -0.78949   -0.78943
  -0.36377   -0.36371   -0.33772   -0.33769   -0.32345   -0.32341   -0.31087   -0.31083
   0.08399    0.08402    0.11318    0.11325    0.12300    0.12303    0.13024    0.13029
   0.14176    0.14185    0.18172    0.18184    0.18245    0.18247    0.20970    0.20975
   0.21436    0.21444    0.24752    0.24759    0.26095    0.26100    0.27350    0.27353
   0.45192    0.45194
 kpt#  18, nband= 50, wtk=  0.00926, kpt=  0.1667  0.5000  0.0000 (reduced coord)
  -1.94240   -1.94230   -1.94206   -1.94197   -0.80174   -0.80170   -0.79940   -0.79936
  -0.79753   -0.79751   -0.79167   -0.79166   -0.79027   -0.79023   -0.78898   -0.78894
  -0.36238   -0.36231   -0.33701   -0.33698   -0.32571   -0.32567   -0.31104   -0.31100
   0.08707    0.08711    0.11405    0.11411    0.12166    0.12167    0.13032    0.13037
   0.14900    0.14905    0.17855    0.17864    0.18313    0.18317    0.20145    0.20150
   0.22151    0.22160    0.24439    0.24442    0.25532    0.25533    0.27326    0.27330
   0.44910    0.44914
 kpt#  19, nband= 50, wtk=  0.00926, kpt=  0.3333  0.5000  0.0000 (reduced coord)
  -1.94235   -1.94225   -1.94212   -1.94202   -0.80214   -0.80212   -0.79957   -0.79956
  -0.79723   -0.79717   -0.79243   -0.79236   -0.78985   -0.78984   -0.78846   -0.78844
  -0.35904   -0.35898   -0.33592   -0.33590   -0.33001   -0.32998   -0.31179   -0.31176
   0.09342    0.09346    0.11381    0.11385    0.12407    0.12411    0.13336    0.13338
   0.15680    0.15683    0.17036    0.17044    0.18493    0.18502    0.20619    0.20619
   0.21478    0.21488    0.23872    0.23874    0.24687    0.24689    0.27099    0.27105
   0.44565    0.44577
 kpt#  20, nband= 50, wtk=  0.00463, kpt=  0.5000  0.5000  0.0000 (reduced coord)
  -1.94231   -1.94221   -1.94216   -1.94206   -0.80216   -0.80215   -0.80026   -0.80025
  -0.79605   -0.79598   -0.79360   -0.79354   -0.78929   -0.78928   -0.78836   -0.78835
  -0.35691   -0.35684   -0.33639   -0.33637   -0.33147   -0.33143   -0.31235   -0.31232
   0.09694    0.09699    0.11166    0.11169    0.12913    0.12917    0.13618    0.13619
   0.15350    0.15357    0.16795    0.16799    0.19058    0.19067    0.20520    0.20534
   0.21844    0.21845    0.22458    0.22466    0.24735    0.24739    0.26908    0.26915
   0.44609    0.44729
 kpt#  21, nband= 50, wtk=  0.00926, kpt=  0.0000  0.0000  0.1667 (reduced coord)
  -1.94273   -1.94211   -1.94196   -1.94193   -0.80598   -0.80493   -0.80463   -0.79567
  -0.79392   -0.79309   -0.79246   -0.79184   -0.79159   -0.78870   -0.78754   -0.78723
  -0.39403   -0.34265   -0.34240   -0.33575   -0.31780   -0.31710   -0.31281   -0.30737
   0.06970    0.07037    0.08447    0.09585    0.10739    0.11190    0.14878    0.15197
   0.15933    0.16837    0.17472    0.18575    0.19472    0.20202    0.21432    0.21449
   0.22455    0.23254    0.24016    0.24166    0.25071    0.26361    0.26855    0.27441
   0.45836    0.46364
 kpt#  22, nband= 50, wtk=  0.00926, kpt=  0.1667  0.0000  0.1667 (reduced coord)
  -1.94269   -1.94214   -1.94196   -1.94194   -0.80539   -0.80414   -0.80395   -0.79572
  -0.79501   -0.79274   -0.79225   -0.79212   -0.79164   -0.78981   -0.78761   -0.78759
  -0.39005   -0.34328   -0.34021   -0.33477   -0.32192   -0.31791   -0.31413   -0.30831
   0.07211    0.07854    0.08230    0.09748    0.10656    0.12376    0.14509    0.15016
   0.15304    0.16259    0.17437    0.17950    0.19426    0.20253    0.21529    0.21790
   0.22415    0.23446    0.23729    0.24538    0.25015    0.25221    0.26962    0.27419
   0.46054    0.46802
 kpt#  23, nband= 50, wtk=  0.00926, kpt=  0.3333  0.0000  0.1667 (reduced coord)
  -1.94260   -1.94221   -1.94196   -1.94196   -0.80381   -0.80261   -0.80161   -0.79704
  -0.79635   -0.79395   -0.79260   -0.79195   -0.79137   -0.79056   -0.78863   -0.78823
  -0.37977   -0.34243   -0.33791   -0.33464   -0.33134   -0.31968   -0.31526   -0.31073
   0.07852    0.08189    0.10036    0.10490    0.10925    0.12242    0.13625    0.14219
   0.15375    0.15811    0.16687    0.18010    0.19275    0.19953    0.20554    0.21802
   0.22635    0.22947    0.24136    0.24228    0.24659    0.25523    0.26569    0.27462
   0.45724    0.46186
 kpt#  24, nband= 50, wtk=  0.00926, kpt=  0.5000  0.0000  0.1667 (reduced coord)
  -1.94252   -1.94228   -1.94197   -1.94196   -0.80222   -0.80202   -0.79915   -0.79773
  -0.79763   -0.79668   -0.79250   -0.79181   -0.79063   -0.79027   -0.78959   -0.78885
  -0.37179   -0.34304   -0.34151   -0.33716   -0.33037   -0.32027   -0.31598   -0.31222
   0.08309    0.08538    0.10695    0.11037    0.11137    0.12672    0.12954    0.13402
   0.14808    0.16164    0.17186    0.17559    0.18352    0.18981    0.21363    0.21959
   0.22515    0.22934    0.23414    0.24260    0.24895    0.25707    0.26361    0.27496
   0.45354    0.45860
 kpt#  25, nband= 50, wtk=  0.00926, kpt= -0.3333  0.0000  0.1667 (reduced coord)
  -1.94260   -1.94221   -1.94197   -1.94196   -0.80381   -0.80261   -0.80161   -0.79703
  -0.79635   -0.79394   -0.79261   -0.79195   -0.79137   -0.79056   -0.78863   -0.78823
  -0.37977   -0.34243   -0.33791   -0.33464   -0.33134   -0.31968   -0.31526   -0.31074
   0.07852    0.08190    0.10036    0.10491    0.10925    0.12242    0.13625    0.14219
   0.15375    0.15811    0.16686    0.18009    0.19275    0.19954    0.20554    0.21802
   0.22635    0.22947    0.24136    0.24228    0.24660    0.25523    0.26569    0.27463
   0.45723    0.46205
 kpt#  26, nband= 50, wtk=  0.00926, kpt= -0.1667  0.0000  0.1667 (reduced coord)
  -1.94269   -1.94214   -1.94196   -1.94194   -0.80539   -0.80414   -0.80394   -0.79571
  -0.79501   -0.79276   -0.79225   -0.79211   -0.79164   -0.78982   -0.78761   -0.78758
  -0.39005   -0.34328   -0.34021   -0.33476   -0.32191   -0.31791   -0.31414   -0.30832
   0.07211    0.07854    0.08230    0.09748    0.10656    0.12377    0.14509    0.15015
   0.15304    0.16258    0.17437    0.17950    0.19426    0.20252    0.21530    0.21790
   0.22415    0.23445    0.23730    0.24538    0.25014    0.25221    0.26962    0.27420
   0.46061    0.46820
 kpt#  27, nband= 50, wtk=  0.00926, kpt=  0.0000  0.1667  0.1667 (reduced coord)
  -1.94268   -1.94210   -1.94201   -1.94194   -0.80514   -0.80425   -0.80404   -0.79690
  -0.79361   -0.79326   -0.79247   -0.79183   -0.79142   -0.78973   -0.78787   -0.78743
  -0.38976   -0.34236   -0.34225   -0.33572   -0.32114   -0.31748   -0.31406   -0.30783
   0.07427    0.07894    0.08126    0.10091    0.10935    0.11944    0.14607    0.14710
   0.15901    0.15935    0.17007    0.18423    0.19184    0.20445    0.21581    0.22014
   0.22223    0.22956    0.23362    0.24336    0.24397    0.26197    0.26879    0.27269
   0.45658    0.46458
 kpt#  28, nband= 50, wtk=  0.00926, kpt=  0.1667  0.1667  0.1667 (reduced coord)
  -1.94265   -1.94213   -1.94200   -1.94195   -0.80490   -0.80366   -0.80344   -0.79676
  -0.79467   -0.79306   -0.79280   -0.79171   -0.79125   -0.79058   -0.78791   -0.78747
  -0.38621   -0.34372   -0.34024   -0.33514   -0.32199   -0.32102   -0.31461   -0.30823
   0.07670    0.08277    0.08526    0.10219    0.10855    0.12666    0.14283    0.14719
   0.15357    0.15806    0.17023    0.17575    0.19600    0.20363    0.21401    0.21713
   0.22674    0.23037    0.23560    0.24144    0.24548    0.25109    0.26905    0.27299
   0.45616    0.46593
 kpt#  29, nband= 50, wtk=  0.00926, kpt=  0.3333  0.1667  0.1667 (reduced coord)
  -1.94256   -1.94220   -1.94200   -1.94197   -0.80399   -0.80261   -0.80176   -0.79707
  -0.79623   -0.79504   -0.79256   -0.79136   -0.79089   -0.79057   -0.78859   -0.78808
  -0.37708   -0.34339   -0.33973   -0.33714   -0.32857   -0.32125   -0.31528   -0.30980
   0.08064    0.08790    0.10190    0.10892    0.11062    0.12406    0.13672    0.14213
   0.15348    0.15640    0.16355    0.17956    0.19231    0.20149    0.20688    0.21393
   0.22487    0.23048    0.23556    0.24032    0.24397    0.24952    0.26554    0.27345
   0.45249    0.46337
 kpt#  30, nband= 50, wtk=  0.00926, kpt=  0.5000  0.1667  0.1667 (reduced coord)
  -1.94249   -1.94226   -1.94200   -1.94198   -0.80304   -0.80248   -0.79950   -0.79867
  -0.79690   -0.79654   -0.79197   -0.79138   -0.79049   -0.78965   -0.78936   -0.78907
  -0.37010   -0.34371   -0.34205   -0.34057   -0.32901   -0.32057   -0.31581   -0.31094
   0.08649    0.08888    0.10848    0.11156    0.11166    0.13133    0.13148    0.13554
   0.14912    0.15926    0.16757    0.17410    0.18538    0.19372    0.21200    0.21787
   0.22359    0.22676    0.23415    0.23598    0.24485    0.25261    0.26430    0.27308
   0.45113    0.45579
 kpt#  31, nband= 50, wtk=  0.00926, kpt= -0.3333  0.1667  0.1667 (reduced coord)
  -1.94256   -1.94220   -1.94200   -1.94197   -0.80399   -0.80261   -0.80176   -0.79708
  -0.79623   -0.79503   -0.79257   -0.79137   -0.79089   -0.79057   -0.78859   -0.78808
  -0.37708   -0.34339   -0.33972   -0.33713   -0.32857   -0.32125   -0.31528   -0.30981
   0.08063    0.08790    0.10191    0.10893    0.11063    0.12405    0.13673    0.14212
   0.15347    0.15640    0.16354    0.17956    0.19232    0.20150    0.20687    0.21394
   0.22487    0.23047    0.23557    0.24032    0.24398    0.24952    0.26554    0.27346
   0.45248    0.46177
 kpt#  32, nband= 50, wtk=  0.00926, kpt= -0.1667  0.1667  0.1667 (reduced coord)
  -1.94265   -1.94213   -1.94201   -1.94195   -0.80490   -0.80366   -0.80344   -0.79676
  -0.79467   -0.79306   -0.79281   -0.79171   -0.79125   -0.79058   -0.78791   -0.78747
  -0.38621   -0.34373   -0.34023   -0.33514   -0.32198   -0.32103   -0.31461   -0.30823
   0.07669    0.08277    0.08527    0.10219    0.10855    0.12666    0.14282    0.14719
   0.15357    0.15805    0.17023    0.17575    0.19600    0.20362    0.21402    0.21713
   0.22673    0.23037    0.23561    0.24144    0.24549    0.25107    0.26905    0.27300
   0.45616    0.46594
 kpt#  33, nband= 50, wtk=  0.00926, kpt=  0.0000  0.3333  0.1667 (reduced coord)
  -1.94254   -1.94215   -1.94208   -1.94196   -0.80313   -0.80281   -0.80168   -0.79914
  -0.79525   -0.79418   -0.79279   -0.79157   -0.79065   -0.79046   -0.78874   -0.78829
  -0.37795   -0.34698   -0.34112   -0.33666   -0.32595   -0.31797   -0.31570   -0.30954
   0.08141    0.08870    0.10177    0.10513    0.11575    0.12427    0.13734    0.13754
   0.14537    0.16351    0.16525    0.18088    0.19220    0.19392    0.20951    0.21224
   0.21893    0.22263    0.22998    0.24176    0.25158    0.26180    0.26855    0.26999
   0.45273    0.46358
 kpt#  34, nband= 50, wtk=  0.00926, kpt=  0.1667  0.3333  0.1667 (reduced coord)
  -1.94252   -1.94214   -1.94210   -1.94197   -0.80361   -0.80279   -0.80179   -0.79834
  -0.79574   -0.79495   -0.79253   -0.79121   -0.79088   -0.79014   -0.78868   -0.78809
  -0.37559   -0.34794   -0.34090   -0.33686   -0.32561   -0.32175   -0.31447   -0.30919
   0.08268    0.09341    0.10417    0.10704    0.11488    0.12556    0.13731    0.14010
   0.14413    0.16125    0.16641    0.18092    0.18653    0.19890    0.20316    0.21269
   0.22067    0.22732    0.23003    0.23806    0.24902    0.25462    0.26740    0.27026
   0.45008    0.45996
 kpt#  35, nband= 50, wtk=  0.00926, kpt=  0.3333  0.3333  0.1667 (reduced coord)
  -1.94244   -1.94216   -1.94211   -1.94201   -0.80385   -0.80277   -0.80208   -0.79885
  -0.79645   -0.79408   -0.79296   -0.79089   -0.79006   -0.78967   -0.78931   -0.78790
  -0.36959   -0.34870   -0.34220   -0.34021   -0.32579   -0.32316   -0.31394   -0.30957
   0.08723    0.10134    0.10760    0.11145    0.11818    0.12527    0.13661    0.14080
   0.14653    0.15638    0.16604    0.18439    0.18891    0.19599    0.20183    0.20732
   0.21824    0.22410    0.23181    0.23539    0.24210    0.24841    0.26455    0.27013
   0.44526    0.45551
 kpt#  36, nband= 50, wtk=  0.00926, kpt=  0.5000  0.3333  0.1667 (reduced coord)
  -1.94239   -1.94221   -1.94210   -1.94203   -0.80381   -0.80275   -0.80159   -0.80073
  -0.79552   -0.79448   -0.79230   -0.79113   -0.78998   -0.78931   -0.78881   -0.78854
  -0.36517   -0.34858   -0.34455   -0.34330   -0.32620   -0.32159   -0.31402   -0.31019
   0.09188    0.10281    0.10719    0.11561    0.11822    0.12708    0.13447    0.14554
   0.14627    0.15951    0.16359    0.17888    0.18787    0.19800    0.20268    0.21113
   0.21318    0.22251    0.22522    0.23237    0.24225    0.24826    0.26404    0.26929
   0.44441    0.45235
 kpt#  37, nband= 50, wtk=  0.00926, kpt= -0.3333  0.3333  0.1667 (reduced coord)
  -1.94244   -1.94216   -1.94211   -1.94201   -0.80386   -0.80277   -0.80207   -0.79886
  -0.79645   -0.79409   -0.79295   -0.79090   -0.79006   -0.78967   -0.78931   -0.78790
  -0.36959   -0.34871   -0.34220   -0.34021   -0.32579   -0.32317   -0.31394   -0.30957
   0.08723    0.10135    0.10759    0.11146    0.11818    0.12527    0.13660    0.14080
   0.14652    0.15639    0.16604    0.18439    0.18891    0.19600    0.20184    0.20733
   0.21825    0.22410    0.23181    0.23539    0.24210    0.24841    0.26456    0.27014
   0.44527    0.45542
 kpt#  38, nband= 50, wtk=  0.00926, kpt= -0.1667  0.3333  0.1667 (reduced coord)
  -1.94252   -1.94214   -1.94210   -1.94197   -0.80362   -0.80279   -0.80178   -0.79834
  -0.79574   -0.79495   -0.79253   -0.79122   -0.79089   -0.79013   -0.78868   -0.78809
  -0.37559   -0.34794   -0.34090   -0.33686   -0.32561   -0.32175   -0.31447   -0.30919
   0.08269    0.09341    0.10417    0.10704    0.11489    0.12556    0.13730    0.14009
   0.14412    0.16125    0.16642    0.18092    0.18653    0.19890    0.20316    0.21268
   0.22067    0.22732    0.23003    0.23806    0.24902    0.25460    0.26740    0.27027
   0.45009    0.46024
 kpt#  39, nband= 50, wtk=  0.00926, kpt=  0.0000  0.5000  0.1667 (reduced coord)
  -1.94239   -1.94229   -1.94207   -1.94197   -0.80138   -0.80134   -0.80008   -0.80005
  -0.79692   -0.79689   -0.79194   -0.79191   -0.78978   -0.78974   -0.78953   -0.78948
  -0.36173   -0.36167   -0.33891   -0.33888   -0.32313   -0.32309   -0.31255   -0.31251
   0.09112    0.09115    0.11184    0.11190    0.11988    0.11991    0.13577    0.13584
   0.14608    0.14615    0.17669    0.17675    0.18311    0.18324    0.20950    0.20955
   0.21739    0.21745    0.23602    0.23610    0.25945    0.25949    0.26865    0.26868
   0.45332    0.45340
 kpt#  40, nband= 50, wtk=  0.00926, kpt=  0.1667  0.5000  0.1667 (reduced coord)
  -1.94238   -1.94228   -1.94209   -1.94199   -0.80249   -0.80246   -0.79969   -0.79967
  -0.79689   -0.79684   -0.79135   -0.79134   -0.79000   -0.78996   -0.78917   -0.78913
  -0.36106   -0.36100   -0.33936   -0.33932   -0.32433   -0.32430   -0.31178   -0.31174
   0.09332    0.09335    0.11097    0.11103    0.12373    0.12374    0.13462    0.13467
   0.15065    0.15070    0.16992    0.16996    0.18841    0.18846    0.20522    0.20525
   0.22065    0.22071    0.23415    0.23421    0.25493    0.25495    0.26755    0.26758
   0.45012    0.45019
 kpt#  41, nband= 50, wtk=  0.00926, kpt=  0.3333  0.5000  0.1667 (reduced coord)
  -1.94233   -1.94223   -1.94213   -1.94203   -0.80331   -0.80329   -0.80118   -0.80117
  -0.79527   -0.79521   -0.79145   -0.79140   -0.78979   -0.78978   -0.78856   -0.78854
  -0.35911   -0.35906   -0.34206   -0.34203   -0.32437   -0.32435   -0.31134   -0.31131
   0.09819    0.09823    0.11246    0.11249    0.12525    0.12529    0.13655    0.13658
   0.15532    0.15536    0.16804    0.16808    0.19289    0.19295    0.20243    0.20245
   0.21608    0.21614    0.23160    0.23165    0.24715    0.24718    0.26603    0.26607
   0.44539    0.44551
 kpt#  42, nband= 50, wtk=  0.00926, kpt=  0.5000  0.5000  0.1667 (reduced coord)
  -1.94230   -1.94220   -1.94217   -1.94207   -0.80330   -0.80329   -0.80225   -0.80224
  -0.79396   -0.79390   -0.79236   -0.79230   -0.78929   -0.78928   -0.78839   -0.78838
  -0.35760   -0.35755   -0.34440   -0.34437   -0.32352   -0.32350   -0.31156   -0.31153
   0.10099    0.10102    0.11363    0.11366    0.12593    0.12598    0.13489    0.13495
   0.15905    0.15911    0.16934    0.16936    0.19403    0.19409    0.20325    0.20334
   0.21410    0.21414    0.22364    0.22372    0.24614    0.24617    0.26552    0.26557
   0.44471    0.44489
 kpt#  43, nband= 50, wtk=  0.00926, kpt= -0.3333  0.5000  0.1667 (reduced coord)
  -1.94233   -1.94223   -1.94213   -1.94203   -0.80331   -0.80329   -0.80118   -0.80117
  -0.79527   -0.79521   -0.79145   -0.79140   -0.78979   -0.78978   -0.78856   -0.78854
  -0.35911   -0.35906   -0.34206   -0.34203   -0.32437   -0.32435   -0.31134   -0.31131
   0.09820    0.09824    0.11246    0.11249    0.12525    0.12529    0.13653    0.13659
   0.15532    0.15536    0.16805    0.16809    0.19289    0.19294    0.20243    0.20244
   0.21608    0.21615    0.23161    0.23164    0.24715    0.24717    0.26603    0.26608
   0.44539    0.44551
 kpt#  44, nband= 50, wtk=  0.00926, kpt= -0.1667  0.5000  0.1667 (reduced coord)
  -1.94238   -1.94228   -1.94209   -1.94199   -0.80250   -0.80246   -0.79969   -0.79968
  -0.79689   -0.79684   -0.79136   -0.79135   -0.78999   -0.78996   -0.78917   -0.78913
  -0.36106   -0.36100   -0.33935   -0.33932   -0.32432   -0.32430   -0.31178   -0.31175
   0.09332    0.09336    0.11097    0.11102    0.12372    0.12374    0.13462    0.13467
   0.15065    0.15069    0.16993    0.16996    0.18840    0.18847    0.20521    0.20524
   0.22065    0.22072    0.23415    0.23421    0.25492    0.25494    0.26755    0.26759
   0.45012    0.45020
 kpt#  45, nband= 50, wtk=  0.00926, kpt=  0.0000 -0.3333  0.1667 (reduced coord)
  -1.94254   -1.94215   -1.94208   -1.94196   -0.80313   -0.80282   -0.80166   -0.79914
  -0.79526   -0.79417   -0.79278   -0.79158   -0.79065   -0.79046   -0.78873   -0.78828
  -0.37794   -0.34698   -0.34113   -0.33665   -0.32594   -0.31798   -0.31568   -0.30957
   0.08143    0.08870    0.10176    0.10515    0.11574    0.12429    0.13731    0.13757
   0.14532    0.16352    0.16523    0.18085    0.19215    0.19392    0.20957    0.21226
   0.21892    0.22265    0.23004    0.24169    0.25158    0.26178    0.26854    0.27000
   0.45269    0.46427
 kpt#  46, nband= 50, wtk=  0.00926, kpt=  0.1667 -0.3333  0.1667 (reduced coord)
  -1.94252   -1.94214   -1.94210   -1.94197   -0.80363   -0.80277   -0.80178   -0.79834
  -0.79574   -0.79496   -0.79253   -0.79122   -0.79087   -0.79014   -0.78868   -0.78809
  -0.37558   -0.34795   -0.34091   -0.33684   -0.32561   -0.32176   -0.31446   -0.30921
   0.08270    0.09342    0.10418    0.10705    0.11487    0.12556    0.13727    0.14012
   0.14413    0.16124    0.16641    0.18093    0.18648    0.19889    0.20319    0.21266
   0.22069    0.22734    0.23008    0.23801    0.24903    0.25461    0.26738    0.27027
   0.45004    0.46002
 kpt#  47, nband= 50, wtk=  0.00926, kpt=  0.3333 -0.3333  0.1667 (reduced coord)
  -1.94244   -1.94216   -1.94211   -1.94201   -0.80386   -0.80275   -0.80208   -0.79885
  -0.79646   -0.79409   -0.79295   -0.79091   -0.79006   -0.78968   -0.78929   -0.78790
  -0.36958   -0.34871   -0.34221   -0.34018   -0.32581   -0.32316   -0.31394   -0.30958
   0.08724    0.10138    0.10760    0.11148    0.11817    0.12522    0.13660    0.14076
   0.14656    0.15637    0.16606    0.18438    0.18888    0.19597    0.20187    0.20730
   0.21826    0.22412    0.23183    0.23537    0.24209    0.24843    0.26453    0.27014
   0.44524    0.45540
 kpt#  48, nband= 50, wtk=  0.00926, kpt=  0.5000 -0.3333  0.1667 (reduced coord)
  -1.94239   -1.94221   -1.94210   -1.94203   -0.80381   -0.80274   -0.80158   -0.80073
  -0.79553   -0.79447   -0.79229   -0.79118   -0.78995   -0.78931   -0.78881   -0.78854
  -0.36517   -0.34858   -0.34453   -0.34329   -0.32622   -0.32159   -0.31402   -0.31020
   0.09189    0.10285    0.10721    0.11563    0.11823    0.12702    0.13449    0.14548
   0.14630    0.15948    0.16360    0.17888    0.18784    0.19794    0.20270    0.21118
   0.21318    0.22260    0.22523    0.23232    0.24223    0.24825    0.26402    0.26929
   0.44443    0.45258
 kpt#  49, nband= 50, wtk=  0.00926, kpt= -0.3333 -0.3333  0.1667 (reduced coord)
  -1.94244   -1.94216   -1.94211   -1.94201   -0.80387   -0.80275   -0.80207   -0.79886
  -0.79645   -0.79409   -0.79295   -0.79091   -0.79006   -0.78967   -0.78930   -0.78790
  -0.36958   -0.34870   -0.34221   -0.34018   -0.32581   -0.32316   -0.31394   -0.30959
   0.08725    0.10138    0.10760    0.11148    0.11816    0.12522    0.13660    0.14076
   0.14656    0.15638    0.16606    0.18438    0.18888    0.19597    0.20185    0.20730
   0.21826    0.22413    0.23182    0.23539    0.24210    0.24842    0.26453    0.27014
   0.44524    0.45655
 kpt#  50, nband= 50, wtk=  0.00926, kpt= -0.1667 -0.3333  0.1667 (reduced coord)
  -1.94252   -1.94214   -1.94210   -1.94197   -0.80363   -0.80277   -0.80177   -0.79834
  -0.79573   -0.79496   -0.79254   -0.79122   -0.79087   -0.79014   -0.78867   -0.78809
  -0.37558   -0.34794   -0.34091   -0.33684   -0.32560   -0.32176   -0.31446   -0.30922
   0.08271    0.09343    0.10418    0.10705    0.11486    0.12556    0.13728    0.14012
   0.14413    0.16124    0.16641    0.18093    0.18648    0.19887    0.20319    0.21267
   0.22068    0.22735    0.23008    0.23802    0.24903    0.25460    0.26738    0.27027
   0.45003    0.46035
 kpt#  51, nband= 50, wtk=  0.00926, kpt=  0.0000 -0.1667  0.1667 (reduced coord)
  -1.94268   -1.94210   -1.94201   -1.94194   -0.80515   -0.80425   -0.80403   -0.79689
  -0.79361   -0.79327   -0.79245   -0.79183   -0.79142   -0.78974   -0.78787   -0.78742
  -0.38976   -0.34236   -0.34225   -0.33571   -0.32114   -0.31746   -0.31407   -0.30785
   0.07428    0.07895    0.08127    0.10094    0.10935    0.11943    0.14609    0.14711
   0.15896    0.15934    0.17004    0.18417    0.19184    0.20445    0.21583    0.22019
   0.22226    0.22962    0.23362    0.24332    0.24391    0.26196    0.26879    0.27269
   0.45657    0.46457
 kpt#  52, nband= 50, wtk=  0.00926, kpt=  0.1667 -0.1667  0.1667 (reduced coord)
  -1.94265   -1.94213   -1.94200   -1.94195   -0.80491   -0.80366   -0.80343   -0.79676
  -0.79467   -0.79307   -0.79281   -0.79170   -0.79126   -0.79058   -0.78791   -0.78747
  -0.38620   -0.34372   -0.34024   -0.33513   -0.32201   -0.32101   -0.31461   -0.30825
   0.07672    0.08276    0.08527    0.10221    0.10853    0.12665    0.14283    0.14719
   0.15359    0.15803    0.17020    0.17574    0.19597    0.20363    0.21402    0.21713
   0.22677    0.23042    0.23562    0.24142    0.24545    0.25108    0.26903    0.27299
   0.45614    0.46594
 kpt#  53, nband= 50, wtk=  0.00926, kpt=  0.3333 -0.1667  0.1667 (reduced coord)
  -1.94256   -1.94220   -1.94200   -1.94197   -0.80399   -0.80260   -0.80176   -0.79707
  -0.79624   -0.79505   -0.79257   -0.79135   -0.79091   -0.79056   -0.78859   -0.78808
  -0.37707   -0.34339   -0.33972   -0.33711   -0.32859   -0.32125   -0.31527   -0.30982
   0.08065    0.08792    0.10192    0.10892    0.11062    0.12404    0.13671    0.14213
   0.15346    0.15641    0.16357    0.17953    0.19230    0.20149    0.20688    0.21391
   0.22486    0.23050    0.23558    0.24034    0.24399    0.24951    0.26552    0.27345
   0.45246    0.46175
 kpt#  54, nband= 50, wtk=  0.00926, kpt=  0.5000 -0.1667  0.1667 (reduced coord)
  -1.94249   -1.94226   -1.94200   -1.94198   -0.80304   -0.80247   -0.79950   -0.79867
  -0.79689   -0.79655   -0.79199   -0.79137   -0.79048   -0.78966   -0.78935   -0.78906
  -0.37010   -0.34370   -0.34204   -0.34057   -0.32903   -0.32057   -0.31581   -0.31096
   0.08650    0.08890    0.10851    0.11156    0.11168    0.13131    0.13148    0.13552
   0.14912    0.15924    0.16756    0.17409    0.18537    0.19372    0.21199    0.21787
   0.22365    0.22673    0.23413    0.23599    0.24486    0.25260    0.26429    0.27307
   0.45112    0.45579
 kpt#  55, nband= 50, wtk=  0.00926, kpt= -0.3333 -0.1667  0.1667 (reduced coord)
  -1.94256   -1.94220   -1.94200   -1.94197   -0.80400   -0.80260   -0.80175   -0.79707
  -0.79624   -0.79504   -0.79257   -0.79136   -0.79091   -0.79056   -0.78859   -0.78808
  -0.37708   -0.34339   -0.33972   -0.33711   -0.32859   -0.32125   -0.31527   -0.30983
   0.08065    0.08791    0.10193    0.10893    0.11061    0.12405    0.13671    0.14213
   0.15345    0.15641    0.16356    0.17952    0.19230    0.20149    0.20687    0.21390
   0.22488    0.23051    0.23558    0.24033    0.24399    0.24951    0.26553    0.27345
   0.45244    0.46212
 kpt#  56, nband= 50, wtk=  0.00926, kpt= -0.1667 -0.1667  0.1667 (reduced coord)
  -1.94265   -1.94213   -1.94201   -1.94195   -0.80491   -0.80366   -0.80343   -0.79676
  -0.79466   -0.79306   -0.79282   -0.79170   -0.79126   -0.79058   -0.78791   -0.78747
  -0.38620   -0.34372   -0.34024   -0.33513   -0.32200   -0.32101   -0.31461   -0.30825
   0.07672    0.08277    0.08527    0.10221    0.10853    0.12666    0.14284    0.14719
   0.15359    0.15802    0.17020    0.17573    0.19597    0.20362    0.21403    0.21713
   0.22678    0.23041    0.23561    0.24141    0.24547    0.25107    0.26904    0.27299
   0.45613    0.46602
 kpt#  57, nband= 50, wtk=  0.00926, kpt=  0.0000  0.0000  0.3333 (reduced coord)
  -1.94260   -1.94225   -1.94195   -1.94193   -0.80379   -0.80279   -0.80203   -0.79765
  -0.79585   -0.79411   -0.79314   -0.79191   -0.79056   -0.79024   -0.78828   -0.78811
  -0.38160   -0.34855   -0.33769   -0.33390   -0.32373   -0.31829   -0.31662   -0.31208
   0.08165    0.08271    0.09746    0.11050    0.11481    0.12521    0.12847    0.13984
   0.14187    0.16816    0.18028    0.18462    0.19154    0.19575    0.19987    0.21494
   0.21558    0.23522    0.23949    0.24823    0.24871    0.25520    0.26128    0.26248
   0.46474    0.46619
 kpt#  58, nband= 50, wtk=  0.00926, kpt=  0.1667  0.0000  0.3333 (reduced coord)
  -1.94257   -1.94225   -1.94196   -1.94195   -0.80356   -0.80255   -0.80165   -0.79748
  -0.79678   -0.79441   -0.79275   -0.79177   -0.79104   -0.79009   -0.78855   -0.78801
  -0.37875   -0.34873   -0.33742   -0.33343   -0.32505   -0.31957   -0.31797   -0.31191
   0.08131    0.09006    0.09863    0.10501    0.11663    0.12527    0.13616    0.14167
   0.14506    0.16563    0.17217    0.18358    0.18809    0.19954    0.20231    0.21042
   0.21895    0.22758    0.23565    0.24911    0.25035    0.25333    0.25967    0.26299
   0.46121    0.46513
 kpt#  59, nband= 50, wtk=  0.00926, kpt=  0.3333  0.0000  0.3333 (reduced coord)
  -1.94250   -1.94227   -1.94199   -1.94197   -0.80301   -0.80203   -0.80040   -0.79846
  -0.79702   -0.79608   -0.79217   -0.79148   -0.79103   -0.78966   -0.78959   -0.78806
  -0.37157   -0.34919   -0.33718   -0.33439   -0.32946   -0.32079   -0.31812   -0.31282
   0.08453    0.09603    0.10153    0.11285    0.11644    0.12372    0.14001    0.14284
   0.15462    0.15905    0.17196    0.17672    0.18564    0.19526    0.19894    0.21122
   0.21380    0.22504    0.23578    0.24462    0.24673    0.25100    0.25706    0.26573
   0.45382    0.45845
 kpt#  60, nband= 50, wtk=  0.00926, kpt=  0.5000  0.0000  0.3333 (reduced coord)
  -1.94245   -1.94229   -1.94200   -1.94199   -0.80264   -0.80168   -0.79930   -0.79864
  -0.79829   -0.79667   -0.79210   -0.79123   -0.79054   -0.79041   -0.78917   -0.78850
  -0.36641   -0.34967   -0.33949   -0.33641   -0.32918   -0.32112   -0.31802   -0.31356
   0.08780    0.09525    0.10415    0.11639    0.11843    0.12685    0.13909    0.14180
   0.15975    0.16319    0.17005    0.17182    0.17999    0.18097    0.20694    0.21059
   0.21825    0.22294    0.23677    0.24127    0.24434    0.24581    0.25770    0.26675
   0.45030    0.45460
 kpt#  61, nband= 50, wtk=  0.00926, kpt= -0.3333  0.0000  0.3333 (reduced coord)
  -1.94250   -1.94227   -1.94199   -1.94197   -0.80301   -0.80203   -0.80040   -0.79846
  -0.79701   -0.79608   -0.79217   -0.79149   -0.79103   -0.78966   -0.78959   -0.78806
  -0.37157   -0.34919   -0.33718   -0.33439   -0.32946   -0.32079   -0.31812   -0.31282
   0.08453    0.09604    0.10153    0.11286    0.11644    0.12372    0.14001    0.14285
   0.15461    0.15904    0.17196    0.17670    0.18563    0.19526    0.19893    0.21122
   0.21381    0.22504    0.23578    0.24461    0.24673    0.25101    0.25706    0.26574
   0.45379    0.45898
 kpt#  62, nband= 50, wtk=  0.00926, kpt= -0.1667  0.0000  0.3333 (reduced coord)
  -1.94257   -1.94225   -1.94196   -1.94194   -0.80356   -0.80255   -0.80165   -0.79748
  -0.79678   -0.79441   -0.79276   -0.79177   -0.79104   -0.79009   -0.78855   -0.78801
  -0.37875   -0.34873   -0.33742   -0.33343   -0.32503   -0.31957   -0.31798   -0.31192
   0.08130    0.09006    0.09863    0.10502    0.11663    0.12527    0.13616    0.14167
   0.14505    0.16562    0.17217    0.18358    0.18807    0.19955    0.20229    0.21043
   0.21894    0.22760    0.23564    0.24911    0.25034    0.25332    0.25968    0.26299
   0.46118    0.46514
 kpt#  63, nband= 50, wtk=  0.00926, kpt=  0.0000  0.1667  0.3333 (reduced coord)
  -1.94256   -1.94223   -1.94199   -1.94195   -0.80353   -0.80207   -0.80193   -0.79867
  -0.79538   -0.79466   -0.79228   -0.79224   -0.79088   -0.79053   -0.78861   -0.78788
  -0.37826   -0.34794   -0.33837   -0.33523   -0.32272   -0.32151   -0.31665   -0.31232
   0.08638    0.08888    0.09921    0.11170    0.11505    0.12724    0.12908    0.13946
   0.14388    0.16325    0.17927    0.18080    0.18637    0.19775    0.20233    0.21541
   0.22027    0.22675    0.23321    0.24371    0.24861    0.25388    0.25911    0.26196
   0.46127    0.46735
 kpt#  64, nband= 50, wtk=  0.00926, kpt=  0.1667  0.1667  0.3333 (reduced coord)
  -1.94253   -1.94223   -1.94200   -1.94197   -0.80383   -0.80242   -0.80185   -0.79768
  -0.79615   -0.79513   -0.79231   -0.79180   -0.79081   -0.79034   -0.78826   -0.78813
  -0.37596   -0.34875   -0.33912   -0.33565   -0.32357   -0.32073   -0.31828   -0.31118
   0.08610    0.09505    0.10019    0.10818    0.11727    0.12599    0.13584    0.14297
   0.14515    0.15931    0.17059    0.17841    0.19158    0.20096    0.20626    0.21211
   0.21716    0.22401    0.23341    0.24233    0.24521    0.25067    0.25892    0.26313
   0.45639    0.46734
 kpt#  65, nband= 50, wtk=  0.00926, kpt=  0.3333  0.1667  0.3333 (reduced coord)
  -1.94247   -1.94225   -1.94201   -1.94200   -0.80397   -0.80301   -0.80157   -0.79847
  -0.79621   -0.79529   -0.79163   -0.79123   -0.79046   -0.79002   -0.78881   -0.78820
  -0.37012   -0.35003   -0.34130   -0.33906   -0.32484   -0.31973   -0.31753   -0.31107
   0.08868    0.09914    0.10567    0.11266    0.11746    0.12593    0.14124    0.14267
   0.15181    0.15589    0.16478    0.17926    0.18990    0.19737    0.20082    0.21320
   0.21893    0.22355    0.22927    0.23780    0.24220    0.25005    0.25283    0.26530
   0.44905    0.45814
 kpt#  66, nband= 50, wtk=  0.00926, kpt=  0.5000  0.1667  0.3333 (reduced coord)
  -1.94242   -1.94228   -1.94202   -1.94201   -0.80361   -0.80356   -0.80078   -0.80029
  -0.79600   -0.79495   -0.79106   -0.79079   -0.79019   -0.78987   -0.78920   -0.78865
  -0.36590   -0.35077   -0.34383   -0.34132   -0.32475   -0.31881   -0.31699   -0.31153
   0.09326    0.09610    0.10786    0.11689    0.11820    0.12770    0.14100    0.14649
   0.15062    0.16097    0.16211    0.17382    0.18719    0.18883    0.20860    0.21182
   0.22088    0.22177    0.23234    0.23342    0.23800    0.24759    0.25346    0.26539
   0.44667    0.45159
 kpt#  67, nband= 50, wtk=  0.00926, kpt= -0.3333  0.1667  0.3333 (reduced coord)
  -1.94247   -1.94225   -1.94201   -1.94200   -0.80397   -0.80301   -0.80157   -0.79847
  -0.79622   -0.79528   -0.79163   -0.79124   -0.79046   -0.79002   -0.78882   -0.78819
  -0.37012   -0.35003   -0.34130   -0.33905   -0.32484   -0.31974   -0.31753   -0.31107
   0.08867    0.09914    0.10568    0.11267    0.11747    0.12593    0.14125    0.14266
   0.15179    0.15589    0.16477    0.17926    0.18990    0.19736    0.20082    0.21320
   0.21893    0.22355    0.22927    0.23781    0.24219    0.25005    0.25282    0.26530
   0.44906    0.45815
 kpt#  68, nband= 50, wtk=  0.00926, kpt= -0.1667  0.1667  0.3333 (reduced coord)
  -1.94253   -1.94223   -1.94200   -1.94197   -0.80384   -0.80241   -0.80184   -0.79769
  -0.79615   -0.79512   -0.79232   -0.79181   -0.79081   -0.79034   -0.78826   -0.78813
  -0.37595   -0.34875   -0.33913   -0.33564   -0.32357   -0.32073   -0.31828   -0.31119
   0.08610    0.09505    0.10019    0.10820    0.11727    0.12599    0.13583    0.14296
   0.14515    0.15931    0.17059    0.17841    0.19157    0.20096    0.20626    0.21211
   0.21717    0.22401    0.23341    0.24234    0.24521    0.25066    0.25892    0.26313
   0.45640    0.46728
 kpt#  69, nband= 50, wtk=  0.00926, kpt=  0.0000  0.3333  0.3333 (reduced coord)
  -1.94245   -1.94218   -1.94211   -1.94200   -0.80237   -0.80202   -0.80029   -0.80016
  -0.79650   -0.79418   -0.79380   -0.79140   -0.79050   -0.79048   -0.78922   -0.78812
  -0.36902   -0.34599   -0.34407   -0.33867   -0.32406   -0.31984   -0.31879   -0.31358
   0.09594    0.10436    0.10592    0.11462    0.11622    0.12644    0.13252    0.13684
   0.14876    0.15737    0.17121    0.17314    0.19031    0.19620    0.20204    0.20959
   0.21310    0.22338    0.22389    0.23232    0.24861    0.25323    0.25866    0.26047
   0.45653    0.46893
 kpt#  70, nband= 50, wtk=  0.00926, kpt=  0.1667  0.3333  0.3333 (reduced coord)
  -1.94243   -1.94219   -1.94210   -1.94201   -0.80367   -0.80265   -0.80215   -0.79904
  -0.79614   -0.79393   -0.79281   -0.79089   -0.79035   -0.79018   -0.78883   -0.78826
  -0.36817   -0.34837   -0.34532   -0.34065   -0.32182   -0.32074   -0.31754   -0.31140
   0.09624    0.10367    0.11003    0.11517    0.11790    0.12606    0.13504    0.14017
   0.14791    0.15449    0.16458    0.18067    0.18738    0.20166    0.20303    0.21032
   0.21413    0.22025    0.22412    0.22995    0.24455    0.24997    0.25730    0.26143
   0.45126    0.46450
 kpt#  71, nband= 50, wtk=  0.00926, kpt=  0.3333  0.3333  0.3333 (reduced coord)
  -1.94238   -1.94221   -1.94210   -1.94204   -0.80484   -0.80406   -0.80336   -0.80125
  -0.79389   -0.79285   -0.79140   -0.79046   -0.78992   -0.78964   -0.78871   -0.78829
  -0.36568   -0.35132   -0.34876   -0.34584   -0.32014   -0.31760   -0.31506   -0.30964
   0.09746    0.10756    0.11392    0.11715    0.11872    0.12584    0.13378    0.14300
   0.14881    0.15897    0.16565    0.18159    0.18737    0.19727    0.20525    0.20863
   0.21505    0.22011    0.22230    0.23043    0.23696    0.24795    0.25145    0.26145
   0.44338    0.45763
 kpt#  72, nband= 50, wtk=  0.00926, kpt=  0.5000  0.3333  0.3333 (reduced coord)
  -1.94234   -1.94223   -1.94210   -1.94206   -0.80511   -0.80474   -0.80328   -0.80294
  -0.79283   -0.79260   -0.79045   -0.79024   -0.78951   -0.78934   -0.78889   -0.78861
  -0.36362   -0.35252   -0.35038   -0.34939   -0.31900   -0.31545   -0.31432   -0.30940
   0.10060    0.10658    0.11553    0.11814    0.11827    0.12760    0.13298    0.14042
   0.15439    0.16236    0.16739    0.17719    0.19269    0.19452    0.20129    0.20931
   0.21637    0.21800    0.22074    0.22889    0.23452    0.24888    0.24898    0.26114
   0.44163    0.44807
 kpt#  73, nband= 50, wtk=  0.00926, kpt= -0.3333  0.3333  0.3333 (reduced coord)
  -1.94238   -1.94221   -1.94210   -1.94204   -0.80485   -0.80405   -0.80335   -0.80125
  -0.79389   -0.79285   -0.79139   -0.79046   -0.78991   -0.78964   -0.78871   -0.78829
  -0.36568   -0.35132   -0.34876   -0.34583   -0.32014   -0.31760   -0.31506   -0.30964
   0.09746    0.10756    0.11393    0.11716    0.11872    0.12585    0.13377    0.14300
   0.14880    0.15897    0.16564    0.18158    0.18737    0.19726    0.20526    0.20862
   0.21505    0.22011    0.22230    0.23044    0.23696    0.24794    0.25145    0.26146
   0.44339    0.45747
 kpt#  74, nband= 50, wtk=  0.00926, kpt= -0.1667  0.3333  0.3333 (reduced coord)
  -1.94243   -1.94219   -1.94210   -1.94201   -0.80367   -0.80264   -0.80214   -0.79904
  -0.79614   -0.79393   -0.79281   -0.79090   -0.79035   -0.79018   -0.78882   -0.78826
  -0.36816   -0.34837   -0.34532   -0.34064   -0.32182   -0.32073   -0.31755   -0.31140
   0.09624    0.10368    0.11003    0.11517    0.11790    0.12607    0.13503    0.14017
   0.14791    0.15448    0.16459    0.18066    0.18738    0.20165    0.20304    0.21032
   0.21414    0.22025    0.22412    0.22996    0.24455    0.24995    0.25731    0.26143
   0.45127    0.46450
 kpt#  75, nband= 50, wtk=  0.00926, kpt=  0.0000  0.5000  0.3333 (reduced coord)
  -1.94233   -1.94223   -1.94214   -1.94204   -0.80149   -0.80147   -0.80045   -0.80044
  -0.79622   -0.79616   -0.79262   -0.79256   -0.78975   -0.78973   -0.78917   -0.78914
  -0.35624   -0.35618   -0.34273   -0.34268   -0.32205   -0.32202   -0.31633   -0.31629
   0.10722    0.10725    0.11539    0.11543    0.11570    0.11572    0.14525    0.14536
   0.14764    0.14768    0.16803    0.16810    0.18713    0.18726    0.20585    0.20588
   0.21269    0.21271    0.22731    0.22737    0.25457    0.25463    0.25596    0.25601
   0.45838    0.45849
 kpt#  76, nband= 50, wtk=  0.00926, kpt=  0.1667  0.5000  0.3333 (reduced coord)
  -1.94232   -1.94222   -1.94215   -1.94205   -0.80314   -0.80312   -0.80125   -0.80124
  -0.79493   -0.79486   -0.79145   -0.79141   -0.78961   -0.78958   -0.78921   -0.78918
  -0.35725   -0.35720   -0.34490   -0.34486   -0.32117   -0.32114   -0.31396   -0.31393
   0.10709    0.10711    0.11253    0.11258    0.12272    0.12274    0.14302    0.14306
   0.14913    0.14919    0.16724    0.16729    0.19179    0.19186    0.20486    0.20489
   0.21304    0.21306    0.22617    0.22621    0.24944    0.24947    0.25733    0.25735
   0.45363    0.45373
 kpt#  77, nband= 50, wtk=  0.00926, kpt=  0.3333  0.5000  0.3333 (reduced coord)
  -1.94229   -1.94219   -1.94217   -1.94207   -0.80470   -0.80468   -0.80339   -0.80338
  -0.79261   -0.79255   -0.79022   -0.79020   -0.78962   -0.78959   -0.78882   -0.78880
  -0.35844   -0.35839   -0.34971   -0.34967   -0.31784   -0.31782   -0.31121   -0.31118
   0.10856    0.10859    0.11447    0.11451    0.12457    0.12462    0.13596    0.13603
   0.15869    0.15874    0.17139    0.17143    0.19185    0.19191    0.20200    0.20203
   0.21334    0.21338    0.22459    0.22465    0.24538    0.24540    0.25497    0.25500
   0.44630    0.44638
 kpt#  78, nband= 50, wtk=  0.00926, kpt=  0.5000  0.5000  0.3333 (reduced coord)
  -1.94227   -1.94219   -1.94217   -1.94209   -0.80499   -0.80498   -0.80460   -0.80458
  -0.79140   -0.79135   -0.79041   -0.79036   -0.78933   -0.78930   -0.78852   -0.78851
  -0.35846   -0.35841   -0.35245   -0.35241   -0.31576   -0.31573   -0.31048   -0.31045
   0.11008    0.11012    0.11701    0.11704    0.12367    0.12374    0.13157    0.13168
   0.16747    0.16752    0.17188    0.17192    0.19475    0.19480    0.19623    0.19629
   0.21315    0.21323    0.22262    0.22269    0.24369    0.24373    0.25504    0.25507
   0.44420    0.44433
 kpt#  79, nband= 50, wtk=  0.00926, kpt= -0.3333  0.5000  0.3333 (reduced coord)
  -1.94229   -1.94219   -1.94217   -1.94207   -0.80470   -0.80468   -0.80339   -0.80338
  -0.79260   -0.79254   -0.79023   -0.79020   -0.78962   -0.78959   -0.78881   -0.78879
  -0.35844   -0.35839   -0.34971   -0.34967   -0.31783   -0.31782   -0.31121   -0.31118
   0.10856    0.10859    0.11448    0.11452    0.12456    0.12461    0.13595    0.13604
   0.15869    0.15875    0.17139    0.17142    0.19185    0.19190    0.20200    0.20203
   0.21333    0.21339    0.22460    0.22465    0.24538    0.24539    0.25497    0.25500
   0.44629    0.44639
 kpt#  80, nband= 50, wtk=  0.00926, kpt= -0.1667  0.5000  0.3333 (reduced coord)
  -1.94232   -1.94222   -1.94215   -1.94205   -0.80314   -0.80312   -0.80124   -0.80124
  -0.79492   -0.79486   -0.79146   -0.79142   -0.78960   -0.78958   -0.78921   -0.78918
  -0.35725   -0.35720   -0.34489   -0.34486   -0.32116   -0.32114   -0.31397   -0.31393
   0.10710    0.10712    0.11253    0.11259    0.12272    0.12274    0.14302    0.14307
   0.14912    0.14919    0.16724    0.16729    0.19178    0.19186    0.20486    0.20490
   0.21303    0.21306    0.22617    0.22621    0.24942    0.24947    0.25734    0.25736
   0.45363    0.45373
 kpt#  81, nband= 50, wtk=  0.00926, kpt=  0.0000 -0.3333  0.3333 (reduced coord)
  -1.94245   -1.94218   -1.94211   -1.94200   -0.80237   -0.80201   -0.80029   -0.80015
  -0.79650   -0.79417   -0.79381   -0.79143   -0.79049   -0.79047   -0.78922   -0.78812
  -0.36900   -0.34601   -0.34408   -0.33865   -0.32404   -0.31983   -0.31881   -0.31361
   0.09595    0.10441    0.10590    0.11464    0.11619    0.12644    0.13257    0.13684
   0.14875    0.15729    0.17122    0.17307    0.19034    0.19614    0.20207    0.20960
   0.21319    0.22342    0.22390    0.23226    0.24866    0.25321    0.25863    0.26048
   0.45648    0.46896
 kpt#  82, nband= 50, wtk=  0.00926, kpt=  0.1667 -0.3333  0.3333 (reduced coord)
  -1.94243   -1.94219   -1.94210   -1.94201   -0.80368   -0.80262   -0.80215   -0.79904
  -0.79614   -0.79395   -0.79281   -0.79089   -0.79036   -0.79017   -0.78883   -0.78825
  -0.36815   -0.34839   -0.34534   -0.34062   -0.32180   -0.32076   -0.31754   -0.31142
   0.09625    0.10372    0.11002    0.11516    0.11790    0.12606    0.13503    0.14019
   0.14790    0.15445    0.16457    0.18065    0.18735    0.20167    0.20302    0.21032
   0.21417    0.22028    0.22415    0.22993    0.24457    0.24992    0.25731    0.26143
   0.45122    0.46471
 kpt#  83, nband= 50, wtk=  0.00926, kpt=  0.3333 -0.3333  0.3333 (reduced coord)
  -1.94238   -1.94221   -1.94210   -1.94204   -0.80486   -0.80403   -0.80335   -0.80125
  -0.79389   -0.79286   -0.79141   -0.79043   -0.78993   -0.78963   -0.78869   -0.78830
  -0.36567   -0.35133   -0.34877   -0.34581   -0.32016   -0.31760   -0.31506   -0.30966
   0.09747    0.10761    0.11395    0.11716    0.11871    0.12581    0.13375    0.14300
   0.14879    0.15896    0.16565    0.18158    0.18735    0.19731    0.20520    0.20861
   0.21508    0.22013    0.22231    0.23043    0.23695    0.24797    0.25145    0.26144
   0.44337    0.45740
 kpt#  84, nband= 50, wtk=  0.00926, kpt=  0.5000 -0.3333  0.3333 (reduced coord)
  -1.94234   -1.94223   -1.94210   -1.94206   -0.80512   -0.80473   -0.80327   -0.80295
  -0.79283   -0.79260   -0.79046   -0.79026   -0.78949   -0.78933   -0.78888   -0.78862
  -0.36361   -0.35253   -0.35038   -0.34937   -0.31902   -0.31545   -0.31431   -0.30942
   0.10060    0.10662    0.11558    0.11817    0.11832    0.12750    0.13294    0.14044
   0.15436    0.16236    0.16740    0.17716    0.19268    0.19449    0.20128    0.20934
   0.21637    0.21806    0.22074    0.22886    0.23450    0.24890    0.24901    0.26111
   0.44165    0.44806
 kpt#  85, nband= 50, wtk=  0.00926, kpt= -0.3333 -0.3333  0.3333 (reduced coord)
  -1.94238   -1.94221   -1.94210   -1.94204   -0.80486   -0.80403   -0.80335   -0.80125
  -0.79388   -0.79286   -0.79141   -0.79044   -0.78993   -0.78964   -0.78869   -0.78830
  -0.36567   -0.35133   -0.34877   -0.34581   -0.32016   -0.31760   -0.31505   -0.30966
   0.09747    0.10761    0.11394    0.11716    0.11872    0.12581    0.13375    0.14300
   0.14880    0.15896    0.16564    0.18157    0.18734    0.19731    0.20519    0.20860
   0.21508    0.22014    0.22231    0.23043    0.23696    0.24795    0.25146    0.26144
   0.44336    0.45738
 kpt#  86, nband= 50, wtk=  0.00926, kpt= -0.1667 -0.3333  0.3333 (reduced coord)
  -1.94243   -1.94219   -1.94210   -1.94201   -0.80369   -0.80262   -0.80215   -0.79904
  -0.79614   -0.79394   -0.79282   -0.79090   -0.79037   -0.79017   -0.78882   -0.78825
  -0.36815   -0.34839   -0.34534   -0.34062   -0.32181   -0.32075   -0.31754   -0.31142
   0.09625    0.10372    0.11002    0.11516    0.11791    0.12605    0.13503    0.14019
   0.14790    0.15444    0.16457    0.18064    0.18735    0.20167    0.20302    0.21032
   0.21416    0.22028    0.22416    0.22994    0.24457    0.24991    0.25731    0.26144
   0.45121    0.46469
 kpt#  87, nband= 50, wtk=  0.00926, kpt=  0.0000 -0.1667  0.3333 (reduced coord)
  -1.94256   -1.94223   -1.94199   -1.94195   -0.80353   -0.80207   -0.80192   -0.79867
  -0.79537   -0.79466   -0.79229   -0.79224   -0.79089   -0.79052   -0.78861   -0.78787
  -0.37825   -0.34795   -0.33837   -0.33520   -0.32272   -0.32150   -0.31667   -0.31234
   0.08638    0.08887    0.09924    0.11172    0.11503    0.12724    0.12910    0.13947
   0.14387    0.16319    0.17930    0.18072    0.18632    0.19781    0.20228    0.21549
   0.22032    0.22671    0.23329    0.24366    0.24861    0.25386    0.25909    0.26196
   0.46128    0.46730
 kpt#  88, nband= 50, wtk=  0.00926, kpt=  0.1667 -0.1667  0.3333 (reduced coord)
  -1.94253   -1.94223   -1.94200   -1.94197   -0.80384   -0.80240   -0.80184   -0.79768
  -0.79616   -0.79514   -0.79231   -0.79181   -0.79081   -0.79034   -0.78826   -0.78813
  -0.37594   -0.34875   -0.33913   -0.33563   -0.32357   -0.32073   -0.31829   -0.31120
   0.08612    0.09503    0.10023    0.10819    0.11725    0.12599    0.13585    0.14297
   0.14514    0.15930    0.17056    0.17840    0.19156    0.20092    0.20627    0.21212
   0.21722    0.22404    0.23344    0.24231    0.24520    0.25066    0.25892    0.26312
   0.45639    0.46727
 kpt#  89, nband= 50, wtk=  0.00926, kpt=  0.3333 -0.1667  0.3333 (reduced coord)
  -1.94247   -1.94225   -1.94201   -1.94200   -0.80398   -0.80300   -0.80156   -0.79847
  -0.79623   -0.79528   -0.79164   -0.79123   -0.79046   -0.79001   -0.78881   -0.78820
  -0.37011   -0.35003   -0.34129   -0.33904   -0.32486   -0.31973   -0.31754   -0.31108
   0.08869    0.09915    0.10569    0.11265    0.11748    0.12591    0.14125    0.14261
   0.15180    0.15590    0.16477    0.17924    0.18989    0.19738    0.20082    0.21318
   0.21893    0.22355    0.22927    0.23781    0.24221    0.25007    0.25282    0.26527
   0.44907    0.45816
 kpt#  90, nband= 50, wtk=  0.00926, kpt=  0.5000 -0.1667  0.3333 (reduced coord)
  -1.94242   -1.94228   -1.94202   -1.94201   -0.80359   -0.80358   -0.80075   -0.80031
  -0.79602   -0.79493   -0.79108   -0.79080   -0.79017   -0.78986   -0.78921   -0.78864
  -0.36589   -0.35077   -0.34381   -0.34132   -0.32476   -0.31881   -0.31699   -0.31154
   0.09327    0.09609    0.10790    0.11693    0.11821    0.12764    0.14096    0.14650
   0.15064    0.16096    0.16210    0.17380    0.18718    0.18882    0.20858    0.21184
   0.22092    0.22177    0.23233    0.23340    0.23804    0.24761    0.25346    0.26536
   0.44669    0.45157
 kpt#  91, nband= 50, wtk=  0.00926, kpt= -0.3333 -0.1667  0.3333 (reduced coord)
  -1.94247   -1.94225   -1.94201   -1.94200   -0.80398   -0.80300   -0.80156   -0.79847
  -0.79624   -0.79527   -0.79164   -0.79124   -0.79046   -0.79000   -0.78882   -0.78820
  -0.37011   -0.35003   -0.34129   -0.33904   -0.32485   -0.31974   -0.31753   -0.31109
   0.08869    0.09916    0.10568    0.11265    0.11749    0.12592    0.14126    0.14262
   0.15179    0.15590    0.16476    0.17923    0.18987    0.19739    0.20082    0.21317
   0.21894    0.22356    0.22928    0.23780    0.24222    0.25007    0.25282    0.26528
   0.44905    0.45817
 kpt#  92, nband= 50, wtk=  0.00926, kpt= -0.1667 -0.1667  0.3333 (reduced coord)
  -1.94253   -1.94223   -1.94200   -1.94197   -0.80385   -0.80240   -0.80184   -0.79769
  -0.79616   -0.79513   -0.79232   -0.79181   -0.79081   -0.79035   -0.78826   -0.78813
  -0.37595   -0.34876   -0.33912   -0.33563   -0.32356   -0.32073   -0.31829   -0.31121
   0.08612    0.09503    0.10023    0.10819    0.11726    0.12600    0.13585    0.14297
   0.14513    0.15930    0.17055    0.17840    0.19155    0.20092    0.20628    0.21213
   0.21720    0.22406    0.23343    0.24230    0.24521    0.25065    0.25892    0.26313
   0.45638    0.46734
 kpt#  93, nband= 50, wtk=  0.00463, kpt=  0.0000  0.0000  0.5000 (reduced coord)
  -1.94244   -1.94241   -1.94195   -1.94193   -0.80075   -0.80074   -0.80035   -0.80034
  -0.79673   -0.79673   -0.79294   -0.79293   -0.78944   -0.78943   -0.78926   -0.78926
  -0.36441   -0.36440   -0.33369   -0.33368   -0.32168   -0.32166   -0.31709   -0.31708
   0.09350    0.09351    0.10481    0.10482    0.12568    0.12569    0.13016    0.13017
   0.14883    0.14884    0.17813    0.17815    0.18954    0.18955    0.21009    0.21011
   0.21929    0.21930    0.24368    0.24370    0.25198    0.25200    0.26017    0.26019
   0.46805    0.46806
 kpt#  94, nband= 50, wtk=  0.00926, kpt=  0.1667  0.0000  0.5000 (reduced coord)
  -1.94242   -1.94240   -1.94196   -1.94195   -0.80145   -0.80144   -0.79952   -0.79951
  -0.79739   -0.79739   -0.79227   -0.79226   -0.78985   -0.78983   -0.78905   -0.78903
  -0.36315   -0.36314   -0.33409   -0.33408   -0.32335   -0.32334   -0.31640   -0.31639
   0.09273    0.09274    0.10703    0.10704    0.12607    0.12608    0.13375    0.13376
   0.15317    0.15319    0.17438    0.17439    0.18681    0.18684    0.20864    0.20865
   0.22076    0.22077    0.23931    0.23933    0.25230    0.25232    0.25887    0.25888
   0.46199    0.46202
 kpt#  95, nband= 50, wtk=  0.00926, kpt=  0.3333  0.0000  0.5000 (reduced coord)
  -1.94238   -1.94237   -1.94200   -1.94198   -0.80211   -0.80211   -0.79875   -0.79874
  -0.79806   -0.79805   -0.79141   -0.79140   -0.79060   -0.79059   -0.78867   -0.78866
  -0.36026   -0.36025   -0.33546   -0.33545   -0.32570   -0.32569   -0.31579   -0.31578
   0.09384    0.09385    0.10955    0.10955    0.12367    0.12368    0.14525    0.14526
   0.16138    0.16140    0.16870    0.16872    0.18376    0.18379    0.19999    0.20001
   0.22299    0.22300    0.23301    0.23303    0.24922    0.24924    0.25884    0.25886
   0.45372    0.45375
 kpt#  96, nband= 50, wtk=  0.00463, kpt=  0.5000  0.0000  0.5000 (reduced coord)
  -1.94236   -1.94235   -1.94201   -1.94200   -0.80235   -0.80235   -0.79917   -0.79917
  -0.79741   -0.79740   -0.79193   -0.79191   -0.79018   -0.79018   -0.78859   -0.78859
  -0.35857   -0.35855   -0.33658   -0.33658   -0.32655   -0.32654   -0.31565   -0.31564
   0.09576    0.09577    0.11000    0.11001    0.12142    0.12143    0.15359    0.15360
   0.16234    0.16235    0.16928    0.16929    0.18459    0.18462    0.19170    0.19171
   0.21862    0.21862    0.23532    0.23534    0.24667    0.24668    0.25828    0.25829
   0.44997    0.44999
 kpt#  97, nband= 50, wtk=  0.00926, kpt=  0.0000  0.1667  0.5000 (reduced coord)
  -1.94241   -1.94238   -1.94198   -1.94196   -0.80116   -0.80115   -0.80007   -0.80007
  -0.79686   -0.79686   -0.79243   -0.79242   -0.79016   -0.79015   -0.78884   -0.78883
  -0.36239   -0.36237   -0.33565   -0.33563   -0.32146   -0.32145   -0.31761   -0.31760
   0.09831    0.09832    0.10695    0.10697    0.12532    0.12533    0.13249    0.13251
   0.14758    0.14760    0.17655    0.17661    0.19253    0.19257    0.20182    0.20189
   0.22284    0.22288    0.23908    0.23916    0.24982    0.24986    0.25745    0.25748
   0.46620    0.46625
 kpt#  98, nband= 50, wtk=  0.00926, kpt=  0.1667  0.1667  0.5000 (reduced coord)
  -1.94239   -1.94237   -1.94199   -1.94197   -0.80254   -0.80234   -0.79977   -0.79926
  -0.79684   -0.79673   -0.79209   -0.79173   -0.79021   -0.78966   -0.78892   -0.78889
  -0.36235   -0.36120   -0.33793   -0.33607   -0.32377   -0.32109   -0.31689   -0.31495
   0.09625    0.09791    0.10903    0.10978    0.12414    0.12691    0.13458    0.13746
   0.14987    0.15235    0.16836    0.17448    0.18984    0.19179    0.20543    0.20725
   0.21973    0.22283    0.23561    0.23975    0.24205    0.24880    0.25493    0.26079
   0.45640    0.46699
 kpt#  99, nband= 50, wtk=  0.00926, kpt=  0.3333  0.1667  0.5000 (reduced coord)
  -1.94236   -1.94234   -1.94202   -1.94201   -0.80353   -0.80351   -0.80095   -0.80024
  -0.79557   -0.79552   -0.79128   -0.79072   -0.79019   -0.79001   -0.78875   -0.78867
  -0.36087   -0.35959   -0.34131   -0.33993   -0.32268   -0.32162   -0.31465   -0.31373
   0.09598    0.10094    0.10846    0.11416    0.12352    0.12464    0.13953    0.14854
   0.15667    0.15693    0.16418    0.17714    0.18624    0.18694    0.19940    0.20886
   0.22186    0.22213    0.22734    0.23474    0.23965    0.24574    0.25609    0.25796
   0.44837    0.45536
 kpt# 100, nband= 50, wtk=  0.00926, kpt=  0.5000  0.1667  0.5000 (reduced coord)
  -1.94234   -1.94232   -1.94203   -1.94202   -0.80384   -0.80383   -0.80131   -0.80128
  -0.79481   -0.79478   -0.79095   -0.79092   -0.78995   -0.78993   -0.78865   -0.78865
  -0.35921   -0.35919   -0.34277   -0.34275   -0.32145   -0.32143   -0.31384   -0.31383
   0.10002    0.10006    0.11153    0.11158    0.12247    0.12249    0.14588    0.14589
   0.16520    0.16522    0.16708    0.16709    0.18743    0.18746    0.20010    0.20014
   0.21923    0.21928    0.23039    0.23041    0.24176    0.24177    0.25668    0.25670
   0.44732    0.44735
 kpt# 101, nband= 50, wtk=  0.00926, kpt= -0.3333  0.1667  0.5000 (reduced coord)
  -1.94236   -1.94234   -1.94202   -1.94201   -0.80352   -0.80351   -0.80095   -0.80024
  -0.79557   -0.79552   -0.79128   -0.79072   -0.79019   -0.79001   -0.78875   -0.78867
  -0.36088   -0.35958   -0.34132   -0.33993   -0.32268   -0.32162   -0.31465   -0.31372
   0.09597    0.10095    0.10846    0.11416    0.12353    0.12462    0.13953    0.14854
   0.15666    0.15693    0.16418    0.17715    0.18625    0.18693    0.19940    0.20885
   0.22187    0.22214    0.22735    0.23473    0.23966    0.24573    0.25609    0.25797
   0.44838    0.45535
 kpt# 102, nband= 50, wtk=  0.00926, kpt= -0.1667  0.1667  0.5000 (reduced coord)
  -1.94239   -1.94237   -1.94199   -1.94197   -0.80254   -0.80234   -0.79977   -0.79926
  -0.79684   -0.79673   -0.79209   -0.79174   -0.79021   -0.78966   -0.78892   -0.78889
  -0.36236   -0.36119   -0.33794   -0.33606   -0.32377   -0.32109   -0.31689   -0.31495
   0.09624    0.09792    0.10903    0.10979    0.12414    0.12690    0.13458    0.13746
   0.14986    0.15234    0.16836    0.17449    0.18986    0.19178    0.20542    0.20724
   0.21974    0.22283    0.23560    0.23977    0.24205    0.24879    0.25494    0.26079
   0.45641    0.46698
 kpt# 103, nband= 50, wtk=  0.00926, kpt=  0.0000  0.3333  0.5000 (reduced coord)
  -1.94232   -1.94230   -1.94206   -1.94204   -0.80149   -0.80149   -0.80035   -0.80035
  -0.79626   -0.79624   -0.79250   -0.79248   -0.79034   -0.79034   -0.78869   -0.78868
  -0.35681   -0.35678   -0.34125   -0.34123   -0.32081   -0.32079   -0.31871   -0.31870
   0.10638    0.10639    0.11414    0.11418    0.12598    0.12600    0.13674    0.13675
   0.14809    0.14810    0.17306    0.17312    0.18255    0.18263    0.20393    0.20394
   0.22192    0.22193    0.22813    0.22818    0.24478    0.24486    0.25569    0.25573
   0.46397    0.46400
 kpt# 104, nband= 50, wtk=  0.00926, kpt=  0.1667  0.3333  0.5000 (reduced coord)
  -1.94232   -1.94229   -1.94207   -1.94205   -0.80337   -0.80291   -0.80160   -0.80070
  -0.79507   -0.79454   -0.79194   -0.79114   -0.79021   -0.79009   -0.78871   -0.78870
  -0.35854   -0.35696   -0.34409   -0.34369   -0.32036   -0.31970   -0.31668   -0.31485
   0.10463    0.10739    0.11403    0.11665    0.12357    0.12862    0.13761    0.13868
   0.14877    0.15210    0.16753    0.16790    0.19045    0.19251    0.20297    0.20684
   0.21727    0.22058    0.22422    0.22568    0.24191    0.24640    0.25075    0.25946
   0.45259    0.46993
 kpt# 105, nband= 50, wtk=  0.00926, kpt=  0.3333  0.3333  0.5000 (reduced coord)
  -1.94230   -1.94228   -1.94208   -1.94207   -0.80500   -0.80478   -0.80346   -0.80271
  -0.79268   -0.79236   -0.79057   -0.79027   -0.78991   -0.78952   -0.78867   -0.78861
  -0.35990   -0.35839   -0.34897   -0.34865   -0.31713   -0.31687   -0.31275   -0.31184
   0.10528    0.10788    0.11676    0.12003    0.12178    0.12732    0.13334    0.13620
   0.15873    0.16001    0.16959    0.17207    0.18978    0.19211    0.20483    0.20677
   0.21375    0.22042    0.22300    0.22399    0.23576    0.24352    0.25220    0.25449
   0.44332    0.45585
 kpt# 106, nband= 50, wtk=  0.00926, kpt=  0.5000  0.3333  0.5000 (reduced coord)
  -1.94229   -1.94227   -1.94209   -1.94208   -0.80549   -0.80547   -0.80400   -0.80398
  -0.79163   -0.79161   -0.79001   -0.78997   -0.78950   -0.78947   -0.78860   -0.78859
  -0.35956   -0.35954   -0.35123   -0.35121   -0.31517   -0.31516   -0.31122   -0.31121
   0.10804    0.10808    0.11833    0.11842    0.12404    0.12409    0.13345    0.13345
   0.16463    0.16464    0.17261    0.17262    0.19116    0.19121    0.20104    0.20109
   0.21959    0.21962    0.22544    0.22546    0.23472    0.23476    0.25302    0.25307
   0.44380    0.44382
 kpt# 107, nband= 50, wtk=  0.00926, kpt= -0.3333  0.3333  0.5000 (reduced coord)
  -1.94230   -1.94228   -1.94208   -1.94207   -0.80500   -0.80478   -0.80346   -0.80271
  -0.79268   -0.79236   -0.79057   -0.79027   -0.78991   -0.78952   -0.78868   -0.78861
  -0.35991   -0.35838   -0.34897   -0.34864   -0.31713   -0.31686   -0.31275   -0.31184
   0.10527    0.10788    0.11677    0.12004    0.12178    0.12731    0.13334    0.13620
   0.15873    0.16001    0.16959    0.17208    0.18978    0.19211    0.20483    0.20676
   0.21375    0.22041    0.22301    0.22400    0.23575    0.24352    0.25221    0.25448
   0.44332    0.45580
 kpt# 108, nband= 50, wtk=  0.00926, kpt= -0.1667  0.3333  0.5000 (reduced coord)
  -1.94232   -1.94229   -1.94207   -1.94205   -0.80337   -0.80291   -0.80160   -0.80070
  -0.79507   -0.79454   -0.79194   -0.79114   -0.79021   -0.79009   -0.78871   -0.78870
  -0.35854   -0.35694   -0.34410   -0.34368   -0.32036   -0.31970   -0.31668   -0.31485
   0.10463    0.10738    0.11404    0.11666    0.12357    0.12862    0.13760    0.13869
   0.14877    0.15209    0.16754    0.16791    0.19046    0.19250    0.20297    0.20684
   0.21727    0.22058    0.22422    0.22568    0.24190    0.24640    0.25076    0.25946
   0.45260    0.46942
 kpt# 109, nband= 50, wtk=  0.00463, kpt=  0.0000  0.5000  0.5000 (reduced coord)
  -1.94225   -1.94222   -1.94214   -1.94212   -0.80117   -0.80116   -0.80116   -0.80116
  -0.79447   -0.79445   -0.79439   -0.79438   -0.78926   -0.78925   -0.78925   -0.78924
  -0.34908   -0.34908   -0.34904   -0.34902   -0.31987   -0.31985   -0.31983   -0.31982
   0.11244    0.11245    0.11246    0.11247    0.13523    0.13524    0.13527    0.13528
   0.15675    0.15677    0.15686    0.15687    0.19108    0.19110    0.19120    0.19120
   0.22311    0.22311    0.22314    0.22316    0.24926    0.24928    0.24933    0.24935
   0.46758    0.46766
 kpt# 110, nband= 50, wtk=  0.00926, kpt=  0.1667  0.5000  0.5000 (reduced coord)
  -1.94225   -1.94222   -1.94214   -1.94212   -0.80304   -0.80304   -0.80229   -0.80228
  -0.79329   -0.79328   -0.79242   -0.79242   -0.78926   -0.78925   -0.78920   -0.78920
  -0.35196   -0.35195   -0.35094   -0.35093   -0.31786   -0.31786   -0.31684   -0.31683
   0.11146    0.11146    0.11511    0.11512    0.13329    0.13330    0.13362    0.13363
   0.15894    0.15895    0.16004    0.16006    0.19364    0.19365    0.19604    0.19604
   0.21836    0.21837    0.22010    0.22011    0.24627    0.24629    0.25279    0.25281
   0.45729    0.45732
 kpt# 111, nband= 50, wtk=  0.00926, kpt=  0.3333  0.5000  0.5000 (reduced coord)
  -1.94225   -1.94222   -1.94214   -1.94212   -0.80501   -0.80501   -0.80450   -0.80449
  -0.79104   -0.79104   -0.79040   -0.79039   -0.78916   -0.78915   -0.78908   -0.78907
  -0.35585   -0.35584   -0.35503   -0.35502   -0.31361   -0.31361   -0.31279   -0.31278
   0.11396    0.11397    0.11607    0.11608    0.12858    0.12858    0.13117    0.13118
   0.16528    0.16530    0.16791    0.16792    0.19342    0.19343    0.19664    0.19665
   0.21640    0.21641    0.22003    0.22003    0.24452    0.24454    0.24974    0.24975
   0.44822    0.44824
 kpt# 112, nband= 50, wtk=  0.00463, kpt=  0.5000  0.5000  0.5000 (reduced coord)
  -1.94225   -1.94222   -1.94214   -1.94212   -0.80560   -0.80559   -0.80558   -0.80557
  -0.79004   -0.79002   -0.78999   -0.78998   -0.78894   -0.78893   -0.78890   -0.78890
  -0.35720   -0.35720   -0.35716   -0.35715   -0.31142   -0.31141   -0.31139   -0.31138
   0.11596    0.11598    0.11600    0.11602    0.12824    0.12825    0.12831    0.12832
   0.16969    0.16971    0.16974    0.16977    0.19363    0.19364    0.19368    0.19370
   0.21955    0.21957    0.21961    0.21961    0.24501    0.24502    0.24505    0.24507
   0.44856    0.44862
