 Fermi (or HOMO) energy (hartree) =   0.27998   Average Vxc (hartree)=  -0.44569
 Eigenvalues (hartree) for nkpt= 112  k points:
 kpt#   1, nband= 50, wtk=  0.00463, kpt=  0.0000  0.0000  0.0000 (reduced coord)
  -1.94150   -1.94084   -1.94070   -1.94032   -0.80630   -0.80539   -0.80447   -0.79554
  -0.79241   -0.79218   -0.79205   -0.79163   -0.79047   -0.78676   -0.78670   -0.78624
  -0.39597   -0.34776   -0.34190   -0.33915   -0.31349   -0.31196   -0.31153   -0.29862
   0.06573    0.06856    0.07980    0.09638    0.10267    0.10706    0.14974    0.16027
   0.16235    0.16673    0.17646    0.18011    0.18094    0.19621    0.19765    0.22469
   0.22639    0.23524    0.25067    0.25312    0.26226    0.27565    0.27618    0.27998
   0.45851    0.46210
 kpt#   2, nband= 50, wtk=  0.00926, kpt=  0.1667  0.0000  0.0000 (reduced coord)
  -1.94146   -1.94085   -1.94073   -1.94033   -0.80548   -0.80433   -0.80370   -0.79574
  -0.79334   -0.79293   -0.79167   -0.79138   -0.79033   -0.78813   -0.78701   -0.78658
  -0.39119   -0.34647   -0.34126   -0.33823   -0.31770   -0.31380   -0.31296   -0.29974
   0.07243    0.07504    0.07695    0.09838    0.10478    0.12236    0.14356    0.15019
   0.15257    0.15992    0.16788    0.18020    0.18732    0.19014    0.21058    0.21584
   0.23666    0.23877    0.24218    0.25140    0.26346    0.27200    0.27363    0.27992
   0.46431    0.46916
 kpt#   3, nband= 50, wtk=  0.00926, kpt=  0.3333  0.0000  0.0000 (reduced coord)
  -1.94137   -1.94088   -1.94078   -1.94034   -0.80326   -0.80166   -0.80131   -0.79714
  -0.79558   -0.79376   -0.79170   -0.79158   -0.79044   -0.78982   -0.78784   -0.78753
  -0.37798   -0.34377   -0.34351   -0.33619   -0.32770   -0.31658   -0.31524   -0.30220
   0.07994    0.08399    0.09816    0.10690    0.11207    0.12477    0.12777    0.13174
   0.14828    0.15491    0.15752    0.17371    0.19232    0.19992    0.20468    0.20681
   0.22454    0.23825    0.24818    0.25137    0.26465    0.27045    0.27120    0.27939
   0.46454    0.46944
 kpt#   4, nband= 50, wtk=  0.00463, kpt=  0.5000  0.0000  0.0000 (reduced coord)
  -1.94131   -1.94092   -1.94080   -1.94034   -0.80083   -0.79942   -0.79928   -0.79813
  -0.79796   -0.79531   -0.79378   -0.79161   -0.78951   -0.78905   -0.78876   -0.78845
  -0.36199   -0.35698   -0.34195   -0.33500   -0.32970   -0.31828   -0.31655   -0.30358
   0.09201    0.09390    0.10536    0.10725    0.10824    0.11995    0.13131    0.13184
   0.13652    0.14169    0.17045    0.17208    0.18335    0.19512    0.19777    0.21681
   0.22074    0.23127    0.25004    0.25254    0.26504    0.27072    0.27132    0.27963
   0.46065    0.46919
 kpt#   5, nband= 50, wtk=  0.00926, kpt=  0.0000  0.1667  0.0000 (reduced coord)
  -1.94145   -1.94086   -1.94071   -1.94034   -0.80526   -0.80454   -0.80402   -0.79651
  -0.79267   -0.79216   -0.79191   -0.79169   -0.79033   -0.78742   -0.78709   -0.78701
  -0.39141   -0.34716   -0.34109   -0.33881   -0.31631   -0.31355   -0.31282   -0.30008
   0.07095    0.07521    0.07672    0.09865    0.10555    0.12245    0.14491    0.14561
   0.15643    0.16775    0.16914    0.17705    0.17968    0.19909    0.20402    0.22781
   0.23400    0.23467    0.24091    0.25187    0.25814    0.26848    0.27539    0.27778
   0.45485    0.46298
 kpt#   6, nband= 50, wtk=  0.00926, kpt=  0.1667  0.1667  0.0000 (reduced coord)
  -1.94141   -1.94086   -1.94074   -1.94035   -0.80468   -0.80389   -0.80307   -0.79687
  -0.79323   -0.79297   -0.79154   -0.79120   -0.79022   -0.78936   -0.78736   -0.78660
  -0.38706   -0.34639   -0.34057   -0.33803   -0.31878   -0.31695   -0.31338   -0.30099
   0.07364    0.07974    0.08237    0.10034    0.10696    0.13227    0.13775    0.14902
   0.14951    0.15280    0.17020    0.17741    0.18135    0.19204    0.21136    0.21742
   0.23877    0.23934    0.24341    0.24578    0.25847    0.26375    0.27350    0.27688
   0.45592    0.46589
 kpt#   7, nband= 50, wtk=  0.00926, kpt=  0.3333  0.1667  0.0000 (reduced coord)
  -1.94133   -1.94087   -1.94080   -1.94036   -0.80306   -0.80187   -0.80069   -0.79834
  -0.79546   -0.79305   -0.79256   -0.79134   -0.79012   -0.78984   -0.78825   -0.78718
  -0.37501   -0.34451   -0.34326   -0.33666   -0.32750   -0.31784   -0.31581   -0.30323
   0.07964    0.09060    0.10030    0.10767    0.11409    0.12712    0.12965    0.13157
   0.15028    0.15252    0.16182    0.17236    0.18827    0.19494    0.20685    0.20788
   0.22221    0.23759    0.24775    0.24976    0.26047    0.26358    0.27071    0.27369
   0.45763    0.47018
 kpt#   8, nband= 50, wtk=  0.00926, kpt=  0.5000  0.1667  0.0000 (reduced coord)
  -1.94128   -1.94089   -1.94082   -1.94036   -0.80111   -0.80035   -0.79942   -0.79875
  -0.79743   -0.79558   -0.79256   -0.79133   -0.78944   -0.78916   -0.78884   -0.78816
  -0.36064   -0.35532   -0.34328   -0.33621   -0.32921   -0.31793   -0.31738   -0.30467
   0.09210    0.09291    0.10705    0.11097    0.11507    0.11789    0.13505    0.13569
   0.13773    0.14406    0.16844    0.17437    0.17680    0.19771    0.19860    0.21467
   0.21977    0.22758    0.24741    0.25279    0.26160    0.26492    0.27052    0.27151
   0.45979    0.46271
 kpt#   9, nband= 50, wtk=  0.00926, kpt= -0.3333  0.1667  0.0000 (reduced coord)
  -1.94133   -1.94087   -1.94080   -1.94036   -0.80297   -0.80174   -0.80082   -0.79843
  -0.79546   -0.79306   -0.79258   -0.79125   -0.79016   -0.78985   -0.78826   -0.78717
  -0.37492   -0.34455   -0.34334   -0.33658   -0.32742   -0.31777   -0.31590   -0.30335
   0.08002    0.09036    0.10020    0.10795    0.11424    0.12713    0.12931    0.13130
   0.15010    0.15246    0.16142    0.17259    0.18821    0.19505    0.20730    0.20816
   0.22243    0.23755    0.24773    0.24961    0.25994    0.26395    0.27069    0.27354
   0.45968    0.46480
 kpt#  10, nband= 50, wtk=  0.00926, kpt= -0.1667  0.1667  0.0000 (reduced coord)
  -1.94141   -1.94086   -1.94074   -1.94035   -0.80462   -0.80379   -0.80318   -0.79693
  -0.79324   -0.79295   -0.79146   -0.79125   -0.79025   -0.78936   -0.78737   -0.78659
  -0.38700   -0.34642   -0.34059   -0.33797   -0.31855   -0.31689   -0.31363   -0.30109
   0.07393    0.07981    0.08209    0.10029    0.10737    0.13187    0.13756    0.14885
   0.14937    0.15280    0.17021    0.17753    0.18113    0.19214    0.21165    0.21804
   0.23882    0.23926    0.24328    0.24580    0.25798    0.26410    0.27350    0.27666
   0.45723    0.46646
 kpt#  11, nband= 50, wtk=  0.00926, kpt=  0.0000  0.3333  0.0000 (reduced coord)
  -1.94133   -1.94092   -1.94073   -1.94038   -0.80279   -0.80258   -0.80205   -0.79857
  -0.79489   -0.79294   -0.79152   -0.79093   -0.79015   -0.78924   -0.78800   -0.78784
  -0.37889   -0.34934   -0.33939   -0.33816   -0.32386   -0.31793   -0.31146   -0.30383
   0.07586    0.08495    0.09791    0.10372    0.11491    0.12304    0.13365    0.13520
   0.14153    0.16278    0.16328    0.17647    0.18939    0.20465    0.20603    0.21416
   0.22502    0.23584    0.23820    0.24876    0.25251    0.26053    0.27540    0.27730
   0.44792    0.45695
 kpt#  12, nband= 50, wtk=  0.00926, kpt=  0.1667  0.3333  0.0000 (reduced coord)
  -1.94130   -1.94092   -1.94075   -1.94039   -0.80304   -0.80224   -0.80118   -0.79894
  -0.79468   -0.79418   -0.79085   -0.79062   -0.79047   -0.78988   -0.78826   -0.78732
  -0.37568   -0.34895   -0.33928   -0.33815   -0.32371   -0.32137   -0.31196   -0.30451
   0.07769    0.09245    0.10056    0.10387    0.11495    0.12154    0.13421    0.13531
   0.14272    0.16682    0.16781    0.17714    0.18149    0.18966    0.20768    0.21968
   0.22268    0.23825    0.23981    0.24763    0.24996    0.25320    0.27399    0.27582
   0.44594    0.45544
 kpt#  13, nband= 50, wtk=  0.00926, kpt=  0.3333  0.3333  0.0000 (reduced coord)
  -1.94125   -1.94090   -1.94080   -1.94041   -0.80241   -0.80184   -0.80015   -0.79936
  -0.79637   -0.79352   -0.79278   -0.79029   -0.78990   -0.78936   -0.78885   -0.78716
  -0.36680   -0.34780   -0.34247   -0.33887   -0.32665   -0.32244   -0.31372   -0.30631
   0.08517    0.10107    0.10332    0.11181    0.12017    0.12162    0.12840    0.13845
   0.14150    0.16159    0.17090    0.17827    0.18008    0.19093    0.20641    0.20839
   0.21588    0.23521    0.23648    0.24399    0.25004    0.25082    0.27110    0.27198
   0.44383    0.45317
 kpt#  14, nband= 50, wtk=  0.00926, kpt=  0.5000  0.3333  0.0000 (reduced coord)
  -1.94121   -1.94089   -1.94084   -1.94042   -0.80153   -0.80137   -0.80034   -0.80002
  -0.79596   -0.79495   -0.79201   -0.79143   -0.78982   -0.78883   -0.78815   -0.78780
  -0.35696   -0.35085   -0.34692   -0.33969   -0.32769   -0.32125   -0.31489   -0.30756
   0.09579    0.09649    0.10456    0.11433    0.12181    0.12404    0.13173    0.14150
   0.14670    0.15028    0.16865    0.17076    0.18304    0.19963    0.19985    0.21480
   0.21511    0.21850    0.23820    0.23891    0.25056    0.25231    0.26965    0.27022
   0.44419    0.45268
 kpt#  15, nband= 50, wtk=  0.00926, kpt= -0.3333  0.3333  0.0000 (reduced coord)
  -1.94125   -1.94090   -1.94080   -1.94041   -0.80224   -0.80177   -0.80027   -0.79952
  -0.79630   -0.79355   -0.79282   -0.79026   -0.78986   -0.78935   -0.78892   -0.78715
  -0.36667   -0.34780   -0.34255   -0.33892   -0.32662   -0.32229   -0.31380   -0.30642
   0.08577    0.10064    0.10315    0.11240    0.11973    0.12187    0.12777    0.13811
   0.14149    0.16117    0.17195    0.17797    0.17984    0.19083    0.20700    0.20905
   0.21602    0.23492    0.23662    0.24363    0.24991    0.25039    0.27107    0.27216
   0.44526    0.45287
 kpt#  16, nband= 50, wtk=  0.00926, kpt= -0.1667  0.3333  0.0000 (reduced coord)
  -1.94130   -1.94092   -1.94075   -1.94039   -0.80288   -0.80221   -0.80130   -0.79901
  -0.79470   -0.79413   -0.79103   -0.79063   -0.79035   -0.78983   -0.78829   -0.78731
  -0.37560   -0.34895   -0.33933   -0.33821   -0.32356   -0.32127   -0.31211   -0.30460
   0.07807    0.09246    0.10015    0.10397    0.11545    0.12107    0.13396    0.13516
   0.14245    0.16705    0.16833    0.17648    0.18124    0.18998    0.20849    0.22027
   0.22215    0.23818    0.24016    0.24710    0.24962    0.25318    0.27401    0.27589
   0.44725    0.45498
 kpt#  17, nband= 50, wtk=  0.00463, kpt=  0.0000  0.5000  0.0000 (reduced coord)
  -1.94124   -1.94099   -1.94073   -1.94040   -0.80101   -0.80069   -0.80033   -0.79973
  -0.79614   -0.79598   -0.79105   -0.79081   -0.78950   -0.78903   -0.78893   -0.78875
  -0.36247   -0.36197   -0.33846   -0.33787   -0.32340   -0.32301   -0.30842   -0.30802
   0.08565    0.08697    0.11307    0.11371    0.11855    0.11886    0.12476    0.12690
   0.13633    0.13745    0.18936    0.19014    0.19140    0.19213    0.20708    0.20769
   0.21495    0.21707    0.24526    0.24585    0.25739    0.25780    0.27606    0.27742
   0.44648    0.44723
 kpt#  18, nband= 50, wtk=  0.00926, kpt=  0.1667  0.5000  0.0000 (reduced coord)
  -1.94122   -1.94098   -1.94075   -1.94041   -0.80166   -0.80118   -0.79972   -0.79932
  -0.79653   -0.79628   -0.79043   -0.79032   -0.78989   -0.78963   -0.78870   -0.78836
  -0.36079   -0.36029   -0.33878   -0.33840   -0.32439   -0.32403   -0.30901   -0.30864
   0.08928    0.09056    0.11235    0.11314    0.11706    0.11776    0.12464    0.12569
   0.14688    0.14821    0.18129    0.18272    0.19198    0.19325    0.20241    0.20307
   0.22101    0.22319    0.24232    0.24326    0.25242    0.25297    0.27488    0.27579
   0.44456    0.44551
 kpt#  19, nband= 50, wtk=  0.00926, kpt=  0.3333  0.5000  0.0000 (reduced coord)
  -1.94119   -1.94095   -1.94079   -1.94044   -0.80203   -0.80146   -0.80030   -0.79989
  -0.79573   -0.79551   -0.79145   -0.79133   -0.78923   -0.78914   -0.78816   -0.78793
  -0.35627   -0.35578   -0.34152   -0.34121   -0.32552   -0.32472   -0.31050   -0.31018
   0.09637    0.09752    0.10896    0.10957    0.12076    0.12144    0.12902    0.12960
   0.15931    0.16037    0.17127    0.17226    0.19069    0.19171    0.20485    0.20657
   0.21620    0.21690    0.23621    0.23707    0.24672    0.24783    0.27170    0.27191
   0.44172    0.44362
 kpt#  20, nband= 50, wtk=  0.00463, kpt=  0.5000  0.5000  0.0000 (reduced coord)
  -1.94117   -1.94094   -1.94081   -1.94045   -0.80176   -0.80133   -0.80103   -0.80086
  -0.79413   -0.79374   -0.79330   -0.79307   -0.78868   -0.78833   -0.78812   -0.78792
  -0.35206   -0.35180   -0.34544   -0.34461   -0.32552   -0.32434   -0.31150   -0.31116
   0.10019    0.10152    0.10602    0.10719    0.12569    0.12595    0.13123    0.13227
   0.15846    0.16069    0.16994    0.17111    0.19536    0.19581    0.19947    0.20098
   0.22120    0.22213    0.22319    0.22447    0.24635    0.24810    0.26976    0.27030
   0.44143    0.44390
 kpt#  21, nband= 50, wtk=  0.00926, kpt=  0.0000  0.0000  0.1667 (reduced coord)
  -1.94146   -1.94087   -1.94070   -1.94033   -0.80558   -0.80458   -0.80353   -0.79600
  -0.79364   -0.79246   -0.79140   -0.79126   -0.79073   -0.78779   -0.78706   -0.78657
  -0.39153   -0.34596   -0.34138   -0.33908   -0.31786   -0.31316   -0.31220   -0.30062
   0.06953    0.07367    0.08969    0.09613    0.10530    0.11577    0.14123    0.15117
   0.15772    0.17110    0.17274    0.17890    0.17962    0.19650    0.19828    0.22774
   0.22962    0.23105    0.24601    0.25384    0.25652    0.26470    0.27518    0.27780
   0.46042    0.46353
 kpt#  22, nband= 50, wtk=  0.00926, kpt=  0.1667  0.0000  0.1667 (reduced coord)
  -1.94142   -1.94088   -1.94072   -1.94034   -0.80488   -0.80374   -0.80286   -0.79615
  -0.79466   -0.79243   -0.79157   -0.79107   -0.79052   -0.78929   -0.78697   -0.78684
  -0.38716   -0.34537   -0.34105   -0.33804   -0.31956   -0.31733   -0.31268   -0.30141
   0.07586    0.07959    0.08511    0.09835    0.10967    0.12670    0.13807    0.14561
   0.15047    0.16237    0.16832    0.17826    0.18631    0.19130    0.20479    0.21753
   0.23324    0.23826    0.24129    0.24769    0.25621    0.26611    0.27384    0.27707
   0.46313    0.46837
 kpt#  23, nband= 50, wtk=  0.00926, kpt=  0.3333  0.0000  0.1667 (reduced coord)
  -1.94134   -1.94089   -1.94078   -1.94035   -0.80304   -0.80141   -0.80104   -0.79733
  -0.79648   -0.79377   -0.79190   -0.79114   -0.79063   -0.78962   -0.78795   -0.78744
  -0.37512   -0.34483   -0.34298   -0.33592   -0.32807   -0.31964   -0.31416   -0.30335
   0.08562    0.08682    0.10105    0.10445    0.11500    0.12642    0.13154    0.13381
   0.14522    0.15662    0.16093    0.17543    0.19028    0.19608    0.20427    0.20538
   0.21998    0.23865    0.24290    0.24797    0.25711    0.26405    0.27204    0.27832
   0.46180    0.46779
 kpt#  24, nband= 50, wtk=  0.00926, kpt=  0.5000  0.0000  0.1667 (reduced coord)
  -1.94129   -1.94090   -1.94081   -1.94035   -0.80115   -0.79971   -0.79931   -0.79856
  -0.79763   -0.79634   -0.79257   -0.79098   -0.78979   -0.78895   -0.78876   -0.78836
  -0.36058   -0.35624   -0.34233   -0.33495   -0.33104   -0.31964   -0.31553   -0.30448
   0.09329    0.09691    0.10174    0.10684    0.12041    0.12465    0.12920    0.13106
   0.14282    0.14357    0.16961    0.16986    0.18429    0.19542    0.19564    0.21608
   0.22136    0.22864    0.23930    0.25259    0.25729    0.26246    0.27189    0.27920
   0.45909    0.46605
 kpt#  25, nband= 50, wtk=  0.00926, kpt= -0.3333  0.0000  0.1667 (reduced coord)
  -1.94134   -1.94089   -1.94078   -1.94035   -0.80310   -0.80139   -0.80104   -0.79728
  -0.79644   -0.79378   -0.79194   -0.79113   -0.79062   -0.78963   -0.78795   -0.78745
  -0.37513   -0.34483   -0.34296   -0.33592   -0.32808   -0.31964   -0.31415   -0.30337
   0.08552    0.08687    0.10104    0.10444    0.11506    0.12666    0.13143    0.13367
   0.14526    0.15663    0.16095    0.17537    0.19032    0.19605    0.20414    0.20548
   0.22002    0.23858    0.24291    0.24801    0.25714    0.26406    0.27201    0.27833
   0.46169    0.46772
 kpt#  26, nband= 50, wtk=  0.00926, kpt= -0.1667  0.0000  0.1667 (reduced coord)
  -1.94142   -1.94088   -1.94072   -1.94034   -0.80492   -0.80372   -0.80286   -0.79611
  -0.79462   -0.79252   -0.79152   -0.79109   -0.79050   -0.78931   -0.78696   -0.78685
  -0.38716   -0.34540   -0.34099   -0.33807   -0.31958   -0.31732   -0.31266   -0.30143
   0.07587    0.07956    0.08513    0.09828    0.10969    0.12669    0.13817    0.14564
   0.15042    0.16243    0.16832    0.17828    0.18627    0.19120    0.20483    0.21754
   0.23310    0.23835    0.24124    0.24774    0.25620    0.26625    0.27358    0.27722
   0.46294    0.46848
 kpt#  27, nband= 50, wtk=  0.00926, kpt=  0.0000  0.1667  0.1667 (reduced coord)
  -1.94141   -1.94088   -1.94071   -1.94035   -0.80462   -0.80387   -0.80326   -0.79694
  -0.79338   -0.79254   -0.79201   -0.79095   -0.79043   -0.78892   -0.78744   -0.78659
  -0.38733   -0.34557   -0.34196   -0.33781   -0.31737   -0.31681   -0.31396   -0.30172
   0.07329    0.08110    0.08550    0.09965    0.10764    0.12771    0.13975    0.14489
   0.15840    0.16023    0.16659    0.17531    0.17887    0.20106    0.20461    0.22703
   0.22959    0.23417    0.24149    0.25174    0.25376    0.26321    0.26786    0.27371
   0.45594    0.46503
 kpt#  28, nband= 50, wtk=  0.00926, kpt=  0.1667  0.1667  0.1667 (reduced coord)
  -1.94138   -1.94088   -1.94074   -1.94036   -0.80428   -0.80348   -0.80249   -0.79696
  -0.79429   -0.79239   -0.79211   -0.79084   -0.79059   -0.78986   -0.78714   -0.78681
  -0.38343   -0.34599   -0.34119   -0.33723   -0.32033   -0.31843   -0.31442   -0.30217
   0.07894    0.08282    0.08850    0.10129    0.11096    0.13205    0.13851    0.14321
   0.15080    0.15799    0.16348    0.17283    0.18503    0.19554    0.20751    0.21927
   0.23239    0.23846    0.23974    0.24796    0.25297    0.26117    0.26673    0.27357
   0.45543    0.46710
 kpt#  29, nband= 50, wtk=  0.00926, kpt=  0.3333  0.1667  0.1667 (reduced coord)
  -1.94131   -1.94088   -1.94080   -1.94037   -0.80325   -0.80198   -0.80120   -0.79755
  -0.79578   -0.79417   -0.79178   -0.79115   -0.79022   -0.78949   -0.78777   -0.78745
  -0.37267   -0.34644   -0.34362   -0.33604   -0.32827   -0.31894   -0.31465   -0.30385
   0.08496    0.09171    0.10347    0.10630    0.11667    0.12902    0.13158    0.13524
   0.14741    0.15312    0.16139    0.17427    0.18747    0.19597    0.20582    0.20886
   0.21992    0.23661    0.24075    0.24784    0.25584    0.26102    0.26437    0.27221
   0.45355    0.46496
 kpt#  30, nband= 50, wtk=  0.00926, kpt=  0.5000  0.1667  0.1667 (reduced coord)
  -1.94127   -1.94088   -1.94083   -1.94037   -0.80209   -0.80150   -0.79937   -0.79918
  -0.79636   -0.79573   -0.79181   -0.79082   -0.78910   -0.78901   -0.78872   -0.78839
  -0.35976   -0.35570   -0.34446   -0.33581   -0.33111   -0.31775   -0.31544   -0.30510
   0.09431    0.09466    0.10408    0.11220    0.12053    0.12518    0.13156    0.13391
   0.14561    0.14609    0.16659    0.16837    0.18200    0.19798    0.19918    0.21663
   0.21913    0.22677    0.23774    0.25000    0.25709    0.26139    0.26600    0.26975
   0.45295    0.46294
 kpt#  31, nband= 50, wtk=  0.00926, kpt= -0.3333  0.1667  0.1667 (reduced coord)
  -1.94131   -1.94088   -1.94080   -1.94037   -0.80321   -0.80186   -0.80131   -0.79762
  -0.79574   -0.79415   -0.79189   -0.79103   -0.79028   -0.78948   -0.78778   -0.78745
  -0.37261   -0.34656   -0.34347   -0.33602   -0.32832   -0.31878   -0.31475   -0.30399
   0.08535    0.09138    0.10364    0.10634    0.11684    0.12911    0.13108    0.13476
   0.14770    0.15308    0.16111    0.17446    0.18745    0.19596    0.20581    0.20954
   0.21984    0.23655    0.24051    0.24749    0.25585    0.26127    0.26526    0.27141
   0.45493    0.46617
 kpt#  32, nband= 50, wtk=  0.00926, kpt= -0.1667  0.1667  0.1667 (reduced coord)
  -1.94138   -1.94088   -1.94074   -1.94036   -0.80426   -0.80338   -0.80257   -0.79700
  -0.79422   -0.79249   -0.79208   -0.79087   -0.79052   -0.78989   -0.78716   -0.78681
  -0.38339   -0.34608   -0.34107   -0.33723   -0.32023   -0.31830   -0.31462   -0.30229
   0.07922    0.08284    0.08826    0.10145    0.11106    0.13149    0.13870    0.14264
   0.15105    0.15802    0.16377    0.17300    0.18455    0.19557    0.20753    0.21981
   0.23217    0.23855    0.23967    0.24769    0.25291    0.26191    0.26660    0.27323
   0.45648    0.46759
 kpt#  33, nband= 50, wtk=  0.00926, kpt=  0.0000  0.3333  0.1667 (reduced coord)
  -1.94130   -1.94092   -1.94074   -1.94039   -0.80242   -0.80216   -0.80173   -0.79893
  -0.79455   -0.79372   -0.79233   -0.79047   -0.78996   -0.78961   -0.78844   -0.78736
  -0.37571   -0.34792   -0.34106   -0.33750   -0.32365   -0.31808   -0.31479   -0.30526
   0.08089    0.09098    0.10011    0.10518    0.11481    0.12425    0.13373    0.13682
   0.14640    0.15704    0.16927    0.17124    0.18672    0.20640    0.20713    0.21317
   0.22453    0.23249    0.23352    0.24696    0.25013    0.25906    0.26491    0.27130
   0.44905    0.45785
 kpt#  34, nband= 50, wtk=  0.00926, kpt=  0.1667  0.3333  0.1667 (reduced coord)
  -1.94128   -1.94092   -1.94076   -1.94040   -0.80302   -0.80245   -0.80146   -0.79829
  -0.79512   -0.79414   -0.79178   -0.79046   -0.79013   -0.78952   -0.78788   -0.78750
  -0.37309   -0.34873   -0.34110   -0.33807   -0.32344   -0.32106   -0.31375   -0.30521
   0.08374    0.09274    0.10375    0.10736    0.11572    0.12407    0.13456    0.13611
   0.14532    0.15968    0.16964    0.17279    0.18228    0.19648    0.20907    0.21884
   0.22417    0.23185    0.23730    0.24420    0.24806    0.25056    0.26485    0.27022
   0.44641    0.45586
 kpt#  35, nband= 50, wtk=  0.00926, kpt=  0.3333  0.3333  0.1667 (reduced coord)
  -1.94123   -1.94091   -1.94080   -1.94042   -0.80314   -0.80256   -0.80192   -0.79884
  -0.79566   -0.79288   -0.79223   -0.79025   -0.78952   -0.78916   -0.78841   -0.78732
  -0.36577   -0.34935   -0.34509   -0.34027   -0.32561   -0.31981   -0.31338   -0.30613
   0.08983    0.09895    0.10691    0.11216    0.11966    0.12616    0.13265    0.13577
   0.14448    0.15862    0.16816    0.17699    0.18744    0.19211    0.20474    0.21101
   0.22120    0.23118    0.23518    0.23733    0.24592    0.25116    0.26180    0.26762
   0.44220    0.45335
 kpt#  36, nband= 50, wtk=  0.00926, kpt=  0.5000  0.3333  0.1667 (reduced coord)
  -1.94121   -1.94090   -1.94083   -1.94042   -0.80289   -0.80269   -0.80122   -0.80101
  -0.79437   -0.79375   -0.79121   -0.79038   -0.78974   -0.78867   -0.78821   -0.78783
  -0.35721   -0.35324   -0.34877   -0.34198   -0.32639   -0.31706   -0.31409   -0.30714
   0.09780    0.09851    0.10564    0.11524    0.12284    0.12480    0.13202    0.13573
   0.15313    0.15461    0.16755    0.17260    0.18793    0.19829    0.20025    0.21426
   0.21594    0.22068    0.23006    0.23938    0.24594    0.25444    0.26130    0.26498
   0.44131    0.45349
 kpt#  37, nband= 50, wtk=  0.00926, kpt= -0.3333  0.3333  0.1667 (reduced coord)
  -1.94123   -1.94091   -1.94080   -1.94042   -0.80312   -0.80246   -0.80194   -0.79897
  -0.79558   -0.79283   -0.79230   -0.79031   -0.78952   -0.78910   -0.78844   -0.78731
  -0.36568   -0.34936   -0.34506   -0.34028   -0.32578   -0.31947   -0.31352   -0.30627
   0.09042    0.09859    0.10677    0.11269    0.11946    0.12576    0.13209    0.13594
   0.14428    0.15858    0.16809    0.17752    0.18752    0.19195    0.20507    0.21162
   0.22116    0.23074    0.23484    0.23735    0.24578    0.25121    0.26197    0.26757
   0.44343    0.45319
 kpt#  38, nband= 50, wtk=  0.00926, kpt= -0.1667  0.3333  0.1667 (reduced coord)
  -1.94128   -1.94092   -1.94076   -1.94040   -0.80296   -0.80240   -0.80150   -0.79837
  -0.79506   -0.79411   -0.79185   -0.79055   -0.79009   -0.78949   -0.78791   -0.78747
  -0.37303   -0.34872   -0.34114   -0.33805   -0.32353   -0.32072   -0.31396   -0.30532
   0.08410    0.09274    0.10390    0.10702    0.11589    0.12358    0.13423    0.13622
   0.14504    0.15997    0.17011    0.17308    0.18164    0.19659    0.20951    0.21882
   0.22404    0.23152    0.23780    0.24396    0.24797    0.25041    0.26494    0.27028
   0.44753    0.45565
 kpt#  39, nband= 50, wtk=  0.00926, kpt=  0.0000  0.5000  0.1667 (reduced coord)
  -1.94122   -1.94098   -1.94075   -1.94041   -0.80107   -0.80078   -0.80007   -0.79952
  -0.79642   -0.79621   -0.79117   -0.79074   -0.78962   -0.78925   -0.78867   -0.78852
  -0.36036   -0.35984   -0.33926   -0.33868   -0.32318   -0.32273   -0.31055   -0.31011
   0.09113    0.09270    0.11220    0.11353    0.11655    0.11692    0.13079    0.13299
   0.13827    0.13932    0.18510    0.18697    0.19438    0.19498    0.20508    0.20592
   0.21500    0.21691    0.23954    0.24049    0.25586    0.25636    0.26784    0.26897
   0.44697    0.44941
 kpt#  40, nband= 50, wtk=  0.00926, kpt=  0.1667  0.5000  0.1667 (reduced coord)
  -1.94121   -1.94097   -1.94076   -1.94042   -0.80221   -0.80195   -0.79977   -0.79929
  -0.79626   -0.79593   -0.79043   -0.79019   -0.78954   -0.78935   -0.78867   -0.78845
  -0.35949   -0.35898   -0.34019   -0.33990   -0.32355   -0.32324   -0.31016   -0.30962
   0.09394    0.09501    0.10902    0.11046    0.12190    0.12271    0.12692    0.12828
   0.14728    0.14926    0.17746    0.17879    0.19282    0.19451    0.20685    0.20743
   0.21963    0.22109    0.23759    0.23913    0.24954    0.24963    0.26710    0.26826
   0.44520    0.44632
 kpt#  41, nband= 50, wtk=  0.00926, kpt=  0.3333  0.5000  0.1667 (reduced coord)
  -1.94118   -1.94095   -1.94079   -1.94044   -0.80306   -0.80274   -0.80132   -0.80083
  -0.79447   -0.79412   -0.79056   -0.79042   -0.78921   -0.78907   -0.78819   -0.78798
  -0.35668   -0.35624   -0.34436   -0.34409   -0.32266   -0.32206   -0.31021   -0.30963
   0.09966    0.10040    0.10817    0.10925    0.12224    0.12352    0.13037    0.13140
   0.15895    0.16004    0.17273    0.17300    0.19154    0.19300    0.20665    0.20780
   0.21831    0.21906    0.23162    0.23225    0.24444    0.24537    0.26480    0.26544
   0.44169    0.44285
 kpt#  42, nband= 50, wtk=  0.00926, kpt=  0.5000  0.5000  0.1667 (reduced coord)
  -1.94117   -1.94094   -1.94080   -1.94045   -0.80294   -0.80262   -0.80234   -0.80219
  -0.79281   -0.79237   -0.79190   -0.79171   -0.78874   -0.78839   -0.78806   -0.78785
  -0.35346   -0.35308   -0.34862   -0.34821   -0.32143   -0.32073   -0.31062   -0.31019
   0.10263    0.10372    0.10785    0.10890    0.12346    0.12474    0.13003    0.13116
   0.16452    0.16642    0.17113    0.17259    0.19859    0.19942    0.20020    0.20098
   0.21509    0.21662    0.22345    0.22407    0.24624    0.24767    0.26358    0.26386
   0.44070    0.44289
 kpt#  43, nband= 50, wtk=  0.00926, kpt= -0.3333  0.5000  0.1667 (reduced coord)
  -1.94118   -1.94095   -1.94079   -1.94044   -0.80323   -0.80265   -0.80116   -0.80089
  -0.79439   -0.79416   -0.79057   -0.79044   -0.78925   -0.78907   -0.78818   -0.78796
  -0.35670   -0.35623   -0.34430   -0.34413   -0.32267   -0.32204   -0.31009   -0.30976
   0.09935    0.10073    0.10821    0.10917    0.12249    0.12329    0.13036    0.13138
   0.15898    0.16004    0.17256    0.17317    0.19109    0.19338    0.20707    0.20744
   0.21808    0.21932    0.23151    0.23232    0.24431    0.24549    0.26488    0.26538
   0.44108    0.44340
 kpt#  44, nband= 50, wtk=  0.00926, kpt= -0.1667  0.5000  0.1667 (reduced coord)
  -1.94121   -1.94097   -1.94076   -1.94042   -0.80240   -0.80186   -0.79957   -0.79939
  -0.79619   -0.79597   -0.79047   -0.79017   -0.78962   -0.78932   -0.78867   -0.78841
  -0.35949   -0.35899   -0.34024   -0.33983   -0.32371   -0.32308   -0.31011   -0.30969
   0.09365    0.09532    0.10923    0.11021    0.12184    0.12281    0.12673    0.12844
   0.14772    0.14879    0.17758    0.17869    0.19284    0.19439    0.20659    0.20790
   0.21947    0.22118    0.23789    0.23882    0.24918    0.24996    0.26719    0.26821
   0.44439    0.44713
 kpt#  45, nband= 50, wtk=  0.00926, kpt=  0.0000 -0.3333  0.1667 (reduced coord)
  -1.94130   -1.94093   -1.94074   -1.94039   -0.80247   -0.80233   -0.80136   -0.79901
  -0.79475   -0.79364   -0.79201   -0.79053   -0.79026   -0.78955   -0.78834   -0.78744
  -0.37556   -0.34794   -0.34015   -0.33815   -0.32354   -0.31834   -0.31466   -0.30574
   0.08156    0.09099    0.10008    0.10615    0.11489    0.12444    0.13332    0.13726
   0.14464    0.15702    0.16850    0.17086    0.18612    0.20723    0.20798    0.21500
   0.22301    0.23241    0.23307    0.24742    0.25094    0.25886    0.26362    0.27149
   0.44752    0.46033
 kpt#  46, nband= 50, wtk=  0.00926, kpt=  0.1667 -0.3333  0.1667 (reduced coord)
  -1.94128   -1.94092   -1.94076   -1.94040   -0.80320   -0.80201   -0.80135   -0.79867
  -0.79518   -0.79407   -0.79160   -0.79044   -0.79012   -0.78973   -0.78788   -0.78752
  -0.37288   -0.34853   -0.34061   -0.33851   -0.32339   -0.32090   -0.31402   -0.30573
   0.08448    0.09312    0.10436    0.10704    0.11590    0.12366    0.13449    0.13609
   0.14436    0.15956    0.17066    0.17286    0.18044    0.19667    0.20993    0.21825
   0.22403    0.23138    0.23829    0.24470    0.24813    0.25040    0.26375    0.27054
   0.44645    0.45738
 kpt#  47, nband= 50, wtk=  0.00926, kpt=  0.3333 -0.3333  0.1667 (reduced coord)
  -1.94123   -1.94091   -1.94080   -1.94042   -0.80333   -0.80211   -0.80178   -0.79923
  -0.79567   -0.79301   -0.79205   -0.79017   -0.78945   -0.78929   -0.78851   -0.78731
  -0.36557   -0.34903   -0.34490   -0.34034   -0.32596   -0.31942   -0.31381   -0.30651
   0.09053    0.09926    0.10668    0.11280    0.12032    0.12496    0.13161    0.13635
   0.14504    0.15759    0.16899    0.17827    0.18544    0.19213    0.20557    0.21023
   0.22072    0.23065    0.23598    0.23791    0.24529    0.25139    0.26111    0.26753
   0.44395    0.45372
 kpt#  48, nband= 50, wtk=  0.00926, kpt=  0.5000 -0.3333  0.1667 (reduced coord)
  -1.94121   -1.94090   -1.94083   -1.94042   -0.80295   -0.80259   -0.80119   -0.80094
  -0.79462   -0.79364   -0.79106   -0.79064   -0.78957   -0.78863   -0.78827   -0.78788
  -0.35716   -0.35318   -0.34838   -0.34178   -0.32670   -0.31705   -0.31447   -0.30728
   0.09776    0.09911    0.10560    0.11530    0.12349    0.12432    0.13223    0.13653
   0.15146    0.15454    0.16934    0.17232    0.18721    0.19811    0.20102    0.21265
   0.21502    0.22162    0.23074    0.23994    0.24490    0.25433    0.26082    0.26467
   0.44277    0.45290
 kpt#  49, nband= 50, wtk=  0.00926, kpt= -0.3333 -0.3333  0.1667 (reduced coord)
  -1.94123   -1.94091   -1.94080   -1.94042   -0.80353   -0.80211   -0.80175   -0.79901
  -0.79571   -0.79305   -0.79194   -0.79022   -0.78952   -0.78929   -0.78845   -0.78732
  -0.36568   -0.34903   -0.34488   -0.34034   -0.32581   -0.31975   -0.31363   -0.30639
   0.08989    0.09966    0.10681    0.11225    0.12051    0.12538    0.13217    0.13619
   0.14524    0.15766    0.16911    0.17754    0.18545    0.19235    0.20496    0.20991
   0.22086    0.23097    0.23658    0.23761    0.24549    0.25127    0.26104    0.26753
   0.44251    0.45393
 kpt#  50, nband= 50, wtk=  0.00926, kpt= -0.1667 -0.3333  0.1667 (reduced coord)
  -1.94128   -1.94092   -1.94076   -1.94040   -0.80341   -0.80200   -0.80129   -0.79850
  -0.79517   -0.79412   -0.79152   -0.79044   -0.79013   -0.78980   -0.78785   -0.78753
  -0.37296   -0.34856   -0.34053   -0.33853   -0.32335   -0.32120   -0.31378   -0.30564
   0.08410    0.09310    0.10431    0.10734    0.11574    0.12414    0.13460    0.13619
   0.14458    0.15938    0.17005    0.17258    0.18105    0.19664    0.20961    0.21812
   0.22434    0.23172    0.23785    0.24475    0.24798    0.25074    0.26376    0.27048
   0.44524    0.45768
 kpt#  51, nband= 50, wtk=  0.00926, kpt=  0.0000 -0.1667  0.1667 (reduced coord)
  -1.94141   -1.94088   -1.94071   -1.94035   -0.80476   -0.80366   -0.80324   -0.79706
  -0.79309   -0.79282   -0.79177   -0.79102   -0.79059   -0.78885   -0.78742   -0.78669
  -0.38724   -0.34547   -0.34079   -0.33883   -0.31724   -0.31693   -0.31400   -0.30213
   0.07373    0.08111    0.08530    0.10125    0.10761    0.12718    0.13986    0.14485
   0.15725    0.15910    0.16631    0.17566    0.17830    0.20176    0.20561    0.22793
   0.23035    0.23257    0.24101    0.25256    0.25413    0.26203    0.26841    0.27312
   0.45526    0.46432
 kpt#  52, nband= 50, wtk=  0.00926, kpt=  0.1667 -0.1667  0.1667 (reduced coord)
  -1.94138   -1.94088   -1.94074   -1.94036   -0.80438   -0.80313   -0.80255   -0.79722
  -0.79427   -0.79224   -0.79205   -0.79085   -0.79054   -0.79001   -0.78715   -0.78686
  -0.38330   -0.34571   -0.34042   -0.33800   -0.32016   -0.31831   -0.31476   -0.30266
   0.07953    0.08288    0.08842    0.10236    0.11089    0.13194    0.13890    0.14188
   0.15111    0.15680    0.16361    0.17328    0.18364    0.19608    0.20817    0.21891
   0.23263    0.23826    0.24015    0.24780    0.25331    0.26171    0.26648    0.27271
   0.45616    0.46671
 kpt#  53, nband= 50, wtk=  0.00926, kpt=  0.3333 -0.1667  0.1667 (reduced coord)
  -1.94131   -1.94088   -1.94080   -1.94037   -0.80325   -0.80165   -0.80117   -0.79802
  -0.79579   -0.79398   -0.79187   -0.79100   -0.79010   -0.78972   -0.78784   -0.78741
  -0.37252   -0.34618   -0.34310   -0.33660   -0.32804   -0.31891   -0.31502   -0.30424
   0.08530    0.09227    0.10344    0.10635    0.11695    0.12839    0.13205    0.13514
   0.14842    0.15148    0.16159    0.17456    0.18701    0.19588    0.20619    0.20822
   0.21953    0.23638    0.24189    0.24725    0.25631    0.26030    0.26505    0.27122
   0.45546    0.46560
 kpt#  54, nband= 50, wtk=  0.00926, kpt=  0.5000 -0.1667  0.1667 (reduced coord)
  -1.94127   -1.94088   -1.94083   -1.94037   -0.80183   -0.80164   -0.79946   -0.79906
  -0.79661   -0.79556   -0.79190   -0.79072   -0.78913   -0.78896   -0.78873   -0.78847
  -0.35966   -0.35556   -0.34405   -0.33610   -0.33082   -0.31818   -0.31561   -0.30526
   0.09470    0.09533    0.10363    0.11132    0.12065    0.12645    0.13194    0.13410
   0.14508    0.14553    0.16717    0.16851    0.18241    0.19714    0.19856    0.21614
   0.21901    0.22691    0.23828    0.24990    0.25744    0.26037    0.26543    0.26989
   0.45417    0.46276
 kpt#  55, nband= 50, wtk=  0.00926, kpt= -0.3333 -0.1667  0.1667 (reduced coord)
  -1.94131   -1.94088   -1.94080   -1.94037   -0.80341   -0.80172   -0.80107   -0.79783
  -0.79578   -0.79402   -0.79183   -0.79107   -0.79008   -0.78974   -0.78783   -0.78742
  -0.37260   -0.34607   -0.34319   -0.33663   -0.32801   -0.31906   -0.31491   -0.30412
   0.08487    0.09258    0.10322    0.10630    0.11687    0.12895    0.13207    0.13541
   0.14824    0.15154    0.16191    0.17424    0.18712    0.19587    0.20603    0.20757
   0.21976    0.23643    0.24200    0.24772    0.25627    0.26029    0.26390    0.27205
   0.45395    0.46487
 kpt#  56, nband= 50, wtk=  0.00926, kpt= -0.1667 -0.1667  0.1667 (reduced coord)
  -1.94138   -1.94088   -1.94074   -1.94036   -0.80451   -0.80317   -0.80245   -0.79711
  -0.79424   -0.79235   -0.79196   -0.79085   -0.79054   -0.79004   -0.78715   -0.78686
  -0.38335   -0.34567   -0.34045   -0.33803   -0.32031   -0.31843   -0.31449   -0.30256
   0.07925    0.08284    0.08866    0.10212    0.11084    0.13245    0.13897    0.14226
   0.15084    0.15680    0.16347    0.17301    0.18403    0.19604    0.20826    0.21838
   0.23279    0.23834    0.23990    0.24812    0.25342    0.26129    0.26618    0.27322
   0.45495    0.46641
 kpt#  57, nband= 50, wtk=  0.00926, kpt=  0.0000  0.0000  0.3333 (reduced coord)
  -1.94136   -1.94096   -1.94069   -1.94035   -0.80359   -0.80237   -0.80115   -0.79749
  -0.79585   -0.79343   -0.79165   -0.79064   -0.78999   -0.78993   -0.78790   -0.78747
  -0.37924   -0.34675   -0.34155   -0.33748   -0.32394   -0.31729   -0.31250   -0.30579
   0.08198    0.08803    0.10112    0.11248    0.11646    0.12276    0.12800    0.13385
   0.13756    0.16474    0.16934    0.18402    0.18921    0.20057    0.20394    0.20883
   0.21852    0.23350    0.23750    0.24394    0.25007    0.25303    0.27470    0.27844
   0.46492    0.46666
 kpt#  58, nband= 50, wtk=  0.00926, kpt=  0.1667  0.0000  0.3333 (reduced coord)
  -1.94133   -1.94095   -1.94071   -1.94036   -0.80319   -0.80211   -0.80080   -0.79757
  -0.79661   -0.79366   -0.79133   -0.79078   -0.79043   -0.78983   -0.78790   -0.78743
  -0.37603   -0.34662   -0.34219   -0.33685   -0.32375   -0.32111   -0.31263   -0.30579
   0.08653    0.09152    0.10193    0.10675    0.11490    0.12557    0.13298    0.13448
   0.14340    0.16491    0.16992    0.18268    0.18388    0.19667    0.19888    0.21139
   0.21691    0.23102    0.23560    0.24358    0.24823    0.25481    0.27432    0.27665
   0.46345    0.46695
 kpt#  59, nband= 50, wtk=  0.00926, kpt=  0.3333  0.0000  0.3333 (reduced coord)
  -1.94129   -1.94092   -1.94078   -1.94037   -0.80227   -0.80114   -0.80023   -0.79821
  -0.79753   -0.79497   -0.79135   -0.79085   -0.79003   -0.78917   -0.78892   -0.78734
  -0.36727   -0.34799   -0.34292   -0.33681   -0.32828   -0.32321   -0.31292   -0.30640
   0.09329    0.09943    0.10373    0.10860    0.11558    0.12239    0.13510    0.14135
   0.14701    0.16367    0.17126    0.17721    0.18829    0.18921    0.19436    0.20152
   0.21531    0.23040    0.23319    0.23542    0.24765    0.25528    0.27323    0.27625
   0.45939    0.46327
 kpt#  60, nband= 50, wtk=  0.00926, kpt=  0.5000  0.0000  0.3333 (reduced coord)
  -1.94126   -1.94088   -1.94084   -1.94038   -0.80148   -0.80037   -0.79989   -0.79954
  -0.79675   -0.79656   -0.79144   -0.79034   -0.79001   -0.78967   -0.78832   -0.78781
  -0.35701   -0.35460   -0.34309   -0.33811   -0.33040   -0.32304   -0.31311   -0.30685
   0.09750    0.10177    0.10594    0.10907    0.11815    0.11919    0.14162    0.14549
   0.14967    0.15508    0.17130    0.17200    0.18380    0.18531    0.19407    0.21249
   0.21925    0.22097    0.22369    0.23676    0.24987    0.25155    0.27194    0.27767
   0.45691    0.46068
 kpt#  61, nband= 50, wtk=  0.00926, kpt= -0.3333  0.0000  0.3333 (reduced coord)
  -1.94129   -1.94092   -1.94078   -1.94037   -0.80236   -0.80113   -0.80018   -0.79814
  -0.79753   -0.79497   -0.79143   -0.79082   -0.78999   -0.78919   -0.78893   -0.78734
  -0.36729   -0.34796   -0.34293   -0.33681   -0.32826   -0.32323   -0.31290   -0.30642
   0.09323    0.09934    0.10376    0.10868    0.11561    0.12245    0.13515    0.14130
   0.14698    0.16375    0.17115    0.17724    0.18804    0.18933    0.19440    0.20158
   0.21538    0.23042    0.23311    0.23546    0.24769    0.25523    0.27320    0.27629
   0.45926    0.46318
 kpt#  62, nband= 50, wtk=  0.00926, kpt= -0.1667  0.0000  0.3333 (reduced coord)
  -1.94133   -1.94095   -1.94071   -1.94036   -0.80325   -0.80209   -0.80078   -0.79750
  -0.79662   -0.79367   -0.79134   -0.79078   -0.79040   -0.78986   -0.78790   -0.78744
  -0.37603   -0.34661   -0.34220   -0.33684   -0.32376   -0.32110   -0.31262   -0.30581
   0.08654    0.09146    0.10193    0.10674    0.11494    0.12561    0.13280    0.13460
   0.14343    0.16495    0.17002    0.18257    0.18390    0.19624    0.19926    0.21133
   0.21689    0.23105    0.23568    0.24351    0.24832    0.25475    0.27417    0.27679
   0.46326    0.46704
 kpt#  63, nband= 50, wtk=  0.00926, kpt=  0.0000  0.1667  0.3333 (reduced coord)
  -1.94132   -1.94095   -1.94071   -1.94037   -0.80312   -0.80177   -0.80128   -0.79821
  -0.79552   -0.79392   -0.79120   -0.79089   -0.79055   -0.78977   -0.78835   -0.78710
  -0.37594   -0.34632   -0.34167   -0.33779   -0.32301   -0.31889   -0.31464   -0.30682
   0.08438    0.09329    0.10218    0.11319    0.11379    0.12576    0.13037    0.13890
   0.13968    0.16435    0.16547    0.17557    0.18480    0.20251    0.20801    0.20908
   0.21918    0.23509    0.23612    0.24080    0.24999    0.25403    0.26660    0.26831
   0.45933    0.46634
 kpt#  64, nband= 50, wtk=  0.00926, kpt=  0.1667  0.1667  0.3333 (reduced coord)
  -1.94130   -1.94095   -1.94073   -1.94038   -0.80327   -0.80240   -0.80094   -0.79761
  -0.79580   -0.79446   -0.79131   -0.79077   -0.79034   -0.78968   -0.78778   -0.78736
  -0.37333   -0.34755   -0.34215   -0.33768   -0.32389   -0.32045   -0.31421   -0.30609
   0.08835    0.09517    0.10236    0.10896    0.11751    0.12675    0.13428    0.13648
   0.14547    0.15832    0.16786    0.17661    0.18511    0.19906    0.20367    0.21187
   0.21965    0.23025    0.23396    0.24263    0.24761    0.25275    0.26532    0.26849
   0.45582    0.46688
 kpt#  65, nband= 50, wtk=  0.00926, kpt=  0.3333  0.1667  0.3333 (reduced coord)
  -1.94126   -1.94092   -1.94079   -1.94039   -0.80332   -0.80253   -0.80124   -0.79848
  -0.79547   -0.79475   -0.79097   -0.79044   -0.78991   -0.78910   -0.78816   -0.78752
  -0.36613   -0.34989   -0.34475   -0.33911   -0.32693   -0.32033   -0.31267   -0.30609
   0.09384    0.10139    0.10516    0.11006    0.11730    0.12711    0.13524    0.13981
   0.14873    0.15757    0.16664    0.17980    0.18764    0.19254    0.19935    0.20812
   0.21596    0.22981    0.23114    0.23583    0.24492    0.25293    0.26483    0.26794
   0.45091    0.46157
 kpt#  66, nband= 50, wtk=  0.00926, kpt=  0.5000  0.1667  0.3333 (reduced coord)
  -1.94124   -1.94087   -1.94085   -1.94039   -0.80310   -0.80256   -0.80056   -0.80052
  -0.79493   -0.79471   -0.79085   -0.78980   -0.78936   -0.78919   -0.78841   -0.78798
  -0.35729   -0.35580   -0.34657   -0.34064   -0.32797   -0.31938   -0.31187   -0.30663
   0.09967    0.10016    0.10662    0.11154    0.11982    0.12422    0.13909    0.14012
   0.15417    0.15538    0.16794    0.17041    0.18828    0.19251    0.19843    0.21421
   0.21712    0.22128    0.22336    0.23619    0.24786    0.24990    0.26499    0.26810
   0.44944    0.45685
 kpt#  67, nband= 50, wtk=  0.00926, kpt= -0.3333  0.1667  0.3333 (reduced coord)
  -1.94126   -1.94092   -1.94079   -1.94039   -0.80327   -0.80246   -0.80128   -0.79852
  -0.79548   -0.79477   -0.79106   -0.79032   -0.78985   -0.78914   -0.78820   -0.78753
  -0.36612   -0.34998   -0.34456   -0.33900   -0.32695   -0.32045   -0.31257   -0.30628
   0.09412    0.10111    0.10519    0.11016    0.11779    0.12638    0.13544    0.13988
   0.14811    0.15771    0.16674    0.18025    0.18760    0.19210    0.19921    0.20887
   0.21554    0.22977    0.23075    0.23623    0.24461    0.25329    0.26578    0.26706
   0.45204    0.46135
 kpt#  68, nband= 50, wtk=  0.00926, kpt= -0.1667  0.1667  0.3333 (reduced coord)
  -1.94130   -1.94095   -1.94073   -1.94038   -0.80323   -0.80231   -0.80102   -0.79763
  -0.79580   -0.79452   -0.79126   -0.79084   -0.79023   -0.78972   -0.78779   -0.78738
  -0.37331   -0.34767   -0.34194   -0.33757   -0.32357   -0.32093   -0.31411   -0.30626
   0.08844    0.09555    0.10187    0.10941    0.11750    0.12608    0.13363    0.13686
   0.14595    0.15866    0.16777    0.17678    0.18464    0.19857    0.20363    0.21184
   0.22011    0.23052    0.23386    0.24259    0.24760    0.25280    0.26600    0.26786
   0.45684    0.46657
 kpt#  69, nband= 50, wtk=  0.00926, kpt=  0.0000  0.3333  0.3333 (reduced coord)
  -1.94124   -1.94094   -1.94076   -1.94041   -0.80182   -0.80140   -0.80000   -0.79972
  -0.79586   -0.79414   -0.79336   -0.79038   -0.78972   -0.78953   -0.78891   -0.78723
  -0.36681   -0.34473   -0.34443   -0.33921   -0.32263   -0.32001   -0.31826   -0.31013
   0.09180    0.10476    0.10669    0.11305    0.11486    0.12723    0.13185    0.14053
   0.14458    0.15821    0.16001    0.17761    0.19010    0.19773    0.20555    0.21105
   0.21623    0.23020    0.23291    0.24008    0.24466    0.24866    0.25483    0.25829
   0.45278    0.46259
 kpt#  70, nband= 50, wtk=  0.00926, kpt=  0.1667  0.3333  0.3333 (reduced coord)
  -1.94123   -1.94094   -1.94077   -1.94042   -0.80302   -0.80251   -0.80157   -0.79851
  -0.79577   -0.79344   -0.79238   -0.79013   -0.78941   -0.78935   -0.78845   -0.78738
  -0.36579   -0.34842   -0.34461   -0.34085   -0.32243   -0.32007   -0.31561   -0.30842
   0.09489    0.10057    0.10796    0.11245    0.12176    0.12685    0.13510    0.13900
   0.14517    0.15225    0.16645    0.18079    0.18583    0.19921    0.20578    0.21237
   0.22063    0.22710    0.23080    0.23702    0.24209    0.24672    0.25308    0.25852
   0.44832    0.45912
 kpt#  71, nband= 50, wtk=  0.00926, kpt=  0.3333  0.3333  0.3333 (reduced coord)
  -1.94121   -1.94092   -1.94080   -1.94043   -0.80420   -0.80381   -0.80301   -0.80083
  -0.79345   -0.79198   -0.79082   -0.79007   -0.78911   -0.78874   -0.78796   -0.78769
  -0.36245   -0.35206   -0.34900   -0.34516   -0.32189   -0.31627   -0.31242   -0.30696
   0.09858    0.10282    0.10854    0.11400    0.12343    0.12731    0.13194    0.13528
   0.15429    0.15908    0.17186    0.18055    0.18846    0.19170    0.20621    0.21098
   0.22181    0.22402    0.22660    0.23488    0.23981    0.24481    0.24974    0.25619
   0.44171    0.45427
 kpt#  72, nband= 50, wtk=  0.00926, kpt=  0.5000  0.3333  0.3333 (reduced coord)
  -1.94120   -1.94091   -1.94083   -1.94043   -0.80455   -0.80426   -0.80297   -0.80270
  -0.79230   -0.79161   -0.79001   -0.78979   -0.78871   -0.78840   -0.78824   -0.78801
  -0.35726   -0.35635   -0.35195   -0.34744   -0.32118   -0.31361   -0.31148   -0.30703
   0.10194    0.10400    0.10854    0.11385    0.12444    0.12638    0.13133    0.13239
   0.16288    0.16331    0.17360    0.17708    0.18952    0.19358    0.20463    0.21227
   0.21341    0.22105    0.22260    0.23843    0.24001    0.24205    0.25116    0.25443
   0.44003    0.45126
 kpt#  73, nband= 50, wtk=  0.00926, kpt= -0.3333  0.3333  0.3333 (reduced coord)
  -1.94121   -1.94092   -1.94080   -1.94043   -0.80418   -0.80374   -0.80301   -0.80090
  -0.79343   -0.79202   -0.79079   -0.79012   -0.78911   -0.78869   -0.78798   -0.78771
  -0.36244   -0.35213   -0.34886   -0.34508   -0.32206   -0.31590   -0.31267   -0.30712
   0.09891    0.10276    0.10851    0.11430    0.12345    0.12628    0.13193    0.13593
   0.15356    0.15895    0.17228    0.18104    0.18848    0.19162    0.20593    0.21127
   0.22131    0.22396    0.22671    0.23495    0.23987    0.24491    0.24985    0.25615
   0.44274    0.45554
 kpt#  74, nband= 50, wtk=  0.00926, kpt= -0.1667  0.3333  0.3333 (reduced coord)
  -1.94123   -1.94094   -1.94077   -1.94042   -0.80297   -0.80246   -0.80162   -0.79858
  -0.79573   -0.79347   -0.79238   -0.79017   -0.78943   -0.78929   -0.78846   -0.78739
  -0.36577   -0.34847   -0.34456   -0.34067   -0.32264   -0.31961   -0.31599   -0.30851
   0.09489    0.10113    0.10795    0.11242    0.12139    0.12620    0.13530    0.13916
   0.14463    0.15271    0.16697    0.18029    0.18626    0.19906    0.20544    0.21201
   0.22069    0.22750    0.23076    0.23728    0.24233    0.24657    0.25290    0.25857
   0.44924    0.45930
 kpt#  75, nband= 50, wtk=  0.00926, kpt=  0.0000  0.5000  0.3333 (reduced coord)
  -1.94119   -1.94095   -1.94079   -1.94044   -0.80106   -0.80081   -0.80001   -0.79967
  -0.79615   -0.79573   -0.79246   -0.79184   -0.78913   -0.78890   -0.78832   -0.78820
  -0.35477   -0.35417   -0.34215   -0.34153   -0.32226   -0.32168   -0.31542   -0.31484
   0.10203    0.10364    0.11299    0.11366    0.11818    0.11957    0.13740    0.13907
   0.14290    0.14602    0.17768    0.17949    0.19669    0.19785    0.20572    0.20673
   0.20928    0.21034    0.23402    0.23527    0.25035    0.25052    0.25088    0.25139
   0.45166    0.45480
 kpt#  76, nband= 50, wtk=  0.00926, kpt=  0.1667  0.5000  0.3333 (reduced coord)
  -1.94118   -1.94095   -1.94079   -1.94044   -0.80272   -0.80255   -0.80093   -0.80056
  -0.79475   -0.79428   -0.79113   -0.79065   -0.78900   -0.78884   -0.78838   -0.78824
  -0.35577   -0.35527   -0.34446   -0.34404   -0.32099   -0.32056   -0.31320   -0.31237
   0.10298    0.10400    0.10957    0.11101    0.12396    0.12535    0.13401    0.13480
   0.14955    0.15113    0.17645    0.17746    0.19688    0.19775    0.20567    0.20671
   0.21335    0.21431    0.23324    0.23404    0.24195    0.24266    0.25359    0.25436
   0.44811    0.45019
 kpt#  77, nband= 50, wtk=  0.00926, kpt=  0.3333  0.5000  0.3333 (reduced coord)
  -1.94117   -1.94094   -1.94080   -1.94045   -0.80434   -0.80415   -0.80320   -0.80276
  -0.79224   -0.79178   -0.78961   -0.78937   -0.78901   -0.78890   -0.78822   -0.78799
  -0.35673   -0.35629   -0.34992   -0.34949   -0.31715   -0.31691   -0.31047   -0.30953
   0.10515    0.10565    0.10943    0.11045    0.12448    0.12609    0.13083    0.13169
   0.16353    0.16405    0.17910    0.18031    0.19006    0.19044    0.20582    0.20780
   0.21622    0.21691    0.22864    0.22964    0.23987    0.24072    0.24981    0.25083
   0.44273    0.44353
 kpt#  78, nband= 50, wtk=  0.00926, kpt=  0.5000  0.5000  0.3333 (reduced coord)
  -1.94117   -1.94094   -1.94080   -1.94045   -0.80472   -0.80449   -0.80422   -0.80411
  -0.79086   -0.79038   -0.78979   -0.78958   -0.78888   -0.78857   -0.78799   -0.78775
  -0.35590   -0.35534   -0.35374   -0.35328   -0.31504   -0.31452   -0.30957   -0.30896
   0.10723    0.10767    0.10924    0.11024    0.12444    0.12602    0.12835    0.12949
   0.17417    0.17604    0.17672    0.17823    0.19431    0.19671    0.19790    0.19911
   0.21469    0.21586    0.22563    0.22680    0.24176    0.24228    0.24825    0.24916
   0.44078    0.44257
 kpt#  79, nband= 50, wtk=  0.00926, kpt= -0.3333  0.5000  0.3333 (reduced coord)
  -1.94117   -1.94094   -1.94080   -1.94045   -0.80453   -0.80404   -0.80304   -0.80284
  -0.79215   -0.79179   -0.78969   -0.78940   -0.78902   -0.78889   -0.78821   -0.78796
  -0.35678   -0.35626   -0.34986   -0.34952   -0.31744   -0.31663   -0.31015   -0.30985
   0.10496    0.10579    0.10954    0.11040    0.12434    0.12629    0.13064    0.13181
   0.16313    0.16438    0.17929    0.18027    0.18936    0.19111    0.20567    0.20789
   0.21580    0.21738    0.22828    0.22994    0.23988    0.24066    0.24995    0.25078
   0.44213    0.44412
 kpt#  80, nband= 50, wtk=  0.00926, kpt= -0.1667  0.5000  0.3333 (reduced coord)
  -1.94118   -1.94095   -1.94079   -1.94044   -0.80291   -0.80245   -0.80077   -0.80063
  -0.79467   -0.79430   -0.79118   -0.79069   -0.78904   -0.78878   -0.78838   -0.78823
  -0.35579   -0.35527   -0.34446   -0.34403   -0.32119   -0.32036   -0.31304   -0.31254
   0.10273    0.10424    0.10997    0.11065    0.12375    0.12556    0.13356    0.13523
   0.14944    0.15118    0.17653    0.17741    0.19657    0.19812    0.20601    0.20628
   0.21344    0.21432    0.23287    0.23433    0.24196    0.24263    0.25358    0.25443
   0.44768    0.45063
 kpt#  81, nband= 50, wtk=  0.00926, kpt=  0.0000 -0.3333  0.3333 (reduced coord)
  -1.94124   -1.94094   -1.94076   -1.94041   -0.80181   -0.80138   -0.79988   -0.79976
  -0.79598   -0.79396   -0.79339   -0.79055   -0.78975   -0.78957   -0.78870   -0.78735
  -0.36656   -0.34474   -0.34429   -0.33917   -0.32241   -0.31994   -0.31856   -0.31065
   0.09300    0.10446    0.10690    0.11328    0.11496    0.12807    0.13124    0.14180
   0.14327    0.15496    0.16155    0.17601    0.18983    0.19925    0.20693    0.21179
   0.21571    0.22890    0.23193    0.24058    0.24464    0.24992    0.25463    0.25777
   0.45069    0.46589
 kpt#  82, nband= 50, wtk=  0.00926, kpt=  0.1667 -0.3333  0.3333 (reduced coord)
  -1.94123   -1.94094   -1.94077   -1.94042   -0.80320   -0.80208   -0.80148   -0.79882
  -0.79591   -0.79331   -0.79230   -0.79005   -0.78960   -0.78939   -0.78830   -0.78751
  -0.36555   -0.34819   -0.34463   -0.34069   -0.32243   -0.31975   -0.31614   -0.30893
   0.09593    0.10095    0.10840    0.11227    0.12079    0.12690    0.13539    0.13985
   0.14416    0.15240    0.16621    0.17939    0.18591    0.19987    0.20509    0.21247
   0.22054    0.22662    0.23013    0.23837    0.24239    0.24682    0.25298    0.25836
   0.44783    0.46366
 kpt#  83, nband= 50, wtk=  0.00926, kpt=  0.3333 -0.3333  0.3333 (reduced coord)
  -1.94121   -1.94092   -1.94080   -1.94043   -0.80435   -0.80349   -0.80286   -0.80105
  -0.79370   -0.79193   -0.79060   -0.78994   -0.78908   -0.78897   -0.78798   -0.78773
  -0.36229   -0.35193   -0.34845   -0.34544   -0.32178   -0.31623   -0.31290   -0.30733
   0.09867    0.10369    0.10882    0.11421    0.12312    0.12642    0.13238    0.13583
   0.15473    0.15842    0.17216    0.18123    0.18674    0.19199    0.20567    0.21047
   0.22162    0.22358    0.22705    0.23520    0.23948    0.24462    0.24982    0.25639
   0.44313    0.45611
 kpt#  84, nband= 50, wtk=  0.00926, kpt=  0.5000 -0.3333  0.3333 (reduced coord)
  -1.94120   -1.94091   -1.94082   -1.94043   -0.80458   -0.80417   -0.80300   -0.80265
  -0.79256   -0.79148   -0.78993   -0.78960   -0.78872   -0.78850   -0.78834   -0.78803
  -0.35733   -0.35613   -0.35133   -0.34779   -0.32086   -0.31417   -0.31168   -0.30710
   0.10148    0.10431    0.10945    0.11430    0.12381    0.12652    0.13158    0.13252
   0.16254    0.16367    0.17497    0.17614    0.18955    0.19309    0.20440    0.21177
   0.21349    0.22093    0.22208    0.23906    0.23934    0.24170    0.25120    0.25412
   0.44183    0.45118
 kpt#  85, nband= 50, wtk=  0.00926, kpt= -0.3333 -0.3333  0.3333 (reduced coord)
  -1.94121   -1.94092   -1.94080   -1.94043   -0.80453   -0.80347   -0.80283   -0.80093
  -0.79363   -0.79194   -0.79054   -0.78999   -0.78911   -0.78905   -0.78794   -0.78771
  -0.36233   -0.35187   -0.34853   -0.34556   -0.32166   -0.31653   -0.31264   -0.30723
   0.09829    0.10376    0.10889    0.11390    0.12320    0.12746    0.13213    0.13535
   0.15544    0.15852    0.17184    0.18066    0.18676    0.19210    0.20581    0.21034
   0.22146    0.22428    0.22686    0.23519    0.23943    0.24458    0.24955    0.25653
   0.44195    0.45537
 kpt#  86, nband= 50, wtk=  0.00926, kpt= -0.1667 -0.3333  0.3333 (reduced coord)
  -1.94123   -1.94094   -1.94077   -1.94042   -0.80341   -0.80207   -0.80141   -0.79867
  -0.79587   -0.79333   -0.79227   -0.79009   -0.78966   -0.78941   -0.78825   -0.78750
  -0.36559   -0.34815   -0.34467   -0.34086   -0.32230   -0.32012   -0.31575   -0.30888
   0.09589    0.10037    0.10863    0.11209    0.12128    0.12763    0.13496    0.13954
   0.14484    0.15212    0.16551    0.17989    0.18555    0.20013    0.20547    0.21280
   0.22031    0.22621    0.23030    0.23810    0.24217    0.24681    0.25319    0.25841
   0.44683    0.46229
 kpt#  87, nband= 50, wtk=  0.00926, kpt=  0.0000 -0.1667  0.3333 (reduced coord)
  -1.94132   -1.94096   -1.94071   -1.94037   -0.80318   -0.80159   -0.80128   -0.79830
  -0.79532   -0.79408   -0.79121   -0.79100   -0.79039   -0.78984   -0.78827   -0.78721
  -0.37581   -0.34608   -0.34159   -0.33769   -0.32306   -0.31915   -0.31460   -0.30720
   0.08514    0.09305    0.10286    0.11324    0.11414    0.12602    0.13110    0.13786
   0.13871    0.16351    0.16637    0.17409    0.18396    0.20278    0.20903    0.21047
   0.21955    0.23320    0.23561    0.24159    0.25017    0.25422    0.26563    0.26906
   0.45868    0.46575
 kpt#  88, nband= 50, wtk=  0.00926, kpt=  0.1667 -0.1667  0.3333 (reduced coord)
  -1.94130   -1.94095   -1.94073   -1.94038   -0.80335   -0.80204   -0.80092   -0.79794
  -0.79587   -0.79435   -0.79122   -0.79084   -0.79019   -0.78980   -0.78773   -0.78749
  -0.37318   -0.34738   -0.34182   -0.33760   -0.32363   -0.32110   -0.31416   -0.30661
   0.08894    0.09550    0.10265    0.10964    0.11691    0.12654    0.13347    0.13758
   0.14529    0.15860    0.16643    0.17700    0.18391    0.19941    0.20344    0.21240
   0.21948    0.22971    0.23397    0.24276    0.24750    0.25389    0.26536    0.26794
   0.45667    0.46580
 kpt#  89, nband= 50, wtk=  0.00926, kpt=  0.3333 -0.1667  0.3333 (reduced coord)
  -1.94126   -1.94092   -1.94079   -1.94039   -0.80333   -0.80227   -0.80115   -0.79875
  -0.79573   -0.79459   -0.79084   -0.79044   -0.78972   -0.78929   -0.78828   -0.78751
  -0.36599   -0.34979   -0.34398   -0.33954   -0.32657   -0.32092   -0.31271   -0.30652
   0.09396    0.10222    0.10548    0.10980    0.11810    0.12561    0.13544    0.14072
   0.14860    0.15753    0.16649    0.18025    0.18721    0.19153    0.19879    0.20863
   0.21569    0.22922    0.23114    0.23641    0.24392    0.25367    0.26566    0.26704
   0.45279    0.46126
 kpt#  90, nband= 50, wtk=  0.00926, kpt=  0.5000 -0.1667  0.3333 (reduced coord)
  -1.94124   -1.94087   -1.94085   -1.94039   -0.80286   -0.80272   -0.80077   -0.80026
  -0.79516   -0.79461   -0.79078   -0.78970   -0.78945   -0.78921   -0.78841   -0.78804
  -0.35724   -0.35562   -0.34593   -0.34118   -0.32745   -0.32002   -0.31203   -0.30679
   0.09976    0.10048    0.10724    0.11105    0.11957    0.12449    0.13920    0.14078
   0.15450    0.15513    0.16794    0.17090    0.18838    0.19067    0.19783    0.21504
   0.21759    0.22189    0.22272    0.23535    0.24723    0.24948    0.26497    0.26834
   0.45097    0.45684
 kpt#  91, nband= 50, wtk=  0.00926, kpt= -0.3333 -0.1667  0.3333 (reduced coord)
  -1.94126   -1.94092   -1.94079   -1.94039   -0.80351   -0.80228   -0.80108   -0.79861
  -0.79565   -0.79462   -0.79078   -0.79060   -0.78971   -0.78929   -0.78826   -0.78750
  -0.36604   -0.34968   -0.34414   -0.33965   -0.32659   -0.32074   -0.31280   -0.30636
   0.09360    0.10238    0.10549    0.10978    0.11762    0.12647    0.13527    0.14058
   0.14917    0.15743    0.16640    0.17975    0.18743    0.19181    0.19875    0.20796
   0.21622    0.22933    0.23140    0.23609    0.24430    0.25324    0.26448    0.26813
   0.45148    0.46132
 kpt#  92, nband= 50, wtk=  0.00926, kpt= -0.1667 -0.1667  0.3333 (reduced coord)
  -1.94130   -1.94095   -1.94073   -1.94038   -0.80352   -0.80208   -0.80083   -0.79781
  -0.79583   -0.79432   -0.79133   -0.79077   -0.79026   -0.78981   -0.78772   -0.78748
  -0.37322   -0.34724   -0.34204   -0.33769   -0.32400   -0.32054   -0.31425   -0.30647
   0.08885    0.09507    0.10312    0.10920    0.11701    0.12724    0.13409    0.13718
   0.14479    0.15833    0.16660    0.17671    0.18440    0.19980    0.20370    0.21218
   0.21907    0.22957    0.23404    0.24273    0.24766    0.25380    0.26440    0.26879
   0.45544    0.46621
 kpt#  93, nband= 50, wtk=  0.00463, kpt=  0.0000  0.0000  0.5000 (reduced coord)
  -1.94128   -1.94103   -1.94069   -1.94036   -0.80110   -0.80098   -0.79950   -0.79934
  -0.79612   -0.79608   -0.79168   -0.79150   -0.78916   -0.78906   -0.78876   -0.78862
  -0.36244   -0.36210   -0.33769   -0.33763   -0.32252   -0.32197   -0.31112   -0.31037
   0.10111    0.10121    0.10943    0.10996    0.11393    0.11451    0.12406    0.12564
   0.15059    0.15099    0.17502    0.17649    0.19882    0.19911    0.20600    0.20630
   0.21161    0.21299    0.23816    0.23880    0.25006    0.25023    0.27674    0.27843
   0.46686    0.46841
 kpt#  94, nband= 50, wtk=  0.00926, kpt=  0.1667  0.0000  0.5000 (reduced coord)
  -1.94127   -1.94101   -1.94071   -1.94037   -0.80115   -0.80103   -0.79952   -0.79936
  -0.79647   -0.79645   -0.79122   -0.79107   -0.78932   -0.78916   -0.78865   -0.78856
  -0.36086   -0.36054   -0.33836   -0.33830   -0.32383   -0.32322   -0.31090   -0.31013
   0.10166    0.10177    0.10714    0.10730    0.11586    0.11641    0.13039    0.13111
   0.15361    0.15388    0.17543    0.17644    0.19312    0.19384    0.20148    0.20163
   0.21510    0.21610    0.23654    0.23665    0.24874    0.24909    0.27544    0.27701
   0.46416    0.46521
 kpt#  95, nband= 50, wtk=  0.00926, kpt=  0.3333  0.0000  0.5000 (reduced coord)
  -1.94125   -1.94095   -1.94077   -1.94038   -0.80126   -0.80114   -0.79982   -0.79968
  -0.79656   -0.79654   -0.79070   -0.79062   -0.78989   -0.78984   -0.78810   -0.78801
  -0.35693   -0.35666   -0.34046   -0.34040   -0.32630   -0.32559   -0.31055   -0.30977
   0.10335    0.10375    0.10655    0.10709    0.11537    0.11584    0.14247    0.14258
   0.16160    0.16192    0.17355    0.17429    0.18382    0.18459    0.19807    0.19836
   0.21975    0.22014    0.22300    0.22320    0.24951    0.24994    0.27402    0.27533
   0.45862    0.45940
 kpt#  96, nband= 50, wtk=  0.00463, kpt=  0.5000  0.0000  0.5000 (reduced coord)
  -1.94125   -1.94088   -1.94084   -1.94039   -0.80120   -0.80104   -0.80030   -0.80014
  -0.79617   -0.79616   -0.79132   -0.79121   -0.78949   -0.78946   -0.78792   -0.78783
  -0.35420   -0.35398   -0.34231   -0.34229   -0.32745   -0.32671   -0.31041   -0.30962
   0.10507    0.10555    0.10932    0.10985    0.11091    0.11140    0.15100    0.15155
   0.16632    0.16680    0.17011    0.17166    0.17949    0.17961    0.19748    0.19815
   0.21372    0.21401    0.22243    0.22252    0.24828    0.24894    0.27364    0.27484
   0.45540    0.45625
 kpt#  97, nband= 50, wtk=  0.00926, kpt=  0.0000  0.1667  0.5000 (reduced coord)
  -1.94126   -1.94101   -1.94071   -1.94038   -0.80124   -0.80110   -0.79914   -0.79897
  -0.79667   -0.79656   -0.79115   -0.79104   -0.78994   -0.78973   -0.78832   -0.78816
  -0.36036   -0.36002   -0.33852   -0.33833   -0.32242   -0.32194   -0.31275   -0.31204
   0.09943    0.10078    0.11327    0.11372    0.11819    0.11921    0.12689    0.12814
   0.14680    0.14766    0.17687    0.17785    0.19545    0.19754    0.19913    0.20027
   0.21793    0.21929    0.23620    0.23834    0.25098    0.25125    0.26604    0.26811
   0.46281    0.46402
 kpt#  98, nband= 50, wtk=  0.00926, kpt=  0.1667  0.1667  0.5000 (reduced coord)
  -1.94125   -1.94099   -1.94073   -1.94039   -0.80238   -0.80187   -0.79945   -0.79833
  -0.79672   -0.79612   -0.79100   -0.79069   -0.78955   -0.78913   -0.78848   -0.78828
  -0.35958   -0.35925   -0.34066   -0.33854   -0.32550   -0.32029   -0.31272   -0.30994
   0.09983    0.10154    0.10832    0.11316    0.11986    0.12075    0.13060    0.13509
   0.14702    0.15378    0.17386    0.17553    0.19051    0.19390    0.20389    0.20527
   0.21485    0.21852    0.23422    0.23711    0.24618    0.24974    0.26513    0.26849
   0.45640    0.46578
 kpt#  99, nband= 50, wtk=  0.00926, kpt=  0.3333  0.1667  0.5000 (reduced coord)
  -1.94124   -1.94094   -1.94079   -1.94040   -0.80323   -0.80271   -0.80090   -0.79979
  -0.79520   -0.79478   -0.79039   -0.79001   -0.78948   -0.78915   -0.78820   -0.78810
  -0.35739   -0.35708   -0.34417   -0.34225   -0.32547   -0.32096   -0.31082   -0.30849
   0.10101    0.10387    0.10949    0.11224    0.11535    0.12188    0.13865    0.14126
   0.15470    0.16378    0.17315    0.17996    0.18138    0.18911    0.20039    0.20703
   0.21470    0.22088    0.22296    0.22689    0.24587    0.24808    0.26561    0.26630
   0.45110    0.45911
 kpt# 100, nband= 50, wtk=  0.00926, kpt=  0.5000  0.1667  0.5000 (reduced coord)
  -1.94123   -1.94088   -1.94084   -1.94041   -0.80333   -0.80292   -0.80139   -0.80105
  -0.79430   -0.79413   -0.79022   -0.79012   -0.78929   -0.78921   -0.78803   -0.78791
  -0.35557   -0.35535   -0.34622   -0.34550   -0.32343   -0.32260   -0.30937   -0.30871
   0.10434    0.10487    0.11045    0.11090    0.11604    0.11660    0.14326    0.14416
   0.16419    0.16504    0.17273    0.17345    0.18759    0.18856    0.20385    0.20463
   0.21351    0.21390    0.21870    0.21912    0.24741    0.24803    0.26511    0.26620
   0.45095    0.45238
 kpt# 101, nband= 50, wtk=  0.00926, kpt= -0.3333  0.1667  0.5000 (reduced coord)
  -1.94124   -1.94094   -1.94079   -1.94040   -0.80310   -0.80266   -0.80101   -0.79982
  -0.79524   -0.79486   -0.79029   -0.78988   -0.78946   -0.78926   -0.78829   -0.78807
  -0.35763   -0.35689   -0.34406   -0.34203   -0.32515   -0.32159   -0.31015   -0.30913
   0.10129    0.10406    0.10932    0.11209    0.11571    0.12118    0.13908    0.14128
   0.15468    0.16297    0.17306    0.17982    0.18226    0.18891    0.20024    0.20730
   0.21448    0.22123    0.22274    0.22689    0.24602    0.24782    0.26509    0.26702
   0.45235    0.45849
 kpt# 102, nband= 50, wtk=  0.00926, kpt= -0.1667  0.1667  0.5000 (reduced coord)
  -1.94125   -1.94099   -1.94073   -1.94039   -0.80221   -0.80182   -0.79963   -0.79831
  -0.79678   -0.79620   -0.79099   -0.79055   -0.78955   -0.78909   -0.78851   -0.78834
  -0.35988   -0.35897   -0.34050   -0.33836   -0.32526   -0.32096   -0.31200   -0.31056
   0.10005    0.10185    0.10826    0.11327    0.11939    0.12016    0.13061    0.13586
   0.14740    0.15302    0.17397    0.17531    0.18969    0.19447    0.20369    0.20569
   0.21420    0.21965    0.23428    0.23703    0.24572    0.24965    0.26632    0.26764
   0.45765    0.46617
 kpt# 103, nband= 50, wtk=  0.00926, kpt=  0.0000  0.3333  0.5000 (reduced coord)
  -1.94120   -1.94096   -1.94077   -1.94043   -0.80126   -0.80108   -0.79938   -0.79922
  -0.79636   -0.79626   -0.79190   -0.79181   -0.78964   -0.78945   -0.78801   -0.78786
  -0.35478   -0.35442   -0.34165   -0.34130   -0.32171   -0.32137   -0.31635   -0.31580
   0.10276    0.10375    0.11325    0.11359    0.12581    0.12658    0.13384    0.13432
   0.14876    0.14925    0.17123    0.17358    0.18721    0.18883    0.20662    0.20777
   0.21909    0.21968    0.23732    0.23848    0.24230    0.24393    0.25043    0.25076
   0.45855    0.45978
 kpt# 104, nband= 50, wtk=  0.00926, kpt=  0.1667  0.3333  0.5000 (reduced coord)
  -1.94120   -1.94096   -1.94078   -1.94043   -0.80306   -0.80244   -0.80102   -0.79987
  -0.79506   -0.79417   -0.79132   -0.79027   -0.78960   -0.78925   -0.78807   -0.78789
  -0.35602   -0.35532   -0.34490   -0.34308   -0.32265   -0.31816   -0.31452   -0.31246
   0.10276    0.10534    0.11003    0.11299    0.12570    0.12695    0.13545    0.13733
   0.14869    0.15567    0.16904    0.17303    0.19174    0.19546    0.20220    0.21433
   0.21549    0.21713    0.22996    0.23488    0.24014    0.24536    0.24768    0.25519
   0.45012    0.46441
 kpt# 105, nband= 50, wtk=  0.00926, kpt=  0.3333  0.3333  0.5000 (reduced coord)
  -1.94119   -1.94093   -1.94080   -1.94043   -0.80469   -0.80419   -0.80309   -0.80215
  -0.79250   -0.79184   -0.78986   -0.78941   -0.78898   -0.78882   -0.78813   -0.78790
  -0.35738   -0.35670   -0.34980   -0.34841   -0.31924   -0.31582   -0.31044   -0.30892
   0.10379    0.10536    0.11163    0.11224    0.12361    0.12776    0.13215    0.13452
   0.16019    0.16705    0.17507    0.17966    0.18745    0.19140    0.20399    0.21165
   0.21575    0.22090    0.22252    0.22739    0.24040    0.24136    0.24904    0.25066
   0.44304    0.45554
 kpt# 106, nband= 50, wtk=  0.00926, kpt=  0.5000  0.3333  0.5000 (reduced coord)
  -1.94119   -1.94091   -1.94082   -1.94044   -0.80517   -0.80475   -0.80382   -0.80344
  -0.79132   -0.79113   -0.78918   -0.78907   -0.78874   -0.78870   -0.78810   -0.78790
  -0.35731   -0.35699   -0.35223   -0.35152   -0.31632   -0.31561   -0.30850   -0.30801
   0.10523    0.10598    0.11176    0.11217    0.12438    0.12502    0.13222    0.13328
   0.16923    0.17017    0.17602    0.17825    0.19258    0.19343    0.20532    0.20601
   0.21580    0.21632    0.22317    0.22404    0.23972    0.24038    0.24860    0.24930
   0.44416    0.44553
 kpt# 107, nband= 50, wtk=  0.00926, kpt= -0.3333  0.3333  0.5000 (reduced coord)
  -1.94119   -1.94093   -1.94080   -1.94043   -0.80457   -0.80414   -0.80318   -0.80220
  -0.79254   -0.79193   -0.78973   -0.78933   -0.78904   -0.78878   -0.78816   -0.78796
  -0.35756   -0.35662   -0.34969   -0.34823   -0.31901   -0.31620   -0.31004   -0.30938
   0.10394    0.10532    0.11182    0.11249    0.12325    0.12691    0.13267    0.13491
   0.15996    0.16611    0.17575    0.17992    0.18727    0.19162    0.20398    0.21109
   0.21547    0.22139    0.22247    0.22801    0.24014    0.24119    0.24858    0.25129
   0.44402    0.45481
 kpt# 108, nband= 50, wtk=  0.00926, kpt= -0.1667  0.3333  0.5000 (reduced coord)
  -1.94120   -1.94095   -1.94078   -1.94043   -0.80291   -0.80239   -0.80115   -0.79989
  -0.79511   -0.79425   -0.79127   -0.79023   -0.78951   -0.78931   -0.78807   -0.78792
  -0.35629   -0.35515   -0.34470   -0.34289   -0.32257   -0.31864   -0.31402   -0.31287
   0.10277    0.10529    0.11055    0.11323    0.12507    0.12640    0.13576    0.13775
   0.14883    0.15474    0.16937    0.17319    0.19173    0.19520    0.20187    0.21447
   0.21572    0.21725    0.23060    0.23504    0.23946    0.24492    0.24832    0.25500
   0.45095    0.46216
 kpt# 109, nband= 50, wtk=  0.00463, kpt=  0.0000  0.5000  0.5000 (reduced coord)
  -1.94117   -1.94094   -1.94081   -1.94045   -0.80072   -0.80055   -0.80042   -0.80035
  -0.79451   -0.79444   -0.79398   -0.79384   -0.78856   -0.78841   -0.78839   -0.78825
  -0.34794   -0.34763   -0.34723   -0.34697   -0.32018   -0.31989   -0.31921   -0.31889
   0.10858    0.10934    0.10951    0.11031    0.12973    0.13027    0.13103    0.13154
   0.16121    0.16210    0.16370    0.16450    0.19519    0.19532    0.19736    0.19755
   0.22533    0.22616    0.22652    0.22743    0.24303    0.24339    0.24414    0.24451
   0.46143    0.46384
 kpt# 110, nband= 50, wtk=  0.00926, kpt=  0.1667  0.5000  0.5000 (reduced coord)
  -1.94117   -1.94094   -1.94080   -1.94045   -0.80263   -0.80247   -0.80173   -0.80162
  -0.79310   -0.79303   -0.79201   -0.79193   -0.78856   -0.78841   -0.78835   -0.78821
  -0.35082   -0.35053   -0.34952   -0.34934   -0.31773   -0.31716   -0.31657   -0.31579
   0.10838    0.10920    0.10959    0.11027    0.12871    0.12935    0.13092    0.13155
   0.16428    0.16481    0.16718    0.16825    0.19792    0.19857    0.20115    0.20156
   0.21606    0.21689    0.22482    0.22510    0.24359    0.24441    0.24598    0.24642
   0.45298    0.45356
 kpt# 111, nband= 50, wtk=  0.00926, kpt=  0.3333  0.5000  0.5000 (reduced coord)
  -1.94117   -1.94094   -1.94080   -1.94045   -0.80471   -0.80453   -0.80400   -0.80390
  -0.79074   -0.79066   -0.78986   -0.78978   -0.78853   -0.78836   -0.78823   -0.78807
  -0.35493   -0.35476   -0.35383   -0.35377   -0.31320   -0.31257   -0.31222   -0.31144
   0.10872    0.10912    0.10949    0.10980    0.12703    0.12796    0.12994    0.13089
   0.17117    0.17180    0.17746    0.17901    0.19479    0.19566    0.19869    0.19943
   0.21642    0.21712    0.22510    0.22563    0.24144    0.24171    0.24235    0.24241
   0.44520    0.44579
 kpt# 112, nband= 50, wtk=  0.00463, kpt=  0.5000  0.5000  0.5000 (reduced coord)
  -1.94117   -1.94094   -1.94080   -1.94045   -0.80545   -0.80525   -0.80498   -0.80489
  -0.78975   -0.78964   -0.78925   -0.78921   -0.78840   -0.78824   -0.78809   -0.78792
  -0.35653   -0.35642   -0.35588   -0.35583   -0.31113   -0.31049   -0.31042   -0.30976
   0.10863    0.10901    0.10933    0.10979    0.12747    0.12827    0.12903    0.12981
   0.17634    0.17677    0.17904    0.17939    0.19544    0.19591    0.19649    0.19683
   0.22192    0.22254    0.22319    0.22372    0.23809    0.23867    0.23916    0.23976
   0.44598    0.44684
