 Fermi (or HOMO) energy (hartree) =   0.27672   Average Vxc (hartree)=  -0.44463
 Eigenvalues (hartree) for nkpt= 112  k points:
 kpt#   1, nband= 50, wtk=  0.00463, kpt=  0.0000  0.0000  0.0000 (reduced coord)
  -1.93818   -1.93744   -1.93733   -1.93731   -0.80671   -0.80491   -0.80425   -0.79482
  -0.79254   -0.79164   -0.79040   -0.79019   -0.78883   -0.78596   -0.78513   -0.78469
  -0.39734   -0.34941   -0.34204   -0.33927   -0.31321   -0.31207   -0.31167   -0.30381
   0.05955    0.06358    0.07522    0.09180    0.09686    0.09917    0.15089    0.16097
   0.16557    0.17293    0.17738    0.17908    0.18360    0.19639    0.20674    0.21829
   0.22125    0.23541    0.24113    0.24377    0.25543    0.25833    0.27667    0.27672
   0.45598    0.46030
 kpt#   2, nband= 50, wtk=  0.00926, kpt=  0.1667  0.0000  0.0000 (reduced coord)
  -1.93814   -1.93747   -1.93734   -1.93731   -0.80588   -0.80388   -0.80362   -0.79529
  -0.79270   -0.79145   -0.79079   -0.79042   -0.78886   -0.78677   -0.78549   -0.78542
  -0.39292   -0.34729   -0.34152   -0.33767   -0.31958   -0.31395   -0.31167   -0.30540
   0.06387    0.07222    0.07259    0.09336    0.09902    0.11278    0.14188    0.15646
   0.16106    0.16235    0.16863    0.18116    0.18146    0.20185    0.21213    0.21647
   0.22914    0.23152    0.24059    0.24314    0.24920    0.25996    0.27191    0.27362
   0.45922    0.46462
 kpt#   3, nband= 50, wtk=  0.00926, kpt=  0.3333  0.0000  0.0000 (reduced coord)
  -1.93803   -1.93758   -1.93735   -1.93731   -0.80366   -0.80204   -0.80120   -0.79688
  -0.79374   -0.79168   -0.79106   -0.79099   -0.78879   -0.78854   -0.78678   -0.78619
  -0.38132   -0.34183   -0.34148   -0.33386   -0.33223   -0.31968   -0.31261   -0.30928
   0.07415    0.07605    0.09578    0.09917    0.10445    0.11916    0.12797    0.14159
   0.15101    0.15928    0.16102    0.17777    0.18662    0.19202    0.21297    0.21817
   0.22375    0.22409    0.23994    0.24837    0.25185    0.25758    0.26787    0.26799
   0.46407    0.47000
 kpt#   4, nband= 50, wtk=  0.00463, kpt=  0.5000  0.0000  0.0000 (reduced coord)
  -1.93795   -1.93766   -1.93736   -1.93730   -0.80164   -0.80093   -0.79909   -0.79866
  -0.79430   -0.79324   -0.79208   -0.79088   -0.78835   -0.78809   -0.78795   -0.78682
  -0.37169   -0.34708   -0.33747   -0.33661   -0.33168   -0.32387   -0.31321   -0.31181
   0.08235    0.08396    0.10160    0.10246    0.11039    0.12017    0.12087    0.13183
   0.14581    0.15183    0.17004    0.17831    0.18098    0.19140    0.19995    0.21409
   0.22356    0.22779    0.23969    0.25187    0.25191    0.25498    0.26616    0.26872
   0.46511    0.47114
 kpt#   5, nband= 50, wtk=  0.00926, kpt=  0.0000  0.1667  0.0000 (reduced coord)
  -1.93813   -1.93744   -1.93739   -1.93732   -0.80552   -0.80399   -0.80374   -0.79576
  -0.79235   -0.79143   -0.79136   -0.79034   -0.78863   -0.78702   -0.78540   -0.78502
  -0.39248   -0.34791   -0.34134   -0.33899   -0.31716   -0.31420   -0.31305   -0.30481
   0.06917    0.06941    0.07085    0.09366    0.10172    0.11180    0.14486    0.14663
   0.15792    0.16885    0.17294    0.18017    0.18104    0.20071    0.21178    0.22041
   0.23061    0.23126    0.23722    0.23859    0.24883    0.25598    0.27408    0.27440
   0.45471    0.46573
 kpt#   6, nband= 50, wtk=  0.00926, kpt=  0.1667  0.1667  0.0000 (reduced coord)
  -1.93809   -1.93747   -1.93739   -1.93732   -0.80491   -0.80344   -0.80286   -0.79628
  -0.79253   -0.79172   -0.79101   -0.79067   -0.78861   -0.78807   -0.78570   -0.78517
  -0.38850   -0.34652   -0.34079   -0.33738   -0.32081   -0.31894   -0.31191   -0.30621
   0.06959    0.07542    0.07764    0.09502    0.10318    0.11996    0.13688    0.15181
   0.15378    0.15795    0.17171    0.17750    0.17923    0.20059    0.21445    0.21584
   0.22898    0.23505    0.23703    0.24136    0.24565    0.25233    0.27055    0.27174
   0.45798    0.46723
 kpt#   7, nband= 50, wtk=  0.00926, kpt=  0.3333  0.1667  0.0000 (reduced coord)
  -1.93799   -1.93756   -1.93739   -1.93732   -0.80326   -0.80186   -0.80074   -0.79782
  -0.79376   -0.79215   -0.79175   -0.79072   -0.78870   -0.78844   -0.78647   -0.78604
  -0.37808   -0.34286   -0.34068   -0.33384   -0.33247   -0.32305   -0.31257   -0.30960
   0.07627    0.08427    0.09600    0.10320    0.10831    0.12061    0.12702    0.14120
   0.15404    0.15534    0.16282    0.17487    0.18438    0.19193    0.20940    0.20969
   0.22285    0.22724    0.23786    0.24703    0.24872    0.25018    0.26713    0.26754
   0.46234    0.46809
 kpt#   8, nband= 50, wtk=  0.00926, kpt=  0.5000  0.1667  0.0000 (reduced coord)
  -1.93791   -1.93763   -1.93740   -1.93732   -0.80179   -0.80069   -0.79928   -0.79908
  -0.79481   -0.79398   -0.79171   -0.79057   -0.78816   -0.78761   -0.78732   -0.78706
  -0.36958   -0.34582   -0.34007   -0.33614   -0.33231   -0.32529   -0.31313   -0.31183
   0.08526    0.09028    0.10005    0.10445    0.11532    0.11843    0.12711    0.13516
   0.14695    0.15126    0.17157    0.17440    0.17584    0.19124    0.20114    0.21528
   0.21574    0.21949    0.24023    0.24788    0.24868    0.25154    0.26562    0.26792
   0.46391    0.46923
 kpt#   9, nband= 50, wtk=  0.00926, kpt= -0.3333  0.1667  0.0000 (reduced coord)
  -1.93799   -1.93756   -1.93739   -1.93732   -0.80326   -0.80186   -0.80074   -0.79782
  -0.79376   -0.79215   -0.79176   -0.79072   -0.78871   -0.78843   -0.78647   -0.78603
  -0.37808   -0.34286   -0.34068   -0.33384   -0.33247   -0.32305   -0.31257   -0.30960
   0.07627    0.08427    0.09600    0.10320    0.10831    0.12061    0.12702    0.14120
   0.15404    0.15534    0.16281    0.17488    0.18437    0.19193    0.20941    0.20969
   0.22284    0.22724    0.23786    0.24703    0.24872    0.25018    0.26713    0.26754
   0.46234    0.46809
 kpt#  10, nband= 50, wtk=  0.00926, kpt= -0.1667  0.1667  0.0000 (reduced coord)
  -1.93809   -1.93747   -1.93739   -1.93732   -0.80491   -0.80344   -0.80285   -0.79628
  -0.79254   -0.79173   -0.79101   -0.79066   -0.78861   -0.78807   -0.78570   -0.78517
  -0.38850   -0.34652   -0.34079   -0.33738   -0.32081   -0.31894   -0.31191   -0.30621
   0.06959    0.07542    0.07764    0.09502    0.10319    0.11996    0.13688    0.15181
   0.15377    0.15796    0.17171    0.17749    0.17924    0.20059    0.21445    0.21585
   0.22898    0.23504    0.23703    0.24136    0.24566    0.25233    0.27055    0.27174
   0.45798    0.46723
 kpt#  11, nband= 50, wtk=  0.00926, kpt=  0.0000  0.3333  0.0000 (reduced coord)
  -1.93797   -1.93755   -1.93742   -1.93733   -0.80232   -0.80219   -0.80144   -0.79785
  -0.79420   -0.79268   -0.79185   -0.79107   -0.78806   -0.78785   -0.78614   -0.78591
  -0.37908   -0.34738   -0.33977   -0.33850   -0.32784   -0.31987   -0.31226   -0.30740
   0.07255    0.08439    0.09540    0.09685    0.11063    0.12535    0.13030    0.13145
   0.14015    0.15720    0.17397    0.17449    0.19008    0.19211    0.21025    0.21102
   0.21873    0.22243    0.24239    0.24502    0.25017    0.25616    0.26901    0.26958
   0.45978    0.47437
 kpt#  12, nband= 50, wtk=  0.00926, kpt=  0.1667  0.3333  0.0000 (reduced coord)
  -1.93794   -1.93754   -1.93745   -1.93734   -0.80233   -0.80219   -0.80060   -0.79832
  -0.79399   -0.79373   -0.79163   -0.79075   -0.78828   -0.78788   -0.78641   -0.78561
  -0.37631   -0.34749   -0.33910   -0.33684   -0.32868   -0.32440   -0.31186   -0.30833
   0.07532    0.09187    0.09735    0.09938    0.11138    0.12399    0.12906    0.13480
   0.14028    0.16014    0.17433    0.17489    0.18232    0.19153    0.19759    0.21756
   0.21851    0.22286    0.24175    0.24427    0.24552    0.25089    0.26805    0.26872
   0.45933    0.46681
 kpt#  13, nband= 50, wtk=  0.00926, kpt=  0.3333  0.3333  0.0000 (reduced coord)
  -1.93787   -1.93753   -1.93750   -1.93737   -0.80203   -0.80163   -0.79948   -0.79935
  -0.79531   -0.79300   -0.79251   -0.79065   -0.78789   -0.78755   -0.78691   -0.78568
  -0.36919   -0.34719   -0.33867   -0.33439   -0.33286   -0.32957   -0.31234   -0.31058
   0.08426    0.09856    0.10296    0.11036    0.11735    0.12285    0.12546    0.13851
   0.14236    0.15928    0.16948    0.17131    0.18469    0.18680    0.19201    0.20786
   0.21187    0.22812    0.23108    0.23574    0.24750    0.24832    0.26573    0.26653
   0.45727    0.45839
 kpt#  14, nband= 50, wtk=  0.00926, kpt=  0.5000  0.3333  0.0000 (reduced coord)
  -1.93781   -1.93758   -1.93750   -1.93738   -0.80178   -0.80047   -0.80022   -0.79977
  -0.79489   -0.79414   -0.79168   -0.79151   -0.78732   -0.78716   -0.78677   -0.78646
  -0.36374   -0.34681   -0.34239   -0.33476   -0.33429   -0.32880   -0.31287   -0.31202
   0.09296    0.09993    0.10281    0.11464    0.11477    0.12606    0.13569    0.14158
   0.14627    0.15024    0.16131    0.17217    0.17480    0.19283    0.19617    0.20271
   0.20621    0.21936    0.23228    0.23552    0.24495    0.24951    0.26396    0.26525
   0.45552    0.45647
 kpt#  15, nband= 50, wtk=  0.00926, kpt= -0.3333  0.3333  0.0000 (reduced coord)
  -1.93787   -1.93753   -1.93750   -1.93737   -0.80203   -0.80163   -0.79947   -0.79935
  -0.79531   -0.79301   -0.79251   -0.79065   -0.78790   -0.78755   -0.78691   -0.78568
  -0.36919   -0.34719   -0.33867   -0.33439   -0.33286   -0.32957   -0.31234   -0.31058
   0.08426    0.09856    0.10296    0.11036    0.11735    0.12285    0.12546    0.13852
   0.14235    0.15927    0.16948    0.17130    0.18469    0.18679    0.19201    0.20787
   0.21187    0.22812    0.23108    0.23574    0.24750    0.24833    0.26573    0.26653
   0.45727    0.45838
 kpt#  16, nband= 50, wtk=  0.00926, kpt= -0.1667  0.3333  0.0000 (reduced coord)
  -1.93794   -1.93754   -1.93745   -1.93734   -0.80233   -0.80219   -0.80059   -0.79832
  -0.79399   -0.79373   -0.79163   -0.79075   -0.78828   -0.78788   -0.78641   -0.78560
  -0.37631   -0.34749   -0.33910   -0.33684   -0.32868   -0.32440   -0.31186   -0.30833
   0.07532    0.09187    0.09735    0.09939    0.11138    0.12398    0.12906    0.13480
   0.14029    0.16013    0.17433    0.17489    0.18231    0.19153    0.19759    0.21756
   0.21851    0.22286    0.24175    0.24427    0.24552    0.25088    0.26805    0.26872
   0.45933    0.46680
 kpt#  17, nband= 50, wtk=  0.00463, kpt=  0.0000  0.5000  0.0000 (reduced coord)
  -1.93780   -1.93772   -1.93741   -1.93733   -0.80024   -0.80021   -0.79796   -0.79792
  -0.79741   -0.79736   -0.79131   -0.79127   -0.78714   -0.78709   -0.78709   -0.78704
  -0.36089   -0.36083   -0.33862   -0.33859   -0.32681   -0.32678   -0.31032   -0.31029
   0.08388    0.08393    0.11092    0.11098    0.11653    0.11659    0.12507    0.12511
   0.14073    0.14082    0.17708    0.17712    0.18352    0.18362    0.20363    0.20368
   0.21879    0.21892    0.24849    0.24851    0.25403    0.25409    0.26672    0.26673
   0.46893    0.46917
 kpt#  18, nband= 50, wtk=  0.00926, kpt=  0.1667  0.5000  0.0000 (reduced coord)
  -1.93778   -1.93770   -1.93743   -1.93735   -0.80068   -0.80066   -0.79839   -0.79834
  -0.79689   -0.79687   -0.79103   -0.79100   -0.78750   -0.78745   -0.78665   -0.78661
  -0.35987   -0.35980   -0.33758   -0.33755   -0.32898   -0.32896   -0.31063   -0.31060
   0.08767    0.08771    0.11330    0.11336    0.11764    0.11766    0.12354    0.12360
   0.14622    0.14626    0.17506    0.17511    0.18275    0.18285    0.19914    0.19921
   0.21935    0.21947    0.24551    0.24553    0.24866    0.24867    0.26725    0.26727
   0.46173    0.46180
 kpt#  19, nband= 50, wtk=  0.00926, kpt=  0.3333  0.5000  0.0000 (reduced coord)
  -1.93773   -1.93765   -1.93748   -1.93740   -0.80114   -0.80112   -0.79971   -0.79967
  -0.79524   -0.79521   -0.79144   -0.79142   -0.78731   -0.78728   -0.78632   -0.78630
  -0.35728   -0.35722   -0.33636   -0.33633   -0.33255   -0.33252   -0.31169   -0.31167
   0.09546    0.09549    0.11271    0.11273    0.12197    0.12201    0.13172    0.13176
   0.15178    0.15181    0.16850    0.16859    0.17641    0.17652    0.20210    0.20219
   0.21367    0.21371    0.23280    0.23282    0.24697    0.24701    0.26540    0.26545
   0.45357    0.45367
 kpt#  20, nband= 50, wtk=  0.00463, kpt=  0.5000  0.5000  0.0000 (reduced coord)
  -1.93770   -1.93761   -1.93752   -1.93744   -0.80105   -0.80103   -0.80058   -0.80055
  -0.79347   -0.79342   -0.79290   -0.79288   -0.78675   -0.78673   -0.78643   -0.78642
  -0.35552   -0.35546   -0.33794   -0.33790   -0.33241   -0.33236   -0.31246   -0.31244
   0.09968    0.09971    0.10961    0.10964    0.13276    0.13281    0.13501    0.13503
   0.15216    0.15224    0.15796    0.15801    0.18016    0.18028    0.19702    0.19714
   0.21847    0.21850    0.22257    0.22266    0.24662    0.24668    0.26319    0.26326
   0.45115    0.45128
 kpt#  21, nband= 50, wtk=  0.00926, kpt=  0.0000  0.0000  0.1667 (reduced coord)
  -1.93813   -1.93749   -1.93733   -1.93731   -0.80590   -0.80413   -0.80328   -0.79538
  -0.79342   -0.79160   -0.79141   -0.78923   -0.78879   -0.78684   -0.78560   -0.78496
  -0.39292   -0.34693   -0.34241   -0.33781   -0.31765   -0.31359   -0.31296   -0.30634
   0.06467    0.06783    0.08411    0.09811    0.10067    0.10225    0.14531    0.15585
   0.16215    0.16838    0.17006    0.18091    0.18119    0.19560    0.20532    0.21858
   0.22486    0.22913    0.23574    0.24913    0.25558    0.25739    0.26629    0.27195
   0.45894    0.46266
 kpt#  22, nband= 50, wtk=  0.00926, kpt=  0.1667  0.0000  0.1667 (reduced coord)
  -1.93809   -1.93752   -1.93734   -1.93732   -0.80515   -0.80329   -0.80275   -0.79566
  -0.79394   -0.79171   -0.79135   -0.78939   -0.78876   -0.78778   -0.78612   -0.78504
  -0.38889   -0.34584   -0.34135   -0.33642   -0.32223   -0.31589   -0.31370   -0.30723
   0.06829    0.07593    0.08043    0.09814    0.10167    0.11719    0.14295    0.14716
   0.15540    0.16089    0.17116    0.17420    0.18787    0.19733    0.20930    0.21451
   0.22471    0.23386    0.23733    0.23904    0.25085    0.25861    0.26472    0.27084
   0.45860    0.46941
 kpt#  23, nband= 50, wtk=  0.00926, kpt=  0.3333  0.0000  0.1667 (reduced coord)
  -1.93800   -1.93759   -1.93736   -1.93732   -0.80314   -0.80147   -0.80107   -0.79685
  -0.79525   -0.79279   -0.79091   -0.79031   -0.78883   -0.78827   -0.78708   -0.78573
  -0.37836   -0.34352   -0.33906   -0.33583   -0.33107   -0.32058   -0.31486   -0.31003
   0.07738    0.08085    0.09976    0.10258    0.10512    0.12016    0.13357    0.14122
   0.14721    0.15250    0.16762    0.17761    0.18444    0.19385    0.20608    0.21758
   0.22283    0.22355    0.23604    0.24293    0.24955    0.25774    0.25958    0.26871
   0.45944    0.46624
 kpt#  24, nband= 50, wtk=  0.00926, kpt=  0.5000  0.0000  0.1667 (reduced coord)
  -1.93792   -1.93766   -1.93737   -1.93732   -0.80112   -0.80088   -0.79933   -0.79829
  -0.79562   -0.79483   -0.79097   -0.79039   -0.78844   -0.78843   -0.78726   -0.78653
  -0.36975   -0.34595   -0.34073   -0.33737   -0.32929   -0.32331   -0.31607   -0.31172
   0.08401    0.08615    0.10549    0.10613    0.10901    0.12540    0.12960    0.13247
   0.13690    0.15083    0.17201    0.17540    0.18303    0.19335    0.19982    0.21366
   0.22319    0.22487    0.23317    0.24650    0.24872    0.25563    0.25776    0.26868
   0.45879    0.46429
 kpt#  25, nband= 50, wtk=  0.00926, kpt= -0.3333  0.0000  0.1667 (reduced coord)
  -1.93800   -1.93759   -1.93736   -1.93732   -0.80315   -0.80147   -0.80107   -0.79685
  -0.79525   -0.79280   -0.79091   -0.79031   -0.78883   -0.78826   -0.78708   -0.78574
  -0.37836   -0.34352   -0.33907   -0.33583   -0.33106   -0.32057   -0.31486   -0.31003
   0.07738    0.08085    0.09977    0.10258    0.10513    0.12017    0.13357    0.14121
   0.14721    0.15250    0.16760    0.17762    0.18442    0.19385    0.20608    0.21757
   0.22283    0.22355    0.23603    0.24292    0.24955    0.25773    0.25958    0.26871
   0.45942    0.46602
 kpt#  26, nband= 50, wtk=  0.00926, kpt= -0.1667  0.0000  0.1667 (reduced coord)
  -1.93809   -1.93751   -1.93735   -1.93731   -0.80515   -0.80329   -0.80275   -0.79566
  -0.79394   -0.79171   -0.79136   -0.78939   -0.78876   -0.78777   -0.78611   -0.78505
  -0.38889   -0.34584   -0.34135   -0.33642   -0.32222   -0.31589   -0.31371   -0.30724
   0.06829    0.07593    0.08043    0.09814    0.10167    0.11719    0.14295    0.14716
   0.15540    0.16089    0.17116    0.17420    0.18788    0.19732    0.20929    0.21452
   0.22470    0.23386    0.23733    0.23903    0.25086    0.25860    0.26473    0.27085
   0.45858    0.46964
 kpt#  27, nband= 50, wtk=  0.00926, kpt=  0.0000  0.1667  0.1667 (reduced coord)
  -1.93808   -1.93748   -1.93739   -1.93732   -0.80502   -0.80310   -0.80298   -0.79647
  -0.79292   -0.79217   -0.79115   -0.78978   -0.78867   -0.78786   -0.78551   -0.78533
  -0.38844   -0.34561   -0.34254   -0.33727   -0.31888   -0.31743   -0.31458   -0.30682
   0.07263    0.07393    0.07948    0.09989    0.10423    0.11437    0.14056    0.14622
   0.15827    0.16269    0.16877    0.17836    0.17847    0.20006    0.21336    0.21860
   0.22631    0.22841    0.23427    0.24332    0.24568    0.25493    0.26391    0.27081
   0.45767    0.46611
 kpt#  28, nband= 50, wtk=  0.00926, kpt=  0.1667  0.1667  0.1667 (reduced coord)
  -1.93804   -1.93751   -1.93739   -1.93733   -0.80459   -0.80269   -0.80233   -0.79656
  -0.79360   -0.79223   -0.79113   -0.78992   -0.78876   -0.78834   -0.78582   -0.78524
  -0.38491   -0.34588   -0.34075   -0.33655   -0.32235   -0.32014   -0.31467   -0.30710
   0.07488    0.08079    0.08137    0.10097    0.10500    0.12219    0.13886    0.14395
   0.15442    0.15882    0.16410    0.17141    0.18673    0.20120    0.21074    0.21684
   0.22574    0.23149    0.23553    0.23891    0.24524    0.24877    0.26380    0.26957
   0.45840    0.46724
 kpt#  29, nband= 50, wtk=  0.00926, kpt=  0.3333  0.1667  0.1667 (reduced coord)
  -1.93795   -1.93758   -1.93739   -1.93734   -0.80341   -0.80156   -0.80096   -0.79717
  -0.79488   -0.79377   -0.79072   -0.79003   -0.78869   -0.78820   -0.78654   -0.78583
  -0.37570   -0.34476   -0.33991   -0.33802   -0.32858   -0.32260   -0.31556   -0.30877
   0.08050    0.08688    0.09944    0.10546    0.11003    0.12096    0.13248    0.14226
   0.14772    0.15316    0.16134    0.17448    0.18672    0.19480    0.20857    0.21183
   0.22108    0.22584    0.23538    0.24047    0.24418    0.24837    0.25977    0.26808
   0.45838    0.46402
 kpt#  30, nband= 50, wtk=  0.00926, kpt=  0.5000  0.1667  0.1667 (reduced coord)
  -1.93789   -1.93764   -1.93740   -1.93735   -0.80230   -0.80150   -0.79901   -0.79844
  -0.79554   -0.79513   -0.79039   -0.79003   -0.78804   -0.78782   -0.78715   -0.78671
  -0.36829   -0.34641   -0.34180   -0.34037   -0.32816   -0.32310   -0.31652   -0.31001
   0.08826    0.08971    0.10394    0.10733    0.11273    0.12738    0.13186    0.13709
   0.13835    0.14930    0.16576    0.17414    0.18287    0.19480    0.20156    0.21580
   0.21860    0.21900    0.23519    0.24128    0.24353    0.24935    0.25891    0.26731
   0.45605    0.46272
 kpt#  31, nband= 50, wtk=  0.00926, kpt= -0.3333  0.1667  0.1667 (reduced coord)
  -1.93795   -1.93757   -1.93740   -1.93734   -0.80342   -0.80155   -0.80095   -0.79718
  -0.79489   -0.79377   -0.79073   -0.79004   -0.78869   -0.78820   -0.78653   -0.78584
  -0.37570   -0.34476   -0.33991   -0.33802   -0.32858   -0.32259   -0.31556   -0.30877
   0.08051    0.08687    0.09944    0.10547    0.11003    0.12096    0.13249    0.14225
   0.14772    0.15316    0.16133    0.17448    0.18671    0.19481    0.20857    0.21184
   0.22109    0.22584    0.23538    0.24046    0.24418    0.24837    0.25977    0.26809
   0.45838    0.46403
 kpt#  32, nband= 50, wtk=  0.00926, kpt= -0.1667  0.1667  0.1667 (reduced coord)
  -1.93804   -1.93750   -1.93739   -1.93733   -0.80459   -0.80269   -0.80233   -0.79657
  -0.79361   -0.79223   -0.79113   -0.78992   -0.78876   -0.78834   -0.78582   -0.78525
  -0.38491   -0.34588   -0.34075   -0.33655   -0.32234   -0.32014   -0.31468   -0.30711
   0.07489    0.08079    0.08137    0.10097    0.10500    0.12219    0.13885    0.14395
   0.15442    0.15881    0.16410    0.17141    0.18672    0.20120    0.21074    0.21685
   0.22574    0.23149    0.23552    0.23892    0.24523    0.24876    0.26380    0.26958
   0.45840    0.46719
 kpt#  33, nband= 50, wtk=  0.00926, kpt=  0.0000  0.3333  0.1667 (reduced coord)
  -1.93794   -1.93753   -1.93746   -1.93734   -0.80249   -0.80204   -0.80031   -0.79850
  -0.79487   -0.79243   -0.79191   -0.79065   -0.78827   -0.78797   -0.78628   -0.78603
  -0.37605   -0.34579   -0.34178   -0.33766   -0.32804   -0.31973   -0.31560   -0.30869
   0.07917    0.08780    0.09796    0.10269    0.11138    0.12101    0.13059    0.13716
   0.14314    0.16172    0.16304    0.17371    0.18778    0.19314    0.21000    0.21189
   0.21918    0.22334    0.23185    0.24157    0.24450    0.25556    0.26085    0.26703
   0.46265    0.46960
 kpt#  34, nband= 50, wtk=  0.00926, kpt=  0.1667  0.3333  0.1667 (reduced coord)
  -1.93791   -1.93753   -1.93747   -1.93736   -0.80298   -0.80180   -0.80084   -0.79781
  -0.79517   -0.79311   -0.79152   -0.79017   -0.78844   -0.78782   -0.78624   -0.78587
  -0.37390   -0.34749   -0.34068   -0.33808   -0.32757   -0.32340   -0.31449   -0.30829
   0.08130    0.09267    0.10084    0.10451    0.11230    0.12196    0.13272    0.13672
   0.14152    0.15830    0.16653    0.17307    0.18255    0.19504    0.20502    0.21476
   0.22020    0.22300    0.23235    0.23844    0.24269    0.24805    0.26165    0.26573
   0.46029    0.46660
 kpt#  35, nband= 50, wtk=  0.00926, kpt=  0.3333  0.3333  0.1667 (reduced coord)
  -1.93784   -1.93754   -1.93750   -1.93739   -0.80315   -0.80186   -0.80138   -0.79853
  -0.79499   -0.79309   -0.79115   -0.78982   -0.78804   -0.78741   -0.78666   -0.78579
  -0.36827   -0.34849   -0.34269   -0.34160   -0.32622   -0.32489   -0.31424   -0.30863
   0.08793    0.10075    0.10530    0.10912    0.11740    0.12239    0.13367    0.13807
   0.14234    0.15292    0.16092    0.17953    0.18591    0.18995    0.20083    0.20731
   0.21509    0.22626    0.22768    0.23304    0.23979    0.24429    0.25872    0.26523
   0.45444    0.45970
 kpt#  36, nband= 50, wtk=  0.00926, kpt=  0.5000  0.3333  0.1667 (reduced coord)
  -1.93779   -1.93758   -1.93750   -1.93740   -0.80297   -0.80221   -0.80070   -0.80024
  -0.79386   -0.79369   -0.79035   -0.79034   -0.78732   -0.78708   -0.78666   -0.78648
  -0.36386   -0.34800   -0.34685   -0.34411   -0.32586   -0.32303   -0.31456   -0.30930
   0.09504    0.10275    0.10380    0.11096    0.12053    0.12448    0.13574    0.13745
   0.14767    0.15083    0.15711    0.17726    0.18344    0.19675    0.19878    0.20345
   0.20820    0.21944    0.22960    0.23026    0.24030    0.24471    0.25821    0.26406
   0.45037    0.45989
 kpt#  37, nband= 50, wtk=  0.00926, kpt= -0.3333  0.3333  0.1667 (reduced coord)
  -1.93784   -1.93754   -1.93751   -1.93739   -0.80316   -0.80185   -0.80137   -0.79854
  -0.79499   -0.79309   -0.79114   -0.78983   -0.78803   -0.78741   -0.78666   -0.78579
  -0.36827   -0.34848   -0.34269   -0.34160   -0.32622   -0.32489   -0.31424   -0.30863
   0.08793    0.10075    0.10530    0.10913    0.11740    0.12239    0.13368    0.13807
   0.14234    0.15292    0.16092    0.17952    0.18590    0.18995    0.20084    0.20732
   0.21509    0.22627    0.22768    0.23303    0.23980    0.24428    0.25872    0.26524
   0.45444    0.45968
 kpt#  38, nband= 50, wtk=  0.00926, kpt= -0.1667  0.3333  0.1667 (reduced coord)
  -1.93791   -1.93753   -1.93748   -1.93736   -0.80299   -0.80179   -0.80083   -0.79782
  -0.79518   -0.79310   -0.79152   -0.79018   -0.78843   -0.78782   -0.78623   -0.78587
  -0.37390   -0.34749   -0.34068   -0.33808   -0.32757   -0.32340   -0.31449   -0.30829
   0.08130    0.09267    0.10084    0.10450    0.11230    0.12196    0.13272    0.13672
   0.14152    0.15830    0.16653    0.17306    0.18254    0.19503    0.20502    0.21476
   0.22020    0.22300    0.23235    0.23845    0.24269    0.24804    0.26164    0.26574
   0.46029    0.46745
 kpt#  39, nband= 50, wtk=  0.00926, kpt=  0.0000  0.5000  0.1667 (reduced coord)
  -1.93778   -1.93769   -1.93744   -1.93736   -0.80050   -0.80048   -0.79886   -0.79883
  -0.79635   -0.79633   -0.79096   -0.79092   -0.78745   -0.78740   -0.78704   -0.78699
  -0.35913   -0.35907   -0.33976   -0.33973   -0.32622   -0.32619   -0.31206   -0.31202
   0.08952    0.08956    0.10972    0.10978    0.11516    0.11521    0.13270    0.13276
   0.14267    0.14276    0.17323    0.17329    0.18432    0.18444    0.20352    0.20357
   0.21973    0.21985    0.23703    0.23705    0.25261    0.25267    0.26258    0.26260
   0.47135    0.47181
 kpt#  40, nband= 50, wtk=  0.00926, kpt=  0.1667  0.5000  0.1667 (reduced coord)
  -1.93776   -1.93768   -1.93746   -1.93738   -0.80147   -0.80146   -0.79925   -0.79921
  -0.79555   -0.79552   -0.79059   -0.79056   -0.78747   -0.78743   -0.78679   -0.78675
  -0.35897   -0.35891   -0.34017   -0.34014   -0.32694   -0.32691   -0.31133   -0.31130
   0.09217    0.09220    0.11043    0.11047    0.11838    0.11841    0.13067    0.13071
   0.14758    0.14762    0.16775    0.16781    0.18686    0.18694    0.20273    0.20278
   0.21940    0.21950    0.23486    0.23487    0.24851    0.24852    0.26178    0.26181
   0.46230    0.46237
 kpt#  41, nband= 50, wtk=  0.00926, kpt=  0.3333  0.5000  0.1667 (reduced coord)
  -1.93772   -1.93763   -1.93750   -1.93742   -0.80234   -0.80233   -0.80084   -0.80081
  -0.79364   -0.79362   -0.79060   -0.79058   -0.78721   -0.78719   -0.78639   -0.78636
  -0.35791   -0.35786   -0.34342   -0.34340   -0.32555   -0.32554   -0.31096   -0.31094
   0.09859    0.09862    0.11177    0.11178    0.12098    0.12099    0.13471    0.13475
   0.15105    0.15108    0.16430    0.16435    0.18786    0.18793    0.20230    0.20238
   0.21405    0.21411    0.22888    0.22892    0.24294    0.24299    0.26097    0.26101
   0.45300    0.45312
 kpt#  42, nband= 50, wtk=  0.00926, kpt=  0.5000  0.5000  0.1667 (reduced coord)
  -1.93769   -1.93760   -1.93753   -1.93745   -0.80224   -0.80222   -0.80200   -0.80198
  -0.79191   -0.79188   -0.79171   -0.79169   -0.78665   -0.78662   -0.78648   -0.78647
  -0.35674   -0.35668   -0.34611   -0.34610   -0.32393   -0.32391   -0.31130   -0.31128
   0.10265    0.10267    0.11098    0.11099    0.12658    0.12662    0.13014    0.13019
   0.15776    0.15779    0.16351    0.16354    0.18684    0.18693    0.19935    0.19945
   0.21470    0.21475    0.22062    0.22072    0.24333    0.24338    0.26010    0.26015
   0.44990    0.45004
 kpt#  43, nband= 50, wtk=  0.00926, kpt= -0.3333  0.5000  0.1667 (reduced coord)
  -1.93772   -1.93763   -1.93750   -1.93742   -0.80235   -0.80233   -0.80083   -0.80081
  -0.79364   -0.79361   -0.79061   -0.79059   -0.78721   -0.78718   -0.78640   -0.78636
  -0.35791   -0.35785   -0.34342   -0.34340   -0.32555   -0.32553   -0.31097   -0.31094
   0.09860    0.09863    0.11177    0.11178    0.12098    0.12099    0.13471    0.13475
   0.15104    0.15108    0.16431    0.16436    0.18785    0.18792    0.20230    0.20238
   0.21406    0.21411    0.22888    0.22891    0.24295    0.24298    0.26098    0.26101
   0.45301    0.45312
 kpt#  44, nband= 50, wtk=  0.00926, kpt= -0.1667  0.5000  0.1667 (reduced coord)
  -1.93776   -1.93768   -1.93746   -1.93738   -0.80147   -0.80145   -0.79925   -0.79922
  -0.79555   -0.79552   -0.79060   -0.79056   -0.78746   -0.78742   -0.78680   -0.78675
  -0.35897   -0.35891   -0.34017   -0.34014   -0.32693   -0.32691   -0.31133   -0.31130
   0.09217    0.09221    0.11043    0.11047    0.11838    0.11841    0.13066    0.13070
   0.14757    0.14762    0.16776    0.16781    0.18686    0.18694    0.20273    0.20277
   0.21940    0.21950    0.23487    0.23488    0.24849    0.24852    0.26179    0.26182
   0.46230    0.46237
 kpt#  45, nband= 50, wtk=  0.00926, kpt=  0.0000 -0.3333  0.1667 (reduced coord)
  -1.93794   -1.93753   -1.93746   -1.93734   -0.80247   -0.80203   -0.80032   -0.79851
  -0.79489   -0.79242   -0.79189   -0.79065   -0.78829   -0.78797   -0.78627   -0.78602
  -0.37604   -0.34579   -0.34179   -0.33765   -0.32804   -0.31973   -0.31558   -0.30870
   0.07918    0.08780    0.09795    0.10271    0.11137    0.12103    0.13060    0.13713
   0.14310    0.16171    0.16310    0.17370    0.18772    0.19312    0.21008    0.21196
   0.21919    0.22326    0.23184    0.24158    0.24452    0.25553    0.26087    0.26701
   0.46266    0.46999
 kpt#  46, nband= 50, wtk=  0.00926, kpt=  0.1667 -0.3333  0.1667 (reduced coord)
  -1.93791   -1.93753   -1.93747   -1.93736   -0.80297   -0.80179   -0.80085   -0.79783
  -0.79518   -0.79311   -0.79151   -0.79017   -0.78845   -0.78782   -0.78623   -0.78586
  -0.37389   -0.34749   -0.34069   -0.33806   -0.32757   -0.32341   -0.31448   -0.30830
   0.08131    0.09267    0.10083    0.10450    0.11231    0.12197    0.13270    0.13670
   0.14152    0.15829    0.16657    0.17304    0.18251    0.19504    0.20505    0.21478
   0.22017    0.22302    0.23233    0.23845    0.24270    0.24806    0.26165    0.26571
   0.46032    0.46660
 kpt#  47, nband= 50, wtk=  0.00926, kpt=  0.3333 -0.3333  0.1667 (reduced coord)
  -1.93784   -1.93754   -1.93750   -1.93739   -0.80314   -0.80184   -0.80140   -0.79855
  -0.79499   -0.79309   -0.79113   -0.78983   -0.78806   -0.78740   -0.78666   -0.78578
  -0.36827   -0.34849   -0.34269   -0.34158   -0.32624   -0.32488   -0.31423   -0.30864
   0.08795    0.10077    0.10531    0.10912    0.11743    0.12236    0.13362    0.13808
   0.14235    0.15289    0.16095    0.17950    0.18588    0.18995    0.20087    0.20731
   0.21507    0.22627    0.22772    0.23303    0.23977    0.24430    0.25871    0.26524
   0.45451    0.45958
 kpt#  48, nband= 50, wtk=  0.00926, kpt=  0.5000 -0.3333  0.1667 (reduced coord)
  -1.93779   -1.93758   -1.93750   -1.93740   -0.80295   -0.80219   -0.80073   -0.80026
  -0.79387   -0.79368   -0.79035   -0.79033   -0.78734   -0.78710   -0.78663   -0.78647
  -0.36386   -0.34799   -0.34685   -0.34410   -0.32587   -0.32303   -0.31457   -0.30930
   0.09504    0.10277    0.10382    0.11099    0.12052    0.12446    0.13577    0.13744
   0.14761    0.15079    0.15713    0.17722    0.18343    0.19679    0.19872    0.20348
   0.20824    0.21950    0.22961    0.23024    0.24027    0.24471    0.25820    0.26408
   0.45044    0.45909
 kpt#  49, nband= 50, wtk=  0.00926, kpt= -0.3333 -0.3333  0.1667 (reduced coord)
  -1.93784   -1.93754   -1.93751   -1.93739   -0.80315   -0.80183   -0.80139   -0.79857
  -0.79498   -0.79309   -0.79113   -0.78984   -0.78804   -0.78741   -0.78665   -0.78578
  -0.36827   -0.34848   -0.34269   -0.34158   -0.32623   -0.32489   -0.31423   -0.30864
   0.08795    0.10078    0.10531    0.10912    0.11743    0.12236    0.13362    0.13807
   0.14235    0.15289    0.16095    0.17950    0.18587    0.18995    0.20087    0.20731
   0.21508    0.22627    0.22772    0.23304    0.23977    0.24430    0.25871    0.26524
   0.45452    0.45960
 kpt#  50, nband= 50, wtk=  0.00926, kpt= -0.1667 -0.3333  0.1667 (reduced coord)
  -1.93791   -1.93753   -1.93748   -1.93736   -0.80298   -0.80178   -0.80084   -0.79785
  -0.79518   -0.79310   -0.79151   -0.79017   -0.78844   -0.78782   -0.78623   -0.78586
  -0.37389   -0.34749   -0.34070   -0.33806   -0.32756   -0.32341   -0.31448   -0.30830
   0.08132    0.09268    0.10084    0.10449    0.11231    0.12197    0.13270    0.13670
   0.14152    0.15829    0.16658    0.17304    0.18251    0.19504    0.20505    0.21478
   0.22017    0.22301    0.23234    0.23846    0.24269    0.24805    0.26165    0.26572
   0.46031    0.46655
 kpt#  51, nband= 50, wtk=  0.00926, kpt=  0.0000 -0.1667  0.1667 (reduced coord)
  -1.93808   -1.93748   -1.93739   -1.93732   -0.80501   -0.80311   -0.80297   -0.79649
  -0.79289   -0.79218   -0.79116   -0.78977   -0.78868   -0.78786   -0.78550   -0.78533
  -0.38844   -0.34561   -0.34255   -0.33726   -0.31888   -0.31742   -0.31459   -0.30683
   0.07263    0.07393    0.07949    0.09990    0.10423    0.11437    0.14056    0.14623
   0.15824    0.16272    0.16873    0.17831    0.17844    0.20012    0.21340    0.21858
   0.22637    0.22838    0.23424    0.24333    0.24566    0.25491    0.26391    0.27081
   0.45770    0.46612
 kpt#  52, nband= 50, wtk=  0.00926, kpt=  0.1667 -0.1667  0.1667 (reduced coord)
  -1.93804   -1.93751   -1.93739   -1.93733   -0.80458   -0.80270   -0.80232   -0.79659
  -0.79360   -0.79221   -0.79114   -0.78993   -0.78877   -0.78833   -0.78581   -0.78524
  -0.38491   -0.34588   -0.34075   -0.33654   -0.32236   -0.32013   -0.31467   -0.30711
   0.07490    0.08079    0.08137    0.10098    0.10500    0.12219    0.13887    0.14394
   0.15443    0.15881    0.16407    0.17140    0.18669    0.20123    0.21076    0.21684
   0.22574    0.23149    0.23553    0.23892    0.24524    0.24876    0.26380    0.26956
   0.45841    0.46723
 kpt#  53, nband= 50, wtk=  0.00926, kpt=  0.3333 -0.1667  0.1667 (reduced coord)
  -1.93795   -1.93758   -1.93739   -1.93734   -0.80339   -0.80154   -0.80098   -0.79720
  -0.79489   -0.79374   -0.79073   -0.79004   -0.78870   -0.78820   -0.78653   -0.78583
  -0.37570   -0.34477   -0.33990   -0.33801   -0.32859   -0.32260   -0.31555   -0.30878
   0.08052    0.08688    0.09945    0.10547    0.11003    0.12095    0.13245    0.14227
   0.14769    0.15318    0.16134    0.17445    0.18670    0.19481    0.20858    0.21183
   0.22108    0.22586    0.23537    0.24049    0.24420    0.24834    0.25977    0.26808
   0.45841    0.46399
 kpt#  54, nband= 50, wtk=  0.00926, kpt=  0.5000 -0.1667  0.1667 (reduced coord)
  -1.93789   -1.93764   -1.93740   -1.93735   -0.80228   -0.80147   -0.79904   -0.79847
  -0.79553   -0.79511   -0.79039   -0.79003   -0.78807   -0.78783   -0.78713   -0.78669
  -0.36828   -0.34640   -0.34179   -0.34036   -0.32817   -0.32310   -0.31651   -0.31002
   0.08827    0.08973    0.10396    0.10735    0.11273    0.12737    0.13184    0.13708
   0.13832    0.14928    0.16577    0.17413    0.18286    0.19484    0.20153    0.21580
   0.21861    0.21903    0.23520    0.24128    0.24356    0.24932    0.25891    0.26730
   0.45609    0.46276
 kpt#  55, nband= 50, wtk=  0.00926, kpt= -0.3333 -0.1667  0.1667 (reduced coord)
  -1.93795   -1.93757   -1.93740   -1.93734   -0.80340   -0.80154   -0.80097   -0.79721
  -0.79489   -0.79374   -0.79072   -0.79004   -0.78870   -0.78820   -0.78652   -0.78584
  -0.37570   -0.34477   -0.33990   -0.33801   -0.32859   -0.32259   -0.31555   -0.30878
   0.08053    0.08688    0.09945    0.10548    0.11003    0.12096    0.13245    0.14226
   0.14770    0.15318    0.16134    0.17446    0.18669    0.19481    0.20857    0.21182
   0.22109    0.22587    0.23537    0.24049    0.24421    0.24833    0.25977    0.26808
   0.45840    0.46399
 kpt#  56, nband= 50, wtk=  0.00926, kpt= -0.1667 -0.1667  0.1667 (reduced coord)
  -1.93804   -1.93750   -1.93739   -1.93733   -0.80458   -0.80270   -0.80232   -0.79659
  -0.79360   -0.79221   -0.79114   -0.78992   -0.78876   -0.78834   -0.78581   -0.78525
  -0.38491   -0.34588   -0.34076   -0.33654   -0.32235   -0.32013   -0.31468   -0.30712
   0.07490    0.08080    0.08137    0.10098    0.10499    0.12219    0.13887    0.14394
   0.15443    0.15880    0.16408    0.17140    0.18669    0.20123    0.21076    0.21684
   0.22574    0.23149    0.23552    0.23892    0.24524    0.24876    0.26380    0.26957
   0.45841    0.46723
 kpt#  57, nband= 50, wtk=  0.00926, kpt=  0.0000  0.0000  0.3333 (reduced coord)
  -1.93800   -1.93763   -1.93733   -1.93731   -0.80366   -0.80199   -0.80072   -0.79727
  -0.79563   -0.79315   -0.79128   -0.78897   -0.78845   -0.78806   -0.78652   -0.78572
  -0.38069   -0.34832   -0.34030   -0.33437   -0.32320   -0.31737   -0.31647   -0.31339
   0.07827    0.08087    0.09851    0.11124    0.11186    0.12314    0.12622    0.14150
   0.14811    0.15360    0.17082    0.17107    0.18827    0.19366    0.19591    0.20715
   0.21441    0.23334    0.23815    0.24840    0.25250    0.25730    0.25867    0.25978
   0.46599    0.46898
 kpt#  58, nband= 50, wtk=  0.00926, kpt=  0.1667  0.0000  0.3333 (reduced coord)
  -1.93797   -1.93763   -1.93734   -1.93733   -0.80309   -0.80162   -0.80047   -0.79722
  -0.79630   -0.79360   -0.79109   -0.78955   -0.78838   -0.78789   -0.78694   -0.78548
  -0.37776   -0.34826   -0.33971   -0.33381   -0.32517   -0.31974   -0.31754   -0.31253
   0.08021    0.08614    0.09916    0.10322    0.11418    0.12611    0.13420    0.14335
   0.14832    0.15179    0.15872    0.18321    0.18595    0.19058    0.19577    0.20986
   0.21293    0.23038    0.23304    0.24129    0.25360    0.25482    0.25846    0.26295
   0.45954    0.46555
 kpt#  59, nband= 50, wtk=  0.00926, kpt=  0.3333  0.0000  0.3333 (reduced coord)
  -1.93789   -1.93765   -1.93737   -1.93736   -0.80169   -0.80051   -0.79990   -0.79757
  -0.79725   -0.79517   -0.79118   -0.79017   -0.78813   -0.78762   -0.78726   -0.78557
  -0.37019   -0.34814   -0.33921   -0.33594   -0.32851   -0.32095   -0.31919   -0.31315
   0.08470    0.09241    0.10244    0.10912    0.11317    0.12095    0.13972    0.14345
   0.14810    0.15017    0.16650    0.17872    0.17998    0.19399    0.19854    0.20264
   0.21309    0.22250    0.23252    0.23784    0.24693    0.25045    0.25812    0.26398
   0.45361    0.45776
 kpt#  60, nband= 50, wtk=  0.00926, kpt=  0.5000  0.0000  0.3333 (reduced coord)
  -1.93784   -1.93768   -1.93738   -1.93737   -0.80046   -0.79992   -0.79953   -0.79776
  -0.79751   -0.79683   -0.79093   -0.79087   -0.78790   -0.78789   -0.78646   -0.78617
  -0.36436   -0.34823   -0.34285   -0.33753   -0.32690   -0.32110   -0.32095   -0.31375
   0.08736    0.09461    0.10427    0.11207    0.11352    0.12395    0.13670    0.14086
   0.14821    0.15261    0.16933    0.17308    0.18302    0.18712    0.20099    0.20314
   0.21225    0.22527    0.23060    0.23517    0.24146    0.24937    0.25681    0.26378
   0.45041    0.45517
 kpt#  61, nband= 50, wtk=  0.00926, kpt= -0.3333  0.0000  0.3333 (reduced coord)
  -1.93789   -1.93765   -1.93738   -1.93735   -0.80169   -0.80051   -0.79990   -0.79756
  -0.79725   -0.79518   -0.79118   -0.79017   -0.78813   -0.78761   -0.78725   -0.78557
  -0.37019   -0.34814   -0.33921   -0.33594   -0.32850   -0.32094   -0.31920   -0.31316
   0.08470    0.09241    0.10244    0.10913    0.11318    0.12095    0.13973    0.14345
   0.14810    0.15016    0.16650    0.17871    0.17997    0.19400    0.19853    0.20264
   0.21310    0.22251    0.23252    0.23782    0.24693    0.25046    0.25812    0.26399
   0.45359    0.45778
 kpt#  62, nband= 50, wtk=  0.00926, kpt= -0.1667  0.0000  0.3333 (reduced coord)
  -1.93797   -1.93763   -1.93735   -1.93732   -0.80309   -0.80162   -0.80046   -0.79722
  -0.79631   -0.79360   -0.79109   -0.78955   -0.78838   -0.78788   -0.78694   -0.78548
  -0.37776   -0.34826   -0.33971   -0.33381   -0.32515   -0.31973   -0.31755   -0.31254
   0.08021    0.08615    0.09917    0.10322    0.11418    0.12612    0.13419    0.14334
   0.14831    0.15179    0.15873    0.18321    0.18596    0.19057    0.19576    0.20986
   0.21293    0.23038    0.23305    0.24128    0.25359    0.25482    0.25846    0.26296
   0.45952    0.46561
 kpt#  63, nband= 50, wtk=  0.00926, kpt=  0.0000  0.1667  0.3333 (reduced coord)
  -1.93796   -1.93761   -1.93737   -1.93733   -0.80345   -0.80090   -0.80086   -0.79840
  -0.79452   -0.79404   -0.79083   -0.78958   -0.78840   -0.78829   -0.78620   -0.78616
  -0.37724   -0.34787   -0.33975   -0.33561   -0.32241   -0.32194   -0.31658   -0.31328
   0.08477    0.08604    0.09749    0.11146    0.11343    0.12553    0.12589    0.14122
   0.14723    0.15152    0.16801    0.17347    0.18607    0.19181    0.19727    0.21420
   0.21573    0.22943    0.23310    0.24374    0.24984    0.25023    0.25421    0.25979
   0.46357    0.46799
 kpt#  64, nband= 50, wtk=  0.00926, kpt=  0.1667  0.1667  0.3333 (reduced coord)
  -1.93793   -1.93761   -1.93738   -1.93735   -0.80346   -0.80133   -0.80078   -0.79749
  -0.79535   -0.79429   -0.79081   -0.78958   -0.78835   -0.78803   -0.78650   -0.78575
  -0.37496   -0.34888   -0.33975   -0.33601   -0.32428   -0.32167   -0.31826   -0.31109
   0.08556    0.09075    0.09835    0.10833    0.11363    0.12631    0.13299    0.14195
   0.14641    0.15203    0.15901    0.17692    0.18648    0.19527    0.20158    0.20972
   0.21554    0.22597    0.23315    0.23855    0.24541    0.24927    0.25400    0.26193
   0.45939    0.46510
 kpt#  65, nband= 50, wtk=  0.00926, kpt=  0.3333  0.1667  0.3333 (reduced coord)
  -1.93786   -1.93763   -1.93740   -1.93738   -0.80321   -0.80170   -0.80068   -0.79734
  -0.79613   -0.79471   -0.79053   -0.78934   -0.78799   -0.78762   -0.78694   -0.78569
  -0.36902   -0.34989   -0.34247   -0.33961   -0.32468   -0.32093   -0.31841   -0.31033
   0.08827    0.09595    0.10481    0.11008    0.11408    0.12257    0.13713    0.14189
   0.14699    0.15166    0.16201    0.17568    0.18610    0.19630    0.20396    0.20558
   0.21544    0.22115    0.22816    0.23604    0.24172    0.24622    0.24986    0.26342
   0.45296    0.45633
 kpt#  66, nband= 50, wtk=  0.00926, kpt=  0.5000  0.1667  0.3333 (reduced coord)
  -1.93781   -1.93766   -1.93741   -1.93739   -0.80278   -0.80216   -0.80000   -0.79890
  -0.79587   -0.79458   -0.79001   -0.78957   -0.78770   -0.78760   -0.78653   -0.78626
  -0.36442   -0.35019   -0.34636   -0.34184   -0.32329   -0.31966   -0.31916   -0.31063
   0.09186    0.09528    0.10799    0.11261    0.11270    0.12504    0.13870    0.13923
   0.14713    0.15428    0.16059    0.17536    0.18943    0.18999    0.20196    0.20856
   0.21591    0.21971    0.22761    0.23411    0.23610    0.24635    0.24995    0.26265
   0.44838    0.45322
 kpt#  67, nband= 50, wtk=  0.00926, kpt= -0.3333  0.1667  0.3333 (reduced coord)
  -1.93786   -1.93763   -1.93740   -1.93737   -0.80322   -0.80169   -0.80067   -0.79735
  -0.79614   -0.79470   -0.79054   -0.78935   -0.78800   -0.78761   -0.78693   -0.78569
  -0.36902   -0.34989   -0.34248   -0.33961   -0.32468   -0.32094   -0.31840   -0.31034
   0.08827    0.09595    0.10482    0.11008    0.11409    0.12258    0.13714    0.14189
   0.14699    0.15167    0.16200    0.17566    0.18610    0.19631    0.20396    0.20558
   0.21543    0.22116    0.22816    0.23603    0.24172    0.24621    0.24986    0.26344
   0.45295    0.45635
 kpt#  68, nband= 50, wtk=  0.00926, kpt= -0.1667  0.1667  0.3333 (reduced coord)
  -1.93793   -1.93761   -1.93738   -1.93734   -0.80347   -0.80131   -0.80077   -0.79750
  -0.79536   -0.79428   -0.79081   -0.78959   -0.78835   -0.78803   -0.78649   -0.78576
  -0.37496   -0.34888   -0.33975   -0.33601   -0.32427   -0.32167   -0.31826   -0.31111
   0.08556    0.09075    0.09835    0.10833    0.11363    0.12631    0.13299    0.14195
   0.14641    0.15203    0.15900    0.17692    0.18646    0.19527    0.20158    0.20972
   0.21555    0.22598    0.23316    0.23855    0.24541    0.24926    0.25400    0.26194
   0.45939    0.46512
 kpt#  69, nband= 50, wtk=  0.00926, kpt=  0.0000  0.3333  0.3333 (reduced coord)
  -1.93784   -1.93756   -1.93749   -1.93738   -0.80224   -0.80112   -0.79989   -0.79862
  -0.79620   -0.79275   -0.79162   -0.79024   -0.78804   -0.78799   -0.78713   -0.78622
  -0.36768   -0.34622   -0.34251   -0.33908   -0.32690   -0.31972   -0.31968   -0.31393
   0.09452    0.09906    0.10412    0.11343    0.11589    0.12008    0.12607    0.13937
   0.14587    0.15802    0.16391    0.17022    0.18757    0.19186    0.20202    0.21105
   0.21277    0.22211    0.22225    0.23250    0.24182    0.24654    0.25322    0.25716
   0.46670    0.46818
 kpt#  70, nband= 50, wtk=  0.00926, kpt=  0.1667  0.3333  0.3333 (reduced coord)
  -1.93782   -1.93757   -1.93749   -1.93740   -0.80317   -0.80164   -0.80146   -0.79835
  -0.79533   -0.79266   -0.79096   -0.78960   -0.78816   -0.78766   -0.78661   -0.78629
  -0.36713   -0.34911   -0.34412   -0.34132   -0.32403   -0.32168   -0.31721   -0.31104
   0.09469    0.09936    0.10883    0.11255    0.11508    0.12206    0.12951    0.13967
   0.14342    0.15284    0.16477    0.17589    0.18414    0.19769    0.20314    0.21196
   0.21456    0.21817    0.22385    0.23132    0.23839    0.24281    0.25063    0.25760
   0.46110    0.46484
 kpt#  71, nband= 50, wtk=  0.00926, kpt=  0.3333  0.3333  0.3333 (reduced coord)
  -1.93777   -1.93759   -1.93749   -1.93743   -0.80414   -0.80317   -0.80249   -0.80042
  -0.79321   -0.79198   -0.78976   -0.78888   -0.78776   -0.78729   -0.78652   -0.78600
  -0.36514   -0.35232   -0.34874   -0.34711   -0.31997   -0.31885   -0.31487   -0.30851
   0.09553    0.10520    0.11014    0.11251    0.11686    0.12343    0.12995    0.13275
   0.14949    0.15788    0.16502    0.17940    0.18589    0.19786    0.20092    0.21050
   0.21600    0.21764    0.22325    0.22835    0.23329    0.24007    0.24457    0.25828
   0.45117    0.45692
 kpt#  72, nband= 50, wtk=  0.00926, kpt=  0.5000  0.3333  0.3333 (reduced coord)
  -1.93773   -1.93761   -1.93749   -1.93744   -0.80434   -0.80385   -0.80248   -0.80197
  -0.79237   -0.79163   -0.78908   -0.78882   -0.78718   -0.78704   -0.78641   -0.78631
  -0.36316   -0.35331   -0.35147   -0.35075   -0.31803   -0.31611   -0.31462   -0.30801
   0.09971    0.10242    0.11213    0.11511    0.11518    0.12287    0.13004    0.13054
   0.15816    0.15944    0.16352    0.18023    0.19238    0.19600    0.19717    0.20651
   0.21652    0.21719    0.21989    0.22196    0.23482    0.24189    0.24388    0.25794
   0.44520    0.45286
 kpt#  73, nband= 50, wtk=  0.00926, kpt= -0.3333  0.3333  0.3333 (reduced coord)
  -1.93777   -1.93758   -1.93749   -1.93742   -0.80415   -0.80316   -0.80247   -0.80043
  -0.79321   -0.79197   -0.78976   -0.78889   -0.78776   -0.78729   -0.78651   -0.78601
  -0.36514   -0.35232   -0.34875   -0.34711   -0.31997   -0.31885   -0.31487   -0.30851
   0.09553    0.10519    0.11015    0.11250    0.11686    0.12344    0.12995    0.13275
   0.14949    0.15788    0.16501    0.17939    0.18588    0.19787    0.20091    0.21050
   0.21600    0.21764    0.22326    0.22835    0.23330    0.24006    0.24457    0.25829
   0.45117    0.45697
 kpt#  74, nband= 50, wtk=  0.00926, kpt= -0.1667  0.3333  0.3333 (reduced coord)
  -1.93782   -1.93756   -1.93749   -1.93740   -0.80318   -0.80164   -0.80145   -0.79836
  -0.79534   -0.79266   -0.79096   -0.78961   -0.78816   -0.78766   -0.78660   -0.78629
  -0.36713   -0.34911   -0.34412   -0.34132   -0.32403   -0.32168   -0.31720   -0.31105
   0.09469    0.09936    0.10883    0.11255    0.11508    0.12207    0.12951    0.13968
   0.14342    0.15284    0.16476    0.17588    0.18414    0.19768    0.20314    0.21197
   0.21457    0.21817    0.22385    0.23132    0.23839    0.24281    0.25063    0.25761
   0.46116    0.46483
 kpt#  75, nband= 50, wtk=  0.00926, kpt=  0.0000  0.5000  0.3333 (reduced coord)
  -1.93771   -1.93762   -1.93751   -1.93743   -0.80087   -0.80084   -0.79997   -0.79993
  -0.79463   -0.79460   -0.79100   -0.79096   -0.78778   -0.78775   -0.78698   -0.78695
  -0.35444   -0.35438   -0.34315   -0.34311   -0.32433   -0.32430   -0.31629   -0.31626
   0.10368    0.10374    0.11136    0.11141    0.11314    0.11317    0.13961    0.13964
   0.14860    0.14867    0.16851    0.16862    0.18439    0.18452    0.20902    0.20904
   0.20992    0.20994    0.22360    0.22368    0.24781    0.24788    0.25082    0.25085
   0.46927    0.47265
 kpt#  76, nband= 50, wtk=  0.00926, kpt=  0.1667  0.5000  0.3333 (reduced coord)
  -1.93770   -1.93761   -1.93752   -1.93744   -0.80230   -0.80229   -0.80078   -0.80075
  -0.79335   -0.79331   -0.79019   -0.79016   -0.78755   -0.78752   -0.78690   -0.78687
  -0.35617   -0.35612   -0.34563   -0.34560   -0.32259   -0.32257   -0.31367   -0.31365
   0.10288    0.10292    0.11155    0.11159    0.11784    0.11787    0.13570    0.13573
   0.15088    0.15093    0.16760    0.16770    0.18943    0.18950    0.20484    0.20488
   0.21459    0.21461    0.22323    0.22330    0.24298    0.24304    0.25090    0.25094
   0.46339    0.46354
 kpt#  77, nband= 50, wtk=  0.00926, kpt=  0.3333  0.5000  0.3333 (reduced coord)
  -1.93767   -1.93759   -1.93754   -1.93746   -0.80382   -0.80381   -0.80275   -0.80273
  -0.79119   -0.79117   -0.78945   -0.78943   -0.78706   -0.78703   -0.78654   -0.78650
  -0.35833   -0.35829   -0.35105   -0.35103   -0.31798   -0.31797   -0.31049   -0.31048
   0.10492    0.10495    0.11275    0.11278    0.12026    0.12029    0.12823    0.12829
   0.15960    0.15965    0.17152    0.17159    0.19155    0.19160    0.20106    0.20112
   0.21416    0.21421    0.22273    0.22280    0.23815    0.23817    0.24970    0.24973
   0.45291    0.45302
 kpt#  78, nband= 50, wtk=  0.00926, kpt=  0.5000  0.5000  0.3333 (reduced coord)
  -1.93766   -1.93757   -1.93756   -1.93748   -0.80404   -0.80402   -0.80398   -0.80396
  -0.78992   -0.78989   -0.78974   -0.78971   -0.78657   -0.78653   -0.78645   -0.78641
  -0.35865   -0.35861   -0.35410   -0.35407   -0.31534   -0.31533   -0.30964   -0.30963
   0.10840    0.10842    0.11219    0.11223    0.12019    0.12022    0.12409    0.12416
   0.16818    0.16819    0.17362    0.17366    0.19307    0.19310    0.19648    0.19654
   0.21244    0.21251    0.21879    0.21890    0.23859    0.23863    0.25046    0.25049
   0.44814    0.44827
 kpt#  79, nband= 50, wtk=  0.00926, kpt= -0.3333  0.5000  0.3333 (reduced coord)
  -1.93767   -1.93759   -1.93754   -1.93746   -0.80382   -0.80381   -0.80274   -0.80273
  -0.79119   -0.79117   -0.78946   -0.78944   -0.78705   -0.78702   -0.78655   -0.78650
  -0.35833   -0.35829   -0.35105   -0.35103   -0.31797   -0.31796   -0.31049   -0.31048
   0.10493    0.10495    0.11275    0.11278    0.12027    0.12029    0.12823    0.12828
   0.15960    0.15965    0.17152    0.17159    0.19155    0.19159    0.20107    0.20113
   0.21416    0.21421    0.22273    0.22280    0.23814    0.23816    0.24971    0.24973
   0.45292    0.45303
 kpt#  80, nband= 50, wtk=  0.00926, kpt= -0.1667  0.5000  0.3333 (reduced coord)
  -1.93770   -1.93761   -1.93752   -1.93744   -0.80231   -0.80229   -0.80078   -0.80075
  -0.79334   -0.79331   -0.79020   -0.79017   -0.78755   -0.78752   -0.78691   -0.78686
  -0.35617   -0.35612   -0.34563   -0.34560   -0.32259   -0.32257   -0.31367   -0.31365
   0.10288    0.10292    0.11155    0.11159    0.11784    0.11787    0.13570    0.13574
   0.15087    0.15093    0.16760    0.16770    0.18942    0.18949    0.20484    0.20488
   0.21460    0.21462    0.22323    0.22331    0.24295    0.24302    0.25092    0.25094
   0.46337    0.46356
 kpt#  81, nband= 50, wtk=  0.00926, kpt=  0.0000 -0.3333  0.3333 (reduced coord)
  -1.93784   -1.93756   -1.93749   -1.93738   -0.80221   -0.80110   -0.79991   -0.79864
  -0.79621   -0.79273   -0.79161   -0.79026   -0.78806   -0.78800   -0.78711   -0.78621
  -0.36767   -0.34625   -0.34252   -0.33906   -0.32689   -0.31973   -0.31966   -0.31395
   0.09452    0.09910    0.10411    0.11340    0.11591    0.12007    0.12610    0.13934
   0.14590    0.15796    0.16393    0.17019    0.18752    0.19188    0.20202    0.21109
   0.21285    0.22213    0.22218    0.23247    0.24187    0.24655    0.25318    0.25715
   0.46666    0.46766
 kpt#  82, nband= 50, wtk=  0.00926, kpt=  0.1667 -0.3333  0.3333 (reduced coord)
  -1.93782   -1.93757   -1.93749   -1.93740   -0.80316   -0.80166   -0.80144   -0.79838
  -0.79534   -0.79265   -0.79096   -0.78961   -0.78817   -0.78766   -0.78660   -0.78628
  -0.36712   -0.34913   -0.34413   -0.34131   -0.32402   -0.32170   -0.31719   -0.31105
   0.09470    0.09939    0.10881    0.11254    0.11509    0.12206    0.12952    0.13967
   0.14339    0.15283    0.16478    0.17585    0.18412    0.19768    0.20315    0.21197
   0.21459    0.21820    0.22383    0.23130    0.23841    0.24281    0.25063    0.25758
   0.46114    0.46479
 kpt#  83, nband= 50, wtk=  0.00926, kpt=  0.3333 -0.3333  0.3333 (reduced coord)
  -1.93777   -1.93759   -1.93749   -1.93743   -0.80412   -0.80316   -0.80248   -0.80044
  -0.79323   -0.79196   -0.78975   -0.78888   -0.78779   -0.78728   -0.78651   -0.78600
  -0.36514   -0.35233   -0.34874   -0.34709   -0.31999   -0.31884   -0.31486   -0.30852
   0.09555    0.10522    0.11013    0.11252    0.11686    0.12345    0.12994    0.13274
   0.14945    0.15786    0.16504    0.17937    0.18589    0.19785    0.20092    0.21049
   0.21602    0.21765    0.22327    0.22837    0.23326    0.24011    0.24456    0.25827
   0.45122    0.45694
 kpt#  84, nband= 50, wtk=  0.00926, kpt=  0.5000 -0.3333  0.3333 (reduced coord)
  -1.93773   -1.93761   -1.93749   -1.93744   -0.80432   -0.80384   -0.80249   -0.80198
  -0.79239   -0.79161   -0.78908   -0.78879   -0.78722   -0.78707   -0.78638   -0.78630
  -0.36316   -0.35331   -0.35146   -0.35074   -0.31804   -0.31611   -0.31462   -0.30802
   0.09972    0.10245    0.11214    0.11513    0.11522    0.12281    0.13004    0.13052
   0.15813    0.15940    0.16355    0.18019    0.19233    0.19603    0.19713    0.20656
   0.21660    0.21717    0.21995    0.22192    0.23477    0.24191    0.24391    0.25792
   0.44526    0.45283
 kpt#  85, nband= 50, wtk=  0.00926, kpt= -0.3333 -0.3333  0.3333 (reduced coord)
  -1.93777   -1.93758   -1.93749   -1.93742   -0.80413   -0.80316   -0.80248   -0.80044
  -0.79323   -0.79196   -0.78975   -0.78889   -0.78778   -0.78729   -0.78651   -0.78600
  -0.36514   -0.35233   -0.34874   -0.34709   -0.31998   -0.31885   -0.31486   -0.30852
   0.09555    0.10521    0.11014    0.11251    0.11686    0.12346    0.12993    0.13273
   0.14945    0.15786    0.16503    0.17937    0.18588    0.19785    0.20091    0.21049
   0.21602    0.21766    0.22327    0.22836    0.23327    0.24009    0.24457    0.25827
   0.45123    0.45699
 kpt#  86, nband= 50, wtk=  0.00926, kpt= -0.1667 -0.3333  0.3333 (reduced coord)
  -1.93782   -1.93756   -1.93749   -1.93740   -0.80317   -0.80165   -0.80143   -0.79839
  -0.79534   -0.79264   -0.79096   -0.78961   -0.78816   -0.78767   -0.78659   -0.78628
  -0.36712   -0.34912   -0.34413   -0.34130   -0.32402   -0.32170   -0.31719   -0.31106
   0.09470    0.09939    0.10881    0.11254    0.11510    0.12206    0.12951    0.13967
   0.14339    0.15284    0.16477    0.17585    0.18412    0.19766    0.20314    0.21198
   0.21460    0.21820    0.22384    0.23131    0.23841    0.24279    0.25063    0.25760
   0.46114    0.46477
 kpt#  87, nband= 50, wtk=  0.00926, kpt=  0.0000 -0.1667  0.3333 (reduced coord)
  -1.93796   -1.93761   -1.93737   -1.93733   -0.80344   -0.80089   -0.80088   -0.79843
  -0.79449   -0.79405   -0.79084   -0.78958   -0.78840   -0.78830   -0.78619   -0.78615
  -0.37724   -0.34789   -0.33975   -0.33560   -0.32240   -0.32194   -0.31659   -0.31328
   0.08477    0.08604    0.09754    0.11145    0.11343    0.12553    0.12590    0.14122
   0.14725    0.15146    0.16803    0.17343    0.18600    0.19187    0.19722    0.21425
   0.21577    0.22952    0.23307    0.24371    0.24983    0.25024    0.25418    0.25979
   0.46359    0.46802
 kpt#  88, nband= 50, wtk=  0.00926, kpt=  0.1667 -0.1667  0.3333 (reduced coord)
  -1.93793   -1.93761   -1.93738   -1.93735   -0.80344   -0.80134   -0.80076   -0.79752
  -0.79536   -0.79427   -0.79081   -0.78960   -0.78835   -0.78803   -0.78649   -0.78575
  -0.37495   -0.34889   -0.33974   -0.33600   -0.32426   -0.32169   -0.31827   -0.31110
   0.08558    0.09072    0.09839    0.10832    0.11362    0.12633    0.13300    0.14193
   0.14641    0.15200    0.15899    0.17692    0.18645    0.19524    0.20160    0.20975
   0.21554    0.22603    0.23315    0.23851    0.24542    0.24927    0.25400    0.26191
   0.45942    0.46508
 kpt#  89, nband= 50, wtk=  0.00926, kpt=  0.3333 -0.1667  0.3333 (reduced coord)
  -1.93786   -1.93763   -1.93740   -1.93738   -0.80320   -0.80169   -0.80068   -0.79737
  -0.79615   -0.79468   -0.79054   -0.78934   -0.78799   -0.78764   -0.78691   -0.78569
  -0.36901   -0.34990   -0.34246   -0.33960   -0.32469   -0.32093   -0.31840   -0.31034
   0.08830    0.09594    0.10484    0.11007    0.11409    0.12257    0.13715    0.14185
   0.14697    0.15167    0.16199    0.17567    0.18610    0.19630    0.20395    0.20560
   0.21543    0.22115    0.22817    0.23603    0.24176    0.24622    0.24985    0.26341
   0.45300    0.45631
 kpt#  90, nband= 50, wtk=  0.00926, kpt=  0.5000 -0.1667  0.3333 (reduced coord)
  -1.93781   -1.93766   -1.93741   -1.93739   -0.80276   -0.80214   -0.80003   -0.79891
  -0.79590   -0.79455   -0.79002   -0.78956   -0.78770   -0.78763   -0.78651   -0.78626
  -0.36442   -0.35019   -0.34635   -0.34184   -0.32330   -0.31966   -0.31916   -0.31065
   0.09187    0.09529    0.10801    0.11264    0.11273    0.12499    0.13863    0.13925
   0.14716    0.15424    0.16060    0.17534    0.18941    0.19002    0.20190    0.20856
   0.21597    0.21971    0.22762    0.23408    0.23613    0.24637    0.24992    0.26263
   0.44841    0.45320
 kpt#  91, nband= 50, wtk=  0.00926, kpt= -0.3333 -0.1667  0.3333 (reduced coord)
  -1.93786   -1.93763   -1.93740   -1.93737   -0.80320   -0.80168   -0.80067   -0.79738
  -0.79616   -0.79467   -0.79054   -0.78934   -0.78800   -0.78764   -0.78691   -0.78569
  -0.36901   -0.34990   -0.34246   -0.33960   -0.32469   -0.32094   -0.31840   -0.31035
   0.08830    0.09594    0.10485    0.11007    0.11410    0.12258    0.13715    0.14185
   0.14696    0.15166    0.16199    0.17567    0.18609    0.19630    0.20394    0.20559
   0.21543    0.22116    0.22817    0.23603    0.24176    0.24622    0.24985    0.26342
   0.45300    0.45632
 kpt#  92, nband= 50, wtk=  0.00926, kpt= -0.1667 -0.1667  0.3333 (reduced coord)
  -1.93793   -1.93761   -1.93738   -1.93734   -0.80345   -0.80133   -0.80075   -0.79753
  -0.79536   -0.79426   -0.79082   -0.78959   -0.78835   -0.78804   -0.78648   -0.78576
  -0.37495   -0.34889   -0.33975   -0.33600   -0.32426   -0.32168   -0.31827   -0.31111
   0.08558    0.09072    0.09839    0.10832    0.11363    0.12634    0.13299    0.14193
   0.14640    0.15201    0.15899    0.17692    0.18644    0.19523    0.20160    0.20975
   0.21555    0.22604    0.23316    0.23851    0.24541    0.24926    0.25400    0.26193
   0.45941    0.46509
 kpt#  93, nband= 50, wtk=  0.00463, kpt=  0.0000  0.0000  0.5000 (reduced coord)
  -1.93783   -1.93780   -1.93733   -1.93731   -0.80068   -0.80066   -0.79916   -0.79915
  -0.79616   -0.79615   -0.79052   -0.79051   -0.78765   -0.78764   -0.78680   -0.78678
  -0.36382   -0.36381   -0.33352   -0.33351   -0.32148   -0.32147   -0.31911   -0.31909
   0.09403    0.09404    0.10166    0.10167    0.12498    0.12499    0.13994    0.13996
   0.14813    0.14815    0.15629    0.15630    0.17537    0.17539    0.21174    0.21175
   0.22008    0.22009    0.23937    0.23938    0.25253    0.25254    0.26077    0.26077
   0.47034    0.47090
 kpt#  94, nband= 50, wtk=  0.00926, kpt=  0.1667  0.0000  0.5000 (reduced coord)
  -1.93781   -1.93779   -1.93734   -1.93733   -0.80030   -0.80029   -0.79927   -0.79925
  -0.79664   -0.79663   -0.79041   -0.79040   -0.78786   -0.78784   -0.78655   -0.78654
  -0.36236   -0.36235   -0.33461   -0.33460   -0.32263   -0.32262   -0.31841   -0.31839
   0.09409    0.09409    0.10229    0.10230    0.12549    0.12550    0.13793    0.13793
   0.15427    0.15428    0.15845    0.15846    0.17527    0.17529    0.21119    0.21120
   0.21675    0.21676    0.23382    0.23384    0.25486    0.25487    0.25889    0.25889
   0.46198    0.46201
 kpt#  95, nband= 50, wtk=  0.00926, kpt=  0.3333  0.0000  0.5000 (reduced coord)
  -1.93777   -1.93775   -1.93738   -1.93736   -0.79984   -0.79984   -0.79899   -0.79898
  -0.79753   -0.79752   -0.79080   -0.79079   -0.78775   -0.78774   -0.78620   -0.78619
  -0.35888   -0.35887   -0.33742   -0.33741   -0.32422   -0.32421   -0.31764   -0.31762
   0.09439    0.09439    0.10449    0.10450    0.12153    0.12153    0.14492    0.14493
   0.15732    0.15733    0.16513    0.16515    0.17674    0.17676    0.20194    0.20195
   0.21587    0.21588    0.22900    0.22902    0.25057    0.25057    0.25843    0.25844
   0.45275    0.45277
 kpt#  96, nband= 50, wtk=  0.00463, kpt=  0.5000  0.0000  0.5000 (reduced coord)
  -1.93775   -1.93773   -1.93740   -1.93739   -0.79967   -0.79967   -0.79899   -0.79898
  -0.79760   -0.79759   -0.79135   -0.79134   -0.78745   -0.78745   -0.78612   -0.78611
  -0.35667   -0.35666   -0.33935   -0.33934   -0.32486   -0.32485   -0.31738   -0.31736
   0.09476    0.09476    0.10622    0.10623    0.11839    0.11840    0.14995    0.14995
   0.16014    0.16015    0.16603    0.16604    0.18139    0.18140    0.18997    0.19001
   0.21865    0.21866    0.22934    0.22934    0.24475    0.24476    0.25828    0.25829
   0.44929    0.44931
 kpt#  97, nband= 50, wtk=  0.00926, kpt=  0.0000  0.1667  0.5000 (reduced coord)
  -1.93780   -1.93777   -1.93736   -1.93734   -0.80112   -0.80110   -0.79878   -0.79876
  -0.79618   -0.79617   -0.79033   -0.79032   -0.78748   -0.78747   -0.78714   -0.78713
  -0.36181   -0.36180   -0.33520   -0.33518   -0.32188   -0.32187   -0.31924   -0.31923
   0.09924    0.09927    0.10372    0.10373    0.12306    0.12308    0.13456    0.13457
   0.14786    0.14789    0.16342    0.16349    0.17965    0.17967    0.20448    0.20457
   0.22358    0.22362    0.23485    0.23493    0.24979    0.24981    0.25522    0.25523
   0.46803    0.46806
 kpt#  98, nband= 50, wtk=  0.00926, kpt=  0.1667  0.1667  0.5000 (reduced coord)
  -1.93778   -1.93776   -1.93737   -1.93736   -0.80197   -0.80164   -0.79850   -0.79837
  -0.79651   -0.79611   -0.79044   -0.78967   -0.78763   -0.78751   -0.78695   -0.78667
  -0.36166   -0.36073   -0.33849   -0.33523   -0.32475   -0.32227   -0.31664   -0.31641
   0.09637    0.10034    0.10353    0.10610    0.12185    0.12465    0.13409    0.13824
   0.14798    0.15048    0.16382    0.16671    0.17930    0.18020    0.20522    0.21110
   0.21926    0.22040    0.22659    0.23530    0.24703    0.24930    0.25277    0.25769
   0.46087    0.46243
 kpt#  99, nband= 50, wtk=  0.00926, kpt=  0.3333  0.1667  0.5000 (reduced coord)
  -1.93775   -1.93773   -1.93740   -1.93739   -0.80246   -0.80245   -0.79990   -0.79903
  -0.79543   -0.79531   -0.79024   -0.78937   -0.78779   -0.78729   -0.78655   -0.78611
  -0.35999   -0.35897   -0.34263   -0.34066   -0.32239   -0.32229   -0.31519   -0.31395
   0.09483    0.10110    0.10403    0.10952    0.11937    0.12223    0.13648    0.14313
   0.15335    0.15770    0.16483    0.17319    0.18030    0.18277    0.20286    0.20863
   0.21501    0.21723    0.22504    0.22770    0.24291    0.24654    0.25249    0.25669
   0.45155    0.45217
 kpt# 100, nband= 50, wtk=  0.00926, kpt=  0.5000  0.1667  0.5000 (reduced coord)
  -1.93773   -1.93771   -1.93742   -1.93741   -0.80257   -0.80257   -0.80025   -0.80024
  -0.79472   -0.79469   -0.78997   -0.78995   -0.78732   -0.78731   -0.78617   -0.78616
  -0.35817   -0.35817   -0.34446   -0.34446   -0.32119   -0.32118   -0.31421   -0.31420
   0.09728    0.09730    0.10843    0.10847    0.11891    0.11892    0.14092    0.14095
   0.16315    0.16317    0.16783    0.16785    0.18228    0.18229    0.20312    0.20314
   0.21442    0.21444    0.22496    0.22497    0.24296    0.24297    0.25411    0.25413
   0.44741    0.44744
 kpt# 101, nband= 50, wtk=  0.00926, kpt= -0.3333  0.1667  0.5000 (reduced coord)
  -1.93775   -1.93773   -1.93740   -1.93739   -0.80247   -0.80244   -0.79989   -0.79903
  -0.79543   -0.79532   -0.79025   -0.78937   -0.78779   -0.78729   -0.78655   -0.78612
  -0.35999   -0.35897   -0.34263   -0.34066   -0.32238   -0.32229   -0.31519   -0.31395
   0.09483    0.10111    0.10403    0.10952    0.11937    0.12223    0.13649    0.14314
   0.15334    0.15769    0.16483    0.17319    0.18030    0.18277    0.20286    0.20863
   0.21500    0.21724    0.22503    0.22769    0.24292    0.24653    0.25249    0.25670
   0.45154    0.45217
 kpt# 102, nband= 50, wtk=  0.00926, kpt= -0.1667  0.1667  0.5000 (reduced coord)
  -1.93778   -1.93776   -1.93737   -1.93736   -0.80197   -0.80163   -0.79849   -0.79837
  -0.79651   -0.79611   -0.79044   -0.78968   -0.78763   -0.78750   -0.78694   -0.78667
  -0.36166   -0.36073   -0.33849   -0.33522   -0.32474   -0.32227   -0.31664   -0.31641
   0.09637    0.10034    0.10353    0.10610    0.12185    0.12464    0.13410    0.13825
   0.14798    0.15048    0.16383    0.16671    0.17930    0.18019    0.20522    0.21110
   0.21926    0.22039    0.22660    0.23530    0.24703    0.24930    0.25277    0.25769
   0.46087    0.46243
 kpt# 103, nband= 50, wtk=  0.00926, kpt=  0.0000  0.3333  0.5000 (reduced coord)
  -1.93771   -1.93768   -1.93744   -1.93743   -0.80134   -0.80131   -0.79951   -0.79948
  -0.79487   -0.79485   -0.79061   -0.79060   -0.78783   -0.78783   -0.78700   -0.78699
  -0.35623   -0.35621   -0.34058   -0.34056   -0.32182   -0.32181   -0.31986   -0.31985
   0.10637    0.10640    0.11200    0.11205    0.12012    0.12014    0.12903    0.12904
   0.15043    0.15048    0.17201    0.17204    0.18694    0.18699    0.19363    0.19366
   0.22260    0.22264    0.22639    0.22641    0.23915    0.23921    0.25087    0.25090
   0.46736    0.46738
 kpt# 104, nband= 50, wtk=  0.00926, kpt=  0.1667  0.3333  0.5000 (reduced coord)
  -1.93770   -1.93768   -1.93745   -1.93744   -0.80285   -0.80234   -0.80074   -0.79986
  -0.79404   -0.79345   -0.79029   -0.78943   -0.78766   -0.78732   -0.78714   -0.78683
  -0.35805   -0.35708   -0.34470   -0.34284   -0.32168   -0.32062   -0.31598   -0.31555
   0.10461    0.10579    0.11088    0.11346    0.11920    0.12122    0.13045    0.13142
   0.14845    0.15457    0.16948    0.17124    0.18666    0.19571    0.19777    0.20074
   0.21179    0.22286    0.22505    0.22804    0.23591    0.23952    0.24626    0.25298
   0.46088    0.46326
 kpt# 105, nband= 50, wtk=  0.00926, kpt=  0.3333  0.3333  0.5000 (reduced coord)
  -1.93768   -1.93766   -1.93747   -1.93746   -0.80422   -0.80399   -0.80257   -0.80175
  -0.79215   -0.79167   -0.78921   -0.78854   -0.78733   -0.78713   -0.78657   -0.78635
  -0.35986   -0.35898   -0.35030   -0.34911   -0.31720   -0.31701   -0.31221   -0.31110
   0.10179    0.10476    0.11309    0.11462    0.11907    0.12070    0.12707    0.12957
   0.16002    0.16127    0.17233    0.17514    0.18664    0.19044    0.20479    0.20601
   0.21318    0.21484    0.22369    0.22670    0.23027    0.23698    0.24718    0.24983
   0.45102    0.45162
 kpt# 106, nband= 50, wtk=  0.00926, kpt=  0.5000  0.3333  0.5000 (reduced coord)
  -1.93767   -1.93765   -1.93747   -1.93747   -0.80461   -0.80460   -0.80308   -0.80307
  -0.79120   -0.79117   -0.78858   -0.78855   -0.78701   -0.78699   -0.78620   -0.78618
  -0.35987   -0.35987   -0.35263   -0.35263   -0.31484   -0.31483   -0.31035   -0.31034
   0.10294    0.10296    0.11362    0.11365    0.12013    0.12016    0.12725    0.12728
   0.16856    0.16858    0.17372    0.17376    0.18840    0.18841    0.20387    0.20393
   0.21380    0.21384    0.22215    0.22219    0.23357    0.23362    0.24901    0.24905
   0.44554    0.44558
 kpt# 107, nband= 50, wtk=  0.00926, kpt= -0.3333  0.3333  0.5000 (reduced coord)
  -1.93768   -1.93766   -1.93747   -1.93746   -0.80422   -0.80399   -0.80257   -0.80175
  -0.79215   -0.79168   -0.78921   -0.78855   -0.78733   -0.78713   -0.78656   -0.78635
  -0.35987   -0.35898   -0.35030   -0.34911   -0.31720   -0.31701   -0.31221   -0.31111
   0.10178    0.10477    0.11309    0.11462    0.11908    0.12069    0.12707    0.12957
   0.16002    0.16126    0.17233    0.17514    0.18664    0.19044    0.20478    0.20601
   0.21318    0.21484    0.22369    0.22670    0.23028    0.23699    0.24717    0.24983
   0.45102    0.45162
 kpt# 108, nband= 50, wtk=  0.00926, kpt= -0.1667  0.3333  0.5000 (reduced coord)
  -1.93770   -1.93768   -1.93745   -1.93744   -0.80286   -0.80234   -0.80073   -0.79986
  -0.79404   -0.79345   -0.79029   -0.78944   -0.78766   -0.78731   -0.78714   -0.78683
  -0.35805   -0.35708   -0.34470   -0.34284   -0.32168   -0.32062   -0.31598   -0.31556
   0.10461    0.10579    0.11088    0.11345    0.11920    0.12121    0.13045    0.13143
   0.14845    0.15456    0.16948    0.17124    0.18667    0.19571    0.19777    0.20074
   0.21179    0.22285    0.22506    0.22803    0.23591    0.23953    0.24627    0.25297
   0.46088    0.46334
 kpt# 109, nband= 50, wtk=  0.00463, kpt=  0.0000  0.5000  0.5000 (reduced coord)
  -1.93763   -1.93759   -1.93753   -1.93752   -0.80074   -0.80073   -0.80071   -0.80070
  -0.79260   -0.79258   -0.79255   -0.79254   -0.78731   -0.78730   -0.78729   -0.78729
  -0.34846   -0.34845   -0.34841   -0.34840   -0.32092   -0.32091   -0.32090   -0.32089
   0.11120    0.11121    0.11121    0.11122    0.12462    0.12464    0.12465    0.12465
   0.16452    0.16453    0.16464    0.16465    0.18797    0.18798    0.18802    0.18804
   0.22067    0.22068    0.22069    0.22070    0.24288    0.24291    0.24297    0.24299
   0.47112    0.47114
 kpt# 110, nband= 50, wtk=  0.00926, kpt=  0.1667  0.5000  0.5000 (reduced coord)
  -1.93763   -1.93759   -1.93753   -1.93752   -0.80240   -0.80240   -0.80164   -0.80164
  -0.79177   -0.79176   -0.79080   -0.79080   -0.78727   -0.78726   -0.78712   -0.78711
  -0.35151   -0.35150   -0.35143   -0.35143   -0.31791   -0.31790   -0.31751   -0.31751
   0.11066    0.11066    0.11131    0.11132    0.12382    0.12383    0.12503    0.12504
   0.16417    0.16417    0.16579    0.16579    0.19245    0.19245    0.19342    0.19342
   0.21650    0.21650    0.22030    0.22031    0.23970    0.23971    0.24511    0.24513
   0.46503    0.46525
 kpt# 111, nband= 50, wtk=  0.00926, kpt=  0.3333  0.5000  0.5000 (reduced coord)
  -1.93763   -1.93759   -1.93753   -1.93752   -0.80424   -0.80424   -0.80370   -0.80369
  -0.78992   -0.78992   -0.78921   -0.78921   -0.78685   -0.78684   -0.78672   -0.78672
  -0.35629   -0.35629   -0.35625   -0.35625   -0.31281   -0.31280   -0.31245   -0.31245
   0.11056    0.11057    0.11102    0.11103    0.12247    0.12248    0.12274    0.12274
   0.17093    0.17093    0.17234    0.17235    0.19199    0.19200    0.19440    0.19441
   0.21688    0.21689    0.21902    0.21902    0.24010    0.24011    0.24142    0.24144
   0.45534    0.45575
 kpt# 112, nband= 50, wtk=  0.00463, kpt=  0.5000  0.5000  0.5000 (reduced coord)
  -1.93763   -1.93759   -1.93753   -1.93752   -0.80478   -0.80477   -0.80476   -0.80475
  -0.78906   -0.78905   -0.78902   -0.78901   -0.78647   -0.78645   -0.78641   -0.78641
  -0.35832   -0.35832   -0.35829   -0.35829   -0.31048   -0.31048   -0.31047   -0.31046
   0.11061    0.11062    0.11065    0.11066    0.12156    0.12157    0.12160    0.12161
   0.17740    0.17742    0.17744    0.17746    0.19001    0.19002    0.19007    0.19008
   0.21743    0.21744    0.21752    0.21753    0.24064    0.24064    0.24067    0.24069
   0.45174    0.45178
