 Fermi (or HOMO) energy (hartree) =   0.27684   Average Vxc (hartree)=  -0.44597
 Eigenvalues (hartree) for nkpt= 112  k points:
 kpt#   1, nband= 50, wtk=  0.00463, kpt=  0.0000  0.0000  0.0000 (reduced coord)
  -1.94335   -1.94269   -1.94266   -1.94265   -0.80512   -0.80506   -0.80475   -0.79351
  -0.79296   -0.79262   -0.79212   -0.79146   -0.79132   -0.78831   -0.78680   -0.78678
  -0.39514   -0.33821   -0.32949   -0.32883   -0.31889   -0.31621   -0.31566   -0.29782
   0.06048    0.06064    0.07199    0.09595    0.10296    0.10347    0.16165    0.16391
   0.16652    0.16872    0.17232    0.17235    0.22055    0.22399    0.22560    0.22891
   0.24625    0.25241    0.25397    0.25497    0.25518    0.26593    0.26846    0.27517
   0.44472    0.44579
 kpt#   2, nband= 50, wtk=  0.00926, kpt=  0.1667  0.0000  0.0000 (reduced coord)
  -1.94330   -1.94270   -1.94268   -1.94266   -0.80421   -0.80400   -0.80400   -0.79394
  -0.79332   -0.79247   -0.79207   -0.79191   -0.79146   -0.78854   -0.78816   -0.78717
  -0.39039   -0.33673   -0.32887   -0.32707   -0.32165   -0.31951   -0.31747   -0.30005
   0.06634    0.07053    0.07131    0.09833    0.10499    0.11914    0.15077    0.15256
   0.16079    0.16163    0.17216    0.17552    0.21608    0.21983    0.22018    0.23239
   0.24790    0.24882    0.24918    0.25765    0.25852    0.25936    0.26937    0.27564
   0.45238    0.45341
 kpt#   3, nband= 50, wtk=  0.00926, kpt=  0.3333  0.0000  0.0000 (reduced coord)
  -1.94318   -1.94283   -1.94268   -1.94266   -0.80194   -0.80184   -0.80089   -0.79616
  -0.79510   -0.79287   -0.79183   -0.79177   -0.79127   -0.79101   -0.78926   -0.78821
  -0.37712   -0.33809   -0.33270   -0.32629   -0.32363   -0.32126   -0.31952   -0.30600
   0.07820    0.08257    0.09893    0.10540    0.11374    0.12499    0.13415    0.13662
   0.14468    0.15300    0.18245    0.18310    0.18530    0.20680    0.20953    0.22910
   0.23718    0.23747    0.25358    0.25952    0.26444    0.26903    0.26916    0.27681
   0.46718    0.47044
 kpt#   4, nband= 50, wtk=  0.00463, kpt=  0.5000  0.0000  0.0000 (reduced coord)
  -1.94300   -1.94300   -1.94267   -1.94267   -0.79909   -0.79909   -0.79852   -0.79852
  -0.79645   -0.79645   -0.79234   -0.79234   -0.79028   -0.79028   -0.78961   -0.78961
  -0.35818   -0.35818   -0.32740   -0.32740   -0.32375   -0.32375   -0.31366   -0.31366
   0.09485    0.09485    0.11078    0.11079    0.11749    0.11749    0.12776    0.12776
   0.13985    0.13985    0.18934    0.18934    0.19612    0.19612    0.19707    0.19707
   0.23658    0.23658    0.25937    0.25937    0.26777    0.26778    0.27576    0.27576
   0.47896    0.48107
 kpt#   5, nband= 50, wtk=  0.00926, kpt=  0.0000  0.1667  0.0000 (reduced coord)
  -1.94330   -1.94270   -1.94268   -1.94266   -0.80425   -0.80401   -0.80395   -0.79418
  -0.79287   -0.79246   -0.79232   -0.79187   -0.79145   -0.78856   -0.78816   -0.78716
  -0.39041   -0.33666   -0.32808   -0.32755   -0.32233   -0.31949   -0.31712   -0.30015
   0.06625    0.07058    0.07117    0.09834    0.10597    0.11840    0.15168    0.15234
   0.16011    0.16238    0.17253    0.17475    0.21589    0.21921    0.22084    0.23748
   0.24278    0.24326    0.24939    0.25884    0.25943    0.26554    0.26628    0.27564
   0.45139    0.45267
 kpt#   6, nband= 50, wtk=  0.00926, kpt=  0.1667  0.1667  0.0000 (reduced coord)
  -1.94326   -1.94270   -1.94270   -1.94268   -0.80337   -0.80333   -0.80329   -0.79388
  -0.79385   -0.79362   -0.79189   -0.79170   -0.79094   -0.78987   -0.78888   -0.78698
  -0.38607   -0.33578   -0.32759   -0.32717   -0.32245   -0.32215   -0.31992   -0.30207
   0.07285    0.07590    0.07594    0.10004    0.10928    0.12954    0.14428    0.14440
   0.15890    0.16463    0.16478    0.17325    0.21205    0.21737    0.22264    0.22341
   0.24372    0.24936    0.24938    0.25020    0.25934    0.26070    0.26825    0.27588
   0.45531    0.46119
 kpt#   7, nband= 50, wtk=  0.00926, kpt=  0.3333  0.1667  0.0000 (reduced coord)
  -1.94314   -1.94282   -1.94270   -1.94269   -0.80159   -0.80133   -0.80090   -0.79633
  -0.79567   -0.79322   -0.79296   -0.79121   -0.79099   -0.79070   -0.78966   -0.78770
  -0.37391   -0.33820   -0.33341   -0.32746   -0.32464   -0.32115   -0.31991   -0.30720
   0.08177    0.09079    0.10220    0.10549    0.11812    0.12402    0.13166    0.13843
   0.14864    0.15940    0.17517    0.18006    0.18835    0.20353    0.20610    0.22827
   0.23147    0.23495    0.24845    0.25218    0.26336    0.26769    0.26884    0.27654
   0.46402    0.47452
 kpt#   8, nband= 50, wtk=  0.00926, kpt=  0.5000  0.1667  0.0000 (reduced coord)
  -1.94298   -1.94298   -1.94269   -1.94269   -0.79909   -0.79909   -0.79876   -0.79876
  -0.79699   -0.79699   -0.79182   -0.79182   -0.79050   -0.79050   -0.78913   -0.78913
  -0.35657   -0.35656   -0.33025   -0.33025   -0.32290   -0.32290   -0.31387   -0.31387
   0.09923    0.09923    0.11414    0.11414    0.11453    0.11453    0.13193    0.13193
   0.14612    0.14612    0.18814    0.18814    0.18910    0.18910    0.19963    0.19964
   0.23209    0.23209    0.25192    0.25192    0.26603    0.26603    0.27510    0.27511
   0.47224    0.47277
 kpt#   9, nband= 50, wtk=  0.00926, kpt= -0.3333  0.1667  0.0000 (reduced coord)
  -1.94314   -1.94282   -1.94270   -1.94269   -0.80159   -0.80133   -0.80090   -0.79633
  -0.79567   -0.79322   -0.79296   -0.79121   -0.79099   -0.79070   -0.78966   -0.78770
  -0.37391   -0.33820   -0.33341   -0.32746   -0.32464   -0.32115   -0.31991   -0.30720
   0.08177    0.09079    0.10220    0.10549    0.11812    0.12402    0.13166    0.13843
   0.14864    0.15940    0.17517    0.18006    0.18835    0.20353    0.20610    0.22827
   0.23147    0.23495    0.24845    0.25218    0.26336    0.26769    0.26884    0.27654
   0.46403    0.47422
 kpt#  10, nband= 50, wtk=  0.00926, kpt= -0.1667  0.1667  0.0000 (reduced coord)
  -1.94326   -1.94270   -1.94270   -1.94268   -0.80337   -0.80333   -0.80329   -0.79388
  -0.79385   -0.79362   -0.79189   -0.79170   -0.79094   -0.78987   -0.78888   -0.78698
  -0.38607   -0.33578   -0.32759   -0.32717   -0.32245   -0.32215   -0.31992   -0.30207
   0.07285    0.07590    0.07594    0.10004    0.10928    0.12954    0.14428    0.14440
   0.15890    0.16463    0.16478    0.17325    0.21205    0.21737    0.22264    0.22341
   0.24372    0.24936    0.24938    0.25020    0.25934    0.26070    0.26825    0.27588
   0.45531    0.46120
 kpt#  11, nband= 50, wtk=  0.00926, kpt=  0.0000  0.3333  0.0000 (reduced coord)
  -1.94318   -1.94283   -1.94268   -1.94266   -0.80196   -0.80186   -0.80085   -0.79626
  -0.79509   -0.79261   -0.79179   -0.79176   -0.79150   -0.79095   -0.78931   -0.78819
  -0.37717   -0.33817   -0.33243   -0.32611   -0.32215   -0.32116   -0.32115   -0.30637
   0.07805    0.08257    0.09874    0.10548    0.11473    0.12529    0.13428    0.13672
   0.14497    0.15326    0.18219    0.18295    0.18473    0.20697    0.21117    0.22849
   0.23354    0.23810    0.25214    0.26363    0.26471    0.26644    0.27001    0.27684
   0.46314    0.46762
 kpt#  12, nband= 50, wtk=  0.00926, kpt=  0.1667  0.3333  0.0000 (reduced coord)
  -1.94314   -1.94282   -1.94270   -1.94269   -0.80161   -0.80134   -0.80087   -0.79633
  -0.79575   -0.79321   -0.79275   -0.79140   -0.79093   -0.79064   -0.78973   -0.78769
  -0.37396   -0.33834   -0.33322   -0.32690   -0.32439   -0.32107   -0.32061   -0.30745
   0.08171    0.09104    0.10188    0.10553    0.11870    0.12391    0.13196    0.13855
   0.14888    0.15980    0.17544    0.17922    0.18786    0.20453    0.20642    0.22815
   0.23095    0.23216    0.25104    0.25181    0.26256    0.26722    0.26968    0.27656
   0.46159    0.46958
 kpt#  13, nband= 50, wtk=  0.00926, kpt=  0.3333  0.3333  0.0000 (reduced coord)
  -1.94305   -1.94279   -1.94279   -1.94271   -0.80068   -0.80067   -0.79971   -0.79830
  -0.79580   -0.79444   -0.79438   -0.79108   -0.79004   -0.78999   -0.78980   -0.78758
  -0.36492   -0.33817   -0.33795   -0.33511   -0.32087   -0.32054   -0.32022   -0.31058
   0.09197    0.10674    0.10886    0.10973    0.12579    0.12667    0.12873    0.13896
   0.15950    0.15955    0.17634    0.17939    0.18756    0.18938    0.20702    0.20790
   0.21424    0.23430    0.23494    0.24013    0.26686    0.26842    0.26896    0.27573
   0.45936    0.46582
 kpt#  14, nband= 50, wtk=  0.00926, kpt=  0.5000  0.3333  0.0000 (reduced coord)
  -1.94292   -1.94292   -1.94275   -1.94275   -0.79985   -0.79985   -0.79911   -0.79911
  -0.79655   -0.79655   -0.79273   -0.79273   -0.78957   -0.78957   -0.78849   -0.78849
  -0.35191   -0.35191   -0.33703   -0.33703   -0.32066   -0.32066   -0.31519   -0.31518
   0.10497    0.10497    0.10995    0.10995    0.13054    0.13054    0.14298    0.14298
   0.15599    0.15599    0.17370    0.17370    0.18682    0.18682    0.20669    0.20669
   0.21054    0.21055    0.23610    0.23610    0.26783    0.26783    0.27361    0.27361
   0.46111    0.46217
 kpt#  15, nband= 50, wtk=  0.00926, kpt= -0.3333  0.3333  0.0000 (reduced coord)
  -1.94305   -1.94279   -1.94279   -1.94271   -0.80068   -0.80067   -0.79971   -0.79830
  -0.79580   -0.79444   -0.79438   -0.79108   -0.79004   -0.78999   -0.78980   -0.78758
  -0.36492   -0.33817   -0.33795   -0.33511   -0.32087   -0.32054   -0.32022   -0.31058
   0.09197    0.10674    0.10886    0.10973    0.12579    0.12667    0.12873    0.13896
   0.15950    0.15955    0.17634    0.17939    0.18756    0.18938    0.20702    0.20790
   0.21424    0.23430    0.23494    0.24013    0.26686    0.26842    0.26896    0.27573
   0.45940    0.46549
 kpt#  16, nband= 50, wtk=  0.00926, kpt= -0.1667  0.3333  0.0000 (reduced coord)
  -1.94314   -1.94282   -1.94270   -1.94269   -0.80161   -0.80134   -0.80087   -0.79633
  -0.79575   -0.79321   -0.79275   -0.79140   -0.79093   -0.79064   -0.78973   -0.78769
  -0.37396   -0.33834   -0.33322   -0.32690   -0.32439   -0.32107   -0.32061   -0.30745
   0.08171    0.09104    0.10188    0.10553    0.11870    0.12391    0.13196    0.13855
   0.14888    0.15980    0.17544    0.17922    0.18786    0.20453    0.20642    0.22815
   0.23095    0.23216    0.25104    0.25181    0.26256    0.26722    0.26968    0.27656
   0.46160    0.46928
 kpt#  17, nband= 50, wtk=  0.00463, kpt=  0.0000  0.5000  0.0000 (reduced coord)
  -1.94301   -1.94300   -1.94267   -1.94266   -0.79913   -0.79913   -0.79853   -0.79853
  -0.79643   -0.79643   -0.79222   -0.79222   -0.79040   -0.79039   -0.78959   -0.78958
  -0.35829   -0.35829   -0.32675   -0.32674   -0.32355   -0.32355   -0.31447   -0.31447
   0.09466    0.09467    0.11124    0.11124    0.11762    0.11762    0.12845    0.12845
   0.13939    0.13940    0.19212    0.19213    0.19368    0.19369    0.19718    0.19719
   0.23467    0.23467    0.26160    0.26160    0.26614    0.26615    0.27607    0.27607
   0.47048    0.47365
 kpt#  18, nband= 50, wtk=  0.00926, kpt=  0.1667  0.5000  0.0000 (reduced coord)
  -1.94299   -1.94298   -1.94270   -1.94269   -0.79910   -0.79909   -0.79881   -0.79880
  -0.79697   -0.79697   -0.79166   -0.79165   -0.79067   -0.79067   -0.78911   -0.78910
  -0.35667   -0.35667   -0.32981   -0.32981   -0.32273   -0.32273   -0.31444   -0.31444
   0.09942    0.09942    0.11408    0.11408    0.11451    0.11451    0.13246    0.13247
   0.14592    0.14593    0.18924    0.18925    0.18983    0.18983    0.19815    0.19816
   0.23057    0.23058    0.25310    0.25311    0.26538    0.26538    0.27537    0.27537
   0.46692    0.46864
 kpt#  19, nband= 50, wtk=  0.00926, kpt=  0.3333  0.5000  0.0000 (reduced coord)
  -1.94292   -1.94292   -1.94276   -1.94275   -0.79985   -0.79985   -0.79912   -0.79912
  -0.79656   -0.79655   -0.79270   -0.79269   -0.78961   -0.78960   -0.78847   -0.78847
  -0.35199   -0.35199   -0.33686   -0.33686   -0.32054   -0.32053   -0.31542   -0.31541
   0.10532    0.10532    0.10979    0.10979    0.13027    0.13028    0.14292    0.14293
   0.15590    0.15591    0.17437    0.17438    0.18774    0.18774    0.20595    0.20596
   0.20934    0.20934    0.23682    0.23683    0.26754    0.26754    0.27372    0.27373
   0.45901    0.45919
 kpt#  20, nband= 50, wtk=  0.00463, kpt=  0.5000  0.5000  0.0000 (reduced coord)
  -1.94284   -1.94284   -1.94283   -1.94283   -0.79988   -0.79988   -0.79988   -0.79988
  -0.79469   -0.79469   -0.79468   -0.79468   -0.78859   -0.78859   -0.78859   -0.78859
  -0.34496   -0.34496   -0.34496   -0.34496   -0.31774   -0.31774   -0.31774   -0.31774
   0.10759    0.10759    0.10759    0.10759    0.15276    0.15276    0.15277    0.15277
   0.15737    0.15738    0.15738    0.15738    0.18949    0.18949    0.18950    0.18950
   0.21932    0.21932    0.21933    0.21933    0.27104    0.27104    0.27104    0.27104
   0.45680    0.45680
 kpt#  21, nband= 50, wtk=  0.00926, kpt=  0.0000  0.0000  0.1667 (reduced coord)
  -1.94331   -1.94273   -1.94266   -1.94265   -0.80433   -0.80428   -0.80376   -0.79412
  -0.79380   -0.79264   -0.79237   -0.79122   -0.79102   -0.78946   -0.78711   -0.78710
  -0.39068   -0.33583   -0.32850   -0.32792   -0.32511   -0.31702   -0.31654   -0.30071
   0.06616    0.06627    0.08203    0.10195    0.10549    0.11007    0.15643    0.15779
   0.16186    0.16253    0.16895    0.17030    0.22110    0.22388    0.22850    0.23175
   0.23957    0.24021    0.24440    0.25871    0.25962    0.26046    0.26689    0.26763
   0.44790    0.45158
 kpt#  22, nband= 50, wtk=  0.00926, kpt=  0.1667  0.0000  0.1667 (reduced coord)
  -1.94326   -1.94273   -1.94270   -1.94266   -0.80349   -0.80337   -0.80318   -0.79494
  -0.79364   -0.79229   -0.79222   -0.79184   -0.79119   -0.79027   -0.78760   -0.78752
  -0.38626   -0.33454   -0.32841   -0.32637   -0.32528   -0.32211   -0.31806   -0.30264
   0.07161    0.07584    0.08064    0.10385    0.10789    0.12483    0.14970    0.15363
   0.15476    0.15859    0.16554    0.16876    0.21655    0.22149    0.22676    0.23001
   0.24185    0.24218    0.24519    0.25027    0.25608    0.26280    0.26283    0.26753
   0.45586    0.45729
 kpt#  23, nband= 50, wtk=  0.00926, kpt=  0.3333  0.0000  0.1667 (reduced coord)
  -1.94314   -1.94282   -1.94271   -1.94267   -0.80160   -0.80126   -0.80073   -0.79695
  -0.79480   -0.79315   -0.79277   -0.79136   -0.79134   -0.79104   -0.78867   -0.78861
  -0.37387   -0.33743   -0.33114   -0.32735   -0.32570   -0.32317   -0.31975   -0.30782
   0.08625    0.08680    0.10242    0.10993    0.11461    0.12866    0.13640    0.13997
   0.14123    0.15681    0.17020    0.17872    0.19421    0.20273    0.21179    0.22983
   0.23934    0.24134    0.24634    0.24736    0.25505    0.26401    0.26669    0.26693
   0.46954    0.47051
 kpt#  24, nband= 50, wtk=  0.00926, kpt=  0.5000  0.0000  0.1667 (reduced coord)
  -1.94298   -1.94298   -1.94269   -1.94269   -0.79940   -0.79940   -0.79806   -0.79806
  -0.79698   -0.79698   -0.79191   -0.79191   -0.79004   -0.79004   -0.78993   -0.78993
  -0.35620   -0.35620   -0.32736   -0.32735   -0.32565   -0.32564   -0.31453   -0.31453
   0.10115    0.10115    0.11037    0.11037    0.12410    0.12410    0.12606    0.12606
   0.14406    0.14406    0.18763    0.18764    0.19384    0.19384    0.19798    0.19798
   0.24011    0.24011    0.24905    0.24905    0.26177    0.26177    0.26769    0.26769
   0.47721    0.47890
 kpt#  25, nband= 50, wtk=  0.00926, kpt= -0.3333  0.0000  0.1667 (reduced coord)
  -1.94314   -1.94282   -1.94271   -1.94267   -0.80160   -0.80126   -0.80073   -0.79695
  -0.79480   -0.79315   -0.79277   -0.79136   -0.79134   -0.79104   -0.78867   -0.78861
  -0.37387   -0.33743   -0.33114   -0.32735   -0.32570   -0.32317   -0.31975   -0.30782
   0.08625    0.08680    0.10242    0.10993    0.11461    0.12866    0.13640    0.13997
   0.14123    0.15681    0.17020    0.17872    0.19421    0.20274    0.21179    0.22983
   0.23934    0.24134    0.24634    0.24737    0.25505    0.26402    0.26668    0.26693
   0.46934    0.47127
 kpt#  26, nband= 50, wtk=  0.00926, kpt= -0.1667  0.0000  0.1667 (reduced coord)
  -1.94326   -1.94273   -1.94270   -1.94266   -0.80349   -0.80337   -0.80318   -0.79494
  -0.79364   -0.79229   -0.79222   -0.79184   -0.79119   -0.79027   -0.78760   -0.78752
  -0.38626   -0.33454   -0.32841   -0.32637   -0.32528   -0.32211   -0.31806   -0.30264
   0.07162    0.07584    0.08064    0.10385    0.10789    0.12483    0.14970    0.15363
   0.15476    0.15859    0.16554    0.16876    0.21655    0.22149    0.22676    0.23001
   0.24185    0.24218    0.24519    0.25027    0.25608    0.26280    0.26283    0.26753
   0.45586    0.45729
 kpt#  27, nband= 50, wtk=  0.00926, kpt=  0.0000  0.1667  0.1667 (reduced coord)
  -1.94326   -1.94272   -1.94270   -1.94266   -0.80353   -0.80333   -0.80319   -0.79504
  -0.79350   -0.79229   -0.79222   -0.79190   -0.79112   -0.79035   -0.78760   -0.78751
  -0.38627   -0.33447   -0.32799   -0.32650   -0.32529   -0.32275   -0.31771   -0.30270
   0.07159    0.07584    0.08052    0.10439    0.10793    0.12455    0.15140    0.15275
   0.15580    0.15732    0.16430    0.16947    0.21572    0.22305    0.22648    0.23326
   0.23767    0.23962    0.24585    0.25262    0.25390    0.26415    0.26526    0.26585
   0.45526    0.45613
 kpt#  28, nband= 50, wtk=  0.00926, kpt=  0.1667  0.1667  0.1667 (reduced coord)
  -1.94322   -1.94272   -1.94270   -1.94270   -0.80293   -0.80280   -0.80271   -0.79449
  -0.79420   -0.79339   -0.79192   -0.79175   -0.79152   -0.79064   -0.78823   -0.78725
  -0.38229   -0.33445   -0.32897   -0.32718   -0.32460   -0.32241   -0.32070   -0.30433
   0.08032    0.08135    0.08170    0.10568    0.11147    0.13457    0.14664    0.14786
   0.15444    0.15926    0.15984    0.16250    0.21875    0.22216    0.22286    0.22382
   0.23884    0.24214    0.24616    0.24998    0.25287    0.25719    0.26004    0.26807
   0.45897    0.46267
 kpt#  29, nband= 50, wtk=  0.00926, kpt=  0.3333  0.1667  0.1667 (reduced coord)
  -1.94311   -1.94281   -1.94272   -1.94271   -0.80159   -0.80150   -0.80100   -0.79576
  -0.79540   -0.79468   -0.79284   -0.79110   -0.79074   -0.79064   -0.78909   -0.78796
  -0.37113   -0.33847   -0.33400   -0.33050   -0.32315   -0.32228   -0.31908   -0.30868
   0.08941    0.09452    0.10540    0.11024    0.11870    0.12868    0.13714    0.13874
   0.14506    0.16127    0.16826    0.16914    0.19430    0.20785    0.21111    0.22877
   0.23245    0.23699    0.24340    0.24723    0.25455    0.25550    0.26318    0.26780
   0.46543    0.47419
 kpt#  30, nband= 50, wtk=  0.00926, kpt=  0.5000  0.1667  0.1667 (reduced coord)
  -1.94296   -1.94296   -1.94271   -1.94271   -0.80062   -0.80062   -0.79818   -0.79818
  -0.79659   -0.79658   -0.79134   -0.79133   -0.79012   -0.79012   -0.78944   -0.78944
  -0.35520   -0.35519   -0.33270   -0.33269   -0.32204   -0.32203   -0.31431   -0.31430
   0.10517    0.10517    0.11257    0.11257    0.12358    0.12358    0.12850    0.12850
   0.15025    0.15026    0.17734    0.17734    0.19561    0.19561    0.20336    0.20336
   0.23422    0.23422    0.24702    0.24702    0.25607    0.25607    0.26676    0.26676
   0.47152    0.47175
 kpt#  31, nband= 50, wtk=  0.00926, kpt= -0.3333  0.1667  0.1667 (reduced coord)
  -1.94311   -1.94281   -1.94272   -1.94271   -0.80159   -0.80150   -0.80100   -0.79576
  -0.79540   -0.79468   -0.79284   -0.79110   -0.79074   -0.79064   -0.78909   -0.78796
  -0.37113   -0.33848   -0.33400   -0.33050   -0.32314   -0.32229   -0.31908   -0.30868
   0.08941    0.09452    0.10540    0.11024    0.11870    0.12868    0.13714    0.13874
   0.14505    0.16127    0.16826    0.16914    0.19430    0.20785    0.21111    0.22877
   0.23245    0.23699    0.24340    0.24723    0.25455    0.25550    0.26318    0.26780
   0.46543    0.47452
 kpt#  32, nband= 50, wtk=  0.00926, kpt= -0.1667  0.1667  0.1667 (reduced coord)
  -1.94322   -1.94272   -1.94270   -1.94270   -0.80293   -0.80280   -0.80271   -0.79449
  -0.79420   -0.79339   -0.79192   -0.79175   -0.79152   -0.79064   -0.78823   -0.78725
  -0.38229   -0.33445   -0.32897   -0.32718   -0.32460   -0.32241   -0.32069   -0.30433
   0.08032    0.08135    0.08170    0.10568    0.11147    0.13457    0.14663    0.14786
   0.15444    0.15926    0.15984    0.16250    0.21875    0.22216    0.22286    0.22382
   0.23884    0.24215    0.24616    0.24998    0.25287    0.25719    0.26003    0.26807
   0.45897    0.46269
 kpt#  33, nband= 50, wtk=  0.00926, kpt=  0.0000  0.3333  0.1667 (reduced coord)
  -1.94314   -1.94282   -1.94271   -1.94267   -0.80161   -0.80127   -0.80069   -0.79702
  -0.79479   -0.79311   -0.79265   -0.79139   -0.79133   -0.79113   -0.78869   -0.78860
  -0.37394   -0.33752   -0.33080   -0.32730   -0.32578   -0.32179   -0.32112   -0.30806
   0.08614    0.08679    0.10229    0.11033    0.11489    0.12888    0.13669    0.14012
   0.14127    0.15748    0.16871    0.17925    0.19423    0.20288    0.21281    0.22992
   0.23606    0.23872    0.24926    0.25034    0.25108    0.26428    0.26693    0.26858
   0.46556    0.46900
 kpt#  34, nband= 50, wtk=  0.00926, kpt=  0.1667  0.3333  0.1667 (reduced coord)
  -1.94311   -1.94281   -1.94272   -1.94270   -0.80161   -0.80151   -0.80097   -0.79583
  -0.79537   -0.79471   -0.79272   -0.79120   -0.79071   -0.79062   -0.78912   -0.78795
  -0.37118   -0.33859   -0.33385   -0.33034   -0.32310   -0.32164   -0.31979   -0.30885
   0.08936    0.09465    0.10526    0.11031    0.11903    0.12839    0.13743    0.13894
   0.14527    0.16221    0.16679    0.16944    0.19436    0.20827    0.21182    0.22950
   0.23084    0.23295    0.24778    0.24795    0.25302    0.25336    0.26472    0.26821
   0.46269    0.47046
 kpt#  35, nband= 50, wtk=  0.00926, kpt=  0.3333  0.3333  0.1667 (reduced coord)
  -1.94303   -1.94279   -1.94279   -1.94274   -0.80153   -0.80147   -0.80137   -0.79767
  -0.79552   -0.79365   -0.79355   -0.79025   -0.79016   -0.78990   -0.78957   -0.78772
  -0.36337   -0.34025   -0.33965   -0.33770   -0.32012   -0.31888   -0.31829   -0.31112
   0.09857    0.11094    0.11132    0.11255    0.12829    0.13083    0.13189    0.14152
   0.15393    0.15635    0.16088    0.17939    0.19063    0.20469    0.21071    0.21295
   0.21819    0.23122    0.23260    0.23582    0.25538    0.25898    0.26194    0.26685
   0.46000    0.46687
 kpt#  36, nband= 50, wtk=  0.00926, kpt=  0.5000  0.3333  0.1667 (reduced coord)
  -1.94291   -1.94291   -1.94276   -1.94276   -0.80158   -0.80158   -0.80010   -0.80010
  -0.79479   -0.79479   -0.79167   -0.79166   -0.78947   -0.78947   -0.78860   -0.78860
  -0.35207   -0.35207   -0.33992   -0.33992   -0.31869   -0.31869   -0.31451   -0.31451
   0.10990    0.10990    0.11383    0.11383    0.13381    0.13381    0.13915    0.13916
   0.15783    0.15784    0.16566    0.16567    0.19788    0.19789    0.20659    0.20660
   0.21482    0.21482    0.23175    0.23175    0.25902    0.25902    0.26508    0.26508
   0.46168    0.46498
 kpt#  37, nband= 50, wtk=  0.00926, kpt= -0.3333  0.3333  0.1667 (reduced coord)
  -1.94303   -1.94279   -1.94279   -1.94274   -0.80153   -0.80147   -0.80137   -0.79767
  -0.79552   -0.79365   -0.79355   -0.79024   -0.79015   -0.78990   -0.78957   -0.78772
  -0.36337   -0.34026   -0.33965   -0.33770   -0.32012   -0.31888   -0.31829   -0.31112
   0.09857    0.11094    0.11132    0.11255    0.12829    0.13083    0.13189    0.14152
   0.15392    0.15635    0.16088    0.17939    0.19063    0.20469    0.21071    0.21295
   0.21819    0.23122    0.23260    0.23582    0.25538    0.25898    0.26194    0.26685
   0.45997    0.46709
 kpt#  38, nband= 50, wtk=  0.00926, kpt= -0.1667  0.3333  0.1667 (reduced coord)
  -1.94311   -1.94281   -1.94272   -1.94270   -0.80161   -0.80151   -0.80097   -0.79583
  -0.79537   -0.79471   -0.79272   -0.79120   -0.79071   -0.79062   -0.78912   -0.78795
  -0.37118   -0.33859   -0.33385   -0.33034   -0.32310   -0.32164   -0.31979   -0.30885
   0.08936    0.09465    0.10526    0.11031    0.11903    0.12839    0.13743    0.13894
   0.14527    0.16221    0.16679    0.16944    0.19437    0.20827    0.21182    0.22950
   0.23084    0.23295    0.24778    0.24794    0.25302    0.25336    0.26472    0.26821
   0.46271    0.47201
 kpt#  39, nband= 50, wtk=  0.00926, kpt=  0.0000  0.5000  0.1667 (reduced coord)
  -1.94299   -1.94298   -1.94270   -1.94269   -0.79939   -0.79938   -0.79810   -0.79809
  -0.79697   -0.79696   -0.79187   -0.79186   -0.79002   -0.79001   -0.79000   -0.78999
  -0.35632   -0.35632   -0.32650   -0.32649   -0.32589   -0.32589   -0.31508   -0.31507
   0.10104    0.10105    0.11073    0.11073    0.12439    0.12440    0.12605    0.12606
   0.14381    0.14381    0.18943    0.18944    0.19397    0.19397    0.19667    0.19668
   0.23734    0.23735    0.25097    0.25097    0.26041    0.26041    0.26915    0.26915
   0.47008    0.47018
 kpt#  40, nband= 50, wtk=  0.00926, kpt=  0.1667  0.5000  0.1667 (reduced coord)
  -1.94297   -1.94296   -1.94272   -1.94271   -0.80063   -0.80063   -0.79813   -0.79813
  -0.79665   -0.79664   -0.79122   -0.79121   -0.79026   -0.79025   -0.78941   -0.78940
  -0.35530   -0.35530   -0.33245   -0.33245   -0.32177   -0.32177   -0.31475   -0.31475
   0.10554    0.10554    0.11235    0.11235    0.12345    0.12345    0.12878    0.12878
   0.15007    0.15008    0.17794    0.17794    0.19670    0.19671    0.20232    0.20232
   0.23226    0.23226    0.24864    0.24864    0.25486    0.25487    0.26765    0.26765
   0.46653    0.46658
 kpt#  41, nband= 50, wtk=  0.00926, kpt=  0.3333  0.5000  0.1667 (reduced coord)
  -1.94291   -1.94290   -1.94277   -1.94276   -0.80159   -0.80159   -0.80008   -0.80008
  -0.79481   -0.79481   -0.79162   -0.79162   -0.78951   -0.78951   -0.78858   -0.78858
  -0.35214   -0.35214   -0.33982   -0.33982   -0.31852   -0.31851   -0.31473   -0.31473
   0.11030    0.11030    0.11359    0.11359    0.13379    0.13380    0.13882    0.13883
   0.15746    0.15746    0.16656    0.16656    0.19917    0.19918    0.20565    0.20565
   0.21351    0.21351    0.23239    0.23240    0.25862    0.25862    0.26552    0.26552
   0.45978    0.45981
 kpt#  42, nband= 50, wtk=  0.00926, kpt=  0.5000  0.5000  0.1667 (reduced coord)
  -1.94284   -1.94284   -1.94283   -1.94283   -0.80141   -0.80141   -0.80141   -0.80141
  -0.79309   -0.79309   -0.79308   -0.79308   -0.78858   -0.78858   -0.78858   -0.78858
  -0.34680   -0.34680   -0.34680   -0.34680   -0.31604   -0.31604   -0.31604   -0.31604
   0.11214    0.11214    0.11214    0.11214    0.14908    0.14908    0.14909    0.14909
   0.15713    0.15713    0.15714    0.15714    0.19925    0.19925    0.19925    0.19925
   0.21550    0.21551    0.21551    0.21551    0.26336    0.26336    0.26336    0.26336
   0.45883    0.45883
 kpt#  43, nband= 50, wtk=  0.00926, kpt= -0.3333  0.5000  0.1667 (reduced coord)
  -1.94291   -1.94290   -1.94277   -1.94276   -0.80159   -0.80159   -0.80008   -0.80008
  -0.79481   -0.79481   -0.79162   -0.79162   -0.78951   -0.78951   -0.78858   -0.78858
  -0.35214   -0.35214   -0.33982   -0.33982   -0.31851   -0.31851   -0.31473   -0.31473
   0.11030    0.11030    0.11359    0.11359    0.13379    0.13380    0.13882    0.13883
   0.15746    0.15746    0.16656    0.16656    0.19917    0.19918    0.20565    0.20565
   0.21351    0.21351    0.23239    0.23240    0.25862    0.25862    0.26552    0.26552
   0.45979    0.45994
 kpt#  44, nband= 50, wtk=  0.00926, kpt= -0.1667  0.5000  0.1667 (reduced coord)
  -1.94297   -1.94296   -1.94272   -1.94271   -0.80063   -0.80063   -0.79813   -0.79813
  -0.79665   -0.79664   -0.79122   -0.79121   -0.79026   -0.79025   -0.78941   -0.78940
  -0.35530   -0.35530   -0.33245   -0.33245   -0.32177   -0.32177   -0.31475   -0.31475
   0.10554    0.10554    0.11235    0.11235    0.12345    0.12345    0.12878    0.12878
   0.15007    0.15008    0.17794    0.17794    0.19670    0.19671    0.20232    0.20232
   0.23226    0.23226    0.24864    0.24864    0.25487    0.25487    0.26765    0.26765
   0.46654    0.46673
 kpt#  45, nband= 50, wtk=  0.00926, kpt=  0.0000 -0.3333  0.1667 (reduced coord)
  -1.94314   -1.94282   -1.94271   -1.94267   -0.80161   -0.80127   -0.80069   -0.79702
  -0.79479   -0.79311   -0.79265   -0.79139   -0.79133   -0.79113   -0.78869   -0.78860
  -0.37394   -0.33752   -0.33080   -0.32730   -0.32578   -0.32179   -0.32112   -0.30806
   0.08614    0.08679    0.10229    0.11033    0.11489    0.12888    0.13669    0.14012
   0.14127    0.15748    0.16871    0.17925    0.19423    0.20288    0.21281    0.22992
   0.23606    0.23872    0.24926    0.25034    0.25108    0.26428    0.26693    0.26858
   0.46576    0.46900
 kpt#  46, nband= 50, wtk=  0.00926, kpt=  0.1667 -0.3333  0.1667 (reduced coord)
  -1.94311   -1.94281   -1.94272   -1.94270   -0.80161   -0.80151   -0.80097   -0.79583
  -0.79537   -0.79471   -0.79272   -0.79120   -0.79071   -0.79062   -0.78912   -0.78795
  -0.37118   -0.33859   -0.33385   -0.33034   -0.32310   -0.32164   -0.31979   -0.30885
   0.08936    0.09465    0.10526    0.11031    0.11903    0.12839    0.13743    0.13894
   0.14527    0.16221    0.16679    0.16944    0.19436    0.20827    0.21182    0.22950
   0.23084    0.23295    0.24778    0.24795    0.25302    0.25336    0.26472    0.26821
   0.46269    0.46982
 kpt#  47, nband= 50, wtk=  0.00926, kpt=  0.3333 -0.3333  0.1667 (reduced coord)
  -1.94303   -1.94279   -1.94279   -1.94274   -0.80153   -0.80147   -0.80137   -0.79767
  -0.79552   -0.79365   -0.79355   -0.79025   -0.79016   -0.78990   -0.78957   -0.78772
  -0.36337   -0.34025   -0.33965   -0.33770   -0.32012   -0.31888   -0.31829   -0.31112
   0.09857    0.11094    0.11132    0.11255    0.12829    0.13083    0.13189    0.14152
   0.15393    0.15635    0.16088    0.17939    0.19063    0.20469    0.21071    0.21295
   0.21819    0.23122    0.23260    0.23582    0.25538    0.25898    0.26194    0.26685
   0.45998    0.46694
 kpt#  48, nband= 50, wtk=  0.00926, kpt=  0.5000 -0.3333  0.1667 (reduced coord)
  -1.94291   -1.94291   -1.94276   -1.94276   -0.80158   -0.80158   -0.80010   -0.80010
  -0.79479   -0.79479   -0.79167   -0.79166   -0.78947   -0.78947   -0.78860   -0.78860
  -0.35207   -0.35207   -0.33992   -0.33992   -0.31869   -0.31869   -0.31451   -0.31451
   0.10990    0.10990    0.11383    0.11383    0.13381    0.13381    0.13915    0.13916
   0.15783    0.15784    0.16566    0.16567    0.19788    0.19789    0.20659    0.20660
   0.21482    0.21482    0.23175    0.23175    0.25902    0.25902    0.26508    0.26508
   0.46173    0.46194
 kpt#  49, nband= 50, wtk=  0.00926, kpt= -0.3333 -0.3333  0.1667 (reduced coord)
  -1.94303   -1.94279   -1.94279   -1.94274   -0.80153   -0.80147   -0.80137   -0.79767
  -0.79552   -0.79365   -0.79355   -0.79024   -0.79015   -0.78990   -0.78957   -0.78772
  -0.36337   -0.34026   -0.33965   -0.33770   -0.32012   -0.31888   -0.31829   -0.31112
   0.09857    0.11094    0.11132    0.11255    0.12829    0.13083    0.13189    0.14152
   0.15392    0.15635    0.16088    0.17939    0.19063    0.20469    0.21071    0.21295
   0.21819    0.23122    0.23260    0.23582    0.25538    0.25898    0.26194    0.26685
   0.45999    0.46820
 kpt#  50, nband= 50, wtk=  0.00926, kpt= -0.1667 -0.3333  0.1667 (reduced coord)
  -1.94311   -1.94281   -1.94272   -1.94270   -0.80161   -0.80151   -0.80097   -0.79583
  -0.79537   -0.79471   -0.79272   -0.79120   -0.79071   -0.79062   -0.78912   -0.78795
  -0.37118   -0.33859   -0.33385   -0.33034   -0.32310   -0.32164   -0.31979   -0.30885
   0.08936    0.09465    0.10526    0.11031    0.11903    0.12839    0.13743    0.13894
   0.14527    0.16221    0.16679    0.16944    0.19437    0.20827    0.21182    0.22950
   0.23084    0.23295    0.24778    0.24794    0.25302    0.25336    0.26472    0.26821
   0.46270    0.47001
 kpt#  51, nband= 50, wtk=  0.00926, kpt=  0.0000 -0.1667  0.1667 (reduced coord)
  -1.94326   -1.94272   -1.94270   -1.94266   -0.80353   -0.80333   -0.80319   -0.79504
  -0.79350   -0.79229   -0.79222   -0.79190   -0.79112   -0.79035   -0.78760   -0.78751
  -0.38627   -0.33447   -0.32799   -0.32650   -0.32529   -0.32275   -0.31771   -0.30270
   0.07159    0.07584    0.08052    0.10439    0.10793    0.12455    0.15140    0.15275
   0.15580    0.15732    0.16430    0.16947    0.21572    0.22305    0.22648    0.23326
   0.23767    0.23962    0.24585    0.25262    0.25390    0.26415    0.26526    0.26585
   0.45526    0.45613
 kpt#  52, nband= 50, wtk=  0.00926, kpt=  0.1667 -0.1667  0.1667 (reduced coord)
  -1.94322   -1.94272   -1.94270   -1.94270   -0.80293   -0.80280   -0.80271   -0.79449
  -0.79420   -0.79339   -0.79192   -0.79175   -0.79152   -0.79064   -0.78823   -0.78725
  -0.38229   -0.33445   -0.32897   -0.32718   -0.32460   -0.32241   -0.32070   -0.30433
   0.08032    0.08135    0.08170    0.10568    0.11147    0.13457    0.14664    0.14786
   0.15444    0.15926    0.15984    0.16250    0.21875    0.22216    0.22286    0.22382
   0.23884    0.24214    0.24616    0.24998    0.25287    0.25719    0.26004    0.26807
   0.45897    0.46267
 kpt#  53, nband= 50, wtk=  0.00926, kpt=  0.3333 -0.1667  0.1667 (reduced coord)
  -1.94311   -1.94281   -1.94272   -1.94271   -0.80159   -0.80150   -0.80100   -0.79576
  -0.79540   -0.79468   -0.79284   -0.79110   -0.79074   -0.79064   -0.78909   -0.78796
  -0.37113   -0.33847   -0.33400   -0.33050   -0.32315   -0.32228   -0.31908   -0.30868
   0.08941    0.09452    0.10540    0.11024    0.11870    0.12868    0.13714    0.13874
   0.14506    0.16127    0.16826    0.16914    0.19430    0.20785    0.21111    0.22877
   0.23245    0.23699    0.24340    0.24723    0.25455    0.25550    0.26318    0.26780
   0.46542    0.47407
 kpt#  54, nband= 50, wtk=  0.00926, kpt=  0.5000 -0.1667  0.1667 (reduced coord)
  -1.94296   -1.94296   -1.94271   -1.94271   -0.80062   -0.80062   -0.79818   -0.79818
  -0.79659   -0.79658   -0.79134   -0.79133   -0.79012   -0.79012   -0.78944   -0.78944
  -0.35520   -0.35519   -0.33270   -0.33269   -0.32204   -0.32203   -0.31431   -0.31430
   0.10517    0.10517    0.11257    0.11257    0.12358    0.12358    0.12850    0.12850
   0.15025    0.15026    0.17734    0.17734    0.19561    0.19561    0.20336    0.20336
   0.23422    0.23422    0.24702    0.24702    0.25607    0.25607    0.26676    0.26676
   0.47153    0.47536
 kpt#  55, nband= 50, wtk=  0.00926, kpt= -0.3333 -0.1667  0.1667 (reduced coord)
  -1.94311   -1.94281   -1.94272   -1.94271   -0.80159   -0.80150   -0.80100   -0.79576
  -0.79540   -0.79468   -0.79284   -0.79110   -0.79074   -0.79064   -0.78909   -0.78796
  -0.37113   -0.33848   -0.33400   -0.33050   -0.32314   -0.32229   -0.31908   -0.30868
   0.08941    0.09452    0.10540    0.11024    0.11870    0.12868    0.13714    0.13874
   0.14505    0.16127    0.16826    0.16914    0.19430    0.20785    0.21111    0.22877
   0.23245    0.23699    0.24340    0.24723    0.25455    0.25550    0.26318    0.26780
   0.46542    0.47432
 kpt#  56, nband= 50, wtk=  0.00926, kpt= -0.1667 -0.1667  0.1667 (reduced coord)
  -1.94322   -1.94272   -1.94270   -1.94270   -0.80293   -0.80280   -0.80271   -0.79449
  -0.79420   -0.79339   -0.79192   -0.79175   -0.79152   -0.79064   -0.78823   -0.78725
  -0.38229   -0.33445   -0.32897   -0.32718   -0.32460   -0.32241   -0.32069   -0.30433
   0.08032    0.08135    0.08170    0.10568    0.11147    0.13457    0.14663    0.14786
   0.15444    0.15926    0.15984    0.16250    0.21875    0.22216    0.22286    0.22382
   0.23884    0.24215    0.24616    0.24998    0.25287    0.25719    0.26003    0.26807
   0.45897    0.46272
 kpt#  57, nband= 50, wtk=  0.00926, kpt=  0.0000  0.0000  0.3333 (reduced coord)
  -1.94318   -1.94285   -1.94266   -1.94265   -0.80217   -0.80214   -0.80097   -0.79620
  -0.79608   -0.79290   -0.79267   -0.79260   -0.79020   -0.79016   -0.78794   -0.78794
  -0.37822   -0.34082   -0.32901   -0.32587   -0.32548   -0.31922   -0.31895   -0.30869
   0.08241    0.08245    0.10978    0.11127    0.11316    0.13444    0.13469    0.13524
   0.14349    0.14605    0.18277    0.18302    0.19766    0.21577    0.21954    0.22058
   0.22388    0.22801    0.24195    0.24301    0.26587    0.26627    0.26843    0.26844
   0.45686    0.46634
 kpt#  58, nband= 50, wtk=  0.00926, kpt=  0.1667  0.0000  0.3333 (reduced coord)
  -1.94315   -1.94284   -1.94269   -1.94267   -0.80177   -0.80138   -0.80086   -0.79695
  -0.79563   -0.79390   -0.79222   -0.79187   -0.79099   -0.79018   -0.78844   -0.78796
  -0.37468   -0.33992   -0.32827   -0.32709   -0.32461   -0.32327   -0.31967   -0.30983
   0.08664    0.09090    0.10452    0.11205    0.11954    0.13289    0.13751    0.14217
   0.14379    0.14975    0.17121    0.17754    0.20100    0.20636    0.22053    0.22234
   0.22859    0.23491    0.23627    0.23836    0.25966    0.26002    0.26393    0.26587
   0.46257    0.46996
 kpt#  59, nband= 50, wtk=  0.00926, kpt=  0.3333  0.0000  0.3333 (reduced coord)
  -1.94305   -1.94280   -1.94279   -1.94270   -0.80057   -0.80048   -0.79939   -0.79826
  -0.79613   -0.79419   -0.79320   -0.79107   -0.79073   -0.79062   -0.78950   -0.78840
  -0.36476   -0.33736   -0.33554   -0.32983   -0.32631   -0.32229   -0.32039   -0.31292
   0.09799    0.10726    0.11119    0.11469    0.11941    0.13099    0.13521    0.14249
   0.15115    0.15633    0.17230    0.17411    0.19176    0.20227    0.20919    0.21643
   0.21942    0.23393    0.23614    0.24292    0.24973    0.25141    0.25735    0.26214
   0.47250    0.47466
 kpt#  60, nband= 50, wtk=  0.00926, kpt=  0.5000  0.0000  0.3333 (reduced coord)
  -1.94292   -1.94292   -1.94275   -1.94275   -0.79973   -0.79973   -0.79857   -0.79857
  -0.79620   -0.79620   -0.79226   -0.79226   -0.79016   -0.79015   -0.78946   -0.78946
  -0.35059   -0.35058   -0.33374   -0.33374   -0.32384   -0.32383   -0.31704   -0.31704
   0.11093    0.11093    0.11708    0.11708    0.12098    0.12098    0.14548    0.14548
   0.14727    0.14728    0.18350    0.18350    0.19031    0.19031    0.20530    0.20530
   0.21657    0.21657    0.24546    0.24546    0.24745    0.24745    0.25758    0.25759
   0.47412    0.47605
 kpt#  61, nband= 50, wtk=  0.00926, kpt= -0.3333  0.0000  0.3333 (reduced coord)
  -1.94305   -1.94280   -1.94279   -1.94270   -0.80057   -0.80048   -0.79939   -0.79826
  -0.79613   -0.79419   -0.79320   -0.79107   -0.79073   -0.79062   -0.78950   -0.78840
  -0.36476   -0.33737   -0.33554   -0.32983   -0.32630   -0.32229   -0.32039   -0.31292
   0.09799    0.10726    0.11119    0.11470    0.11941    0.13099    0.13521    0.14249
   0.15115    0.15633    0.17230    0.17411    0.19176    0.20227    0.20919    0.21643
   0.21943    0.23393    0.23614    0.24292    0.24973    0.25141    0.25734    0.26214
   0.47305    0.47485
 kpt#  62, nband= 50, wtk=  0.00926, kpt= -0.1667  0.0000  0.3333 (reduced coord)
  -1.94315   -1.94284   -1.94269   -1.94267   -0.80177   -0.80138   -0.80086   -0.79695
  -0.79563   -0.79390   -0.79221   -0.79187   -0.79099   -0.79018   -0.78844   -0.78796
  -0.37468   -0.33992   -0.32827   -0.32709   -0.32461   -0.32327   -0.31967   -0.30983
   0.08664    0.09090    0.10452    0.11205    0.11954    0.13289    0.13751    0.14217
   0.14379    0.14975    0.17121    0.17754    0.20100    0.20636    0.22054    0.22235
   0.22859    0.23491    0.23627    0.23836    0.25966    0.26002    0.26392    0.26587
   0.46257    0.46983
 kpt#  63, nband= 50, wtk=  0.00926, kpt=  0.0000  0.1667  0.3333 (reduced coord)
  -1.94315   -1.94284   -1.94269   -1.94267   -0.80176   -0.80137   -0.80086   -0.79701
  -0.79560   -0.79388   -0.79218   -0.79190   -0.79098   -0.79024   -0.78841   -0.78796
  -0.37470   -0.33991   -0.32825   -0.32705   -0.32432   -0.32391   -0.31936   -0.30984
   0.08671    0.09076    0.10414    0.11381    0.11829    0.13356    0.13700    0.14093
   0.14564    0.14894    0.17070    0.17815    0.20015    0.20577    0.22177    0.22291
   0.22999    0.23455    0.23563    0.23688    0.25942    0.26035    0.26460    0.26585
   0.46210    0.46761
 kpt#  64, nband= 50, wtk=  0.00926, kpt=  0.1667  0.1667  0.3333 (reduced coord)
  -1.94312   -1.94283   -1.94270   -1.94270   -0.80173   -0.80156   -0.80100   -0.79580
  -0.79567   -0.79497   -0.79187   -0.79177   -0.79149   -0.78995   -0.78847   -0.78796
  -0.37170   -0.34042   -0.32997   -0.32867   -0.32645   -0.32083   -0.31958   -0.31063
   0.09369    0.09544    0.10352    0.11610    0.12028    0.13582    0.13820    0.14393
   0.14515    0.15477    0.16407    0.16554    0.20379    0.21599    0.21924    0.22040
   0.23057    0.23165    0.23501    0.23579    0.25362    0.25657    0.25794    0.26048
   0.46431    0.47033
 kpt#  65, nband= 50, wtk=  0.00926, kpt=  0.3333  0.1667  0.3333 (reduced coord)
  -1.94303   -1.94280   -1.94279   -1.94273   -0.80170   -0.80130   -0.80115   -0.79736
  -0.79550   -0.79325   -0.79325   -0.79092   -0.79054   -0.78997   -0.78908   -0.78838
  -0.36329   -0.34041   -0.33856   -0.33440   -0.32295   -0.31978   -0.31789   -0.31279
   0.10418    0.10822    0.11338    0.11842    0.12165    0.13489    0.13886    0.14245
   0.15104    0.15201    0.15936    0.17458    0.20040    0.20609    0.21106    0.22147
   0.22466    0.23091    0.23341    0.23640    0.24363    0.24638    0.25130    0.25753
   0.46726    0.47711
 kpt#  66, nband= 50, wtk=  0.00926, kpt=  0.5000  0.1667  0.3333 (reduced coord)
  -1.94291   -1.94291   -1.94276   -1.94276   -0.80156   -0.80155   -0.79971   -0.79971
  -0.79458   -0.79458   -0.79098   -0.79098   -0.78992   -0.78991   -0.78950   -0.78950
  -0.35123   -0.35123   -0.33843   -0.33843   -0.32020   -0.32020   -0.31561   -0.31561
   0.11456    0.11457    0.11972    0.11972    0.12412    0.12412    0.13984    0.13984
   0.15328    0.15329    0.17277    0.17277    0.20030    0.20030    0.20727    0.20727
   0.22086    0.22086    0.23942    0.23942    0.24079    0.24079    0.25474    0.25475
   0.47088    0.47090
 kpt#  67, nband= 50, wtk=  0.00926, kpt= -0.3333  0.1667  0.3333 (reduced coord)
  -1.94303   -1.94280   -1.94279   -1.94273   -0.80170   -0.80130   -0.80115   -0.79737
  -0.79550   -0.79326   -0.79325   -0.79092   -0.79054   -0.78997   -0.78907   -0.78838
  -0.36329   -0.34041   -0.33856   -0.33440   -0.32294   -0.31978   -0.31789   -0.31279
   0.10418    0.10822    0.11338    0.11842    0.12164    0.13488    0.13886    0.14245
   0.15103    0.15201    0.15936    0.17458    0.20040    0.20609    0.21106    0.22147
   0.22467    0.23091    0.23341    0.23640    0.24363    0.24638    0.25129    0.25753
   0.46724    0.47591
 kpt#  68, nband= 50, wtk=  0.00926, kpt= -0.1667  0.1667  0.3333 (reduced coord)
  -1.94312   -1.94283   -1.94270   -1.94270   -0.80173   -0.80156   -0.80100   -0.79580
  -0.79567   -0.79497   -0.79187   -0.79177   -0.79149   -0.78995   -0.78847   -0.78796
  -0.37170   -0.34042   -0.32998   -0.32867   -0.32645   -0.32083   -0.31958   -0.31063
   0.09369    0.09544    0.10352    0.11610    0.12028    0.13582    0.13820    0.14393
   0.14515    0.15477    0.16407    0.16554    0.20379    0.21599    0.21924    0.22040
   0.23057    0.23165    0.23501    0.23579    0.25362    0.25657    0.25794    0.26048
   0.46431    0.47025
 kpt#  69, nband= 50, wtk=  0.00926, kpt=  0.0000  0.3333  0.3333 (reduced coord)
  -1.94305   -1.94280   -1.94279   -1.94270   -0.80053   -0.80047   -0.79924   -0.79846
  -0.79609   -0.79421   -0.79324   -0.79094   -0.79084   -0.79072   -0.78943   -0.78840
  -0.36482   -0.33733   -0.33568   -0.32995   -0.32622   -0.32134   -0.32107   -0.31297
   0.09789    0.10717    0.11107    0.11605    0.11893    0.13192    0.13457    0.14169
   0.15071    0.15617    0.17274    0.17465    0.19165    0.19994    0.21170    0.21590
   0.21908    0.23406    0.23556    0.24188    0.24946    0.25268    0.25854    0.26221
   0.46934    0.47248
 kpt#  70, nband= 50, wtk=  0.00926, kpt=  0.1667  0.3333  0.3333 (reduced coord)
  -1.94303   -1.94280   -1.94279   -1.94273   -0.80172   -0.80129   -0.80111   -0.79734
  -0.79556   -0.79329   -0.79323   -0.79089   -0.79056   -0.78998   -0.78906   -0.78837
  -0.36333   -0.34039   -0.33863   -0.33445   -0.32287   -0.31922   -0.31833   -0.31283
   0.10407    0.10824    0.11351    0.11907    0.12156    0.13435    0.13935    0.14200
   0.15059    0.15201    0.15955    0.17489    0.19902    0.20652    0.21275    0.22120
   0.22325    0.23138    0.23221    0.23589    0.24475    0.24648    0.25208    0.25781
   0.46398    0.47258
 kpt#  71, nband= 50, wtk=  0.00926, kpt=  0.3333  0.3333  0.3333 (reduced coord)
  -1.94296   -1.94280   -1.94279   -1.94279   -0.80271   -0.80262   -0.80258   -0.79998
  -0.79274   -0.79242   -0.79219   -0.79024   -0.78988   -0.78958   -0.78906   -0.78813
  -0.35888   -0.34419   -0.34324   -0.34276   -0.31820   -0.31595   -0.31549   -0.31272
   0.11366    0.11722    0.11897    0.12073    0.12874    0.13985    0.14116    0.14439
   0.14871    0.15037    0.15162    0.18362    0.19306    0.21457    0.21660    0.21975
   0.22167    0.22489    0.22709    0.22791    0.23167    0.24134    0.24520    0.25257
   0.46143    0.47274
 kpt#  72, nband= 50, wtk=  0.00926, kpt=  0.5000  0.3333  0.3333 (reduced coord)
  -1.94288   -1.94288   -1.94279   -1.94279   -0.80320   -0.80320   -0.80203   -0.80203
  -0.79232   -0.79232   -0.79033   -0.79033   -0.78924   -0.78924   -0.78888   -0.78888
  -0.35176   -0.35176   -0.34525   -0.34524   -0.31568   -0.31568   -0.31338   -0.31338
   0.12036    0.12036    0.12269    0.12269    0.13267    0.13267    0.14036    0.14036
   0.15474    0.15475    0.17075    0.17076    0.20096    0.20096    0.21274    0.21274
   0.21988    0.21989    0.22333    0.22334    0.23779    0.23779    0.24975    0.24975
   0.46423    0.46461
 kpt#  73, nband= 50, wtk=  0.00926, kpt= -0.3333  0.3333  0.3333 (reduced coord)
  -1.94296   -1.94280   -1.94279   -1.94279   -0.80271   -0.80262   -0.80258   -0.79998
  -0.79274   -0.79242   -0.79219   -0.79024   -0.78988   -0.78958   -0.78906   -0.78813
  -0.35888   -0.34419   -0.34325   -0.34276   -0.31820   -0.31595   -0.31548   -0.31272
   0.11366    0.11722    0.11897    0.12073    0.12874    0.13985    0.14116    0.14439
   0.14871    0.15037    0.15162    0.18362    0.19306    0.21457    0.21660    0.21975
   0.22167    0.22489    0.22709    0.22791    0.23167    0.24134    0.24520    0.25257
   0.46142    0.46972
 kpt#  74, nband= 50, wtk=  0.00926, kpt= -0.1667  0.3333  0.3333 (reduced coord)
  -1.94303   -1.94280   -1.94279   -1.94273   -0.80171   -0.80129   -0.80111   -0.79734
  -0.79556   -0.79329   -0.79323   -0.79089   -0.79056   -0.78998   -0.78906   -0.78837
  -0.36333   -0.34039   -0.33863   -0.33445   -0.32287   -0.31922   -0.31833   -0.31283
   0.10407    0.10824    0.11351    0.11907    0.12157    0.13435    0.13935    0.14200
   0.15059    0.15201    0.15955    0.17489    0.19902    0.20652    0.21275    0.22120
   0.22325    0.23138    0.23221    0.23589    0.24475    0.24649    0.25208    0.25781
   0.46398    0.47261
 kpt#  75, nband= 50, wtk=  0.00926, kpt=  0.0000  0.5000  0.3333 (reduced coord)
  -1.94292   -1.94292   -1.94276   -1.94275   -0.79968   -0.79968   -0.79853   -0.79853
  -0.79627   -0.79627   -0.79233   -0.79232   -0.79008   -0.79007   -0.78949   -0.78949
  -0.35072   -0.35072   -0.33372   -0.33372   -0.32357   -0.32357   -0.31718   -0.31718
   0.11093    0.11093    0.11909    0.11909    0.11926    0.11926    0.14596    0.14596
   0.14605    0.14605    0.18376    0.18377    0.19142    0.19143    0.20520    0.20521
   0.21482    0.21483    0.24333    0.24334    0.25105    0.25105    0.25730    0.25730
   0.46958    0.46970
 kpt#  76, nband= 50, wtk=  0.00926, kpt=  0.1667  0.5000  0.3333 (reduced coord)
  -1.94291   -1.94290   -1.94277   -1.94276   -0.80155   -0.80155   -0.79966   -0.79966
  -0.79465   -0.79464   -0.79099   -0.79098   -0.78988   -0.78988   -0.78952   -0.78952
  -0.35133   -0.35133   -0.33841   -0.33841   -0.31993   -0.31993   -0.31580   -0.31580
   0.11465    0.11465    0.12043    0.12044    0.12365    0.12365    0.13946    0.13946
   0.15296    0.15296    0.17306    0.17307    0.20271    0.20272    0.20541    0.20541
   0.21918    0.21918    0.23765    0.23765    0.24386    0.24386    0.25486    0.25486
   0.46622    0.46624
 kpt#  77, nband= 50, wtk=  0.00926, kpt=  0.3333  0.5000  0.3333 (reduced coord)
  -1.94288   -1.94287   -1.94280   -1.94279   -0.80321   -0.80321   -0.80201   -0.80201
  -0.79236   -0.79235   -0.79028   -0.79027   -0.78930   -0.78930   -0.78885   -0.78885
  -0.35180   -0.35180   -0.34523   -0.34523   -0.31550   -0.31550   -0.31354   -0.31354
   0.12046    0.12046    0.12270    0.12270    0.13289    0.13289    0.13994    0.13994
   0.15469    0.15470    0.17091    0.17091    0.20153    0.20154    0.21280    0.21280
   0.21759    0.21760    0.22432    0.22433    0.23844    0.23844    0.24984    0.24984
   0.46150    0.46151
 kpt#  78, nband= 50, wtk=  0.00926, kpt=  0.5000  0.5000  0.3333 (reduced coord)
  -1.94284   -1.94284   -1.94283   -1.94283   -0.80339   -0.80339   -0.80339   -0.80339
  -0.79099   -0.79099   -0.79099   -0.79099   -0.78856   -0.78856   -0.78856   -0.78856
  -0.35001   -0.35001   -0.35001   -0.35001   -0.31317   -0.31317   -0.31317   -0.31317
   0.12258    0.12258    0.12258    0.12259    0.13984    0.13984    0.13985    0.13985
   0.16515    0.16516    0.16516    0.16516    0.20513    0.20514    0.20514    0.20514
   0.21483    0.21483    0.21484    0.21484    0.24560    0.24560    0.24561    0.24561
   0.46261    0.46261
 kpt#  79, nband= 50, wtk=  0.00926, kpt= -0.3333  0.5000  0.3333 (reduced coord)
  -1.94288   -1.94287   -1.94280   -1.94279   -0.80321   -0.80321   -0.80201   -0.80201
  -0.79236   -0.79235   -0.79028   -0.79027   -0.78930   -0.78930   -0.78885   -0.78885
  -0.35180   -0.35180   -0.34523   -0.34523   -0.31550   -0.31550   -0.31354   -0.31354
   0.12046    0.12046    0.12270    0.12270    0.13289    0.13289    0.13994    0.13994
   0.15469    0.15470    0.17091    0.17091    0.20153    0.20154    0.21280    0.21280
   0.21759    0.21759    0.22432    0.22433    0.23844    0.23844    0.24984    0.24984
   0.46150    0.46150
 kpt#  80, nband= 50, wtk=  0.00926, kpt= -0.1667  0.5000  0.3333 (reduced coord)
  -1.94291   -1.94290   -1.94277   -1.94276   -0.80155   -0.80155   -0.79966   -0.79966
  -0.79465   -0.79464   -0.79098   -0.79098   -0.78988   -0.78988   -0.78952   -0.78952
  -0.35133   -0.35133   -0.33841   -0.33841   -0.31993   -0.31993   -0.31580   -0.31580
   0.11465    0.11465    0.12043    0.12044    0.12365    0.12365    0.13946    0.13946
   0.15296    0.15296    0.17306    0.17307    0.20271    0.20272    0.20541    0.20541
   0.21918    0.21918    0.23765    0.23765    0.24386    0.24386    0.25486    0.25486
   0.46622    0.46624
 kpt#  81, nband= 50, wtk=  0.00926, kpt=  0.0000 -0.3333  0.3333 (reduced coord)
  -1.94305   -1.94280   -1.94279   -1.94270   -0.80053   -0.80047   -0.79924   -0.79846
  -0.79609   -0.79421   -0.79324   -0.79094   -0.79084   -0.79072   -0.78943   -0.78840
  -0.36482   -0.33733   -0.33568   -0.32995   -0.32622   -0.32134   -0.32107   -0.31297
   0.09789    0.10717    0.11107    0.11605    0.11893    0.13192    0.13457    0.14169
   0.15071    0.15617    0.17274    0.17465    0.19165    0.19994    0.21170    0.21590
   0.21908    0.23406    0.23556    0.24188    0.24946    0.25268    0.25854    0.26221
   0.46932    0.47179
 kpt#  82, nband= 50, wtk=  0.00926, kpt=  0.1667 -0.3333  0.3333 (reduced coord)
  -1.94303   -1.94280   -1.94279   -1.94273   -0.80172   -0.80129   -0.80111   -0.79734
  -0.79556   -0.79329   -0.79323   -0.79089   -0.79056   -0.78998   -0.78906   -0.78837
  -0.36333   -0.34039   -0.33863   -0.33445   -0.32287   -0.31922   -0.31833   -0.31283
   0.10407    0.10824    0.11351    0.11907    0.12156    0.13435    0.13935    0.14200
   0.15059    0.15201    0.15955    0.17489    0.19902    0.20652    0.21275    0.22120
   0.22325    0.23138    0.23221    0.23589    0.24475    0.24648    0.25208    0.25781
   0.46398    0.47272
 kpt#  83, nband= 50, wtk=  0.00926, kpt=  0.3333 -0.3333  0.3333 (reduced coord)
  -1.94296   -1.94280   -1.94279   -1.94279   -0.80271   -0.80262   -0.80258   -0.79998
  -0.79274   -0.79242   -0.79219   -0.79024   -0.78988   -0.78958   -0.78906   -0.78813
  -0.35888   -0.34419   -0.34324   -0.34276   -0.31820   -0.31595   -0.31549   -0.31272
   0.11366    0.11722    0.11897    0.12073    0.12874    0.13985    0.14116    0.14439
   0.14871    0.15037    0.15162    0.18362    0.19306    0.21457    0.21660    0.21975
   0.22167    0.22489    0.22709    0.22791    0.23167    0.24134    0.24520    0.25257
   0.46142    0.46947
 kpt#  84, nband= 50, wtk=  0.00926, kpt=  0.5000 -0.3333  0.3333 (reduced coord)
  -1.94288   -1.94288   -1.94279   -1.94279   -0.80320   -0.80320   -0.80203   -0.80203
  -0.79232   -0.79232   -0.79033   -0.79033   -0.78924   -0.78924   -0.78888   -0.78888
  -0.35176   -0.35176   -0.34525   -0.34524   -0.31568   -0.31568   -0.31338   -0.31338
   0.12036    0.12036    0.12269    0.12269    0.13267    0.13267    0.14036    0.14036
   0.15474    0.15475    0.17075    0.17076    0.20096    0.20096    0.21274    0.21274
   0.21988    0.21989    0.22333    0.22334    0.23779    0.23779    0.24975    0.24975
   0.46424    0.46548
 kpt#  85, nband= 50, wtk=  0.00926, kpt= -0.3333 -0.3333  0.3333 (reduced coord)
  -1.94296   -1.94280   -1.94279   -1.94279   -0.80271   -0.80262   -0.80258   -0.79998
  -0.79274   -0.79242   -0.79219   -0.79024   -0.78988   -0.78958   -0.78906   -0.78813
  -0.35888   -0.34419   -0.34325   -0.34276   -0.31820   -0.31595   -0.31548   -0.31272
   0.11366    0.11722    0.11897    0.12073    0.12874    0.13985    0.14116    0.14439
   0.14871    0.15037    0.15162    0.18362    0.19306    0.21457    0.21660    0.21975
   0.22167    0.22489    0.22709    0.22791    0.23167    0.24134    0.24520    0.25257
   0.46142    0.46953
 kpt#  86, nband= 50, wtk=  0.00926, kpt= -0.1667 -0.3333  0.3333 (reduced coord)
  -1.94303   -1.94280   -1.94279   -1.94273   -0.80171   -0.80129   -0.80111   -0.79734
  -0.79556   -0.79329   -0.79323   -0.79089   -0.79056   -0.78998   -0.78906   -0.78837
  -0.36333   -0.34039   -0.33863   -0.33445   -0.32287   -0.31922   -0.31833   -0.31283
   0.10407    0.10824    0.11351    0.11907    0.12157    0.13435    0.13935    0.14200
   0.15059    0.15201    0.15955    0.17489    0.19902    0.20652    0.21275    0.22120
   0.22325    0.23138    0.23221    0.23589    0.24475    0.24649    0.25208    0.25781
   0.46397    0.47226
 kpt#  87, nband= 50, wtk=  0.00926, kpt=  0.0000 -0.1667  0.3333 (reduced coord)
  -1.94315   -1.94284   -1.94269   -1.94267   -0.80176   -0.80137   -0.80086   -0.79701
  -0.79560   -0.79388   -0.79218   -0.79190   -0.79098   -0.79024   -0.78841   -0.78796
  -0.37470   -0.33991   -0.32825   -0.32705   -0.32432   -0.32391   -0.31936   -0.30984
   0.08671    0.09076    0.10414    0.11381    0.11829    0.13356    0.13700    0.14093
   0.14564    0.14894    0.17070    0.17815    0.20015    0.20577    0.22177    0.22291
   0.22999    0.23455    0.23563    0.23688    0.25942    0.26035    0.26460    0.26585
   0.46210    0.46761
 kpt#  88, nband= 50, wtk=  0.00926, kpt=  0.1667 -0.1667  0.3333 (reduced coord)
  -1.94312   -1.94283   -1.94270   -1.94270   -0.80173   -0.80156   -0.80100   -0.79580
  -0.79567   -0.79497   -0.79187   -0.79177   -0.79149   -0.78995   -0.78847   -0.78796
  -0.37170   -0.34042   -0.32997   -0.32867   -0.32645   -0.32083   -0.31958   -0.31063
   0.09369    0.09544    0.10352    0.11610    0.12028    0.13582    0.13820    0.14393
   0.14515    0.15477    0.16407    0.16554    0.20379    0.21599    0.21924    0.22040
   0.23057    0.23165    0.23501    0.23579    0.25362    0.25657    0.25794    0.26048
   0.46431    0.47027
 kpt#  89, nband= 50, wtk=  0.00926, kpt=  0.3333 -0.1667  0.3333 (reduced coord)
  -1.94303   -1.94280   -1.94279   -1.94273   -0.80170   -0.80130   -0.80115   -0.79736
  -0.79550   -0.79325   -0.79325   -0.79092   -0.79054   -0.78997   -0.78908   -0.78838
  -0.36329   -0.34041   -0.33856   -0.33440   -0.32295   -0.31978   -0.31789   -0.31279
   0.10418    0.10822    0.11338    0.11842    0.12165    0.13489    0.13886    0.14245
   0.15104    0.15201    0.15936    0.17458    0.20040    0.20609    0.21106    0.22147
   0.22466    0.23091    0.23341    0.23640    0.24363    0.24638    0.25130    0.25753
   0.46726    0.47549
 kpt#  90, nband= 50, wtk=  0.00926, kpt=  0.5000 -0.1667  0.3333 (reduced coord)
  -1.94291   -1.94291   -1.94276   -1.94276   -0.80156   -0.80155   -0.79971   -0.79971
  -0.79458   -0.79458   -0.79098   -0.79098   -0.78992   -0.78991   -0.78950   -0.78950
  -0.35123   -0.35123   -0.33843   -0.33843   -0.32020   -0.32020   -0.31561   -0.31561
   0.11456    0.11457    0.11972    0.11972    0.12412    0.12412    0.13984    0.13984
   0.15328    0.15329    0.17277    0.17277    0.20030    0.20030    0.20727    0.20727
   0.22086    0.22086    0.23942    0.23942    0.24079    0.24079    0.25474    0.25475
   0.47088    0.47126
 kpt#  91, nband= 50, wtk=  0.00926, kpt= -0.3333 -0.1667  0.3333 (reduced coord)
  -1.94303   -1.94280   -1.94279   -1.94273   -0.80170   -0.80130   -0.80115   -0.79737
  -0.79550   -0.79326   -0.79325   -0.79092   -0.79054   -0.78997   -0.78907   -0.78838
  -0.36329   -0.34041   -0.33856   -0.33440   -0.32294   -0.31978   -0.31789   -0.31279
   0.10418    0.10822    0.11338    0.11842    0.12164    0.13488    0.13886    0.14245
   0.15103    0.15201    0.15936    0.17458    0.20040    0.20609    0.21106    0.22147
   0.22467    0.23091    0.23341    0.23640    0.24363    0.24638    0.25129    0.25753
   0.46724    0.47564
 kpt#  92, nband= 50, wtk=  0.00926, kpt= -0.1667 -0.1667  0.3333 (reduced coord)
  -1.94312   -1.94283   -1.94270   -1.94270   -0.80173   -0.80156   -0.80100   -0.79580
  -0.79567   -0.79497   -0.79187   -0.79177   -0.79149   -0.78995   -0.78847   -0.78796
  -0.37170   -0.34042   -0.32998   -0.32867   -0.32645   -0.32083   -0.31958   -0.31063
   0.09369    0.09544    0.10352    0.11610    0.12028    0.13582    0.13820    0.14393
   0.14515    0.15477    0.16407    0.16554    0.20379    0.21599    0.21924    0.22040
   0.23057    0.23165    0.23501    0.23579    0.25362    0.25657    0.25794    0.26048
   0.46431    0.47025
 kpt#  93, nband= 50, wtk=  0.00463, kpt=  0.0000  0.0000  0.5000 (reduced coord)
  -1.94302   -1.94302   -1.94266   -1.94265   -0.79919   -0.79919   -0.79915   -0.79915
  -0.79701   -0.79701   -0.79267   -0.79267   -0.78916   -0.78916   -0.78898   -0.78898
  -0.36026   -0.36026   -0.32242   -0.32241   -0.32225   -0.32224   -0.31917   -0.31917
   0.10653    0.10653    0.10711    0.10711    0.12173    0.12173    0.13033    0.13033
   0.15063    0.15064    0.17683    0.17683    0.20165    0.20165    0.20274    0.20274
   0.21919    0.21919    0.24734    0.24734    0.26806    0.26806    0.26937    0.26937
   0.46989    0.46993
 kpt#  94, nband= 50, wtk=  0.00926, kpt=  0.1667  0.0000  0.5000 (reduced coord)
  -1.94299   -1.94299   -1.94268   -1.94268   -0.79951   -0.79951   -0.79844   -0.79844
  -0.79751   -0.79751   -0.79203   -0.79203   -0.78983   -0.78983   -0.78891   -0.78891
  -0.35799   -0.35799   -0.32530   -0.32530   -0.32194   -0.32194   -0.31933   -0.31933
   0.10822    0.10822    0.11381    0.11381    0.12102    0.12102    0.12828    0.12828
   0.15789    0.15789    0.18191    0.18191    0.18922    0.18922    0.19857    0.19857
   0.23034    0.23035    0.23979    0.23979    0.26278    0.26278    0.26387    0.26387
   0.47244    0.47249
 kpt#  95, nband= 50, wtk=  0.00926, kpt=  0.3333  0.0000  0.5000 (reduced coord)
  -1.94293   -1.94293   -1.94275   -1.94275   -0.79978   -0.79978   -0.79858   -0.79858
  -0.79666   -0.79666   -0.79169   -0.79168   -0.79070   -0.79070   -0.78895   -0.78895
  -0.35159   -0.35159   -0.33281   -0.33281   -0.32130   -0.32129   -0.31978   -0.31978
   0.11135    0.11135    0.11799    0.11799    0.12978    0.12979    0.13083    0.13083
   0.16936    0.16936    0.17554    0.17555    0.18968    0.18968    0.19654    0.19654
   0.21708    0.21708    0.23985    0.23985    0.24985    0.24985    0.25766    0.25766
   0.47438    0.47515
 kpt#  96, nband= 50, wtk=  0.00463, kpt=  0.5000  0.0000  0.5000 (reduced coord)
  -1.94284   -1.94284   -1.94283   -1.94283   -0.79948   -0.79948   -0.79947   -0.79947
  -0.79420   -0.79420   -0.79419   -0.79419   -0.78954   -0.78954   -0.78954   -0.78954
  -0.34248   -0.34248   -0.34247   -0.34247   -0.32050   -0.32050   -0.32050   -0.32050
   0.11463    0.11463    0.11463    0.11463    0.13648    0.13649    0.13649    0.13649
   0.17657    0.17657    0.17657    0.17657    0.18728    0.18728    0.18728    0.18728
   0.22224    0.22224    0.22225    0.22225    0.25268    0.25268    0.25268    0.25268
   0.47413    0.47414
 kpt#  97, nband= 50, wtk=  0.00926, kpt=  0.0000  0.1667  0.5000 (reduced coord)
  -1.94299   -1.94299   -1.94268   -1.94268   -0.79944   -0.79944   -0.79851   -0.79851
  -0.79750   -0.79750   -0.79202   -0.79202   -0.78988   -0.78988   -0.78887   -0.78887
  -0.35800   -0.35800   -0.32550   -0.32550   -0.32174   -0.32174   -0.31931   -0.31931
   0.10779    0.10779    0.11428    0.11428    0.12134    0.12134    0.12829    0.12829
   0.15673    0.15674    0.18267    0.18267    0.18891    0.18891    0.19886    0.19886
   0.23027    0.23027    0.23981    0.23981    0.26281    0.26281    0.26403    0.26403
   0.47084    0.47085
 kpt#  98, nband= 50, wtk=  0.00926, kpt=  0.1667  0.1667  0.5000 (reduced coord)
  -1.94297   -1.94297   -1.94270   -1.94270   -0.80078   -0.80074   -0.79885   -0.79762
  -0.79671   -0.79665   -0.79162   -0.79160   -0.79076   -0.78930   -0.78898   -0.78882
  -0.35673   -0.35621   -0.33001   -0.32967   -0.31982   -0.31952   -0.31945   -0.31849
   0.11019    0.11107    0.11912    0.12003    0.12010    0.12240    0.12526    0.13212
   0.15444    0.16837    0.17460    0.17461    0.18564    0.18671    0.20811    0.20880
   0.23037    0.23055    0.23103    0.24096    0.25536    0.25641    0.25699    0.26008
   0.46642    0.48134
 kpt#  99, nband= 50, wtk=  0.00926, kpt=  0.3333  0.1667  0.5000 (reduced coord)
  -1.94292   -1.94291   -1.94276   -1.94276   -0.80179   -0.80123   -0.80058   -0.79903
  -0.79483   -0.79407   -0.79188   -0.79067   -0.79049   -0.79006   -0.78900   -0.78882
  -0.35248   -0.35156   -0.33769   -0.33688   -0.31913   -0.31862   -0.31758   -0.31750
   0.11406    0.11674    0.12005    0.12012    0.12923    0.12994    0.13297    0.13850
   0.15752    0.16121    0.16576    0.18258    0.19536    0.19602    0.20253    0.20831
   0.21233    0.22609    0.23486    0.23532    0.24137    0.24671    0.24681    0.25557
   0.46675    0.47863
 kpt# 100, nband= 50, wtk=  0.00926, kpt=  0.5000  0.1667  0.5000 (reduced coord)
  -1.94284   -1.94284   -1.94283   -1.94283   -0.80172   -0.80172   -0.80053   -0.80053
  -0.79327   -0.79327   -0.79172   -0.79172   -0.78965   -0.78964   -0.78935   -0.78934
  -0.34576   -0.34576   -0.34471   -0.34471   -0.31862   -0.31862   -0.31702   -0.31702
   0.11752    0.11752    0.11998    0.11998    0.13362    0.13362    0.13861    0.13862
   0.16561    0.16561    0.17249    0.17250    0.19768    0.19769    0.20269    0.20269
   0.21847    0.21847    0.21969    0.21969    0.24338    0.24338    0.25176    0.25176
   0.47051    0.47297
 kpt# 101, nband= 50, wtk=  0.00926, kpt= -0.3333  0.1667  0.5000 (reduced coord)
  -1.94292   -1.94291   -1.94276   -1.94276   -0.80179   -0.80123   -0.80058   -0.79903
  -0.79483   -0.79407   -0.79188   -0.79067   -0.79049   -0.79006   -0.78900   -0.78882
  -0.35248   -0.35156   -0.33769   -0.33688   -0.31913   -0.31862   -0.31758   -0.31750
   0.11406    0.11674    0.12005    0.12012    0.12923    0.12994    0.13297    0.13850
   0.15752    0.16121    0.16576    0.18258    0.19536    0.19602    0.20253    0.20831
   0.21233    0.22609    0.23486    0.23532    0.24137    0.24671    0.24681    0.25557
   0.46674    0.47816
 kpt# 102, nband= 50, wtk=  0.00926, kpt= -0.1667  0.1667  0.5000 (reduced coord)
  -1.94297   -1.94297   -1.94270   -1.94270   -0.80078   -0.80074   -0.79885   -0.79762
  -0.79671   -0.79665   -0.79162   -0.79160   -0.79076   -0.78930   -0.78898   -0.78882
  -0.35673   -0.35621   -0.33001   -0.32967   -0.31982   -0.31952   -0.31945   -0.31849
   0.11019    0.11107    0.11912    0.12003    0.12010    0.12240    0.12526    0.13212
   0.15444    0.16837    0.17460    0.17461    0.18564    0.18671    0.20811    0.20880
   0.23037    0.23055    0.23103    0.24096    0.25536    0.25641    0.25699    0.26008
   0.46641    0.48241
 kpt# 103, nband= 50, wtk=  0.00926, kpt=  0.0000  0.3333  0.5000 (reduced coord)
  -1.94293   -1.94293   -1.94275   -1.94275   -0.79971   -0.79971   -0.79854   -0.79854
  -0.79673   -0.79673   -0.79175   -0.79175   -0.79069   -0.79069   -0.78892   -0.78892
  -0.35165   -0.35165   -0.33298   -0.33298   -0.32111   -0.32111   -0.31971   -0.31971
   0.11111    0.11111    0.11850    0.11851    0.13013    0.13013    0.13071    0.13071
   0.16725    0.16725    0.17553    0.17553    0.18927    0.18927    0.19836    0.19836
   0.21689    0.21689    0.24018    0.24019    0.24984    0.24984    0.25797    0.25797
   0.47149    0.47214
 kpt# 104, nband= 50, wtk=  0.00926, kpt=  0.1667  0.3333  0.5000 (reduced coord)
  -1.94292   -1.94291   -1.94276   -1.94276   -0.80180   -0.80118   -0.80057   -0.79901
  -0.79491   -0.79405   -0.79193   -0.79068   -0.79046   -0.79009   -0.78897   -0.78879
  -0.35248   -0.35163   -0.33752   -0.33720   -0.31904   -0.31826   -0.31777   -0.31750
   0.11350    0.11718    0.12037    0.12041    0.12889    0.12984    0.13305    0.13939
   0.15717    0.16028    0.16567    0.17928    0.19663    0.19897    0.20300    0.20686
   0.21182    0.22579    0.23512    0.23585    0.24242    0.24593    0.24692    0.25601
   0.46366    0.47510
 kpt# 105, nband= 50, wtk=  0.00926, kpt=  0.3333  0.3333  0.5000 (reduced coord)
  -1.94288   -1.94288   -1.94279   -1.94279   -0.80316   -0.80314   -0.80269   -0.80125
  -0.79179   -0.79172   -0.79122   -0.79011   -0.79006   -0.78957   -0.78870   -0.78861
  -0.35253   -0.35148   -0.34441   -0.34422   -0.31639   -0.31462   -0.31444   -0.31440
   0.12249    0.12316    0.12397    0.12397    0.13175    0.13506    0.13772    0.13842
   0.15591    0.15600    0.16200    0.18797    0.19576    0.19623    0.21526    0.21598
   0.21879    0.22226    0.22438    0.22777    0.23146    0.23504    0.23659    0.24780
   0.46133    0.47063
 kpt# 106, nband= 50, wtk=  0.00926, kpt=  0.5000  0.3333  0.5000 (reduced coord)
  -1.94284   -1.94284   -1.94283   -1.94283   -0.80369   -0.80369   -0.80293   -0.80293
  -0.79111   -0.79111   -0.78998   -0.78998   -0.78924   -0.78924   -0.78894   -0.78894
  -0.34997   -0.34997   -0.34922   -0.34922   -0.31430   -0.31430   -0.31300   -0.31300
   0.12551    0.12551    0.12866    0.12867    0.13252    0.13252    0.13607    0.13607
   0.16402    0.16402    0.17244    0.17244    0.20417    0.20417    0.20439    0.20439
   0.21952    0.21952    0.22352    0.22352    0.22810    0.22811    0.24377    0.24378
   0.46535    0.46544
 kpt# 107, nband= 50, wtk=  0.00926, kpt= -0.3333  0.3333  0.5000 (reduced coord)
  -1.94288   -1.94288   -1.94279   -1.94279   -0.80316   -0.80314   -0.80269   -0.80125
  -0.79179   -0.79172   -0.79122   -0.79011   -0.79006   -0.78957   -0.78870   -0.78861
  -0.35253   -0.35148   -0.34441   -0.34422   -0.31639   -0.31462   -0.31444   -0.31440
   0.12249    0.12316    0.12397    0.12397    0.13175    0.13506    0.13772    0.13842
   0.15591    0.15600    0.16200    0.18797    0.19576    0.19623    0.21526    0.21598
   0.21879    0.22226    0.22438    0.22777    0.23146    0.23504    0.23659    0.24780
   0.46132    0.47069
 kpt# 108, nband= 50, wtk=  0.00926, kpt= -0.1667  0.3333  0.5000 (reduced coord)
  -1.94292   -1.94291   -1.94276   -1.94276   -0.80180   -0.80118   -0.80057   -0.79901
  -0.79491   -0.79405   -0.79193   -0.79068   -0.79046   -0.79009   -0.78897   -0.78879
  -0.35248   -0.35163   -0.33752   -0.33720   -0.31904   -0.31826   -0.31777   -0.31750
   0.11350    0.11718    0.12037    0.12041    0.12889    0.12984    0.13305    0.13939
   0.15717    0.16028    0.16567    0.17928    0.19663    0.19897    0.20300    0.20686
   0.21182    0.22579    0.23512    0.23585    0.24242    0.24593    0.24692    0.25601
   0.46366    0.47503
 kpt# 109, nband= 50, wtk=  0.00463, kpt=  0.0000  0.5000  0.5000 (reduced coord)
  -1.94284   -1.94284   -1.94283   -1.94283   -0.79942   -0.79942   -0.79942   -0.79942
  -0.79427   -0.79426   -0.79426   -0.79426   -0.78952   -0.78952   -0.78952   -0.78952
  -0.34259   -0.34259   -0.34259   -0.34259   -0.32037   -0.32037   -0.32037   -0.32037
   0.11477    0.11477    0.11477    0.11477    0.13649    0.13649    0.13649    0.13650
   0.17521    0.17521    0.17521    0.17521    0.18787    0.18788    0.18788    0.18789
   0.22279    0.22279    0.22280    0.22280    0.25289    0.25289    0.25290    0.25290
   0.47212    0.47212
 kpt# 110, nband= 50, wtk=  0.00926, kpt=  0.1667  0.5000  0.5000 (reduced coord)
  -1.94284   -1.94284   -1.94283   -1.94283   -0.80171   -0.80171   -0.80048   -0.80048
  -0.79334   -0.79334   -0.79172   -0.79172   -0.78964   -0.78964   -0.78932   -0.78932
  -0.34571   -0.34571   -0.34491   -0.34490   -0.31839   -0.31839   -0.31708   -0.31707
   0.11746    0.11746    0.12020    0.12020    0.13369    0.13370    0.13874    0.13875
   0.16498    0.16499    0.17205    0.17205    0.19627    0.19628    0.20348    0.20348
   0.21784    0.21784    0.22147    0.22147    0.24350    0.24351    0.25205    0.25206
   0.46631    0.46633
 kpt# 111, nband= 50, wtk=  0.00926, kpt=  0.3333  0.5000  0.5000 (reduced coord)
  -1.94284   -1.94284   -1.94283   -1.94283   -0.80370   -0.80370   -0.80291   -0.80291
  -0.79115   -0.79115   -0.78993   -0.78993   -0.78929   -0.78929   -0.78892   -0.78892
  -0.34990   -0.34989   -0.34933   -0.34933   -0.31416   -0.31416   -0.31309   -0.31309
   0.12527    0.12527    0.12860    0.12860    0.13282    0.13282    0.13630    0.13630
   0.16373    0.16373    0.17240    0.17241    0.20277    0.20277    0.20503    0.20504
   0.21904    0.21904    0.22434    0.22434    0.22880    0.22880    0.24371    0.24371
   0.46200    0.46201
 kpt# 112, nband= 50, wtk=  0.00463, kpt=  0.5000  0.5000  0.5000 (reduced coord)
  -1.94284   -1.94284   -1.94283   -1.94283   -0.80416   -0.80416   -0.80416   -0.80416
  -0.79018   -0.79018   -0.79018   -0.79018   -0.78854   -0.78854   -0.78853   -0.78853
  -0.35145   -0.35145   -0.35144   -0.35144   -0.31192   -0.31192   -0.31192   -0.31192
   0.12883    0.12883    0.12884    0.12884    0.13613    0.13614    0.13614    0.13614
   0.17050    0.17051    0.17051    0.17051    0.19960    0.19960    0.19960    0.19960
   0.22052    0.22052    0.22053    0.22053    0.23566    0.23566    0.23566    0.23566
   0.46425    0.46425
