 Fermi (or HOMO) energy (hartree) =   0.27668   Average Vxc (hartree)=  -0.44596
 Eigenvalues (hartree) for nkpt= 112  k points:
 kpt#   1, nband= 50, wtk=  0.00463, kpt=  0.0000  0.0000  0.0000 (reduced coord)
  -1.94330   -1.94264   -1.94261   -1.94261   -0.80517   -0.80516   -0.80478   -0.79320
  -0.79301   -0.79262   -0.79245   -0.79135   -0.79133   -0.78842   -0.78680   -0.78680
  -0.39515   -0.33862   -0.32915   -0.32907   -0.31895   -0.31571   -0.31564   -0.29731
   0.06024    0.06037    0.07219    0.09553    0.10256    0.10262    0.16348    0.16428
   0.16602    0.16739    0.17270    0.17298    0.22284    0.22295    0.22501    0.22839
   0.24624    0.25208    0.25401    0.25644    0.25784    0.26564    0.26591    0.27482
   0.44321    0.44567
 kpt#   2, nband= 50, wtk=  0.00926, kpt=  0.1667  0.0000  0.0000 (reduced coord)
  -1.94326   -1.94266   -1.94264   -1.94261   -0.80429   -0.80407   -0.80404   -0.79395
  -0.79306   -0.79239   -0.79219   -0.79209   -0.79147   -0.78864   -0.78816   -0.78718
  -0.39042   -0.33708   -0.32867   -0.32731   -0.32144   -0.31952   -0.31708   -0.29962
   0.06601    0.07042    0.07123    0.09791    0.10555    0.11769    0.15171    0.15234
   0.16032    0.16282    0.17214    0.17524    0.21767    0.21971    0.22032    0.23289
   0.24662    0.24773    0.24869    0.25831    0.25965    0.26336    0.26533    0.27536
   0.45184    0.45225
 kpt#   3, nband= 50, wtk=  0.00926, kpt=  0.3333  0.0000  0.0000 (reduced coord)
  -1.94313   -1.94278   -1.94263   -1.94262   -0.80201   -0.80189   -0.80103   -0.79608
  -0.79507   -0.79273   -0.79183   -0.79174   -0.79144   -0.79103   -0.78934   -0.78821
  -0.37717   -0.33836   -0.33288   -0.32571   -0.32342   -0.32114   -0.31964   -0.30577
   0.07804    0.08243    0.09883    0.10495    0.11399    0.12512    0.13376    0.13755
   0.14511    0.15232    0.18265    0.18266    0.18555    0.20743    0.21030    0.22814
   0.23639    0.23868    0.25193    0.26343    0.26450    0.26577    0.26928    0.27668
   0.46698    0.46852
 kpt#   4, nband= 50, wtk=  0.00463, kpt=  0.5000  0.0000  0.0000 (reduced coord)
  -1.94296   -1.94296   -1.94262   -1.94262   -0.79933   -0.79933   -0.79854   -0.79854
  -0.79626   -0.79626   -0.79230   -0.79230   -0.79038   -0.79038   -0.78962   -0.78962
  -0.35830   -0.35830   -0.32733   -0.32733   -0.32344   -0.32344   -0.31370   -0.31370
   0.09491    0.09491    0.11030    0.11030    0.11700    0.11700    0.12898    0.12898
   0.13986    0.13986    0.19139    0.19139    0.19411    0.19411    0.19663    0.19663
   0.23668    0.23668    0.26044    0.26044    0.26640    0.26640    0.27582    0.27582
   0.47902    0.48010
 kpt#   5, nband= 50, wtk=  0.00926, kpt=  0.0000  0.1667  0.0000 (reduced coord)
  -1.94326   -1.94266   -1.94264   -1.94261   -0.80430   -0.80404   -0.80403   -0.79403
  -0.79291   -0.79237   -0.79232   -0.79204   -0.79149   -0.78864   -0.78817   -0.78718
  -0.39039   -0.33705   -0.32838   -0.32713   -0.32188   -0.31956   -0.31712   -0.29964
   0.06617    0.07026    0.07122    0.09793    0.10563    0.11773    0.15192    0.15267
   0.15963    0.16260    0.17250    0.17530    0.21767    0.21868    0.21991    0.23712
   0.24354    0.24598    0.24939    0.25914    0.25948    0.26363    0.26556    0.27534
   0.45166    0.45218
 kpt#   6, nband= 50, wtk=  0.00926, kpt=  0.1667  0.1667  0.0000 (reduced coord)
  -1.94321   -1.94266   -1.94265   -1.94264   -0.80343   -0.80341   -0.80332   -0.79383
  -0.79371   -0.79364   -0.79191   -0.79186   -0.79095   -0.78988   -0.78895   -0.78698
  -0.38607   -0.33611   -0.32745   -0.32729   -0.32220   -0.32190   -0.31995   -0.30165
   0.07278    0.07567    0.07585    0.09963    0.10951    0.12847    0.14430    0.14447
   0.15962    0.16449    0.16495    0.17323    0.21327    0.21740    0.22243    0.22361
   0.24473    0.24938    0.24966    0.24989    0.25953    0.26053    0.26683    0.27561
   0.45605    0.46020
 kpt#   7, nband= 50, wtk=  0.00926, kpt=  0.3333  0.1667  0.0000 (reduced coord)
  -1.94310   -1.94277   -1.94265   -1.94264   -0.80164   -0.80139   -0.80102   -0.79632
  -0.79562   -0.79321   -0.79286   -0.79134   -0.79099   -0.79071   -0.78973   -0.78770
  -0.37396   -0.33841   -0.33358   -0.32725   -0.32413   -0.32104   -0.32005   -0.30698
   0.08169    0.09081    0.10208    0.10506    0.11842    0.12388    0.13140    0.13895
   0.14916    0.15890    0.17537    0.17963    0.18870    0.20423    0.20651    0.22836
   0.23076    0.23419    0.24981    0.25186    0.26309    0.26666    0.26907    0.27640
   0.46469    0.47426
 kpt#   8, nband= 50, wtk=  0.00926, kpt=  0.5000  0.1667  0.0000 (reduced coord)
  -1.94294   -1.94293   -1.94265   -1.94265   -0.79911   -0.79911   -0.79904   -0.79904
  -0.79678   -0.79678   -0.79177   -0.79177   -0.79060   -0.79060   -0.78913   -0.78913
  -0.35668   -0.35668   -0.33020   -0.33020   -0.32261   -0.32261   -0.31388   -0.31388
   0.09954    0.09954    0.11371    0.11372    0.11393    0.11394    0.13292    0.13292
   0.14617    0.14617    0.18884    0.18884    0.18965    0.18965    0.19811    0.19811
   0.23188    0.23189    0.25246    0.25246    0.26532    0.26532    0.27516    0.27516
   0.47287    0.47364
 kpt#   9, nband= 50, wtk=  0.00926, kpt= -0.3333  0.1667  0.0000 (reduced coord)
  -1.94310   -1.94277   -1.94265   -1.94264   -0.80164   -0.80139   -0.80102   -0.79632
  -0.79562   -0.79321   -0.79286   -0.79134   -0.79099   -0.79071   -0.78973   -0.78770
  -0.37396   -0.33841   -0.33358   -0.32725   -0.32413   -0.32104   -0.32005   -0.30698
   0.08169    0.09081    0.10208    0.10506    0.11842    0.12388    0.13140    0.13895
   0.14916    0.15890    0.17537    0.17963    0.18870    0.20423    0.20651    0.22836
   0.23076    0.23419    0.24981    0.25186    0.26309    0.26666    0.26907    0.27640
   0.46485    0.47398
 kpt#  10, nband= 50, wtk=  0.00926, kpt= -0.1667  0.1667  0.0000 (reduced coord)
  -1.94321   -1.94266   -1.94265   -1.94264   -0.80343   -0.80341   -0.80332   -0.79383
  -0.79371   -0.79364   -0.79191   -0.79186   -0.79095   -0.78988   -0.78895   -0.78698
  -0.38607   -0.33611   -0.32745   -0.32729   -0.32220   -0.32190   -0.31995   -0.30165
   0.07278    0.07567    0.07585    0.09963    0.10951    0.12847    0.14430    0.14447
   0.15962    0.16449    0.16495    0.17323    0.21327    0.21740    0.22243    0.22361
   0.24473    0.24938    0.24966    0.24989    0.25953    0.26053    0.26683    0.27561
   0.45605    0.46020
 kpt#  11, nband= 50, wtk=  0.00926, kpt=  0.0000  0.3333  0.0000 (reduced coord)
  -1.94313   -1.94278   -1.94263   -1.94262   -0.80197   -0.80189   -0.80092   -0.79621
  -0.79505   -0.79265   -0.79183   -0.79179   -0.79151   -0.79102   -0.78935   -0.78822
  -0.37709   -0.33784   -0.33274   -0.32636   -0.32172   -0.32127   -0.32124   -0.30589
   0.07806    0.08262    0.09866    0.10509    0.11435    0.12528    0.13413    0.13709
   0.14453    0.15239    0.18249    0.18298    0.18548    0.20664    0.21053    0.22827
   0.23607    0.23957    0.25201    0.26335    0.26461    0.26477    0.26981    0.27663
   0.46660    0.46693
 kpt#  12, nband= 50, wtk=  0.00926, kpt=  0.1667  0.3333  0.0000 (reduced coord)
  -1.94310   -1.94277   -1.94265   -1.94264   -0.80165   -0.80136   -0.80094   -0.79631
  -0.79572   -0.79324   -0.79280   -0.79139   -0.79098   -0.79070   -0.78974   -0.78770
  -0.37389   -0.33808   -0.33348   -0.32698   -0.32459   -0.32114   -0.32021   -0.30705
   0.08173    0.09106    0.10193    0.10517    0.11860    0.12388    0.13167    0.13882
   0.14859    0.15875    0.17574    0.17958    0.18867    0.20438    0.20602    0.22871
   0.23083    0.23375    0.25021    0.25220    0.26224    0.26658    0.26945    0.27634
   0.46450    0.47323
 kpt#  13, nband= 50, wtk=  0.00926, kpt=  0.3333  0.3333  0.0000 (reduced coord)
  -1.94300   -1.94275   -1.94274   -1.94267   -0.80075   -0.80072   -0.79978   -0.79831
  -0.79579   -0.79443   -0.79440   -0.79115   -0.79003   -0.79003   -0.78978   -0.78758
  -0.36492   -0.33809   -0.33802   -0.33524   -0.32082   -0.32031   -0.32015   -0.31033
   0.09205    0.10642    0.10937    0.10959    0.12584    0.12600    0.12906    0.13907
   0.15968    0.16008    0.17483    0.18004    0.18844    0.18978    0.20721    0.20733
   0.21384    0.23434    0.23441    0.23991    0.26668    0.26865    0.26872    0.27558
   0.46112    0.46813
 kpt#  14, nband= 50, wtk=  0.00926, kpt=  0.5000  0.3333  0.0000 (reduced coord)
  -1.94287   -1.94287   -1.94271   -1.94271   -0.79988   -0.79988   -0.79924   -0.79924
  -0.79650   -0.79650   -0.79276   -0.79276   -0.78958   -0.78958   -0.78848   -0.78848
  -0.35199   -0.35199   -0.33701   -0.33701   -0.32043   -0.32043   -0.31513   -0.31513
   0.10529    0.10529    0.10967    0.10967    0.13032    0.13032    0.14337    0.14337
   0.15611    0.15611    0.17450    0.17450    0.18697    0.18697    0.20587    0.20587
   0.20969    0.20969    0.23619    0.23619    0.26769    0.26769    0.27364    0.27364
   0.46194    0.46285
 kpt#  15, nband= 50, wtk=  0.00926, kpt= -0.3333  0.3333  0.0000 (reduced coord)
  -1.94300   -1.94275   -1.94274   -1.94267   -0.80075   -0.80072   -0.79978   -0.79831
  -0.79579   -0.79443   -0.79440   -0.79115   -0.79003   -0.79003   -0.78978   -0.78758
  -0.36492   -0.33809   -0.33802   -0.33524   -0.32082   -0.32031   -0.32015   -0.31033
   0.09205    0.10642    0.10937    0.10959    0.12584    0.12600    0.12906    0.13907
   0.15968    0.16008    0.17483    0.18004    0.18844    0.18978    0.20721    0.20733
   0.21384    0.23434    0.23441    0.23991    0.26668    0.26865    0.26872    0.27558
   0.46175    0.46815
 kpt#  16, nband= 50, wtk=  0.00926, kpt= -0.1667  0.3333  0.0000 (reduced coord)
  -1.94310   -1.94277   -1.94265   -1.94264   -0.80165   -0.80136   -0.80094   -0.79631
  -0.79572   -0.79324   -0.79280   -0.79139   -0.79098   -0.79070   -0.78974   -0.78770
  -0.37389   -0.33808   -0.33348   -0.32698   -0.32459   -0.32114   -0.32021   -0.30705
   0.08173    0.09106    0.10193    0.10517    0.11860    0.12388    0.13167    0.13882
   0.14859    0.15875    0.17574    0.17958    0.18867    0.20438    0.20602    0.22871
   0.23083    0.23375    0.25021    0.25220    0.26224    0.26658    0.26945    0.27634
   0.46462    0.47324
 kpt#  17, nband= 50, wtk=  0.00463, kpt=  0.0000  0.5000  0.0000 (reduced coord)
  -1.94296   -1.94295   -1.94263   -1.94262   -0.79912   -0.79912   -0.79854   -0.79853
  -0.79648   -0.79648   -0.79226   -0.79226   -0.79042   -0.79041   -0.78962   -0.78962
  -0.35810   -0.35809   -0.32694   -0.32694   -0.32373   -0.32373   -0.31402   -0.31402
   0.09496    0.09496    0.11099    0.11099    0.11730    0.11730    0.12804    0.12804
   0.13965    0.13966    0.19164    0.19164    0.19367    0.19367    0.19693    0.19694
   0.23673    0.23673    0.26161    0.26161    0.26503    0.26503    0.27590    0.27591
   0.47743    0.47883
 kpt#  18, nband= 50, wtk=  0.00926, kpt=  0.1667  0.5000  0.0000 (reduced coord)
  -1.94294   -1.94293   -1.94265   -1.94264   -0.79911   -0.79911   -0.79881   -0.79881
  -0.79701   -0.79701   -0.79174   -0.79173   -0.79064   -0.79064   -0.78913   -0.78913
  -0.35651   -0.35651   -0.32998   -0.32997   -0.32286   -0.32286   -0.31404   -0.31404
   0.09967    0.09967    0.11389    0.11389    0.11438    0.11438    0.13217    0.13217
   0.14606    0.14606    0.18858    0.18858    0.18996    0.18996    0.19825    0.19825
   0.23174    0.23175    0.25280    0.25280    0.26498    0.26498    0.27518    0.27519
   0.47198    0.47362
 kpt#  19, nband= 50, wtk=  0.00926, kpt=  0.3333  0.5000  0.0000 (reduced coord)
  -1.94288   -1.94287   -1.94271   -1.94271   -0.79988   -0.79988   -0.79917   -0.79917
  -0.79656   -0.79656   -0.79275   -0.79275   -0.78958   -0.78958   -0.78848   -0.78848
  -0.35192   -0.35192   -0.33698   -0.33698   -0.32055   -0.32055   -0.31512   -0.31512
   0.10542    0.10542    0.10971    0.10971    0.13028    0.13028    0.14318    0.14318
   0.15609    0.15610    0.17468    0.17469    0.18675    0.18675    0.20609    0.20609
   0.20962    0.20962    0.23619    0.23619    0.26769    0.26769    0.27356    0.27357
   0.46148    0.46197
 kpt#  20, nband= 50, wtk=  0.00463, kpt=  0.5000  0.5000  0.0000 (reduced coord)
  -1.94279   -1.94279   -1.94279   -1.94279   -0.79993   -0.79993   -0.79992   -0.79992
  -0.79471   -0.79471   -0.79471   -0.79471   -0.78859   -0.78859   -0.78859   -0.78859
  -0.34500   -0.34500   -0.34500   -0.34500   -0.31760   -0.31760   -0.31759   -0.31759
   0.10758    0.10758    0.10758    0.10758    0.15311    0.15311    0.15311    0.15311
   0.15775    0.15776    0.15776    0.15776    0.18887    0.18887    0.18888    0.18888
   0.21899    0.21899    0.21900    0.21900    0.27104    0.27104    0.27105    0.27105
   0.45794    0.45794
 kpt#  21, nband= 50, wtk=  0.00926, kpt=  0.0000  0.0000  0.1667 (reduced coord)
  -1.94326   -1.94268   -1.94261   -1.94261   -0.80438   -0.80437   -0.80378   -0.79396
  -0.79385   -0.79264   -0.79255   -0.79109   -0.79105   -0.78958   -0.78711   -0.78710
  -0.39070   -0.33621   -0.32819   -0.32811   -0.32515   -0.31658   -0.31650   -0.30030
   0.06593    0.06604    0.08217    0.10494    0.10516    0.10600    0.15744    0.15762
   0.16255    0.16278    0.16924    0.16965    0.21945    0.22317    0.23087    0.23119
   0.23990    0.24154    0.24538    0.25831    0.25990    0.26020    0.26650    0.26681
   0.44650    0.45149
 kpt#  22, nband= 50, wtk=  0.00926, kpt=  0.1667  0.0000  0.1667 (reduced coord)
  -1.94322   -1.94268   -1.94265   -1.94261   -0.80356   -0.80344   -0.80321   -0.79496
  -0.79352   -0.79231   -0.79213   -0.79199   -0.79123   -0.79032   -0.78765   -0.78750
  -0.38628   -0.33484   -0.32819   -0.32657   -0.32530   -0.32191   -0.31772   -0.30229
   0.07138    0.07567    0.08053    0.10459    0.10766    0.12324    0.15159    0.15282
   0.15596    0.15761    0.16505    0.16888    0.21649    0.22418    0.22580    0.22916
   0.24183    0.24242    0.24726    0.24991    0.25403    0.26352    0.26401    0.26564
   0.45439    0.45718
 kpt#  23, nband= 50, wtk=  0.00926, kpt=  0.3333  0.0000  0.1667 (reduced coord)
  -1.94310   -1.94277   -1.94267   -1.94263   -0.80165   -0.80131   -0.80084   -0.79691
  -0.79476   -0.79317   -0.79267   -0.79137   -0.79136   -0.79117   -0.78874   -0.78861
  -0.37392   -0.33763   -0.33121   -0.32677   -0.32569   -0.32307   -0.31984   -0.30763
   0.08608    0.08669    0.10233    0.11007    0.11451    0.12889    0.13716    0.13948
   0.14150    0.15640    0.16927    0.17889    0.19501    0.20330    0.21215    0.22936
   0.24035    0.24066    0.24664    0.24725    0.25386    0.26423    0.26584    0.26755
   0.46889    0.46963
 kpt#  24, nband= 50, wtk=  0.00926, kpt=  0.5000  0.0000  0.1667 (reduced coord)
  -1.94294   -1.94293   -1.94265   -1.94265   -0.79955   -0.79955   -0.79808   -0.79808
  -0.79688   -0.79688   -0.79188   -0.79188   -0.79005   -0.79005   -0.79002   -0.79002
  -0.35629   -0.35629   -0.32659   -0.32658   -0.32611   -0.32610   -0.31454   -0.31454
   0.10122    0.10122    0.11012    0.11012    0.12389    0.12389    0.12655    0.12655
   0.14404    0.14405    0.18945    0.18945    0.19356    0.19356    0.19637    0.19638
   0.24019    0.24019    0.24941    0.24941    0.26085    0.26085    0.26801    0.26801
   0.47731    0.47937
 kpt#  25, nband= 50, wtk=  0.00926, kpt= -0.3333  0.0000  0.1667 (reduced coord)
  -1.94310   -1.94277   -1.94267   -1.94263   -0.80165   -0.80131   -0.80084   -0.79691
  -0.79476   -0.79317   -0.79267   -0.79137   -0.79136   -0.79117   -0.78874   -0.78861
  -0.37392   -0.33763   -0.33121   -0.32676   -0.32569   -0.32307   -0.31984   -0.30763
   0.08608    0.08669    0.10233    0.11007    0.11451    0.12889    0.13716    0.13948
   0.14150    0.15640    0.16927    0.17889    0.19501    0.20330    0.21215    0.22936
   0.24035    0.24066    0.24664    0.24725    0.25386    0.26423    0.26584    0.26755
   0.46887    0.46979
 kpt#  26, nband= 50, wtk=  0.00926, kpt= -0.1667  0.0000  0.1667 (reduced coord)
  -1.94322   -1.94268   -1.94265   -1.94261   -0.80356   -0.80344   -0.80321   -0.79496
  -0.79352   -0.79231   -0.79213   -0.79199   -0.79123   -0.79032   -0.78765   -0.78750
  -0.38628   -0.33484   -0.32819   -0.32657   -0.32530   -0.32191   -0.31772   -0.30229
   0.07138    0.07567    0.08053    0.10459    0.10766    0.12324    0.15159    0.15282
   0.15596    0.15760    0.16505    0.16888    0.21649    0.22418    0.22580    0.22916
   0.24183    0.24243    0.24726    0.24991    0.25403    0.26352    0.26401    0.26564
   0.45439    0.45718
 kpt#  27, nband= 50, wtk=  0.00926, kpt=  0.0000  0.1667  0.1667 (reduced coord)
  -1.94322   -1.94268   -1.94265   -1.94261   -0.80366   -0.80333   -0.80321   -0.79501
  -0.79348   -0.79229   -0.79216   -0.79202   -0.79115   -0.79038   -0.78764   -0.78751
  -0.38627   -0.33481   -0.32820   -0.32615   -0.32535   -0.32239   -0.31766   -0.30229
   0.07151    0.07558    0.08053    0.10470    0.10759    0.12337    0.15168    0.15237
   0.15576    0.15779    0.16509    0.16924    0.21457    0.22438    0.22589    0.23270
   0.24092    0.24130    0.24615    0.25035    0.25414    0.26381    0.26395    0.26581
   0.45430    0.45709
 kpt#  28, nband= 50, wtk=  0.00926, kpt=  0.1667  0.1667  0.1667 (reduced coord)
  -1.94318   -1.94268   -1.94266   -1.94265   -0.80308   -0.80277   -0.80274   -0.79460
  -0.79403   -0.79335   -0.79190   -0.79181   -0.79166   -0.79061   -0.78829   -0.78725
  -0.38229   -0.33471   -0.32901   -0.32699   -0.32465   -0.32237   -0.32038   -0.30397
   0.08049    0.08089    0.08160    0.10581    0.11147    0.13345    0.14675    0.14802
   0.15502    0.15913    0.15973    0.16249    0.22007    0.22191    0.22286    0.22362
   0.24092    0.24320    0.24587    0.24915    0.25124    0.25806    0.25896    0.26758
   0.46004    0.46149
 kpt#  29, nband= 50, wtk=  0.00926, kpt=  0.3333  0.1667  0.1667 (reduced coord)
  -1.94307   -1.94277   -1.94267   -1.94266   -0.80170   -0.80155   -0.80101   -0.79579
  -0.79540   -0.79469   -0.79274   -0.79116   -0.79080   -0.79062   -0.78916   -0.78796
  -0.37117   -0.33864   -0.33408   -0.33019   -0.32314   -0.32203   -0.31910   -0.30847
   0.08929    0.09454    0.10530    0.11014    0.11885    0.12857    0.13687    0.13925
   0.14541    0.16124    0.16720    0.16926    0.19502    0.20849    0.21156    0.22860
   0.23201    0.23616    0.24552    0.24716    0.25273    0.25482    0.26364    0.26774
   0.46642    0.47423
 kpt#  30, nband= 50, wtk=  0.00926, kpt=  0.5000  0.1667  0.1667 (reduced coord)
  -1.94292   -1.94292   -1.94267   -1.94267   -0.80070   -0.80070   -0.79821   -0.79821
  -0.79656   -0.79656   -0.79128   -0.79127   -0.79023   -0.79023   -0.78944   -0.78944
  -0.35529   -0.35528   -0.33256   -0.33256   -0.32188   -0.32188   -0.31428   -0.31428
   0.10550    0.10550    0.11220    0.11220    0.12286    0.12286    0.12938    0.12939
   0.15018    0.15018    0.17788    0.17788    0.19615    0.19615    0.20235    0.20235
   0.23386    0.23387    0.24816    0.24816    0.25474    0.25475    0.26700    0.26700
   0.47216    0.47263
 kpt#  31, nband= 50, wtk=  0.00926, kpt= -0.3333  0.1667  0.1667 (reduced coord)
  -1.94307   -1.94277   -1.94267   -1.94266   -0.80170   -0.80155   -0.80101   -0.79579
  -0.79540   -0.79469   -0.79274   -0.79116   -0.79080   -0.79062   -0.78916   -0.78796
  -0.37117   -0.33864   -0.33408   -0.33018   -0.32314   -0.32203   -0.31910   -0.30847
   0.08929    0.09454    0.10530    0.11014    0.11885    0.12857    0.13687    0.13925
   0.14540    0.16124    0.16720    0.16927    0.19502    0.20849    0.21156    0.22860
   0.23201    0.23616    0.24552    0.24716    0.25273    0.25482    0.26364    0.26774
   0.46642    0.47376
 kpt#  32, nband= 50, wtk=  0.00926, kpt= -0.1667  0.1667  0.1667 (reduced coord)
  -1.94318   -1.94268   -1.94266   -1.94265   -0.80308   -0.80277   -0.80274   -0.79460
  -0.79403   -0.79335   -0.79190   -0.79181   -0.79166   -0.79061   -0.78828   -0.78725
  -0.38229   -0.33471   -0.32902   -0.32698   -0.32465   -0.32237   -0.32038   -0.30397
   0.08049    0.08089    0.08160    0.10581    0.11147    0.13345    0.14675    0.14802
   0.15502    0.15913    0.15973    0.16249    0.22007    0.22191    0.22286    0.22362
   0.24092    0.24321    0.24587    0.24915    0.25124    0.25806    0.25896    0.26758
   0.46004    0.46150
 kpt#  33, nband= 50, wtk=  0.00926, kpt=  0.0000  0.3333  0.1667 (reduced coord)
  -1.94310   -1.94277   -1.94267   -1.94263   -0.80162   -0.80140   -0.80065   -0.79702
  -0.79482   -0.79308   -0.79263   -0.79142   -0.79134   -0.79122   -0.78873   -0.78862
  -0.37387   -0.33726   -0.33106   -0.32754   -0.32589   -0.32136   -0.32115   -0.30764
   0.08606    0.08681    0.10225    0.11035    0.11454    0.12864    0.13676    0.14030
   0.14084    0.15667    0.16912    0.17928    0.19506    0.20250    0.21232    0.22971
   0.24007    0.24061    0.24730    0.24894    0.25096    0.26426    0.26605    0.26799
   0.46872    0.47004
 kpt#  34, nband= 50, wtk=  0.00926, kpt=  0.1667  0.3333  0.1667 (reduced coord)
  -1.94307   -1.94276   -1.94267   -1.94266   -0.80169   -0.80153   -0.80098   -0.79584
  -0.79547   -0.79463   -0.79271   -0.79118   -0.79081   -0.79062   -0.78917   -0.78796
  -0.37113   -0.33837   -0.33404   -0.33050   -0.32320   -0.32168   -0.31942   -0.30848
   0.08928    0.09469    0.10523    0.11028    0.11886    0.12827    0.13734    0.13907
   0.14496    0.16121    0.16730    0.16967    0.19502    0.20788    0.21169    0.22970
   0.23136    0.23578    0.24551    0.24778    0.25272    0.25373    0.26405    0.26795
   0.46612    0.47362
 kpt#  35, nband= 50, wtk=  0.00926, kpt=  0.3333  0.3333  0.1667 (reduced coord)
  -1.94298   -1.94275   -1.94274   -1.94269   -0.80166   -0.80150   -0.80132   -0.79773
  -0.79550   -0.79387   -0.79335   -0.79028   -0.79013   -0.78997   -0.78959   -0.78772
  -0.36338   -0.34028   -0.33964   -0.33779   -0.32010   -0.31873   -0.31812   -0.31087
   0.09854    0.11115    0.11136    0.11229    0.12852    0.13073    0.13148    0.14165
   0.15454    0.15624    0.16080    0.17888    0.19103    0.20538    0.21102    0.21275
   0.21801    0.23148    0.23175    0.23551    0.25494    0.25931    0.26167    0.26689
   0.46215    0.46971
 kpt#  36, nband= 50, wtk=  0.00926, kpt=  0.5000  0.3333  0.1667 (reduced coord)
  -1.94286   -1.94286   -1.94272   -1.94272   -0.80163   -0.80163   -0.80012   -0.80012
  -0.79481   -0.79481   -0.79167   -0.79167   -0.78949   -0.78949   -0.78859   -0.78859
  -0.35215   -0.35215   -0.33990   -0.33990   -0.31851   -0.31851   -0.31441   -0.31441
   0.11015    0.11015    0.11350    0.11350    0.13398    0.13398    0.13915    0.13915
   0.15760    0.15760    0.16640    0.16640    0.19856    0.19856    0.20591    0.20592
   0.21387    0.21388    0.23191    0.23191    0.25881    0.25881    0.26525    0.26525
   0.46267    0.46547
 kpt#  37, nband= 50, wtk=  0.00926, kpt= -0.3333  0.3333  0.1667 (reduced coord)
  -1.94298   -1.94275   -1.94274   -1.94269   -0.80166   -0.80150   -0.80133   -0.79773
  -0.79550   -0.79387   -0.79336   -0.79028   -0.79013   -0.78997   -0.78959   -0.78772
  -0.36338   -0.34028   -0.33963   -0.33779   -0.32010   -0.31873   -0.31812   -0.31087
   0.09854    0.11115    0.11136    0.11230    0.12852    0.13073    0.13148    0.14165
   0.15454    0.15624    0.16080    0.17888    0.19103    0.20538    0.21102    0.21275
   0.21801    0.23148    0.23175    0.23551    0.25494    0.25931    0.26167    0.26689
   0.46204    0.47007
 kpt#  38, nband= 50, wtk=  0.00926, kpt= -0.1667  0.3333  0.1667 (reduced coord)
  -1.94307   -1.94276   -1.94267   -1.94266   -0.80169   -0.80153   -0.80098   -0.79584
  -0.79547   -0.79463   -0.79272   -0.79118   -0.79081   -0.79062   -0.78917   -0.78796
  -0.37113   -0.33837   -0.33404   -0.33050   -0.32320   -0.32168   -0.31942   -0.30848
   0.08928    0.09469    0.10523    0.11028    0.11886    0.12827    0.13734    0.13907
   0.14496    0.16121    0.16730    0.16966    0.19502    0.20788    0.21169    0.22970
   0.23136    0.23578    0.24551    0.24778    0.25272    0.25373    0.26405    0.26795
   0.46614    0.47376
 kpt#  39, nband= 50, wtk=  0.00926, kpt=  0.0000  0.5000  0.1667 (reduced coord)
  -1.94294   -1.94293   -1.94265   -1.94264   -0.79939   -0.79939   -0.79819   -0.79819
  -0.79692   -0.79692   -0.79188   -0.79187   -0.79005   -0.79004   -0.79004   -0.79004
  -0.35616   -0.35616   -0.32668   -0.32667   -0.32604   -0.32604   -0.31464   -0.31464
   0.10115    0.10115    0.11064    0.11064    0.12416    0.12416    0.12586    0.12586
   0.14383    0.14383    0.18967    0.18967    0.19361    0.19361    0.19641    0.19641
   0.24013    0.24014    0.24938    0.24938    0.26035    0.26035    0.26846    0.26846
   0.47616    0.47896
 kpt#  40, nband= 50, wtk=  0.00926, kpt=  0.1667  0.5000  0.1667 (reduced coord)
  -1.94292   -1.94291   -1.94267   -1.94266   -0.80064   -0.80064   -0.79826   -0.79826
  -0.79657   -0.79657   -0.79126   -0.79126   -0.79025   -0.79025   -0.78945   -0.78944
  -0.35517   -0.35517   -0.33260   -0.33260   -0.32189   -0.32189   -0.31435   -0.31435
   0.10555    0.10555    0.11240    0.11240    0.12336    0.12336    0.12850    0.12850
   0.15011    0.15012    0.17805    0.17805    0.19642    0.19642    0.20219    0.20219
   0.23382    0.23382    0.24802    0.24802    0.25447    0.25447    0.26735    0.26735
   0.47145    0.47277
 kpt#  41, nband= 50, wtk=  0.00926, kpt=  0.3333  0.5000  0.1667 (reduced coord)
  -1.94286   -1.94286   -1.94272   -1.94272   -0.80161   -0.80161   -0.80015   -0.80014
  -0.79481   -0.79481   -0.79168   -0.79167   -0.78949   -0.78949   -0.78860   -0.78860
  -0.35210   -0.35210   -0.33993   -0.33993   -0.31851   -0.31851   -0.31443   -0.31443
   0.11019    0.11019    0.11362    0.11362    0.13378    0.13378    0.13897    0.13897
   0.15790    0.15790    0.16632    0.16633    0.19841    0.19841    0.20613    0.20613
   0.21390    0.21390    0.23173    0.23174    0.25863    0.25863    0.26551    0.26551
   0.46238    0.46254
 kpt#  42, nband= 50, wtk=  0.00926, kpt=  0.5000  0.5000  0.1667 (reduced coord)
  -1.94279   -1.94279   -1.94279   -1.94279   -0.80145   -0.80145   -0.80145   -0.80145
  -0.79312   -0.79311   -0.79311   -0.79311   -0.78858   -0.78858   -0.78858   -0.78858
  -0.34685   -0.34685   -0.34685   -0.34685   -0.31588   -0.31588   -0.31588   -0.31588
   0.11206    0.11206    0.11206    0.11207    0.14971    0.14971    0.14971    0.14971
   0.15689    0.15689    0.15689    0.15690    0.19912    0.19912    0.19913    0.19913
   0.21513    0.21514    0.21514    0.21514    0.26341    0.26341    0.26341    0.26341
   0.46000    0.46000
 kpt#  43, nband= 50, wtk=  0.00926, kpt= -0.3333  0.5000  0.1667 (reduced coord)
  -1.94286   -1.94286   -1.94272   -1.94272   -0.80161   -0.80161   -0.80014   -0.80014
  -0.79481   -0.79481   -0.79168   -0.79167   -0.78949   -0.78949   -0.78860   -0.78860
  -0.35210   -0.35209   -0.33993   -0.33993   -0.31851   -0.31851   -0.31443   -0.31443
   0.11019    0.11019    0.11362    0.11362    0.13378    0.13378    0.13897    0.13897
   0.15790    0.15790    0.16632    0.16633    0.19841    0.19841    0.20613    0.20613
   0.21390    0.21390    0.23173    0.23174    0.25863    0.25863    0.26550    0.26551
   0.46240    0.46264
 kpt#  44, nband= 50, wtk=  0.00926, kpt= -0.1667  0.5000  0.1667 (reduced coord)
  -1.94292   -1.94291   -1.94267   -1.94266   -0.80064   -0.80064   -0.79826   -0.79826
  -0.79657   -0.79657   -0.79126   -0.79126   -0.79025   -0.79025   -0.78945   -0.78944
  -0.35518   -0.35517   -0.33260   -0.33260   -0.32189   -0.32189   -0.31435   -0.31435
   0.10555    0.10555    0.11240    0.11240    0.12336    0.12336    0.12850    0.12850
   0.15011    0.15012    0.17805    0.17805    0.19642    0.19642    0.20219    0.20219
   0.23382    0.23382    0.24802    0.24802    0.25447    0.25447    0.26735    0.26735
   0.47158    0.47166
 kpt#  45, nband= 50, wtk=  0.00926, kpt=  0.0000 -0.3333  0.1667 (reduced coord)
  -1.94310   -1.94277   -1.94267   -1.94263   -0.80162   -0.80140   -0.80065   -0.79702
  -0.79482   -0.79308   -0.79263   -0.79142   -0.79134   -0.79122   -0.78873   -0.78862
  -0.37387   -0.33726   -0.33106   -0.32754   -0.32589   -0.32136   -0.32115   -0.30764
   0.08606    0.08681    0.10225    0.11035    0.11454    0.12864    0.13676    0.14030
   0.14084    0.15667    0.16912    0.17928    0.19506    0.20250    0.21232    0.22971
   0.24007    0.24061    0.24730    0.24894    0.25096    0.26426    0.26605    0.26799
   0.46872    0.46984
 kpt#  46, nband= 50, wtk=  0.00926, kpt=  0.1667 -0.3333  0.1667 (reduced coord)
  -1.94307   -1.94276   -1.94267   -1.94266   -0.80169   -0.80153   -0.80098   -0.79584
  -0.79547   -0.79463   -0.79271   -0.79118   -0.79081   -0.79062   -0.78917   -0.78796
  -0.37113   -0.33837   -0.33404   -0.33050   -0.32320   -0.32168   -0.31942   -0.30848
   0.08928    0.09469    0.10523    0.11028    0.11886    0.12827    0.13734    0.13907
   0.14496    0.16121    0.16730    0.16967    0.19502    0.20788    0.21169    0.22970
   0.23136    0.23578    0.24551    0.24778    0.25272    0.25373    0.26405    0.26795
   0.46610    0.47360
 kpt#  47, nband= 50, wtk=  0.00926, kpt=  0.3333 -0.3333  0.1667 (reduced coord)
  -1.94298   -1.94275   -1.94274   -1.94269   -0.80166   -0.80150   -0.80132   -0.79773
  -0.79550   -0.79387   -0.79335   -0.79028   -0.79013   -0.78997   -0.78959   -0.78772
  -0.36338   -0.34028   -0.33964   -0.33779   -0.32010   -0.31873   -0.31812   -0.31087
   0.09854    0.11115    0.11136    0.11229    0.12852    0.13073    0.13148    0.14165
   0.15454    0.15624    0.16080    0.17888    0.19103    0.20538    0.21102    0.21275
   0.21801    0.23148    0.23175    0.23551    0.25494    0.25931    0.26167    0.26689
   0.46204    0.46981
 kpt#  48, nband= 50, wtk=  0.00926, kpt=  0.5000 -0.3333  0.1667 (reduced coord)
  -1.94286   -1.94286   -1.94272   -1.94272   -0.80163   -0.80163   -0.80012   -0.80012
  -0.79481   -0.79481   -0.79167   -0.79167   -0.78949   -0.78949   -0.78859   -0.78859
  -0.35215   -0.35215   -0.33990   -0.33990   -0.31851   -0.31851   -0.31441   -0.31441
   0.11015    0.11015    0.11350    0.11350    0.13398    0.13398    0.13915    0.13915
   0.15760    0.15760    0.16640    0.16640    0.19856    0.19856    0.20591    0.20592
   0.21387    0.21388    0.23191    0.23191    0.25881    0.25881    0.26525    0.26525
   0.46264    0.46298
 kpt#  49, nband= 50, wtk=  0.00926, kpt= -0.3333 -0.3333  0.1667 (reduced coord)
  -1.94298   -1.94275   -1.94274   -1.94269   -0.80166   -0.80150   -0.80133   -0.79773
  -0.79550   -0.79387   -0.79336   -0.79028   -0.79013   -0.78997   -0.78959   -0.78772
  -0.36338   -0.34028   -0.33963   -0.33779   -0.32010   -0.31873   -0.31812   -0.31087
   0.09854    0.11115    0.11136    0.11230    0.12852    0.13073    0.13148    0.14165
   0.15454    0.15624    0.16080    0.17888    0.19103    0.20538    0.21102    0.21275
   0.21801    0.23148    0.23175    0.23551    0.25494    0.25931    0.26167    0.26689
   0.46214    0.47014
 kpt#  50, nband= 50, wtk=  0.00926, kpt= -0.1667 -0.3333  0.1667 (reduced coord)
  -1.94307   -1.94276   -1.94267   -1.94266   -0.80169   -0.80153   -0.80098   -0.79584
  -0.79547   -0.79463   -0.79272   -0.79118   -0.79081   -0.79062   -0.78917   -0.78796
  -0.37113   -0.33837   -0.33404   -0.33050   -0.32320   -0.32168   -0.31942   -0.30848
   0.08928    0.09469    0.10523    0.11028    0.11886    0.12827    0.13734    0.13907
   0.14496    0.16121    0.16730    0.16966    0.19502    0.20788    0.21169    0.22970
   0.23136    0.23578    0.24551    0.24778    0.25272    0.25373    0.26405    0.26795
   0.46655    0.47360
 kpt#  51, nband= 50, wtk=  0.00926, kpt=  0.0000 -0.1667  0.1667 (reduced coord)
  -1.94322   -1.94268   -1.94265   -1.94261   -0.80366   -0.80333   -0.80321   -0.79501
  -0.79348   -0.79229   -0.79216   -0.79202   -0.79115   -0.79038   -0.78764   -0.78751
  -0.38627   -0.33481   -0.32820   -0.32615   -0.32535   -0.32239   -0.31766   -0.30229
   0.07151    0.07558    0.08053    0.10470    0.10759    0.12337    0.15168    0.15237
   0.15576    0.15779    0.16509    0.16924    0.21457    0.22438    0.22589    0.23270
   0.24092    0.24130    0.24615    0.25035    0.25414    0.26381    0.26395    0.26581
   0.45430    0.45709
 kpt#  52, nband= 50, wtk=  0.00926, kpt=  0.1667 -0.1667  0.1667 (reduced coord)
  -1.94318   -1.94268   -1.94266   -1.94265   -0.80308   -0.80277   -0.80274   -0.79460
  -0.79403   -0.79335   -0.79190   -0.79181   -0.79166   -0.79061   -0.78829   -0.78725
  -0.38229   -0.33471   -0.32901   -0.32699   -0.32465   -0.32237   -0.32038   -0.30397
   0.08049    0.08089    0.08160    0.10581    0.11147    0.13345    0.14675    0.14802
   0.15502    0.15913    0.15973    0.16249    0.22007    0.22191    0.22286    0.22362
   0.24092    0.24320    0.24587    0.24915    0.25124    0.25806    0.25896    0.26758
   0.46004    0.46150
 kpt#  53, nband= 50, wtk=  0.00926, kpt=  0.3333 -0.1667  0.1667 (reduced coord)
  -1.94307   -1.94277   -1.94267   -1.94266   -0.80170   -0.80155   -0.80101   -0.79579
  -0.79540   -0.79469   -0.79274   -0.79116   -0.79080   -0.79062   -0.78916   -0.78796
  -0.37117   -0.33864   -0.33408   -0.33019   -0.32314   -0.32203   -0.31910   -0.30847
   0.08929    0.09454    0.10530    0.11014    0.11885    0.12857    0.13687    0.13925
   0.14541    0.16124    0.16720    0.16926    0.19502    0.20849    0.21156    0.22860
   0.23201    0.23616    0.24552    0.24716    0.25273    0.25482    0.26364    0.26774
   0.46638    0.47414
 kpt#  54, nband= 50, wtk=  0.00926, kpt=  0.5000 -0.1667  0.1667 (reduced coord)
  -1.94292   -1.94292   -1.94267   -1.94267   -0.80070   -0.80070   -0.79821   -0.79821
  -0.79656   -0.79656   -0.79128   -0.79127   -0.79023   -0.79023   -0.78944   -0.78944
  -0.35529   -0.35528   -0.33256   -0.33256   -0.32188   -0.32188   -0.31428   -0.31428
   0.10550    0.10550    0.11220    0.11220    0.12286    0.12286    0.12938    0.12939
   0.15018    0.15018    0.17788    0.17788    0.19615    0.19615    0.20235    0.20235
   0.23386    0.23387    0.24816    0.24816    0.25474    0.25475    0.26700    0.26700
   0.47217    0.47913
 kpt#  55, nband= 50, wtk=  0.00926, kpt= -0.3333 -0.1667  0.1667 (reduced coord)
  -1.94307   -1.94277   -1.94267   -1.94266   -0.80170   -0.80155   -0.80101   -0.79579
  -0.79540   -0.79469   -0.79274   -0.79116   -0.79080   -0.79062   -0.78916   -0.78796
  -0.37117   -0.33864   -0.33408   -0.33018   -0.32314   -0.32203   -0.31910   -0.30847
   0.08929    0.09454    0.10530    0.11014    0.11885    0.12857    0.13687    0.13925
   0.14540    0.16124    0.16720    0.16927    0.19502    0.20849    0.21156    0.22860
   0.23201    0.23616    0.24552    0.24716    0.25273    0.25482    0.26364    0.26774
   0.46638    0.47407
 kpt#  56, nband= 50, wtk=  0.00926, kpt= -0.1667 -0.1667  0.1667 (reduced coord)
  -1.94318   -1.94268   -1.94266   -1.94265   -0.80308   -0.80277   -0.80274   -0.79460
  -0.79403   -0.79335   -0.79190   -0.79181   -0.79166   -0.79061   -0.78828   -0.78725
  -0.38229   -0.33471   -0.32902   -0.32698   -0.32465   -0.32237   -0.32038   -0.30397
   0.08049    0.08089    0.08160    0.10581    0.11147    0.13345    0.14675    0.14802
   0.15502    0.15913    0.15973    0.16249    0.22007    0.22191    0.22286    0.22362
   0.24092    0.24321    0.24587    0.24915    0.25124    0.25806    0.25896    0.26758
   0.46004    0.46150
 kpt#  57, nband= 50, wtk=  0.00926, kpt=  0.0000  0.0000  0.3333 (reduced coord)
  -1.94314   -1.94281   -1.94261   -1.94261   -0.80223   -0.80221   -0.80100   -0.79620
  -0.79614   -0.79293   -0.79267   -0.79264   -0.79023   -0.79013   -0.78795   -0.78792
  -0.37824   -0.34085   -0.32926   -0.32562   -0.32554   -0.31893   -0.31884   -0.30850
   0.08227    0.08229    0.10940    0.11286    0.11341    0.13401    0.13447    0.13493
   0.14467    0.14472    0.18262    0.18326    0.19807    0.21297    0.21888    0.21948
   0.22498    0.22999    0.24311    0.24316    0.26626    0.26633    0.26800    0.26822
   0.45580    0.46628
 kpt#  58, nband= 50, wtk=  0.00926, kpt=  0.1667  0.0000  0.3333 (reduced coord)
  -1.94310   -1.94279   -1.94265   -1.94262   -0.80183   -0.80143   -0.80089   -0.79701
  -0.79562   -0.79390   -0.79219   -0.79194   -0.79101   -0.79018   -0.78844   -0.78798
  -0.37470   -0.33989   -0.32851   -0.32684   -0.32459   -0.32319   -0.31949   -0.30967
   0.08664    0.09061    0.10427    0.11344    0.11936    0.13367    0.13705    0.14367
   0.14397    0.14698    0.17062    0.17791    0.20141    0.20570    0.22016    0.22200
   0.22913    0.23536    0.23686    0.23838    0.25964    0.25965    0.26441    0.26556
   0.46158    0.47121
 kpt#  59, nband= 50, wtk=  0.00926, kpt=  0.3333  0.0000  0.3333 (reduced coord)
  -1.94301   -1.94276   -1.94274   -1.94266   -0.80061   -0.80050   -0.79929   -0.79842
  -0.79610   -0.79422   -0.79324   -0.79099   -0.79086   -0.79067   -0.78949   -0.78844
  -0.36477   -0.33721   -0.33556   -0.32937   -0.32651   -0.32229   -0.32044   -0.31282
   0.09795    0.10702    0.11118    0.11547    0.11960    0.13163    0.13462    0.14250
   0.15103    0.15590    0.17117    0.17438    0.19186    0.20331    0.20999    0.21558
   0.21979    0.23353    0.23546    0.24315    0.24942    0.25174    0.25744    0.26205
   0.47193    0.47457
 kpt#  60, nband= 50, wtk=  0.00926, kpt=  0.5000  0.0000  0.3333 (reduced coord)
  -1.94287   -1.94287   -1.94271   -1.94271   -0.79977   -0.79977   -0.79849   -0.79849
  -0.79628   -0.79628   -0.79231   -0.79231   -0.79014   -0.79014   -0.78952   -0.78952
  -0.35059   -0.35059   -0.33342   -0.33342   -0.32396   -0.32395   -0.31703   -0.31703
   0.11088    0.11088    0.11825    0.11825    0.12018    0.12018    0.14562    0.14562
   0.14653    0.14653    0.18414    0.18415    0.19109    0.19109    0.20462    0.20463
   0.21596    0.21596    0.24505    0.24505    0.24828    0.24828    0.25726    0.25726
   0.47406    0.47620
 kpt#  61, nband= 50, wtk=  0.00926, kpt= -0.3333  0.0000  0.3333 (reduced coord)
  -1.94301   -1.94276   -1.94274   -1.94266   -0.80061   -0.80050   -0.79929   -0.79842
  -0.79610   -0.79422   -0.79324   -0.79099   -0.79086   -0.79067   -0.78949   -0.78844
  -0.36477   -0.33721   -0.33556   -0.32937   -0.32651   -0.32229   -0.32044   -0.31282
   0.09795    0.10702    0.11118    0.11547    0.11959    0.13163    0.13462    0.14251
   0.15103    0.15590    0.17117    0.17438    0.19186    0.20331    0.20999    0.21558
   0.21980    0.23353    0.23546    0.24315    0.24942    0.25174    0.25744    0.26205
   0.47303    0.47479
 kpt#  62, nband= 50, wtk=  0.00926, kpt= -0.1667  0.0000  0.3333 (reduced coord)
  -1.94310   -1.94279   -1.94265   -1.94262   -0.80183   -0.80143   -0.80089   -0.79701
  -0.79562   -0.79390   -0.79219   -0.79194   -0.79101   -0.79018   -0.78844   -0.78798
  -0.37470   -0.33989   -0.32851   -0.32684   -0.32459   -0.32319   -0.31949   -0.30967
   0.08664    0.09061    0.10427    0.11344    0.11935    0.13367    0.13705    0.14367
   0.14397    0.14698    0.17062    0.17791    0.20141    0.20570    0.22016    0.22201
   0.22912    0.23536    0.23686    0.23838    0.25964    0.25965    0.26441    0.26556
   0.46153    0.46968
 kpt#  63, nband= 50, wtk=  0.00926, kpt=  0.0000  0.1667  0.3333 (reduced coord)
  -1.94310   -1.94279   -1.94264   -1.94262   -0.80194   -0.80130   -0.80089   -0.79707
  -0.79557   -0.79394   -0.79218   -0.79195   -0.79091   -0.79026   -0.78841   -0.78799
  -0.37471   -0.33995   -0.32847   -0.32721   -0.32396   -0.32374   -0.31918   -0.30963
   0.08661    0.09068    0.10430    0.11352    0.11909    0.13327    0.13725    0.14223
   0.14593    0.14660    0.17046    0.17856    0.20110    0.20422    0.22038    0.22469
   0.22939    0.23479    0.23567    0.23849    0.25930    0.25981    0.26445    0.26563
   0.46149    0.46941
 kpt#  64, nband= 50, wtk=  0.00926, kpt=  0.1667  0.1667  0.3333 (reduced coord)
  -1.94307   -1.94278   -1.94266   -1.94265   -0.80192   -0.80146   -0.80102   -0.79608
  -0.79544   -0.79501   -0.79185   -0.79174   -0.79158   -0.78993   -0.78852   -0.78797
  -0.37171   -0.34045   -0.32997   -0.32851   -0.32663   -0.32075   -0.31933   -0.31044
   0.09417    0.09477    0.10340    0.11720    0.11975    0.13682    0.13723    0.14453
   0.14635    0.15228    0.16360    0.16574    0.20473    0.21547    0.21857    0.22071
   0.23185    0.23199    0.23439    0.23630    0.25284    0.25712    0.25736    0.26030
   0.46506    0.47100
 kpt#  65, nband= 50, wtk=  0.00926, kpt=  0.3333  0.1667  0.3333 (reduced coord)
  -1.94298   -1.94276   -1.94274   -1.94268   -0.80180   -0.80132   -0.80111   -0.79737
  -0.79559   -0.79327   -0.79323   -0.79089   -0.79064   -0.78994   -0.78913   -0.78839
  -0.36331   -0.34037   -0.33861   -0.33419   -0.32303   -0.31963   -0.31784   -0.31265
   0.10420    0.10802    0.11337    0.11926    0.12143    0.13500    0.13854    0.14253
   0.15110    0.15172    0.15953    0.17354    0.20098    0.20669    0.21210    0.22109
   0.22500    0.23045    0.23257    0.23601    0.24361    0.24680    0.25103    0.25764
   0.46908    0.47516
 kpt#  66, nband= 50, wtk=  0.00926, kpt=  0.5000  0.1667  0.3333 (reduced coord)
  -1.94286   -1.94286   -1.94272   -1.94272   -0.80159   -0.80159   -0.79969   -0.79968
  -0.79464   -0.79464   -0.79097   -0.79097   -0.78993   -0.78993   -0.78956   -0.78956
  -0.35126   -0.35126   -0.33830   -0.33830   -0.32015   -0.32015   -0.31555   -0.31555
   0.11461    0.11461    0.12007    0.12007    0.12393    0.12393    0.13962    0.13962
   0.15292    0.15293    0.17332    0.17332    0.20169    0.20169    0.20599    0.20600
   0.22045    0.22045    0.23917    0.23917    0.24111    0.24111    0.25475    0.25475
   0.47164    0.47164
 kpt#  67, nband= 50, wtk=  0.00926, kpt= -0.3333  0.1667  0.3333 (reduced coord)
  -1.94298   -1.94276   -1.94274   -1.94268   -0.80180   -0.80132   -0.80111   -0.79737
  -0.79559   -0.79327   -0.79323   -0.79089   -0.79064   -0.78994   -0.78913   -0.78839
  -0.36331   -0.34037   -0.33861   -0.33419   -0.32303   -0.31963   -0.31784   -0.31265
   0.10420    0.10802    0.11337    0.11926    0.12143    0.13500    0.13854    0.14253
   0.15110    0.15172    0.15953    0.17354    0.20098    0.20669    0.21210    0.22109
   0.22500    0.23045    0.23257    0.23602    0.24361    0.24680    0.25102    0.25764
   0.46897    0.47548
 kpt#  68, nband= 50, wtk=  0.00926, kpt= -0.1667  0.1667  0.3333 (reduced coord)
  -1.94307   -1.94278   -1.94266   -1.94265   -0.80192   -0.80146   -0.80102   -0.79608
  -0.79544   -0.79501   -0.79185   -0.79174   -0.79158   -0.78993   -0.78852   -0.78797
  -0.37171   -0.34045   -0.32998   -0.32851   -0.32663   -0.32075   -0.31933   -0.31044
   0.09417    0.09477    0.10340    0.11720    0.11975    0.13682    0.13723    0.14453
   0.14635    0.15228    0.16360    0.16574    0.20473    0.21547    0.21857    0.22071
   0.23185    0.23199    0.23439    0.23630    0.25284    0.25712    0.25736    0.26030
   0.46504    0.47017
 kpt#  69, nband= 50, wtk=  0.00926, kpt=  0.0000  0.3333  0.3333 (reduced coord)
  -1.94301   -1.94276   -1.94274   -1.94266   -0.80071   -0.80051   -0.79914   -0.79851
  -0.79620   -0.79417   -0.79313   -0.79096   -0.79090   -0.79068   -0.78948   -0.78844
  -0.36481   -0.33742   -0.33556   -0.33014   -0.32635   -0.32097   -0.32095   -0.31270
   0.09790    0.10697    0.11120    0.11578    0.11916    0.13140    0.13401    0.14219
   0.15099    0.15685    0.17169    0.17463    0.19122    0.20280    0.21011    0.21580
   0.22025    0.23389    0.23608    0.24240    0.24931    0.25135    0.25775    0.26200
   0.47269    0.47452
 kpt#  70, nband= 50, wtk=  0.00926, kpt=  0.1667  0.3333  0.3333 (reduced coord)
  -1.94298   -1.94276   -1.94274   -1.94268   -0.80180   -0.80132   -0.80113   -0.79741
  -0.79558   -0.79322   -0.79321   -0.79089   -0.79064   -0.78994   -0.78914   -0.78839
  -0.36333   -0.34048   -0.33853   -0.33455   -0.32296   -0.31916   -0.31799   -0.31257
   0.10416    0.10796    0.11343    0.11976    0.12090    0.13421    0.13847    0.14218
   0.15124    0.15257    0.15962    0.17386    0.20045    0.20625    0.21258    0.22108
   0.22529    0.23112    0.23301    0.23517    0.24311    0.24728    0.25075    0.25772
   0.46860    0.47522
 kpt#  71, nband= 50, wtk=  0.00926, kpt=  0.3333  0.3333  0.3333 (reduced coord)
  -1.94292   -1.94275   -1.94274   -1.94274   -0.80281   -0.80264   -0.80256   -0.80001
  -0.79274   -0.79257   -0.79206   -0.79021   -0.78998   -0.78952   -0.78916   -0.78813
  -0.35891   -0.34424   -0.34327   -0.34277   -0.31820   -0.31577   -0.31531   -0.31249
   0.11338    0.11739    0.11881    0.12079    0.12877    0.13928    0.14054    0.14447
   0.15016    0.15074    0.15107    0.18302    0.19318    0.21635    0.21809    0.22013
   0.22182    0.22503    0.22534    0.22706    0.23053    0.24178    0.24473    0.25279
   0.46512    0.47321
 kpt#  72, nband= 50, wtk=  0.00926, kpt=  0.5000  0.3333  0.3333 (reduced coord)
  -1.94283   -1.94283   -1.94275   -1.94275   -0.80324   -0.80324   -0.80204   -0.80204
  -0.79236   -0.79236   -0.79031   -0.79031   -0.78930   -0.78930   -0.78889   -0.78889
  -0.35183   -0.35183   -0.34525   -0.34525   -0.31553   -0.31553   -0.31323   -0.31323
   0.12042    0.12042    0.12220    0.12220    0.13307    0.13307    0.14026    0.14026
   0.15460    0.15460    0.17108    0.17108    0.20124    0.20124    0.21294    0.21294
   0.21875    0.21875    0.22395    0.22395    0.23759    0.23759    0.24997    0.24997
   0.46550    0.46636
 kpt#  73, nband= 50, wtk=  0.00926, kpt= -0.3333  0.3333  0.3333 (reduced coord)
  -1.94292   -1.94275   -1.94274   -1.94274   -0.80281   -0.80264   -0.80256   -0.80001
  -0.79275   -0.79257   -0.79207   -0.79021   -0.78998   -0.78952   -0.78916   -0.78813
  -0.35891   -0.34424   -0.34327   -0.34276   -0.31820   -0.31577   -0.31531   -0.31249
   0.11339    0.11739    0.11881    0.12079    0.12877    0.13928    0.14054    0.14447
   0.15016    0.15074    0.15107    0.18302    0.19318    0.21635    0.21809    0.22014
   0.22182    0.22504    0.22534    0.22706    0.23053    0.24178    0.24473    0.25279
   0.46511    0.47444
 kpt#  74, nband= 50, wtk=  0.00926, kpt= -0.1667  0.3333  0.3333 (reduced coord)
  -1.94298   -1.94276   -1.94274   -1.94268   -0.80180   -0.80132   -0.80113   -0.79741
  -0.79558   -0.79323   -0.79321   -0.79089   -0.79064   -0.78994   -0.78914   -0.78839
  -0.36333   -0.34048   -0.33853   -0.33455   -0.32296   -0.31916   -0.31799   -0.31257
   0.10416    0.10796    0.11343    0.11976    0.12090    0.13421    0.13847    0.14218
   0.15124    0.15257    0.15962    0.17386    0.20045    0.20625    0.21258    0.22108
   0.22529    0.23112    0.23301    0.23517    0.24311    0.24728    0.25075    0.25772
   0.46863    0.47534
 kpt#  75, nband= 50, wtk=  0.00926, kpt=  0.0000  0.5000  0.3333 (reduced coord)
  -1.94288   -1.94287   -1.94271   -1.94271   -0.79973   -0.79973   -0.79868   -0.79868
  -0.79616   -0.79616   -0.79228   -0.79228   -0.79014   -0.79014   -0.78953   -0.78953
  -0.35066   -0.35066   -0.33387   -0.33387   -0.32358   -0.32358   -0.31684   -0.31684
   0.11101    0.11102    0.11875    0.11876    0.11897    0.11897    0.14561    0.14561
   0.14660    0.14660    0.18459    0.18460    0.19134    0.19134    0.20482    0.20482
   0.21540    0.21540    0.24535    0.24536    0.24835    0.24835    0.25706    0.25706
   0.47354    0.47478
 kpt#  76, nband= 50, wtk=  0.00926, kpt=  0.1667  0.5000  0.3333 (reduced coord)
  -1.94286   -1.94286   -1.94272   -1.94272   -0.80158   -0.80158   -0.79975   -0.79975
  -0.79459   -0.79459   -0.79095   -0.79095   -0.78995   -0.78995   -0.78956   -0.78956
  -0.35129   -0.35129   -0.33852   -0.33852   -0.31996   -0.31996   -0.31545   -0.31545
   0.11476    0.11477    0.11994    0.11994    0.12344    0.12345    0.13960    0.13960
   0.15301    0.15301    0.17364    0.17364    0.20224    0.20224    0.20571    0.20571
   0.21999    0.21999    0.23969    0.23969    0.24094    0.24094    0.25467    0.25468
   0.47112    0.47144
 kpt#  77, nband= 50, wtk=  0.00926, kpt=  0.3333  0.5000  0.3333 (reduced coord)
  -1.94283   -1.94283   -1.94275   -1.94275   -0.80323   -0.80323   -0.80206   -0.80206
  -0.79235   -0.79235   -0.79030   -0.79030   -0.78930   -0.78930   -0.78889   -0.78889
  -0.35182   -0.35182   -0.34532   -0.34532   -0.31545   -0.31545   -0.31324   -0.31324
   0.12026    0.12027    0.12242    0.12242    0.13285    0.13285    0.14002    0.14002
   0.15507    0.15507    0.17094    0.17095    0.20126    0.20126    0.21324    0.21324
   0.21889    0.21889    0.22329    0.22329    0.23783    0.23783    0.24999    0.24999
   0.46522    0.46536
 kpt#  78, nband= 50, wtk=  0.00926, kpt=  0.5000  0.5000  0.3333 (reduced coord)
  -1.94279   -1.94279   -1.94279   -1.94279   -0.80342   -0.80342   -0.80342   -0.80342
  -0.79101   -0.79101   -0.79101   -0.79101   -0.78857   -0.78857   -0.78857   -0.78857
  -0.35007   -0.35007   -0.35007   -0.35007   -0.31299   -0.31299   -0.31298   -0.31298
   0.12226    0.12226    0.12226    0.12226    0.14015    0.14015    0.14015    0.14015
   0.16514    0.16514    0.16515    0.16515    0.20538    0.20538    0.20538    0.20539
   0.21456    0.21456    0.21456    0.21456    0.24570    0.24570    0.24571    0.24571
   0.46386    0.46386
 kpt#  79, nband= 50, wtk=  0.00926, kpt= -0.3333  0.5000  0.3333 (reduced coord)
  -1.94283   -1.94283   -1.94275   -1.94275   -0.80323   -0.80323   -0.80206   -0.80206
  -0.79235   -0.79235   -0.79030   -0.79030   -0.78930   -0.78930   -0.78889   -0.78889
  -0.35182   -0.35182   -0.34532   -0.34532   -0.31545   -0.31545   -0.31324   -0.31324
   0.12026    0.12026    0.12242    0.12242    0.13285    0.13285    0.14002    0.14002
   0.15507    0.15508    0.17094    0.17095    0.20126    0.20126    0.21324    0.21324
   0.21889    0.21889    0.22329    0.22329    0.23783    0.23783    0.24999    0.24999
   0.46522    0.46543
 kpt#  80, nband= 50, wtk=  0.00926, kpt= -0.1667  0.5000  0.3333 (reduced coord)
  -1.94286   -1.94286   -1.94272   -1.94272   -0.80158   -0.80158   -0.79975   -0.79975
  -0.79459   -0.79459   -0.79095   -0.79095   -0.78995   -0.78995   -0.78956   -0.78956
  -0.35129   -0.35129   -0.33852   -0.33852   -0.31996   -0.31996   -0.31545   -0.31545
   0.11476    0.11476    0.11994    0.11994    0.12344    0.12344    0.13960    0.13960
   0.15301    0.15301    0.17364    0.17364    0.20224    0.20224    0.20571    0.20571
   0.21999    0.21999    0.23969    0.23969    0.24094    0.24094    0.25467    0.25468
   0.47112    0.47125
 kpt#  81, nband= 50, wtk=  0.00926, kpt=  0.0000 -0.3333  0.3333 (reduced coord)
  -1.94301   -1.94276   -1.94274   -1.94266   -0.80071   -0.80051   -0.79914   -0.79851
  -0.79620   -0.79417   -0.79313   -0.79096   -0.79090   -0.79068   -0.78948   -0.78844
  -0.36481   -0.33742   -0.33556   -0.33014   -0.32635   -0.32097   -0.32095   -0.31270
   0.09790    0.10697    0.11120    0.11578    0.11916    0.13140    0.13401    0.14219
   0.15099    0.15685    0.17169    0.17463    0.19122    0.20280    0.21011    0.21580
   0.22025    0.23389    0.23608    0.24240    0.24931    0.25135    0.25775    0.26200
   0.47203    0.47440
 kpt#  82, nband= 50, wtk=  0.00926, kpt=  0.1667 -0.3333  0.3333 (reduced coord)
  -1.94298   -1.94276   -1.94274   -1.94268   -0.80180   -0.80132   -0.80113   -0.79741
  -0.79558   -0.79322   -0.79321   -0.79089   -0.79064   -0.78994   -0.78914   -0.78839
  -0.36333   -0.34048   -0.33853   -0.33455   -0.32296   -0.31916   -0.31799   -0.31257
   0.10416    0.10796    0.11343    0.11976    0.12090    0.13421    0.13847    0.14218
   0.15124    0.15257    0.15962    0.17386    0.20045    0.20625    0.21258    0.22108
   0.22529    0.23112    0.23301    0.23517    0.24311    0.24728    0.25075    0.25772
   0.46860    0.47548
 kpt#  83, nband= 50, wtk=  0.00926, kpt=  0.3333 -0.3333  0.3333 (reduced coord)
  -1.94292   -1.94275   -1.94274   -1.94274   -0.80281   -0.80264   -0.80256   -0.80001
  -0.79274   -0.79257   -0.79206   -0.79021   -0.78998   -0.78952   -0.78916   -0.78813
  -0.35891   -0.34424   -0.34327   -0.34277   -0.31820   -0.31577   -0.31531   -0.31249
   0.11338    0.11739    0.11881    0.12079    0.12877    0.13928    0.14054    0.14447
   0.15016    0.15074    0.15107    0.18302    0.19318    0.21635    0.21809    0.22013
   0.22182    0.22503    0.22534    0.22706    0.23053    0.24178    0.24473    0.25279
   0.46513    0.47310
 kpt#  84, nband= 50, wtk=  0.00926, kpt=  0.5000 -0.3333  0.3333 (reduced coord)
  -1.94283   -1.94283   -1.94275   -1.94275   -0.80324   -0.80324   -0.80204   -0.80204
  -0.79236   -0.79236   -0.79031   -0.79031   -0.78930   -0.78930   -0.78889   -0.78889
  -0.35183   -0.35183   -0.34525   -0.34525   -0.31553   -0.31553   -0.31323   -0.31323
   0.12042    0.12042    0.12220    0.12220    0.13307    0.13307    0.14026    0.14026
   0.15460    0.15460    0.17108    0.17108    0.20124    0.20124    0.21294    0.21294
   0.21875    0.21875    0.22395    0.22395    0.23759    0.23759    0.24997    0.24997
   0.46551    0.46584
 kpt#  85, nband= 50, wtk=  0.00926, kpt= -0.3333 -0.3333  0.3333 (reduced coord)
  -1.94292   -1.94275   -1.94274   -1.94274   -0.80281   -0.80264   -0.80256   -0.80001
  -0.79275   -0.79257   -0.79207   -0.79021   -0.78998   -0.78952   -0.78916   -0.78813
  -0.35891   -0.34424   -0.34327   -0.34276   -0.31820   -0.31577   -0.31531   -0.31249
   0.11339    0.11739    0.11881    0.12079    0.12877    0.13928    0.14054    0.14447
   0.15016    0.15074    0.15107    0.18302    0.19318    0.21635    0.21809    0.22014
   0.22182    0.22504    0.22534    0.22706    0.23053    0.24178    0.24473    0.25279
   0.46509    0.47289
 kpt#  86, nband= 50, wtk=  0.00926, kpt= -0.1667 -0.3333  0.3333 (reduced coord)
  -1.94298   -1.94276   -1.94274   -1.94268   -0.80180   -0.80132   -0.80113   -0.79741
  -0.79558   -0.79323   -0.79321   -0.79089   -0.79064   -0.78994   -0.78914   -0.78839
  -0.36333   -0.34048   -0.33853   -0.33455   -0.32296   -0.31916   -0.31799   -0.31257
   0.10416    0.10796    0.11343    0.11976    0.12090    0.13421    0.13847    0.14218
   0.15124    0.15257    0.15962    0.17386    0.20045    0.20625    0.21258    0.22108
   0.22529    0.23112    0.23301    0.23517    0.24311    0.24728    0.25075    0.25772
   0.46858    0.47548
 kpt#  87, nband= 50, wtk=  0.00926, kpt=  0.0000 -0.1667  0.3333 (reduced coord)
  -1.94310   -1.94279   -1.94264   -1.94262   -0.80194   -0.80130   -0.80089   -0.79707
  -0.79557   -0.79394   -0.79218   -0.79195   -0.79091   -0.79026   -0.78841   -0.78799
  -0.37471   -0.33995   -0.32847   -0.32721   -0.32396   -0.32374   -0.31918   -0.30963
   0.08661    0.09068    0.10430    0.11352    0.11909    0.13327    0.13725    0.14223
   0.14593    0.14660    0.17046    0.17856    0.20110    0.20422    0.22038    0.22469
   0.22939    0.23479    0.23567    0.23849    0.25930    0.25981    0.26445    0.26563
   0.46149    0.46941
 kpt#  88, nband= 50, wtk=  0.00926, kpt=  0.1667 -0.1667  0.3333 (reduced coord)
  -1.94307   -1.94278   -1.94266   -1.94265   -0.80192   -0.80146   -0.80102   -0.79608
  -0.79544   -0.79501   -0.79185   -0.79174   -0.79158   -0.78993   -0.78852   -0.78797
  -0.37171   -0.34045   -0.32997   -0.32851   -0.32663   -0.32075   -0.31933   -0.31044
   0.09417    0.09477    0.10340    0.11720    0.11975    0.13682    0.13723    0.14453
   0.14635    0.15228    0.16360    0.16574    0.20473    0.21547    0.21857    0.22071
   0.23185    0.23199    0.23439    0.23630    0.25284    0.25712    0.25736    0.26030
   0.46504    0.47017
 kpt#  89, nband= 50, wtk=  0.00926, kpt=  0.3333 -0.1667  0.3333 (reduced coord)
  -1.94298   -1.94276   -1.94274   -1.94268   -0.80180   -0.80132   -0.80111   -0.79737
  -0.79559   -0.79327   -0.79323   -0.79089   -0.79064   -0.78994   -0.78913   -0.78839
  -0.36331   -0.34037   -0.33861   -0.33419   -0.32303   -0.31963   -0.31784   -0.31265
   0.10420    0.10802    0.11337    0.11926    0.12143    0.13500    0.13854    0.14253
   0.15110    0.15172    0.15953    0.17354    0.20098    0.20669    0.21210    0.22109
   0.22500    0.23045    0.23257    0.23601    0.24361    0.24680    0.25103    0.25764
   0.46904    0.47562
 kpt#  90, nband= 50, wtk=  0.00926, kpt=  0.5000 -0.1667  0.3333 (reduced coord)
  -1.94286   -1.94286   -1.94272   -1.94272   -0.80159   -0.80159   -0.79969   -0.79968
  -0.79464   -0.79464   -0.79097   -0.79097   -0.78993   -0.78993   -0.78956   -0.78956
  -0.35126   -0.35126   -0.33830   -0.33830   -0.32015   -0.32015   -0.31555   -0.31555
   0.11461    0.11461    0.12007    0.12007    0.12393    0.12393    0.13962    0.13962
   0.15292    0.15293    0.17332    0.17332    0.20169    0.20169    0.20599    0.20600
   0.22045    0.22045    0.23917    0.23917    0.24111    0.24111    0.25475    0.25475
   0.47165    0.47204
 kpt#  91, nband= 50, wtk=  0.00926, kpt= -0.3333 -0.1667  0.3333 (reduced coord)
  -1.94298   -1.94276   -1.94274   -1.94268   -0.80180   -0.80132   -0.80111   -0.79737
  -0.79559   -0.79327   -0.79323   -0.79089   -0.79064   -0.78994   -0.78913   -0.78839
  -0.36331   -0.34037   -0.33861   -0.33419   -0.32303   -0.31963   -0.31784   -0.31265
   0.10420    0.10802    0.11337    0.11926    0.12143    0.13500    0.13854    0.14253
   0.15110    0.15172    0.15953    0.17354    0.20098    0.20669    0.21210    0.22109
   0.22500    0.23045    0.23257    0.23602    0.24361    0.24680    0.25102    0.25764
   0.46900    0.47575
 kpt#  92, nband= 50, wtk=  0.00926, kpt= -0.1667 -0.1667  0.3333 (reduced coord)
  -1.94307   -1.94278   -1.94266   -1.94265   -0.80192   -0.80146   -0.80102   -0.79608
  -0.79544   -0.79501   -0.79185   -0.79174   -0.79158   -0.78993   -0.78852   -0.78797
  -0.37171   -0.34045   -0.32998   -0.32851   -0.32663   -0.32075   -0.31933   -0.31044
   0.09417    0.09477    0.10340    0.11720    0.11975    0.13682    0.13723    0.14453
   0.14635    0.15228    0.16360    0.16574    0.20473    0.21547    0.21857    0.22071
   0.23185    0.23199    0.23439    0.23630    0.25284    0.25712    0.25736    0.26030
   0.46504    0.47017
 kpt#  93, nband= 50, wtk=  0.00463, kpt=  0.0000  0.0000  0.5000 (reduced coord)
  -1.94297   -1.94297   -1.94261   -1.94261   -0.79924   -0.79924   -0.79920   -0.79920
  -0.79705   -0.79705   -0.79268   -0.79267   -0.78918   -0.78918   -0.78895   -0.78895
  -0.36029   -0.36029   -0.32223   -0.32223   -0.32214   -0.32214   -0.31922   -0.31922
   0.10665    0.10665    0.10693    0.10694    0.12201    0.12201    0.13137    0.13137
   0.15090    0.15090    0.17479    0.17479    0.20058    0.20058    0.20327    0.20328
   0.21950    0.21950    0.24812    0.24812    0.26841    0.26842    0.26902    0.26903
   0.46942    0.46953
 kpt#  94, nband= 50, wtk=  0.00926, kpt=  0.1667  0.0000  0.5000 (reduced coord)
  -1.94295   -1.94295   -1.94263   -1.94263   -0.79949   -0.79949   -0.79855   -0.79855
  -0.79754   -0.79754   -0.79204   -0.79204   -0.78985   -0.78985   -0.78890   -0.78890
  -0.35800   -0.35799   -0.32501   -0.32501   -0.32197   -0.32197   -0.31938   -0.31938
   0.10831    0.10831    0.11368    0.11368    0.12162    0.12162    0.12855    0.12855
   0.15820    0.15820    0.18030    0.18030    0.18865    0.18865    0.19891    0.19891
   0.23045    0.23045    0.24038    0.24038    0.26300    0.26300    0.26370    0.26371
   0.47205    0.47205
 kpt#  95, nband= 50, wtk=  0.00926, kpt=  0.3333  0.0000  0.5000 (reduced coord)
  -1.94288   -1.94288   -1.94270   -1.94270   -0.79974   -0.79974   -0.79857   -0.79857
  -0.79676   -0.79676   -0.79173   -0.79173   -0.79072   -0.79072   -0.78896   -0.78896
  -0.35155   -0.35154   -0.33259   -0.33259   -0.32133   -0.32133   -0.31982   -0.31981
   0.11145    0.11145    0.11861    0.11861    0.12964    0.12965    0.13052    0.13052
   0.16942    0.16942    0.17545    0.17545    0.18961    0.18962    0.19606    0.19606
   0.21709    0.21709    0.24059    0.24059    0.24928    0.24928    0.25777    0.25777
   0.47429    0.47616
 kpt#  96, nband= 50, wtk=  0.00463, kpt=  0.5000  0.0000  0.5000 (reduced coord)
  -1.94279   -1.94279   -1.94279   -1.94279   -0.79945   -0.79945   -0.79945   -0.79945
  -0.79427   -0.79427   -0.79426   -0.79426   -0.78957   -0.78957   -0.78956   -0.78956
  -0.34234   -0.34234   -0.34234   -0.34234   -0.32054   -0.32053   -0.32053   -0.32053
   0.11491    0.11491    0.11491    0.11491    0.13614    0.13614    0.13614    0.13615
   0.17716    0.17716    0.17716    0.17716    0.18678    0.18678    0.18679    0.18679
   0.22224    0.22225    0.22225    0.22225    0.25263    0.25263    0.25264    0.25264
   0.47433    0.47434
 kpt#  97, nband= 50, wtk=  0.00926, kpt=  0.0000  0.1667  0.5000 (reduced coord)
  -1.94295   -1.94295   -1.94263   -1.94263   -0.79957   -0.79957   -0.79846   -0.79846
  -0.79755   -0.79755   -0.79204   -0.79204   -0.78981   -0.78981   -0.78893   -0.78893
  -0.35804   -0.35803   -0.32554   -0.32554   -0.32144   -0.32144   -0.31933   -0.31933
   0.10811    0.10811    0.11384    0.11384    0.12160    0.12160    0.12858    0.12858
   0.15777    0.15777    0.18072    0.18072    0.18791    0.18791    0.20005    0.20005
   0.23000    0.23000    0.24059    0.24059    0.26306    0.26307    0.26352    0.26352
   0.47182    0.47182
 kpt#  98, nband= 50, wtk=  0.00926, kpt=  0.1667  0.1667  0.5000 (reduced coord)
  -1.94293   -1.94293   -1.94265   -1.94265   -0.80081   -0.80081   -0.79888   -0.79765
  -0.79672   -0.79672   -0.79163   -0.79163   -0.79074   -0.78927   -0.78902   -0.78885
  -0.35679   -0.35619   -0.32979   -0.32973   -0.31958   -0.31950   -0.31944   -0.31845
   0.11075    0.11094    0.11910    0.11937    0.12028    0.12308    0.12514    0.13238
   0.15470    0.16985    0.17421    0.17435    0.18439    0.18452    0.20899    0.20912
   0.23005    0.23035    0.23170    0.24165    0.25482    0.25669    0.25698    0.25987
   0.46822    0.47897
 kpt#  99, nband= 50, wtk=  0.00926, kpt=  0.3333  0.1667  0.5000 (reduced coord)
  -1.94287   -1.94287   -1.94271   -1.94271   -0.80182   -0.80123   -0.80059   -0.79904
  -0.79490   -0.79409   -0.79191   -0.79070   -0.79051   -0.79008   -0.78902   -0.78884
  -0.35251   -0.35150   -0.33750   -0.33690   -0.31917   -0.31840   -0.31760   -0.31743
   0.11405    0.11708    0.12025    0.12062    0.12882    0.12972    0.13290    0.13822
   0.15765    0.16131    0.16555    0.18302    0.19499    0.19554    0.20303    0.20817
   0.21196    0.22625    0.23522    0.23590    0.24108    0.24614    0.24663    0.25590
   0.46839    0.47977
 kpt# 100, nband= 50, wtk=  0.00926, kpt=  0.5000  0.1667  0.5000 (reduced coord)
  -1.94279   -1.94279   -1.94279   -1.94279   -0.80173   -0.80173   -0.80052   -0.80052
  -0.79333   -0.79333   -0.79174   -0.79174   -0.78968   -0.78968   -0.78937   -0.78937
  -0.34569   -0.34569   -0.34466   -0.34466   -0.31856   -0.31856   -0.31697   -0.31697
   0.11780    0.11781    0.12006    0.12006    0.13344    0.13345    0.13818    0.13818
   0.16564    0.16564    0.17301    0.17301    0.19733    0.19733    0.20293    0.20293
   0.21821    0.21821    0.21976    0.21976    0.24323    0.24323    0.25193    0.25194
   0.47118    0.47508
 kpt# 101, nband= 50, wtk=  0.00926, kpt= -0.3333  0.1667  0.5000 (reduced coord)
  -1.94287   -1.94287   -1.94271   -1.94271   -0.80182   -0.80123   -0.80059   -0.79904
  -0.79490   -0.79409   -0.79191   -0.79070   -0.79051   -0.79008   -0.78902   -0.78884
  -0.35251   -0.35150   -0.33750   -0.33690   -0.31917   -0.31840   -0.31760   -0.31743
   0.11405    0.11708    0.12025    0.12062    0.12882    0.12972    0.13290    0.13822
   0.15765    0.16131    0.16555    0.18302    0.19499    0.19554    0.20303    0.20817
   0.21196    0.22625    0.23522    0.23590    0.24108    0.24614    0.24663    0.25590
   0.46837    0.47921
 kpt# 102, nband= 50, wtk=  0.00926, kpt= -0.1667  0.1667  0.5000 (reduced coord)
  -1.94293   -1.94293   -1.94265   -1.94265   -0.80081   -0.80081   -0.79888   -0.79765
  -0.79672   -0.79672   -0.79163   -0.79163   -0.79074   -0.78927   -0.78902   -0.78885
  -0.35679   -0.35619   -0.32979   -0.32973   -0.31958   -0.31950   -0.31944   -0.31845
   0.11075    0.11094    0.11910    0.11937    0.12028    0.12308    0.12514    0.13238
   0.15470    0.16985    0.17421    0.17435    0.18439    0.18452    0.20899    0.20912
   0.23005    0.23035    0.23170    0.24165    0.25482    0.25669    0.25698    0.25987
   0.46822    0.47961
 kpt# 103, nband= 50, wtk=  0.00926, kpt=  0.0000  0.3333  0.5000 (reduced coord)
  -1.94288   -1.94288   -1.94270   -1.94270   -0.79983   -0.79983   -0.79861   -0.79861
  -0.79667   -0.79667   -0.79167   -0.79167   -0.79072   -0.79072   -0.78897   -0.78897
  -0.35170   -0.35169   -0.33305   -0.33305   -0.32084   -0.32084   -0.31964   -0.31964
   0.11129    0.11129    0.11852    0.11852    0.12953    0.12953    0.13046    0.13047
   0.16877    0.16877    0.17544    0.17544    0.19003    0.19003    0.19690    0.19690
   0.21732    0.21733    0.24037    0.24038    0.24934    0.24934    0.25751    0.25751
   0.47391    0.47493
 kpt# 104, nband= 50, wtk=  0.00926, kpt=  0.1667  0.3333  0.5000 (reduced coord)
  -1.94287   -1.94287   -1.94271   -1.94271   -0.80184   -0.80126   -0.80061   -0.79907
  -0.79488   -0.79407   -0.79187   -0.79071   -0.79050   -0.79004   -0.78904   -0.78884
  -0.35261   -0.35159   -0.33771   -0.33705   -0.31906   -0.31824   -0.31737   -0.31731
   0.11386    0.11707    0.12016    0.12044    0.12848    0.12987    0.13290    0.13838
   0.15760    0.16102    0.16579    0.18157    0.19593    0.19670    0.20331    0.20814
   0.21195    0.22646    0.23508    0.23573    0.24207    0.24540    0.24643    0.25567
   0.46795    0.47939
 kpt# 105, nband= 50, wtk=  0.00926, kpt=  0.3333  0.3333  0.5000 (reduced coord)
  -1.94284   -1.94283   -1.94275   -1.94274   -0.80318   -0.80318   -0.80272   -0.80128
  -0.79176   -0.79175   -0.79122   -0.79013   -0.79012   -0.78957   -0.78874   -0.78864
  -0.35265   -0.35146   -0.34435   -0.34432   -0.31636   -0.31434   -0.31431   -0.31423
   0.12279    0.12302    0.12349    0.12393    0.13204    0.13512    0.13708    0.13776
   0.15606    0.15649    0.16238    0.18817    0.19586    0.19645    0.21512    0.21824
   0.21923    0.22204    0.22218    0.22815    0.23109    0.23514    0.23604    0.24800
   0.46639    0.47474
 kpt# 106, nband= 50, wtk=  0.00926, kpt=  0.5000  0.3333  0.5000 (reduced coord)
  -1.94279   -1.94279   -1.94279   -1.94279   -0.80372   -0.80372   -0.80295   -0.80295
  -0.79113   -0.79113   -0.78995   -0.78995   -0.78931   -0.78931   -0.78897   -0.78897
  -0.35000   -0.34999   -0.34927   -0.34927   -0.31413   -0.31413   -0.31285   -0.31285
   0.12553    0.12553    0.12782    0.12783    0.13312    0.13312    0.13587    0.13587
   0.16411    0.16411    0.17269    0.17269    0.20424    0.20424    0.20457    0.20457
   0.21941    0.21941    0.22334    0.22335    0.22815    0.22815    0.24402    0.24402
   0.46694    0.46708
 kpt# 107, nband= 50, wtk=  0.00926, kpt= -0.3333  0.3333  0.5000 (reduced coord)
  -1.94284   -1.94283   -1.94275   -1.94274   -0.80318   -0.80318   -0.80272   -0.80128
  -0.79176   -0.79175   -0.79122   -0.79013   -0.79012   -0.78957   -0.78874   -0.78864
  -0.35265   -0.35146   -0.34435   -0.34432   -0.31636   -0.31434   -0.31431   -0.31423
   0.12279    0.12302    0.12349    0.12393    0.13204    0.13512    0.13708    0.13776
   0.15606    0.15649    0.16238    0.18817    0.19586    0.19645    0.21512    0.21824
   0.21923    0.22204    0.22218    0.22815    0.23109    0.23514    0.23604    0.24800
   0.46612    0.47393
 kpt# 108, nband= 50, wtk=  0.00926, kpt= -0.1667  0.3333  0.5000 (reduced coord)
  -1.94287   -1.94287   -1.94271   -1.94271   -0.80184   -0.80126   -0.80061   -0.79907
  -0.79488   -0.79407   -0.79187   -0.79071   -0.79050   -0.79004   -0.78904   -0.78884
  -0.35261   -0.35159   -0.33771   -0.33705   -0.31906   -0.31824   -0.31737   -0.31731
   0.11386    0.11707    0.12016    0.12044    0.12848    0.12987    0.13290    0.13838
   0.15760    0.16102    0.16579    0.18157    0.19593    0.19670    0.20331    0.20814
   0.21195    0.22646    0.23508    0.23573    0.24207    0.24540    0.24643    0.25567
   0.46794    0.47935
 kpt# 109, nband= 50, wtk=  0.00463, kpt=  0.0000  0.5000  0.5000 (reduced coord)
  -1.94279   -1.94279   -1.94279   -1.94279   -0.79952   -0.79952   -0.79952   -0.79952
  -0.79419   -0.79419   -0.79419   -0.79419   -0.78957   -0.78957   -0.78957   -0.78957
  -0.34265   -0.34265   -0.34265   -0.34265   -0.32020   -0.32020   -0.32019   -0.32019
   0.11477    0.11477    0.11477    0.11477    0.13580    0.13580    0.13580    0.13581
   0.17742    0.17742    0.17742    0.17742    0.18688    0.18688    0.18689    0.18689
   0.22260    0.22260    0.22260    0.22260    0.25240    0.25240    0.25240    0.25240
   0.47421    0.47421
 kpt# 110, nband= 50, wtk=  0.00926, kpt=  0.1667  0.5000  0.5000 (reduced coord)
  -1.94279   -1.94279   -1.94279   -1.94279   -0.80176   -0.80176   -0.80056   -0.80056
  -0.79329   -0.79329   -0.79170   -0.79170   -0.78969   -0.78969   -0.78937   -0.78937
  -0.34588   -0.34588   -0.34483   -0.34483   -0.31836   -0.31836   -0.31676   -0.31675
   0.11762    0.11762    0.11990    0.11990    0.13321    0.13321    0.13817    0.13818
   0.16569    0.16569    0.17311    0.17311    0.19692    0.19692    0.20347    0.20347
   0.21828    0.21828    0.22046    0.22046    0.24308    0.24308    0.25165    0.25165
   0.47084    0.47143
 kpt# 111, nband= 50, wtk=  0.00926, kpt=  0.3333  0.5000  0.5000 (reduced coord)
  -1.94279   -1.94279   -1.94279   -1.94279   -0.80373   -0.80372   -0.80296   -0.80296
  -0.79113   -0.79113   -0.78993   -0.78993   -0.78933   -0.78933   -0.78896   -0.78896
  -0.35005   -0.35005   -0.34930   -0.34930   -0.31409   -0.31409   -0.31279   -0.31279
   0.12520    0.12520    0.12776    0.12777    0.13295    0.13296    0.13634    0.13634
   0.16416    0.16416    0.17247    0.17247    0.20385    0.20385    0.20497    0.20497
   0.21945    0.21945    0.22408    0.22408    0.22792    0.22792    0.24375    0.24375
   0.46653    0.46659
 kpt# 112, nband= 50, wtk=  0.00463, kpt=  0.5000  0.5000  0.5000 (reduced coord)
  -1.94279   -1.94279   -1.94279   -1.94279   -0.80419   -0.80419   -0.80419   -0.80419
  -0.79019   -0.79019   -0.79019   -0.79018   -0.78857   -0.78857   -0.78857   -0.78857
  -0.35152   -0.35152   -0.35151   -0.35151   -0.31173   -0.31173   -0.31173   -0.31173
   0.12819    0.12819    0.12819    0.12819    0.13651    0.13651    0.13652    0.13652
   0.17064    0.17064    0.17064    0.17064    0.19972    0.19973    0.19973    0.19973
   0.22055    0.22055    0.22055    0.22056    0.23576    0.23576    0.23576    0.23576
   0.46553    0.46553
