 Fermi (or HOMO) energy (hartree) =   0.27691   Average Vxc (hartree)=  -0.44598
 Eigenvalues (hartree) for nkpt= 112  k points:
 kpt#   1, nband= 50, wtk=  0.00463, kpt=  0.0000  0.0000  0.0000 (reduced coord)
  -1.94343   -1.94276   -1.94274   -1.94273   -0.80514   -0.80510   -0.80478   -0.79346
  -0.79299   -0.79266   -0.79224   -0.79146   -0.79135   -0.78838   -0.78684   -0.78683
  -0.39512   -0.33821   -0.32936   -0.32886   -0.31890   -0.31612   -0.31570   -0.29758
   0.06043    0.06056    0.07192    0.09593    0.10287    0.10326    0.16210    0.16400
   0.16651    0.16836    0.17241    0.17244    0.22127    0.22391    0.22620    0.22880
   0.24697    0.25182    0.25428    0.25511    0.25606    0.26601    0.26811    0.27517
   0.44421    0.44566
 kpt#   2, nband= 50, wtk=  0.00926, kpt=  0.1667  0.0000  0.0000 (reduced coord)
  -1.94338   -1.94278   -1.94276   -1.94274   -0.80424   -0.80404   -0.80403   -0.79398
  -0.79328   -0.79248   -0.79211   -0.79202   -0.79149   -0.78861   -0.78820   -0.78722
  -0.39037   -0.33672   -0.32871   -0.32705   -0.32172   -0.31951   -0.31742   -0.29985
   0.06627    0.07048    0.07124    0.09832    0.10513    0.11879    0.15107    0.15261
   0.16065    0.16184    0.17225    0.17542    0.21675    0.21988    0.22026    0.23323
   0.24773    0.24860    0.24916    0.25779    0.25943    0.25949    0.26901    0.27566
   0.45226    0.45288
 kpt#   3, nband= 50, wtk=  0.00926, kpt=  0.3333  0.0000  0.0000 (reduced coord)
  -1.94326   -1.94291   -1.94276   -1.94274   -0.80198   -0.80187   -0.80092   -0.79620
  -0.79511   -0.79285   -0.79186   -0.79181   -0.79136   -0.79105   -0.78932   -0.78825
  -0.37710   -0.33805   -0.33265   -0.32627   -0.32333   -0.32124   -0.31973   -0.30589
   0.07820    0.08256    0.09891    0.10540    0.11390    0.12512    0.13418    0.13670
   0.14472    0.15281    0.18262    0.18295    0.18550    0.20694    0.20987    0.22897
   0.23711    0.23812    0.25334    0.26037    0.26440    0.26882    0.26924    0.27689
   0.46706    0.47048
 kpt#   4, nband= 50, wtk=  0.00463, kpt=  0.5000  0.0000  0.0000 (reduced coord)
  -1.94308   -1.94308   -1.94275   -1.94275   -0.79912   -0.79912   -0.79855   -0.79855
  -0.79649   -0.79649   -0.79235   -0.79235   -0.79036   -0.79035   -0.78965   -0.78965
  -0.35816   -0.35816   -0.32727   -0.32727   -0.32371   -0.32371   -0.31368   -0.31368
   0.09493    0.09493    0.11082    0.11082    0.11750    0.11750    0.12786    0.12786
   0.13989    0.13990    0.18966    0.18966    0.19639    0.19639    0.19651    0.19652
   0.23680    0.23680    0.25984    0.25984    0.26753    0.26753    0.27590    0.27590
   0.47880    0.48071
 kpt#   5, nband= 50, wtk=  0.00926, kpt=  0.0000  0.1667  0.0000 (reduced coord)
  -1.94338   -1.94278   -1.94276   -1.94274   -0.80428   -0.80404   -0.80399   -0.79417
  -0.79290   -0.79247   -0.79236   -0.79196   -0.79149   -0.78863   -0.78820   -0.78721
  -0.39038   -0.33667   -0.32810   -0.32742   -0.32224   -0.31949   -0.31715   -0.29992
   0.06620    0.07052    0.07113    0.09833    0.10590    0.11821    0.15178    0.15244
   0.16011    0.16242    0.17253    0.17482    0.21650    0.21950    0.22078    0.23738
   0.24340    0.24409    0.24961    0.25909    0.25915    0.26560    0.26598    0.27566
   0.45150    0.45232
 kpt#   6, nband= 50, wtk=  0.00926, kpt=  0.1667  0.1667  0.0000 (reduced coord)
  -1.94334   -1.94278   -1.94278   -1.94276   -0.80340   -0.80337   -0.80332   -0.79389
  -0.79384   -0.79366   -0.79193   -0.79178   -0.79097   -0.78991   -0.78894   -0.78702
  -0.38604   -0.33577   -0.32743   -0.32711   -0.32244   -0.32221   -0.31992   -0.30188
   0.07282    0.07587    0.07590    0.10003    0.10934    0.12926    0.14437    0.14447
   0.15903    0.16469    0.16481    0.17318    0.21256    0.21750    0.22297    0.22359
   0.24439    0.24920    0.24966    0.25032    0.25946    0.26049    0.26817    0.27592
   0.45541    0.46085
 kpt#   7, nband= 50, wtk=  0.00926, kpt=  0.3333  0.1667  0.0000 (reduced coord)
  -1.94322   -1.94290   -1.94278   -1.94277   -0.80162   -0.80136   -0.80093   -0.79635
  -0.79570   -0.79326   -0.79295   -0.79129   -0.79101   -0.79074   -0.78973   -0.78774
  -0.37389   -0.33817   -0.33336   -0.32731   -0.32460   -0.32113   -0.31998   -0.30709
   0.08180    0.09083    0.10219    0.10548    0.11826    0.12406    0.13169    0.13849
   0.14873    0.15924    0.17534    0.17989    0.18856    0.20384    0.20626    0.22858
   0.23137    0.23496    0.24885    0.25228    0.26325    0.26766    0.26903    0.27664
   0.46410    0.47435
 kpt#   8, nband= 50, wtk=  0.00926, kpt=  0.5000  0.1667  0.0000 (reduced coord)
  -1.94306   -1.94306   -1.94277   -1.94277   -0.79912   -0.79911   -0.79880   -0.79879
  -0.79703   -0.79703   -0.79182   -0.79182   -0.79058   -0.79058   -0.78917   -0.78917
  -0.35655   -0.35655   -0.33016   -0.33016   -0.32286   -0.32286   -0.31386   -0.31385
   0.09940    0.09940    0.11415    0.11415    0.11447    0.11447    0.13205    0.13205
   0.14618    0.14618    0.18831    0.18832    0.18937    0.18937    0.19926    0.19926
   0.23226    0.23226    0.25217    0.25217    0.26598    0.26598    0.27526    0.27526
   0.47225    0.47284
 kpt#   9, nband= 50, wtk=  0.00926, kpt= -0.3333  0.1667  0.0000 (reduced coord)
  -1.94322   -1.94290   -1.94278   -1.94277   -0.80162   -0.80136   -0.80093   -0.79635
  -0.79570   -0.79326   -0.79295   -0.79129   -0.79101   -0.79074   -0.78973   -0.78774
  -0.37389   -0.33817   -0.33336   -0.32731   -0.32460   -0.32113   -0.31998   -0.30709
   0.08180    0.09083    0.10219    0.10548    0.11826    0.12406    0.13169    0.13849
   0.14873    0.15924    0.17534    0.17989    0.18856    0.20384    0.20626    0.22858
   0.23137    0.23496    0.24885    0.25228    0.26325    0.26766    0.26903    0.27664
   0.46412    0.47405
 kpt#  10, nband= 50, wtk=  0.00926, kpt= -0.1667  0.1667  0.0000 (reduced coord)
  -1.94334   -1.94278   -1.94278   -1.94276   -0.80340   -0.80337   -0.80332   -0.79389
  -0.79384   -0.79366   -0.79193   -0.79178   -0.79097   -0.78991   -0.78894   -0.78702
  -0.38604   -0.33577   -0.32743   -0.32711   -0.32244   -0.32221   -0.31992   -0.30188
   0.07282    0.07587    0.07590    0.10003    0.10934    0.12926    0.14437    0.14447
   0.15903    0.16469    0.16481    0.17318    0.21256    0.21750    0.22297    0.22359
   0.24439    0.24920    0.24966    0.25032    0.25946    0.26049    0.26817    0.27592
   0.45541    0.46086
 kpt#  11, nband= 50, wtk=  0.00926, kpt=  0.0000  0.3333  0.0000 (reduced coord)
  -1.94326   -1.94291   -1.94276   -1.94274   -0.80199   -0.80189   -0.80089   -0.79627
  -0.79511   -0.79264   -0.79183   -0.79180   -0.79155   -0.79100   -0.78937   -0.78824
  -0.37714   -0.33810   -0.33244   -0.32613   -0.32200   -0.32118   -0.32116   -0.30617
   0.07808    0.08256    0.09877    0.10546    0.11466    0.12536    0.13428    0.13678
   0.14495    0.15301    0.18225    0.18300    0.18505    0.20707    0.21114    0.22850
   0.23429    0.23870    0.25211    0.26382    0.26478    0.26633    0.26999    0.27691
   0.46389    0.46729
 kpt#  12, nband= 50, wtk=  0.00926, kpt=  0.1667  0.3333  0.0000 (reduced coord)
  -1.94322   -1.94290   -1.94278   -1.94277   -0.80164   -0.80137   -0.80091   -0.79635
  -0.79577   -0.79325   -0.79279   -0.79144   -0.79096   -0.79070   -0.78979   -0.78773
  -0.37393   -0.33828   -0.33322   -0.32687   -0.32440   -0.32107   -0.32053   -0.30728
   0.08175    0.09102    0.10194    0.10552    0.11871    0.12397    0.13192    0.13858
   0.14891    0.15955    0.17554    0.17925    0.18818    0.20462    0.20650    0.22850
   0.23097    0.23276    0.25089    0.25197    0.26265    0.26730    0.26967    0.27665
   0.46221    0.47052
 kpt#  13, nband= 50, wtk=  0.00926, kpt=  0.3333  0.3333  0.0000 (reduced coord)
  -1.94313   -1.94287   -1.94287   -1.94279   -0.80071   -0.80070   -0.79974   -0.79832
  -0.79584   -0.79447   -0.79442   -0.79112   -0.79008   -0.79004   -0.78985   -0.78762
  -0.36490   -0.33811   -0.33794   -0.33508   -0.32085   -0.32046   -0.32022   -0.31046
   0.09205    0.10674    0.10906    0.10974    0.12584    0.12652    0.12885    0.13897
   0.15966    0.15969    0.17638    0.17910    0.18797    0.18947    0.20723    0.20791
   0.21433    0.23435    0.23485    0.24015    0.26700    0.26861    0.26902    0.27586
   0.45971    0.46643
 kpt#  14, nband= 50, wtk=  0.00926, kpt=  0.5000  0.3333  0.0000 (reduced coord)
  -1.94300   -1.94300   -1.94283   -1.94283   -0.79988   -0.79988   -0.79914   -0.79914
  -0.79659   -0.79659   -0.79277   -0.79276   -0.78962   -0.78962   -0.78853   -0.78853
  -0.35190   -0.35190   -0.33698   -0.33698   -0.32061   -0.32061   -0.31513   -0.31513
   0.10512    0.10513    0.10996    0.10996    0.13051    0.13051    0.14308    0.14308
   0.15606    0.15606    0.17400    0.17400    0.18693    0.18693    0.20645    0.20645
   0.21050    0.21050    0.23618    0.23618    0.26795    0.26795    0.27378    0.27378
   0.46122    0.46228
 kpt#  15, nband= 50, wtk=  0.00926, kpt= -0.3333  0.3333  0.0000 (reduced coord)
  -1.94313   -1.94287   -1.94287   -1.94279   -0.80071   -0.80070   -0.79974   -0.79832
  -0.79584   -0.79447   -0.79442   -0.79112   -0.79008   -0.79004   -0.78985   -0.78762
  -0.36490   -0.33811   -0.33794   -0.33508   -0.32085   -0.32046   -0.32022   -0.31046
   0.09205    0.10674    0.10906    0.10974    0.12584    0.12652    0.12885    0.13897
   0.15966    0.15969    0.17638    0.17910    0.18797    0.18947    0.20723    0.20791
   0.21433    0.23435    0.23485    0.24015    0.26700    0.26861    0.26902    0.27586
   0.45980    0.46604
 kpt#  16, nband= 50, wtk=  0.00926, kpt= -0.1667  0.3333  0.0000 (reduced coord)
  -1.94322   -1.94290   -1.94278   -1.94277   -0.80164   -0.80137   -0.80091   -0.79635
  -0.79577   -0.79325   -0.79279   -0.79144   -0.79096   -0.79070   -0.78979   -0.78773
  -0.37393   -0.33828   -0.33322   -0.32687   -0.32440   -0.32107   -0.32053   -0.30728
   0.08175    0.09102    0.10194    0.10552    0.11871    0.12397    0.13192    0.13858
   0.14891    0.15955    0.17554    0.17925    0.18818    0.20462    0.20650    0.22850
   0.23097    0.23276    0.25089    0.25197    0.26265    0.26730    0.26967    0.27665
   0.46222    0.47026
 kpt#  17, nband= 50, wtk=  0.00463, kpt=  0.0000  0.5000  0.0000 (reduced coord)
  -1.94309   -1.94308   -1.94275   -1.94275   -0.79916   -0.79915   -0.79856   -0.79855
  -0.79647   -0.79647   -0.79226   -0.79225   -0.79045   -0.79044   -0.78963   -0.78963
  -0.35825   -0.35824   -0.32676   -0.32676   -0.32357   -0.32356   -0.31430   -0.31430
   0.09479    0.09479    0.11117    0.11117    0.11760    0.11760    0.12840    0.12840
   0.13954    0.13955    0.19199    0.19199    0.19373    0.19373    0.19721    0.19721
   0.23532    0.23532    0.26163    0.26164    0.26620    0.26620    0.27614    0.27615
   0.47187    0.47369
 kpt#  18, nband= 50, wtk=  0.00926, kpt=  0.1667  0.5000  0.0000 (reduced coord)
  -1.94306   -1.94306   -1.94277   -1.94277   -0.79912   -0.79912   -0.79883   -0.79883
  -0.79701   -0.79701   -0.79169   -0.79169   -0.79072   -0.79071   -0.78915   -0.78915
  -0.35663   -0.35663   -0.32981   -0.32981   -0.32273   -0.32273   -0.31430   -0.31429
   0.09954    0.09955    0.11410    0.11410    0.11445    0.11445    0.13246    0.13246
   0.14602    0.14603    0.18919    0.18919    0.18994    0.18994    0.19810    0.19810
   0.23108    0.23108    0.25309    0.25309    0.26548    0.26548    0.27546    0.27546
   0.46799    0.47061
 kpt#  19, nband= 50, wtk=  0.00926, kpt=  0.3333  0.5000  0.0000 (reduced coord)
  -1.94300   -1.94300   -1.94283   -1.94283   -0.79988   -0.79988   -0.79915   -0.79914
  -0.79660   -0.79659   -0.79274   -0.79273   -0.78965   -0.78964   -0.78852   -0.78851
  -0.35196   -0.35196   -0.33685   -0.33685   -0.32051   -0.32051   -0.31531   -0.31531
   0.10540    0.10540    0.10984    0.10984    0.13030    0.13030    0.14304    0.14304
   0.15600    0.15600    0.17453    0.17453    0.18764    0.18765    0.20588    0.20588
   0.20957    0.20957    0.23674    0.23674    0.26773    0.26773    0.27386    0.27387
   0.45952    0.45975
 kpt#  20, nband= 50, wtk=  0.00463, kpt=  0.5000  0.5000  0.0000 (reduced coord)
  -1.94292   -1.94292   -1.94291   -1.94291   -0.79990   -0.79990   -0.79990   -0.79990
  -0.79473   -0.79473   -0.79472   -0.79472   -0.78864   -0.78864   -0.78864   -0.78863
  -0.34494   -0.34494   -0.34494   -0.34494   -0.31768   -0.31768   -0.31768   -0.31768
   0.10765    0.10765    0.10765    0.10765    0.15293    0.15293    0.15293    0.15293
   0.15750    0.15750    0.15750    0.15751    0.18946    0.18946    0.18946    0.18946
   0.21924    0.21924    0.21924    0.21924    0.27121    0.27121    0.27122    0.27122
   0.45698    0.45698
 kpt#  21, nband= 50, wtk=  0.00926, kpt=  0.0000  0.0000  0.1667 (reduced coord)
  -1.94338   -1.94281   -1.94274   -1.94273   -0.80436   -0.80432   -0.80379   -0.79409
  -0.79383   -0.79268   -0.79247   -0.79122   -0.79105   -0.78954   -0.78715   -0.78714
  -0.39066   -0.33582   -0.32838   -0.32793   -0.32510   -0.31693   -0.31657   -0.30050
   0.06611    0.06620    0.08197    0.10237    0.10542    0.10948    0.15677    0.15783
   0.16203    0.16254    0.16904    0.17009    0.22160    0.22378    0.22923    0.23177
   0.23990    0.24074    0.24403    0.25874    0.25991    0.26055    0.26696    0.26754
   0.44741    0.45146
 kpt#  22, nband= 50, wtk=  0.00926, kpt=  0.1667  0.0000  0.1667 (reduced coord)
  -1.94334   -1.94280   -1.94278   -1.94274   -0.80352   -0.80340   -0.80321   -0.79497
  -0.79364   -0.79233   -0.79223   -0.79193   -0.79121   -0.79034   -0.78765   -0.78756
  -0.38624   -0.33452   -0.32826   -0.32634   -0.32528   -0.32217   -0.31801   -0.30246
   0.07157    0.07579    0.08058    0.10410    0.10783    0.12446    0.15013    0.15359
   0.15499    0.15841    0.16542    0.16882    0.21668    0.22224    0.22677    0.23058
   0.24212    0.24264    0.24482    0.25024    0.25582    0.26307    0.26312    0.26734
   0.45535    0.45718
 kpt#  23, nband= 50, wtk=  0.00926, kpt=  0.3333  0.0000  0.1667 (reduced coord)
  -1.94322   -1.94290   -1.94279   -1.94275   -0.80163   -0.80129   -0.80076   -0.79698
  -0.79482   -0.79318   -0.79277   -0.79140   -0.79138   -0.79112   -0.78873   -0.78866
  -0.37386   -0.33738   -0.33106   -0.32731   -0.32571   -0.32293   -0.31992   -0.30772
   0.08626    0.08680    0.10244    0.11010    0.11462    0.12881    0.13647    0.14002
   0.14122    0.15671    0.17002    0.17888    0.19449    0.20291    0.21201    0.22987
   0.23983    0.24133    0.24674    0.24758    0.25444    0.26412    0.26662    0.26722
   0.46937    0.47013
 kpt#  24, nband= 50, wtk=  0.00926, kpt=  0.5000  0.0000  0.1667 (reduced coord)
  -1.94306   -1.94306   -1.94277   -1.94277   -0.79942   -0.79942   -0.79809   -0.79809
  -0.79701   -0.79701   -0.79193   -0.79193   -0.79009   -0.79008   -0.79000   -0.79000
  -0.35618   -0.35618   -0.32719   -0.32718   -0.32568   -0.32567   -0.31453   -0.31453
   0.10126    0.10126    0.11045    0.11045    0.12416    0.12417    0.12602    0.12603
   0.14410    0.14410    0.18804    0.18804    0.19398    0.19398    0.19755    0.19756
   0.24031    0.24031    0.24939    0.24940    0.26153    0.26153    0.26787    0.26787
   0.47707    0.47886
 kpt#  25, nband= 50, wtk=  0.00926, kpt= -0.3333  0.0000  0.1667 (reduced coord)
  -1.94322   -1.94290   -1.94279   -1.94275   -0.80163   -0.80129   -0.80076   -0.79698
  -0.79482   -0.79319   -0.79277   -0.79140   -0.79138   -0.79112   -0.78873   -0.78866
  -0.37386   -0.33738   -0.33106   -0.32730   -0.32571   -0.32293   -0.31992   -0.30772
   0.08626    0.08680    0.10244    0.11010    0.11462    0.12881    0.13647    0.14002
   0.14122    0.15671    0.17002    0.17888    0.19449    0.20291    0.21201    0.22987
   0.23983    0.24133    0.24674    0.24758    0.25444    0.26413    0.26662    0.26722
   0.46916    0.47058
 kpt#  26, nband= 50, wtk=  0.00926, kpt= -0.1667  0.0000  0.1667 (reduced coord)
  -1.94334   -1.94280   -1.94278   -1.94274   -0.80352   -0.80340   -0.80321   -0.79497
  -0.79364   -0.79233   -0.79223   -0.79193   -0.79121   -0.79034   -0.78765   -0.78756
  -0.38624   -0.33452   -0.32826   -0.32634   -0.32528   -0.32217   -0.31801   -0.30246
   0.07157    0.07579    0.08058    0.10411    0.10783    0.12446    0.15013    0.15360
   0.15499    0.15840    0.16542    0.16882    0.21668    0.22224    0.22677    0.23058
   0.24212    0.24264    0.24482    0.25024    0.25582    0.26308    0.26312    0.26734
   0.45536    0.45717
 kpt#  27, nband= 50, wtk=  0.00926, kpt=  0.0000  0.1667  0.1667 (reduced coord)
  -1.94334   -1.94280   -1.94278   -1.94274   -0.80356   -0.80336   -0.80322   -0.79505
  -0.79353   -0.79233   -0.79223   -0.79197   -0.79115   -0.79041   -0.78765   -0.78755
  -0.38625   -0.33446   -0.32793   -0.32645   -0.32528   -0.32267   -0.31775   -0.30251
   0.07155    0.07580    0.08049    0.10453    0.10785    0.12424    0.15160    0.15277
   0.15578    0.15741    0.16446    0.16937    0.21603    0.22354    0.22649    0.23320
   0.23864    0.24019    0.24574    0.25227    0.25409    0.26416    0.26508    0.26592
   0.45490    0.45629
 kpt#  28, nband= 50, wtk=  0.00926, kpt=  0.1667  0.1667  0.1667 (reduced coord)
  -1.94330   -1.94280   -1.94278   -1.94278   -0.80295   -0.80284   -0.80274   -0.79449
  -0.79424   -0.79340   -0.79195   -0.79180   -0.79160   -0.79068   -0.78828   -0.78729
  -0.38226   -0.33443   -0.32879   -0.32724   -0.32459   -0.32228   -0.32078   -0.30416
   0.08037    0.08127    0.08168    0.10580    0.11147    0.13428    0.14685    0.14789
   0.15456    0.15932    0.15977    0.16246    0.21926    0.22255    0.22299    0.22394
   0.23960    0.24258    0.24595    0.24992    0.25252    0.25745    0.25983    0.26805
   0.45914    0.46229
 kpt#  29, nband= 50, wtk=  0.00926, kpt=  0.3333  0.1667  0.1667 (reduced coord)
  -1.94319   -1.94289   -1.94280   -1.94278   -0.80162   -0.80153   -0.80103   -0.79580
  -0.79541   -0.79473   -0.79285   -0.79115   -0.79080   -0.79066   -0.78915   -0.78800
  -0.37111   -0.33844   -0.33396   -0.33043   -0.32312   -0.32216   -0.31916   -0.30858
   0.08944    0.09457    0.10542    0.11033    0.11877    0.12872    0.13718    0.13879
   0.14511    0.16127    0.16800    0.16928    0.19457    0.20807    0.21133    0.22905
   0.23237    0.23704    0.24393    0.24745    0.25427    0.25523    0.26334    0.26786
   0.46559    0.47411
 kpt#  30, nband= 50, wtk=  0.00926, kpt=  0.5000  0.1667  0.1667 (reduced coord)
  -1.94304   -1.94304   -1.94279   -1.94279   -0.80065   -0.80064   -0.79820   -0.79820
  -0.79663   -0.79663   -0.79135   -0.79134   -0.79020   -0.79020   -0.78948   -0.78948
  -0.35518   -0.35518   -0.33263   -0.33263   -0.32197   -0.32197   -0.31430   -0.31429
   0.10538    0.10538    0.11257    0.11258    0.12352    0.12352    0.12855    0.12855
   0.15030    0.15030    0.17755    0.17755    0.19579    0.19579    0.20313    0.20313
   0.23436    0.23436    0.24744    0.24744    0.25581    0.25581    0.26689    0.26689
   0.47158    0.47186
 kpt#  31, nband= 50, wtk=  0.00926, kpt= -0.3333  0.1667  0.1667 (reduced coord)
  -1.94319   -1.94289   -1.94280   -1.94278   -0.80162   -0.80153   -0.80103   -0.79580
  -0.79541   -0.79473   -0.79285   -0.79115   -0.79080   -0.79066   -0.78915   -0.78800
  -0.37111   -0.33844   -0.33396   -0.33043   -0.32312   -0.32216   -0.31916   -0.30858
   0.08944    0.09457    0.10542    0.11033    0.11877    0.12872    0.13718    0.13879
   0.14510    0.16127    0.16800    0.16928    0.19457    0.20807    0.21133    0.22905
   0.23237    0.23704    0.24393    0.24745    0.25427    0.25522    0.26334    0.26786
   0.46559    0.47429
 kpt#  32, nband= 50, wtk=  0.00926, kpt= -0.1667  0.1667  0.1667 (reduced coord)
  -1.94330   -1.94280   -1.94278   -1.94278   -0.80295   -0.80284   -0.80274   -0.79449
  -0.79424   -0.79340   -0.79195   -0.79180   -0.79160   -0.79068   -0.78828   -0.78729
  -0.38226   -0.33443   -0.32880   -0.32723   -0.32459   -0.32229   -0.32078   -0.30416
   0.08037    0.08126    0.08168    0.10580    0.11147    0.13428    0.14685    0.14789
   0.15456    0.15932    0.15977    0.16246    0.21926    0.22255    0.22299    0.22394
   0.23960    0.24258    0.24595    0.24992    0.25252    0.25744    0.25983    0.26805
   0.45914    0.46231
 kpt#  33, nband= 50, wtk=  0.00926, kpt=  0.0000  0.3333  0.1667 (reduced coord)
  -1.94322   -1.94290   -1.94279   -1.94275   -0.80163   -0.80130   -0.80072   -0.79704
  -0.79481   -0.79316   -0.79268   -0.79143   -0.79137   -0.79119   -0.78874   -0.78865
  -0.37391   -0.33745   -0.33080   -0.32726   -0.32576   -0.32170   -0.32114   -0.30790
   0.08617    0.08680    0.10234    0.11041    0.11483    0.12898    0.13669    0.14013
   0.14125    0.15722    0.16888    0.17928    0.19450    0.20301    0.21280    0.22994
   0.23705    0.23935    0.24935    0.25004    0.25106    0.26435    0.26677    0.26850
   0.46646    0.46881
 kpt#  34, nband= 50, wtk=  0.00926, kpt=  0.1667  0.3333  0.1667 (reduced coord)
  -1.94319   -1.94289   -1.94280   -1.94278   -0.80163   -0.80154   -0.80101   -0.79585
  -0.79538   -0.79476   -0.79275   -0.79123   -0.79078   -0.79065   -0.78918   -0.78799
  -0.37115   -0.33853   -0.33384   -0.33031   -0.32308   -0.32164   -0.31972   -0.30871
   0.08941    0.09467    0.10531    0.11038    0.11902    0.12849    0.13741    0.13894
   0.14527    0.16201    0.16686    0.16951    0.19461    0.20839    0.21190    0.22978
   0.23098    0.23377    0.24769    0.24793    0.25298    0.25349    0.26456    0.26818
   0.46342    0.47147
 kpt#  35, nband= 50, wtk=  0.00926, kpt=  0.3333  0.3333  0.1667 (reduced coord)
  -1.94310   -1.94287   -1.94287   -1.94282   -0.80155   -0.80149   -0.80141   -0.79770
  -0.79556   -0.79368   -0.79359   -0.79027   -0.79018   -0.78996   -0.78964   -0.78777
  -0.36335   -0.34017   -0.33966   -0.33768   -0.32008   -0.31879   -0.31829   -0.31103
   0.09866    0.11118    0.11137    0.11253    0.12837    0.13091    0.13174    0.14152
   0.15419    0.15632    0.16094    0.17922    0.19082    0.20492    0.21102    0.21297
   0.21834    0.23130    0.23249    0.23582    0.25544    0.25923    0.26182    0.26690
   0.46048    0.46749
 kpt#  36, nband= 50, wtk=  0.00926, kpt=  0.5000  0.3333  0.1667 (reduced coord)
  -1.94299   -1.94299   -1.94284   -1.94284   -0.80161   -0.80160   -0.80012   -0.80012
  -0.79483   -0.79483   -0.79170   -0.79170   -0.78952   -0.78952   -0.78864   -0.78864
  -0.35205   -0.35205   -0.33988   -0.33988   -0.31863   -0.31862   -0.31447   -0.31447
   0.11007    0.11007    0.11387    0.11387    0.13386    0.13386    0.13913    0.13913
   0.15790    0.15790    0.16587    0.16587    0.19814    0.19814    0.20642    0.20643
   0.21475    0.21475    0.23184    0.23184    0.25909    0.25909    0.26520    0.26520
   0.46188    0.46569
 kpt#  37, nband= 50, wtk=  0.00926, kpt= -0.3333  0.3333  0.1667 (reduced coord)
  -1.94310   -1.94287   -1.94287   -1.94282   -0.80155   -0.80149   -0.80141   -0.79770
  -0.79556   -0.79368   -0.79359   -0.79027   -0.79018   -0.78996   -0.78964   -0.78777
  -0.36335   -0.34018   -0.33965   -0.33768   -0.32008   -0.31879   -0.31829   -0.31103
   0.09866    0.11118    0.11137    0.11253    0.12838    0.13091    0.13174    0.14152
   0.15418    0.15632    0.16093    0.17922    0.19082    0.20492    0.21103    0.21297
   0.21834    0.23130    0.23249    0.23582    0.25544    0.25923    0.26182    0.26690
   0.46042    0.46779
 kpt#  38, nband= 50, wtk=  0.00926, kpt= -0.1667  0.3333  0.1667 (reduced coord)
  -1.94319   -1.94289   -1.94280   -1.94278   -0.80163   -0.80154   -0.80101   -0.79585
  -0.79538   -0.79476   -0.79275   -0.79123   -0.79078   -0.79065   -0.78918   -0.78799
  -0.37115   -0.33853   -0.33384   -0.33031   -0.32308   -0.32164   -0.31972   -0.30871
   0.08941    0.09467    0.10531    0.11038    0.11902    0.12849    0.13741    0.13894
   0.14527    0.16201    0.16686    0.16951    0.19461    0.20839    0.21190    0.22978
   0.23098    0.23377    0.24769    0.24793    0.25298    0.25349    0.26456    0.26818
   0.46344    0.47274
 kpt#  39, nband= 50, wtk=  0.00926, kpt=  0.0000  0.5000  0.1667 (reduced coord)
  -1.94306   -1.94306   -1.94277   -1.94277   -0.79941   -0.79941   -0.79812   -0.79812
  -0.79701   -0.79700   -0.79190   -0.79189   -0.79007   -0.79006   -0.79005   -0.79004
  -0.35627   -0.35627   -0.32647   -0.32647   -0.32591   -0.32591   -0.31495   -0.31495
   0.10118    0.10118    0.11073    0.11073    0.12440    0.12440    0.12601    0.12601
   0.14391    0.14391    0.18953    0.18954    0.19392    0.19392    0.19661    0.19661
   0.23812    0.23812    0.25096    0.25096    0.26044    0.26044    0.26901    0.26901
   0.47131    0.47149
 kpt#  40, nband= 50, wtk=  0.00926, kpt=  0.1667  0.5000  0.1667 (reduced coord)
  -1.94304   -1.94304   -1.94279   -1.94279   -0.80065   -0.80065   -0.79817   -0.79816
  -0.79667   -0.79667   -0.79125   -0.79125   -0.79031   -0.79030   -0.78946   -0.78945
  -0.35526   -0.35525   -0.33244   -0.33244   -0.32176   -0.32176   -0.31464   -0.31463
   0.10567    0.10567    0.11240    0.11240    0.12342    0.12342    0.12877    0.12877
   0.15016    0.15016    0.17801    0.17802    0.19664    0.19664    0.20232    0.20233
   0.23282    0.23282    0.24877    0.24877    0.25481    0.25481    0.26758    0.26758
   0.46759    0.46774
 kpt#  41, nband= 50, wtk=  0.00926, kpt=  0.3333  0.5000  0.1667 (reduced coord)
  -1.94299   -1.94298   -1.94285   -1.94284   -0.80161   -0.80161   -0.80011   -0.80011
  -0.79485   -0.79484   -0.79167   -0.79166   -0.78955   -0.78955   -0.78863   -0.78862
  -0.35210   -0.35210   -0.33980   -0.33980   -0.31849   -0.31849   -0.31465   -0.31465
   0.11038    0.11038    0.11369    0.11369    0.13383    0.13383    0.13889    0.13889
   0.15761    0.15761    0.16656    0.16656    0.19916    0.19917    0.20567    0.20567
   0.21373    0.21373    0.23234    0.23234    0.25877    0.25878    0.26554    0.26554
   0.46038    0.46045
 kpt#  42, nband= 50, wtk=  0.00926, kpt=  0.5000  0.5000  0.1667 (reduced coord)
  -1.94292   -1.94292   -1.94291   -1.94291   -0.80144   -0.80143   -0.80143   -0.80143
  -0.79313   -0.79312   -0.79312   -0.79312   -0.78863   -0.78863   -0.78863   -0.78862
  -0.34678   -0.34678   -0.34677   -0.34677   -0.31599   -0.31599   -0.31598   -0.31598
   0.11222    0.11222    0.11222    0.11222    0.14932    0.14932    0.14933    0.14933
   0.15708    0.15708    0.15708    0.15708    0.19936    0.19936    0.19936    0.19936
   0.21540    0.21540    0.21540    0.21540    0.26348    0.26348    0.26348    0.26349
   0.45906    0.45906
 kpt#  43, nband= 50, wtk=  0.00926, kpt= -0.3333  0.5000  0.1667 (reduced coord)
  -1.94299   -1.94298   -1.94285   -1.94284   -0.80161   -0.80161   -0.80011   -0.80011
  -0.79485   -0.79484   -0.79167   -0.79166   -0.78955   -0.78955   -0.78863   -0.78862
  -0.35210   -0.35210   -0.33980   -0.33980   -0.31849   -0.31848   -0.31465   -0.31465
   0.11038    0.11038    0.11369    0.11369    0.13383    0.13383    0.13889    0.13889
   0.15760    0.15761    0.16656    0.16656    0.19916    0.19917    0.20567    0.20567
   0.21373    0.21373    0.23234    0.23234    0.25877    0.25878    0.26554    0.26554
   0.46039    0.46062
 kpt#  44, nband= 50, wtk=  0.00926, kpt= -0.1667  0.5000  0.1667 (reduced coord)
  -1.94304   -1.94304   -1.94279   -1.94279   -0.80065   -0.80065   -0.79817   -0.79816
  -0.79667   -0.79667   -0.79125   -0.79125   -0.79031   -0.79030   -0.78946   -0.78945
  -0.35526   -0.35525   -0.33244   -0.33244   -0.32176   -0.32176   -0.31464   -0.31463
   0.10567    0.10567    0.11240    0.11240    0.12342    0.12342    0.12877    0.12877
   0.15016    0.15016    0.17801    0.17802    0.19664    0.19664    0.20232    0.20233
   0.23282    0.23282    0.24876    0.24877    0.25481    0.25481    0.26758    0.26758
   0.46760    0.46813
 kpt#  45, nband= 50, wtk=  0.00926, kpt=  0.0000 -0.3333  0.1667 (reduced coord)
  -1.94322   -1.94290   -1.94279   -1.94275   -0.80163   -0.80130   -0.80072   -0.79704
  -0.79481   -0.79316   -0.79268   -0.79143   -0.79137   -0.79119   -0.78874   -0.78865
  -0.37391   -0.33745   -0.33080   -0.32726   -0.32576   -0.32170   -0.32114   -0.30790
   0.08617    0.08680    0.10234    0.11041    0.11483    0.12898    0.13669    0.14013
   0.14125    0.15722    0.16888    0.17928    0.19450    0.20301    0.21280    0.22994
   0.23705    0.23935    0.24935    0.25004    0.25106    0.26435    0.26677    0.26850
   0.46684    0.46886
 kpt#  46, nband= 50, wtk=  0.00926, kpt=  0.1667 -0.3333  0.1667 (reduced coord)
  -1.94319   -1.94289   -1.94280   -1.94278   -0.80163   -0.80154   -0.80101   -0.79585
  -0.79538   -0.79476   -0.79275   -0.79123   -0.79078   -0.79065   -0.78918   -0.78799
  -0.37115   -0.33853   -0.33384   -0.33031   -0.32308   -0.32164   -0.31972   -0.30871
   0.08941    0.09467    0.10531    0.11038    0.11902    0.12849    0.13741    0.13894
   0.14527    0.16201    0.16686    0.16951    0.19461    0.20839    0.21190    0.22978
   0.23098    0.23377    0.24769    0.24793    0.25298    0.25349    0.26456    0.26818
   0.46342    0.47064
 kpt#  47, nband= 50, wtk=  0.00926, kpt=  0.3333 -0.3333  0.1667 (reduced coord)
  -1.94310   -1.94287   -1.94287   -1.94282   -0.80155   -0.80149   -0.80141   -0.79770
  -0.79556   -0.79368   -0.79359   -0.79027   -0.79018   -0.78996   -0.78964   -0.78777
  -0.36335   -0.34017   -0.33966   -0.33768   -0.32008   -0.31879   -0.31829   -0.31103
   0.09866    0.11118    0.11137    0.11253    0.12837    0.13091    0.13174    0.14152
   0.15419    0.15632    0.16094    0.17922    0.19082    0.20492    0.21102    0.21297
   0.21834    0.23130    0.23249    0.23582    0.25544    0.25923    0.26182    0.26690
   0.46043    0.46761
 kpt#  48, nband= 50, wtk=  0.00926, kpt=  0.5000 -0.3333  0.1667 (reduced coord)
  -1.94299   -1.94299   -1.94284   -1.94284   -0.80161   -0.80160   -0.80012   -0.80012
  -0.79483   -0.79483   -0.79170   -0.79170   -0.78952   -0.78952   -0.78864   -0.78864
  -0.35205   -0.35205   -0.33988   -0.33988   -0.31863   -0.31862   -0.31447   -0.31447
   0.11007    0.11007    0.11387    0.11387    0.13386    0.13386    0.13913    0.13913
   0.15790    0.15790    0.16587    0.16587    0.19814    0.19814    0.20642    0.20643
   0.21475    0.21475    0.23184    0.23184    0.25909    0.25909    0.26520    0.26520
   0.46191    0.46218
 kpt#  49, nband= 50, wtk=  0.00926, kpt= -0.3333 -0.3333  0.1667 (reduced coord)
  -1.94310   -1.94287   -1.94287   -1.94282   -0.80155   -0.80149   -0.80141   -0.79770
  -0.79556   -0.79368   -0.79359   -0.79027   -0.79018   -0.78996   -0.78964   -0.78777
  -0.36335   -0.34018   -0.33965   -0.33768   -0.32008   -0.31879   -0.31829   -0.31103
   0.09866    0.11118    0.11137    0.11253    0.12838    0.13091    0.13174    0.14152
   0.15418    0.15632    0.16093    0.17922    0.19082    0.20492    0.21103    0.21297
   0.21834    0.23130    0.23249    0.23582    0.25544    0.25923    0.26182    0.26690
   0.46044    0.46864
 kpt#  50, nband= 50, wtk=  0.00926, kpt= -0.1667 -0.3333  0.1667 (reduced coord)
  -1.94319   -1.94289   -1.94280   -1.94278   -0.80163   -0.80154   -0.80101   -0.79585
  -0.79538   -0.79476   -0.79275   -0.79123   -0.79078   -0.79065   -0.78918   -0.78799
  -0.37115   -0.33853   -0.33384   -0.33031   -0.32308   -0.32164   -0.31972   -0.30871
   0.08941    0.09467    0.10531    0.11038    0.11902    0.12849    0.13741    0.13894
   0.14527    0.16201    0.16686    0.16951    0.19461    0.20839    0.21190    0.22978
   0.23098    0.23377    0.24769    0.24793    0.25298    0.25349    0.26456    0.26818
   0.46343    0.47094
 kpt#  51, nband= 50, wtk=  0.00926, kpt=  0.0000 -0.1667  0.1667 (reduced coord)
  -1.94334   -1.94280   -1.94278   -1.94274   -0.80356   -0.80336   -0.80322   -0.79505
  -0.79353   -0.79233   -0.79223   -0.79197   -0.79115   -0.79041   -0.78765   -0.78755
  -0.38625   -0.33446   -0.32793   -0.32645   -0.32528   -0.32267   -0.31775   -0.30251
   0.07155    0.07580    0.08049    0.10453    0.10785    0.12424    0.15160    0.15277
   0.15578    0.15741    0.16446    0.16937    0.21603    0.22354    0.22649    0.23320
   0.23864    0.24019    0.24574    0.25227    0.25409    0.26416    0.26508    0.26592
   0.45490    0.45629
 kpt#  52, nband= 50, wtk=  0.00926, kpt=  0.1667 -0.1667  0.1667 (reduced coord)
  -1.94330   -1.94280   -1.94278   -1.94278   -0.80295   -0.80284   -0.80274   -0.79449
  -0.79424   -0.79340   -0.79195   -0.79180   -0.79160   -0.79068   -0.78828   -0.78729
  -0.38226   -0.33443   -0.32879   -0.32724   -0.32459   -0.32228   -0.32078   -0.30416
   0.08037    0.08127    0.08168    0.10580    0.11147    0.13428    0.14685    0.14789
   0.15456    0.15932    0.15977    0.16246    0.21926    0.22255    0.22299    0.22394
   0.23960    0.24258    0.24595    0.24992    0.25252    0.25745    0.25983    0.26805
   0.45914    0.46230
 kpt#  53, nband= 50, wtk=  0.00926, kpt=  0.3333 -0.1667  0.1667 (reduced coord)
  -1.94319   -1.94289   -1.94280   -1.94278   -0.80162   -0.80153   -0.80103   -0.79580
  -0.79541   -0.79473   -0.79285   -0.79115   -0.79080   -0.79066   -0.78915   -0.78800
  -0.37111   -0.33844   -0.33396   -0.33043   -0.32312   -0.32216   -0.31916   -0.30858
   0.08944    0.09457    0.10542    0.11033    0.11877    0.12872    0.13718    0.13879
   0.14511    0.16127    0.16800    0.16928    0.19457    0.20807    0.21133    0.22905
   0.23237    0.23704    0.24393    0.24745    0.25427    0.25523    0.26334    0.26786
   0.46557    0.47401
 kpt#  54, nband= 50, wtk=  0.00926, kpt=  0.5000 -0.1667  0.1667 (reduced coord)
  -1.94304   -1.94304   -1.94279   -1.94279   -0.80065   -0.80064   -0.79820   -0.79820
  -0.79663   -0.79663   -0.79135   -0.79134   -0.79020   -0.79020   -0.78948   -0.78948
  -0.35518   -0.35518   -0.33263   -0.33263   -0.32197   -0.32197   -0.31430   -0.31429
   0.10538    0.10538    0.11257    0.11258    0.12352    0.12352    0.12855    0.12855
   0.15030    0.15030    0.17755    0.17755    0.19579    0.19579    0.20313    0.20313
   0.23436    0.23436    0.24744    0.24744    0.25581    0.25581    0.26689    0.26689
   0.47160    0.47676
 kpt#  55, nband= 50, wtk=  0.00926, kpt= -0.3333 -0.1667  0.1667 (reduced coord)
  -1.94319   -1.94289   -1.94280   -1.94278   -0.80162   -0.80153   -0.80103   -0.79580
  -0.79541   -0.79473   -0.79285   -0.79115   -0.79080   -0.79066   -0.78915   -0.78800
  -0.37111   -0.33844   -0.33396   -0.33043   -0.32312   -0.32216   -0.31916   -0.30858
   0.08944    0.09457    0.10542    0.11033    0.11877    0.12872    0.13718    0.13879
   0.14510    0.16127    0.16800    0.16928    0.19457    0.20807    0.21133    0.22905
   0.23237    0.23704    0.24393    0.24745    0.25427    0.25522    0.26334    0.26786
   0.46558    0.47416
 kpt#  56, nband= 50, wtk=  0.00926, kpt= -0.1667 -0.1667  0.1667 (reduced coord)
  -1.94330   -1.94280   -1.94278   -1.94278   -0.80295   -0.80284   -0.80274   -0.79449
  -0.79424   -0.79340   -0.79195   -0.79180   -0.79160   -0.79068   -0.78828   -0.78729
  -0.38226   -0.33443   -0.32880   -0.32723   -0.32459   -0.32229   -0.32078   -0.30416
   0.08037    0.08126    0.08168    0.10580    0.11147    0.13428    0.14685    0.14789
   0.15456    0.15932    0.15977    0.16246    0.21926    0.22255    0.22299    0.22394
   0.23960    0.24258    0.24595    0.24992    0.25252    0.25744    0.25983    0.26805
   0.45914    0.46234
 kpt#  57, nband= 50, wtk=  0.00926, kpt=  0.0000  0.0000  0.3333 (reduced coord)
  -1.94326   -1.94293   -1.94273   -1.94273   -0.80219   -0.80217   -0.80100   -0.79621
  -0.79612   -0.79293   -0.79272   -0.79266   -0.79024   -0.79021   -0.78798   -0.78798
  -0.37820   -0.34080   -0.32898   -0.32578   -0.32548   -0.31916   -0.31895   -0.30854
   0.08239    0.08241    0.10976    0.11163    0.11310    0.13456    0.13475    0.13509
   0.14376    0.14571    0.18287    0.18306    0.19784    0.21638    0.21945    0.22049
   0.22417    0.22751    0.24238    0.24319    0.26615    0.26646    0.26850    0.26851
   0.45643    0.46623
 kpt#  58, nband= 50, wtk=  0.00926, kpt=  0.1667  0.0000  0.3333 (reduced coord)
  -1.94323   -1.94292   -1.94277   -1.94275   -0.80180   -0.80141   -0.80089   -0.79699
  -0.79565   -0.79392   -0.79225   -0.79193   -0.79102   -0.79023   -0.78847   -0.78801
  -0.37466   -0.33990   -0.32823   -0.32698   -0.32455   -0.32331   -0.31964   -0.30970
   0.08665    0.09087    0.10449    0.11238    0.11949    0.13308    0.13751    0.14248
   0.14384    0.14918    0.17123    0.17764    0.20120    0.20653    0.22060    0.22262
   0.22882    0.23522    0.23598    0.23848    0.25973    0.26007    0.26417    0.26593
   0.46216    0.46990
 kpt#  59, nband= 50, wtk=  0.00926, kpt=  0.3333  0.0000  0.3333 (reduced coord)
  -1.94313   -1.94288   -1.94287   -1.94278   -0.80059   -0.80051   -0.79939   -0.79833
  -0.79616   -0.79422   -0.79324   -0.79110   -0.79080   -0.79067   -0.78954   -0.78845
  -0.36474   -0.33732   -0.33549   -0.32977   -0.32627   -0.32215   -0.32048   -0.31283
   0.09801    0.10730    0.11128    0.11495    0.11943    0.13114    0.13518    0.14248
   0.15120    0.15635    0.17204    0.17424    0.19189    0.20264    0.20943    0.21639
   0.21965    0.23400    0.23607    0.24291    0.24969    0.25154    0.25743    0.26222
   0.47221    0.47451
 kpt#  60, nband= 50, wtk=  0.00926, kpt=  0.5000  0.0000  0.3333 (reduced coord)
  -1.94300   -1.94300   -1.94283   -1.94283   -0.79974   -0.79974   -0.79860   -0.79860
  -0.79624   -0.79624   -0.79230   -0.79230   -0.79019   -0.79019   -0.78952   -0.78952
  -0.35056   -0.35056   -0.33368   -0.33368   -0.32378   -0.32378   -0.31702   -0.31702
   0.11101    0.11101    0.11741    0.11741    0.12082    0.12082    0.14560    0.14560
   0.14718    0.14718    0.18375    0.18375    0.19056    0.19056    0.20511    0.20511
   0.21656    0.21656    0.24552    0.24552    0.24764    0.24764    0.25755    0.25756
   0.47404    0.47604
 kpt#  61, nband= 50, wtk=  0.00926, kpt= -0.3333  0.0000  0.3333 (reduced coord)
  -1.94313   -1.94288   -1.94287   -1.94278   -0.80059   -0.80051   -0.79939   -0.79833
  -0.79616   -0.79422   -0.79324   -0.79110   -0.79080   -0.79067   -0.78954   -0.78845
  -0.36474   -0.33732   -0.33549   -0.32977   -0.32627   -0.32215   -0.32048   -0.31283
   0.09801    0.10730    0.11128    0.11496    0.11943    0.13114    0.13518    0.14248
   0.15120    0.15635    0.17204    0.17424    0.19190    0.20264    0.20943    0.21639
   0.21965    0.23400    0.23607    0.24291    0.24969    0.25154    0.25743    0.26222
   0.47295    0.47472
 kpt#  62, nband= 50, wtk=  0.00926, kpt= -0.1667  0.0000  0.3333 (reduced coord)
  -1.94323   -1.94292   -1.94277   -1.94275   -0.80180   -0.80141   -0.80089   -0.79699
  -0.79565   -0.79392   -0.79225   -0.79193   -0.79103   -0.79023   -0.78847   -0.78801
  -0.37466   -0.33990   -0.32823   -0.32698   -0.32456   -0.32331   -0.31964   -0.30970
   0.08665    0.09087    0.10449    0.11238    0.11949    0.13307    0.13751    0.14248
   0.14384    0.14918    0.17123    0.17763    0.20120    0.20653    0.22060    0.22262
   0.22882    0.23522    0.23597    0.23848    0.25973    0.26007    0.26417    0.26593
   0.46216    0.46969
 kpt#  63, nband= 50, wtk=  0.00926, kpt=  0.0000  0.1667  0.3333 (reduced coord)
  -1.94323   -1.94292   -1.94277   -1.94275   -0.80179   -0.80140   -0.80089   -0.79703
  -0.79563   -0.79391   -0.79222   -0.79196   -0.79102   -0.79028   -0.78846   -0.78800
  -0.37467   -0.33989   -0.32822   -0.32695   -0.32432   -0.32381   -0.31940   -0.30971
   0.08670    0.09077    0.10420    0.11375    0.11851    0.13359    0.13711    0.14123
   0.14587    0.14825    0.17084    0.17811    0.20053    0.20607    0.22156    0.22308
   0.22996    0.23458    0.23576    0.23734    0.25961    0.26027    0.26469    0.26591
   0.46179    0.46795
 kpt#  64, nband= 50, wtk=  0.00926, kpt=  0.1667  0.1667  0.3333 (reduced coord)
  -1.94320   -1.94291   -1.94278   -1.94278   -0.80174   -0.80160   -0.80103   -0.79582
  -0.79571   -0.79500   -0.79190   -0.79181   -0.79156   -0.78998   -0.78852   -0.78800
  -0.37168   -0.34040   -0.32983   -0.32870   -0.32642   -0.32073   -0.31965   -0.31052
   0.09382    0.09535    0.10355    0.11637    0.12020    0.13605    0.13812    0.14414
   0.14536    0.15418    0.16420    0.16550    0.20419    0.21647    0.21919    0.22037
   0.23087    0.23188    0.23478    0.23600    0.25354    0.25675    0.25789    0.26050
   0.46440    0.47026
 kpt#  65, nband= 50, wtk=  0.00926, kpt=  0.3333  0.1667  0.3333 (reduced coord)
  -1.94311   -1.94288   -1.94287   -1.94281   -0.80173   -0.80132   -0.80118   -0.79739
  -0.79554   -0.79328   -0.79328   -0.79095   -0.79061   -0.78999   -0.78913   -0.78842
  -0.36326   -0.34037   -0.33850   -0.33436   -0.32290   -0.31968   -0.31794   -0.31271
   0.10423    0.10829    0.11347    0.11872    0.12159    0.13498    0.13888    0.14245
   0.15112    0.15204    0.15941    0.17432    0.20063    0.20633    0.21148    0.22149
   0.22492    0.23104    0.23328    0.23621    0.24366    0.24661    0.25110    0.25760
   0.46759    0.47655
 kpt#  66, nband= 50, wtk=  0.00926, kpt=  0.5000  0.1667  0.3333 (reduced coord)
  -1.94299   -1.94299   -1.94284   -1.94284   -0.80158   -0.80158   -0.79973   -0.79973
  -0.79462   -0.79462   -0.79101   -0.79101   -0.78996   -0.78996   -0.78956   -0.78956
  -0.35120   -0.35120   -0.33839   -0.33838   -0.32013   -0.32013   -0.31559   -0.31559
   0.11468    0.11468    0.11998    0.11998    0.12404    0.12404    0.13981    0.13981
   0.15331    0.15331    0.17293    0.17293    0.20069    0.20070    0.20700    0.20700
   0.22092    0.22092    0.23953    0.23953    0.24082    0.24082    0.25474    0.25474
   0.47103    0.47106
 kpt#  67, nband= 50, wtk=  0.00926, kpt= -0.3333  0.1667  0.3333 (reduced coord)
  -1.94311   -1.94288   -1.94287   -1.94281   -0.80173   -0.80132   -0.80118   -0.79739
  -0.79554   -0.79328   -0.79328   -0.79095   -0.79061   -0.78999   -0.78913   -0.78842
  -0.36326   -0.34037   -0.33851   -0.33436   -0.32290   -0.31968   -0.31793   -0.31271
   0.10423    0.10829    0.11347    0.11872    0.12159    0.13498    0.13888    0.14245
   0.15112    0.15204    0.15942    0.17432    0.20063    0.20634    0.21148    0.22149
   0.22492    0.23104    0.23328    0.23621    0.24366    0.24661    0.25110    0.25761
   0.46755    0.47588
 kpt#  68, nband= 50, wtk=  0.00926, kpt= -0.1667  0.1667  0.3333 (reduced coord)
  -1.94320   -1.94291   -1.94278   -1.94278   -0.80174   -0.80160   -0.80103   -0.79582
  -0.79571   -0.79500   -0.79190   -0.79181   -0.79156   -0.78998   -0.78852   -0.78800
  -0.37168   -0.34040   -0.32983   -0.32870   -0.32641   -0.32073   -0.31964   -0.31052
   0.09382    0.09535    0.10355    0.11637    0.12020    0.13604    0.13812    0.14414
   0.14536    0.15418    0.16420    0.16550    0.20419    0.21647    0.21919    0.22037
   0.23087    0.23188    0.23478    0.23600    0.25354    0.25675    0.25789    0.26050
   0.46440    0.47012
 kpt#  69, nband= 50, wtk=  0.00926, kpt=  0.0000  0.3333  0.3333 (reduced coord)
  -1.94313   -1.94288   -1.94287   -1.94278   -0.80056   -0.80050   -0.79927   -0.79848
  -0.79612   -0.79424   -0.79327   -0.79098   -0.79089   -0.79074   -0.78948   -0.78845
  -0.36479   -0.33730   -0.33560   -0.32986   -0.32621   -0.32132   -0.32110   -0.31287
   0.09793    0.10724    0.11119    0.11602    0.11904    0.13186    0.13468    0.14186
   0.15087    0.15623    0.17238    0.17465    0.19180    0.20072    0.21153    0.21594
   0.21941    0.23408    0.23561    0.24212    0.24945    0.25253    0.25838    0.26227
   0.47025    0.47286
 kpt#  70, nband= 50, wtk=  0.00926, kpt=  0.1667  0.3333  0.3333 (reduced coord)
  -1.94311   -1.94288   -1.94287   -1.94281   -0.80174   -0.80132   -0.80115   -0.79737
  -0.79559   -0.79331   -0.79326   -0.79093   -0.79063   -0.79001   -0.78912   -0.78842
  -0.36330   -0.34036   -0.33856   -0.33439   -0.32284   -0.31923   -0.31829   -0.31274
   0.10415    0.10830    0.11357    0.11927    0.12147    0.13455    0.13927    0.14210
   0.15078    0.15205    0.15956    0.17457    0.19954    0.20666    0.21282    0.22127
   0.22382    0.23139    0.23233    0.23585    0.24454    0.24661    0.25177    0.25781
   0.46485    0.47356
 kpt#  71, nband= 50, wtk=  0.00926, kpt=  0.3333  0.3333  0.3333 (reduced coord)
  -1.94304   -1.94288   -1.94287   -1.94287   -0.80273   -0.80264   -0.80262   -0.80001
  -0.79277   -0.79244   -0.79224   -0.79027   -0.78995   -0.78959   -0.78913   -0.78817
  -0.35885   -0.34416   -0.34317   -0.34275   -0.31816   -0.31587   -0.31549   -0.31266
   0.11377    0.11746    0.11897    0.12088    0.12879    0.14007    0.14117    0.14445
   0.14883    0.15042    0.15140    0.18348    0.19321    0.21516    0.21721    0.21986
   0.22179    0.22497    0.22688    0.22781    0.23136    0.24148    0.24489    0.25258
   0.46222    0.47305
 kpt#  72, nband= 50, wtk=  0.00926, kpt=  0.5000  0.3333  0.3333 (reduced coord)
  -1.94296   -1.94296   -1.94287   -1.94287   -0.80323   -0.80323   -0.80205   -0.80205
  -0.79236   -0.79236   -0.79035   -0.79035   -0.78930   -0.78930   -0.78892   -0.78892
  -0.35173   -0.35173   -0.34521   -0.34521   -0.31562   -0.31561   -0.31336   -0.31336
   0.12051    0.12051    0.12282    0.12282    0.13281    0.13281    0.14033    0.14033
   0.15475    0.15475    0.17082    0.17083    0.20109    0.20110    0.21291    0.21291
   0.21983    0.21984    0.22342    0.22342    0.23773    0.23773    0.24975    0.24975
   0.46458    0.46547
 kpt#  73, nband= 50, wtk=  0.00926, kpt= -0.3333  0.3333  0.3333 (reduced coord)
  -1.94304   -1.94288   -1.94287   -1.94287   -0.80273   -0.80264   -0.80262   -0.80001
  -0.79277   -0.79244   -0.79224   -0.79027   -0.78995   -0.78959   -0.78913   -0.78817
  -0.35885   -0.34416   -0.34317   -0.34275   -0.31816   -0.31588   -0.31548   -0.31266
   0.11377    0.11746    0.11897    0.12087    0.12879    0.14007    0.14117    0.14445
   0.14882    0.15042    0.15141    0.18348    0.19321    0.21516    0.21721    0.21986
   0.22180    0.22497    0.22688    0.22781    0.23137    0.24149    0.24488    0.25258
   0.46221    0.47065
 kpt#  74, nband= 50, wtk=  0.00926, kpt= -0.1667  0.3333  0.3333 (reduced coord)
  -1.94311   -1.94288   -1.94287   -1.94281   -0.80174   -0.80132   -0.80115   -0.79737
  -0.79559   -0.79331   -0.79326   -0.79093   -0.79063   -0.79001   -0.78912   -0.78842
  -0.36330   -0.34036   -0.33856   -0.33439   -0.32284   -0.31923   -0.31829   -0.31274
   0.10415    0.10831    0.11357    0.11927    0.12148    0.13455    0.13927    0.14210
   0.15078    0.15205    0.15956    0.17457    0.19954    0.20666    0.21282    0.22127
   0.22383    0.23139    0.23233    0.23585    0.24454    0.24661    0.25177    0.25781
   0.46485    0.47346
 kpt#  75, nband= 50, wtk=  0.00926, kpt=  0.0000  0.5000  0.3333 (reduced coord)
  -1.94300   -1.94300   -1.94283   -1.94283   -0.79971   -0.79971   -0.79856   -0.79856
  -0.79630   -0.79630   -0.79235   -0.79235   -0.79013   -0.79013   -0.78954   -0.78954
  -0.35066   -0.35066   -0.33367   -0.33366   -0.32358   -0.32358   -0.31712   -0.31712
   0.11101    0.11101    0.11912    0.11912    0.11933    0.11933    0.14605    0.14605
   0.14615    0.14615    0.18395    0.18396    0.19143    0.19143    0.20504    0.20504
   0.21519    0.21520    0.24371    0.24371    0.25060    0.25060    0.25733    0.25733
   0.47037    0.47058
 kpt#  76, nband= 50, wtk=  0.00926, kpt=  0.1667  0.5000  0.3333 (reduced coord)
  -1.94299   -1.94298   -1.94285   -1.94284   -0.80158   -0.80158   -0.79970   -0.79970
  -0.79467   -0.79467   -0.79101   -0.79101   -0.78994   -0.78994   -0.78957   -0.78957
  -0.35128   -0.35128   -0.33837   -0.33837   -0.31992   -0.31992   -0.31574   -0.31574
   0.11475    0.11475    0.12056    0.12056    0.12366    0.12366    0.13952    0.13952
   0.15305    0.15305    0.17316    0.17316    0.20264    0.20265    0.20548    0.20548
   0.21960    0.21960    0.23794    0.23794    0.24343    0.24343    0.25482    0.25483
   0.46721    0.46727
 kpt#  77, nband= 50, wtk=  0.00926, kpt=  0.3333  0.5000  0.3333 (reduced coord)
  -1.94296   -1.94295   -1.94288   -1.94287   -0.80323   -0.80323   -0.80204   -0.80204
  -0.79239   -0.79238   -0.79031   -0.79031   -0.78935   -0.78935   -0.78890   -0.78890
  -0.35176   -0.35176   -0.34520   -0.34519   -0.31547   -0.31547   -0.31348   -0.31348
   0.12059    0.12059    0.12284    0.12284    0.13298    0.13298    0.14000    0.14000
   0.15472    0.15472    0.17094    0.17094    0.20154    0.20154    0.21297    0.21297
   0.21799    0.21799    0.22424    0.22424    0.23824    0.23824    0.24981    0.24981
   0.46236    0.46237
 kpt#  78, nband= 50, wtk=  0.00926, kpt=  0.5000  0.5000  0.3333 (reduced coord)
  -1.94292   -1.94292   -1.94291   -1.94291   -0.80341   -0.80341   -0.80341   -0.80341
  -0.79103   -0.79103   -0.79103   -0.79102   -0.78860   -0.78860   -0.78860   -0.78860
  -0.34998   -0.34998   -0.34997   -0.34997   -0.31312   -0.31312   -0.31312   -0.31312
   0.12271    0.12271    0.12271    0.12271    0.13998    0.13998    0.13998    0.13998
   0.16513    0.16513    0.16514    0.16514    0.20531    0.20531    0.20532    0.20532
   0.21480    0.21480    0.21481    0.21481    0.24559    0.24559    0.24560    0.24560
   0.46296    0.46296
 kpt#  79, nband= 50, wtk=  0.00926, kpt= -0.3333  0.5000  0.3333 (reduced coord)
  -1.94296   -1.94295   -1.94288   -1.94287   -0.80323   -0.80323   -0.80204   -0.80204
  -0.79239   -0.79238   -0.79031   -0.79031   -0.78935   -0.78935   -0.78890   -0.78890
  -0.35176   -0.35176   -0.34520   -0.34519   -0.31547   -0.31547   -0.31348   -0.31348
   0.12059    0.12059    0.12284    0.12284    0.13298    0.13298    0.14000    0.14000
   0.15471    0.15472    0.17094    0.17094    0.20154    0.20154    0.21297    0.21297
   0.21799    0.21799    0.22424    0.22424    0.23824    0.23825    0.24981    0.24981
   0.46235    0.46237
 kpt#  80, nband= 50, wtk=  0.00926, kpt= -0.1667  0.5000  0.3333 (reduced coord)
  -1.94299   -1.94298   -1.94285   -1.94284   -0.80158   -0.80158   -0.79970   -0.79970
  -0.79467   -0.79467   -0.79101   -0.79101   -0.78994   -0.78994   -0.78957   -0.78957
  -0.35128   -0.35128   -0.33837   -0.33837   -0.31992   -0.31992   -0.31574   -0.31574
   0.11475    0.11475    0.12056    0.12056    0.12366    0.12366    0.13952    0.13952
   0.15305    0.15305    0.17316    0.17317    0.20265    0.20265    0.20548    0.20548
   0.21960    0.21960    0.23794    0.23794    0.24343    0.24343    0.25482    0.25482
   0.46721    0.46725
 kpt#  81, nband= 50, wtk=  0.00926, kpt=  0.0000 -0.3333  0.3333 (reduced coord)
  -1.94313   -1.94288   -1.94287   -1.94278   -0.80056   -0.80050   -0.79927   -0.79848
  -0.79612   -0.79424   -0.79327   -0.79098   -0.79089   -0.79074   -0.78948   -0.78845
  -0.36479   -0.33730   -0.33560   -0.32986   -0.32621   -0.32132   -0.32110   -0.31287
   0.09793    0.10724    0.11119    0.11602    0.11904    0.13186    0.13468    0.14186
   0.15087    0.15623    0.17238    0.17465    0.19180    0.20072    0.21153    0.21594
   0.21941    0.23408    0.23561    0.24212    0.24945    0.25253    0.25838    0.26227
   0.47030    0.47187
 kpt#  82, nband= 50, wtk=  0.00926, kpt=  0.1667 -0.3333  0.3333 (reduced coord)
  -1.94311   -1.94288   -1.94287   -1.94281   -0.80174   -0.80132   -0.80115   -0.79737
  -0.79559   -0.79331   -0.79326   -0.79093   -0.79063   -0.79001   -0.78912   -0.78842
  -0.36330   -0.34036   -0.33856   -0.33439   -0.32284   -0.31923   -0.31829   -0.31274
   0.10415    0.10830    0.11357    0.11927    0.12147    0.13455    0.13927    0.14210
   0.15078    0.15205    0.15956    0.17457    0.19954    0.20666    0.21282    0.22127
   0.22382    0.23139    0.23233    0.23585    0.24454    0.24661    0.25177    0.25781
   0.46486    0.47457
 kpt#  83, nband= 50, wtk=  0.00926, kpt=  0.3333 -0.3333  0.3333 (reduced coord)
  -1.94304   -1.94288   -1.94287   -1.94287   -0.80273   -0.80264   -0.80262   -0.80001
  -0.79277   -0.79244   -0.79224   -0.79027   -0.78995   -0.78959   -0.78913   -0.78817
  -0.35885   -0.34416   -0.34317   -0.34275   -0.31816   -0.31587   -0.31549   -0.31266
   0.11377    0.11746    0.11897    0.12088    0.12879    0.14007    0.14117    0.14445
   0.14883    0.15042    0.15140    0.18348    0.19321    0.21516    0.21721    0.21986
   0.22179    0.22497    0.22688    0.22781    0.23136    0.24148    0.24489    0.25258
   0.46222    0.47030
 kpt#  84, nband= 50, wtk=  0.00926, kpt=  0.5000 -0.3333  0.3333 (reduced coord)
  -1.94296   -1.94296   -1.94287   -1.94287   -0.80323   -0.80323   -0.80205   -0.80205
  -0.79236   -0.79236   -0.79035   -0.79035   -0.78930   -0.78930   -0.78892   -0.78892
  -0.35173   -0.35173   -0.34521   -0.34521   -0.31562   -0.31561   -0.31336   -0.31336
   0.12051    0.12051    0.12282    0.12282    0.13281    0.13281    0.14033    0.14033
   0.15475    0.15475    0.17082    0.17083    0.20109    0.20110    0.21291    0.21291
   0.21983    0.21984    0.22342    0.22342    0.23773    0.23773    0.24975    0.24975
   0.46460    0.46546
 kpt#  85, nband= 50, wtk=  0.00926, kpt= -0.3333 -0.3333  0.3333 (reduced coord)
  -1.94304   -1.94288   -1.94287   -1.94287   -0.80273   -0.80264   -0.80262   -0.80001
  -0.79277   -0.79244   -0.79224   -0.79027   -0.78995   -0.78959   -0.78913   -0.78817
  -0.35885   -0.34416   -0.34317   -0.34275   -0.31816   -0.31588   -0.31548   -0.31266
   0.11377    0.11746    0.11897    0.12087    0.12879    0.14007    0.14117    0.14445
   0.14882    0.15042    0.15141    0.18348    0.19321    0.21516    0.21721    0.21986
   0.22180    0.22497    0.22688    0.22781    0.23137    0.24149    0.24488    0.25258
   0.46221    0.47032
 kpt#  86, nband= 50, wtk=  0.00926, kpt= -0.1667 -0.3333  0.3333 (reduced coord)
  -1.94311   -1.94288   -1.94287   -1.94281   -0.80174   -0.80132   -0.80115   -0.79737
  -0.79559   -0.79331   -0.79326   -0.79093   -0.79063   -0.79001   -0.78912   -0.78842
  -0.36330   -0.34036   -0.33856   -0.33439   -0.32284   -0.31923   -0.31829   -0.31274
   0.10415    0.10831    0.11357    0.11927    0.12148    0.13455    0.13927    0.14210
   0.15078    0.15205    0.15956    0.17457    0.19954    0.20666    0.21282    0.22127
   0.22383    0.23139    0.23233    0.23585    0.24454    0.24661    0.25177    0.25781
   0.46485    0.47303
 kpt#  87, nband= 50, wtk=  0.00926, kpt=  0.0000 -0.1667  0.3333 (reduced coord)
  -1.94323   -1.94292   -1.94277   -1.94275   -0.80179   -0.80140   -0.80089   -0.79703
  -0.79563   -0.79391   -0.79222   -0.79196   -0.79102   -0.79028   -0.78846   -0.78800
  -0.37467   -0.33989   -0.32822   -0.32695   -0.32432   -0.32381   -0.31940   -0.30971
   0.08670    0.09077    0.10420    0.11375    0.11851    0.13359    0.13711    0.14123
   0.14587    0.14825    0.17084    0.17811    0.20053    0.20607    0.22156    0.22308
   0.22996    0.23458    0.23576    0.23734    0.25961    0.26027    0.26469    0.26591
   0.46179    0.46795
 kpt#  88, nband= 50, wtk=  0.00926, kpt=  0.1667 -0.1667  0.3333 (reduced coord)
  -1.94320   -1.94291   -1.94278   -1.94278   -0.80174   -0.80160   -0.80103   -0.79582
  -0.79571   -0.79500   -0.79190   -0.79181   -0.79156   -0.78998   -0.78852   -0.78800
  -0.37168   -0.34040   -0.32983   -0.32870   -0.32642   -0.32073   -0.31965   -0.31052
   0.09382    0.09535    0.10355    0.11637    0.12020    0.13605    0.13812    0.14414
   0.14536    0.15418    0.16420    0.16550    0.20419    0.21647    0.21919    0.22037
   0.23087    0.23188    0.23478    0.23600    0.25354    0.25675    0.25789    0.26050
   0.46440    0.47013
 kpt#  89, nband= 50, wtk=  0.00926, kpt=  0.3333 -0.1667  0.3333 (reduced coord)
  -1.94311   -1.94288   -1.94287   -1.94281   -0.80173   -0.80132   -0.80118   -0.79739
  -0.79554   -0.79328   -0.79328   -0.79095   -0.79061   -0.78999   -0.78913   -0.78842
  -0.36326   -0.34037   -0.33850   -0.33436   -0.32290   -0.31968   -0.31794   -0.31271
   0.10423    0.10829    0.11347    0.11872    0.12159    0.13498    0.13888    0.14245
   0.15112    0.15204    0.15941    0.17432    0.20063    0.20633    0.21148    0.22149
   0.22492    0.23104    0.23328    0.23621    0.24366    0.24661    0.25110    0.25760
   0.46759    0.47555
 kpt#  90, nband= 50, wtk=  0.00926, kpt=  0.5000 -0.1667  0.3333 (reduced coord)
  -1.94299   -1.94299   -1.94284   -1.94284   -0.80158   -0.80158   -0.79973   -0.79973
  -0.79462   -0.79462   -0.79101   -0.79101   -0.78996   -0.78996   -0.78956   -0.78956
  -0.35120   -0.35120   -0.33839   -0.33838   -0.32013   -0.32013   -0.31559   -0.31559
   0.11468    0.11468    0.11998    0.11998    0.12404    0.12404    0.13981    0.13981
   0.15331    0.15331    0.17293    0.17293    0.20069    0.20070    0.20700    0.20700
   0.22092    0.22092    0.23953    0.23953    0.24082    0.24082    0.25474    0.25474
   0.47104    0.47153
 kpt#  91, nband= 50, wtk=  0.00926, kpt= -0.3333 -0.1667  0.3333 (reduced coord)
  -1.94311   -1.94288   -1.94287   -1.94281   -0.80173   -0.80132   -0.80118   -0.79739
  -0.79554   -0.79328   -0.79328   -0.79095   -0.79061   -0.78999   -0.78913   -0.78842
  -0.36326   -0.34037   -0.33851   -0.33436   -0.32290   -0.31968   -0.31793   -0.31271
   0.10423    0.10829    0.11347    0.11872    0.12159    0.13498    0.13888    0.14245
   0.15112    0.15204    0.15942    0.17432    0.20063    0.20634    0.21148    0.22149
   0.22492    0.23104    0.23328    0.23621    0.24366    0.24661    0.25110    0.25761
   0.46755    0.47566
 kpt#  92, nband= 50, wtk=  0.00926, kpt= -0.1667 -0.1667  0.3333 (reduced coord)
  -1.94320   -1.94291   -1.94278   -1.94278   -0.80174   -0.80160   -0.80103   -0.79582
  -0.79571   -0.79500   -0.79190   -0.79181   -0.79156   -0.78998   -0.78852   -0.78800
  -0.37168   -0.34040   -0.32983   -0.32870   -0.32641   -0.32073   -0.31964   -0.31052
   0.09382    0.09535    0.10355    0.11637    0.12020    0.13604    0.13812    0.14414
   0.14536    0.15418    0.16420    0.16550    0.20419    0.21647    0.21919    0.22037
   0.23087    0.23188    0.23478    0.23600    0.25354    0.25675    0.25789    0.26050
   0.46440    0.47012
 kpt#  93, nband= 50, wtk=  0.00463, kpt=  0.0000  0.0000  0.5000 (reduced coord)
  -1.94310   -1.94310   -1.94273   -1.94273   -0.79921   -0.79921   -0.79918   -0.79918
  -0.79705   -0.79705   -0.79272   -0.79272   -0.78920   -0.78920   -0.78902   -0.78902
  -0.36025   -0.36024   -0.32236   -0.32235   -0.32223   -0.32222   -0.31909   -0.31909
   0.10656    0.10657    0.10713    0.10713    0.12182    0.12182    0.13057    0.13057
   0.15067    0.15067    0.17647    0.17647    0.20199    0.20199    0.20285    0.20285
   0.21894    0.21894    0.24767    0.24768    0.26830    0.26830    0.26944    0.26944
   0.46963    0.46964
 kpt#  94, nband= 50, wtk=  0.00926, kpt=  0.1667  0.0000  0.5000 (reduced coord)
  -1.94307   -1.94307   -1.94276   -1.94276   -0.79952   -0.79952   -0.79848   -0.79848
  -0.79755   -0.79754   -0.79208   -0.79208   -0.78987   -0.78987   -0.78895   -0.78895
  -0.35797   -0.35797   -0.32524   -0.32524   -0.32193   -0.32193   -0.31925   -0.31925
   0.10829    0.10829    0.11381    0.11381    0.12119    0.12119    0.12836    0.12837
   0.15795    0.15795    0.18163    0.18163    0.18937    0.18937    0.19867    0.19867
   0.23032    0.23032    0.24009    0.24009    0.26295    0.26295    0.26393    0.26393
   0.47219    0.47224
 kpt#  95, nband= 50, wtk=  0.00926, kpt=  0.3333  0.0000  0.5000 (reduced coord)
  -1.94301   -1.94301   -1.94283   -1.94282   -0.79979   -0.79979   -0.79860   -0.79860
  -0.79670   -0.79670   -0.79172   -0.79172   -0.79075   -0.79075   -0.78899   -0.78899
  -0.35157   -0.35157   -0.33276   -0.33276   -0.32127   -0.32127   -0.31971   -0.31971
   0.11141    0.11141    0.11815    0.11815    0.12986    0.12987    0.13086    0.13086
   0.16942    0.16942    0.17565    0.17566    0.18971    0.18971    0.19650    0.19650
   0.21715    0.21715    0.24006    0.24006    0.24976    0.24976    0.25777    0.25778
   0.47421    0.47515
 kpt#  96, nband= 50, wtk=  0.00463, kpt=  0.5000  0.0000  0.5000 (reduced coord)
  -1.94292   -1.94292   -1.94291   -1.94291   -0.79950   -0.79949   -0.79949   -0.79949
  -0.79424   -0.79424   -0.79424   -0.79423   -0.78959   -0.78959   -0.78958   -0.78958
  -0.34244   -0.34244   -0.34244   -0.34243   -0.32046   -0.32046   -0.32045   -0.32045
   0.11471    0.11471    0.11472    0.11472    0.13657    0.13657    0.13657    0.13658
   0.17679    0.17680    0.17680    0.17680    0.18721    0.18721    0.18721    0.18722
   0.22223    0.22223    0.22223    0.22223    0.25274    0.25274    0.25275    0.25275
   0.47407    0.47408
 kpt#  97, nband= 50, wtk=  0.00926, kpt=  0.0000  0.1667  0.5000 (reduced coord)
  -1.94307   -1.94307   -1.94276   -1.94276   -0.79947   -0.79946   -0.79854   -0.79854
  -0.79754   -0.79754   -0.79207   -0.79207   -0.78990   -0.78990   -0.78892   -0.78892
  -0.35798   -0.35798   -0.32540   -0.32539   -0.32177   -0.32177   -0.31924   -0.31924
   0.10795    0.10795    0.11418    0.11419    0.12144    0.12144    0.12837    0.12838
   0.15705    0.15705    0.18223    0.18223    0.18913    0.18913    0.19890    0.19890
   0.23025    0.23026    0.24010    0.24010    0.26297    0.26297    0.26406    0.26406
   0.47094    0.47094
 kpt#  98, nband= 50, wtk=  0.00926, kpt=  0.1667  0.1667  0.5000 (reduced coord)
  -1.94305   -1.94305   -1.94278   -1.94278   -0.80080   -0.80077   -0.79888   -0.79765
  -0.79674   -0.79669   -0.79167   -0.79165   -0.79079   -0.78933   -0.78903   -0.78887
  -0.35671   -0.35618   -0.32991   -0.32965   -0.31977   -0.31948   -0.31946   -0.31841
   0.11042    0.11111    0.11917    0.11988    0.12022    0.12260    0.12524    0.13220
   0.15455    0.16881    0.17470    0.17471    0.18540    0.18617    0.20836    0.20890
   0.23038    0.23052    0.23133    0.24124    0.25535    0.25657    0.25701    0.26012
   0.46671    0.48080
 kpt#  99, nband= 50, wtk=  0.00926, kpt=  0.3333  0.1667  0.5000 (reduced coord)
  -1.94299   -1.94299   -1.94284   -1.94284   -0.80182   -0.80125   -0.80060   -0.79906
  -0.79488   -0.79410   -0.79191   -0.79072   -0.79054   -0.79010   -0.78904   -0.78886
  -0.35246   -0.35152   -0.33762   -0.33685   -0.31908   -0.31857   -0.31758   -0.31743
   0.11411    0.11690    0.12020    0.12025    0.12924    0.12999    0.13303    0.13866
   0.15751    0.16128    0.16580    0.18280    0.19527    0.19594    0.20272    0.20838
   0.21230    0.22620    0.23510    0.23548    0.24136    0.24648    0.24686    0.25568
   0.46705    0.47909
 kpt# 100, nband= 50, wtk=  0.00926, kpt=  0.5000  0.1667  0.5000 (reduced coord)
  -1.94292   -1.94292   -1.94291   -1.94291   -0.80174   -0.80174   -0.80055   -0.80055
  -0.79331   -0.79331   -0.79175   -0.79175   -0.78970   -0.78969   -0.78940   -0.78939
  -0.34572   -0.34572   -0.34467   -0.34467   -0.31857   -0.31857   -0.31698   -0.31698
   0.11761    0.11761    0.12006    0.12006    0.13374    0.13374    0.13873    0.13873
   0.16564    0.16564    0.17260    0.17260    0.19772    0.19772    0.20287    0.20287
   0.21837    0.21837    0.21967    0.21967    0.24343    0.24343    0.25182    0.25182
   0.47067    0.47361
 kpt# 101, nband= 50, wtk=  0.00926, kpt= -0.3333  0.1667  0.5000 (reduced coord)
  -1.94299   -1.94299   -1.94284   -1.94284   -0.80182   -0.80125   -0.80060   -0.79906
  -0.79488   -0.79410   -0.79191   -0.79072   -0.79054   -0.79010   -0.78904   -0.78886
  -0.35246   -0.35152   -0.33762   -0.33685   -0.31908   -0.31857   -0.31758   -0.31743
   0.11411    0.11690    0.12020    0.12025    0.12924    0.12999    0.13303    0.13866
   0.15751    0.16128    0.16580    0.18280    0.19527    0.19594    0.20272    0.20838
   0.21230    0.22620    0.23510    0.23548    0.24136    0.24648    0.24686    0.25568
   0.46704    0.47857
 kpt# 102, nband= 50, wtk=  0.00926, kpt= -0.1667  0.1667  0.5000 (reduced coord)
  -1.94305   -1.94305   -1.94278   -1.94278   -0.80080   -0.80077   -0.79888   -0.79765
  -0.79674   -0.79669   -0.79167   -0.79165   -0.79079   -0.78933   -0.78903   -0.78887
  -0.35671   -0.35618   -0.32991   -0.32965   -0.31977   -0.31948   -0.31946   -0.31841
   0.11042    0.11111    0.11917    0.11988    0.12022    0.12260    0.12524    0.13220
   0.15455    0.16881    0.17470    0.17471    0.18540    0.18617    0.20836    0.20890
   0.23038    0.23052    0.23133    0.24124    0.25535    0.25657    0.25701    0.26012
   0.46671    0.48204
 kpt# 103, nband= 50, wtk=  0.00926, kpt=  0.0000  0.3333  0.5000 (reduced coord)
  -1.94301   -1.94301   -1.94283   -1.94282   -0.79974   -0.79974   -0.79858   -0.79858
  -0.79676   -0.79676   -0.79177   -0.79177   -0.79074   -0.79074   -0.78897   -0.78897
  -0.35161   -0.35161   -0.33289   -0.33289   -0.32113   -0.32113   -0.31966   -0.31966
   0.11122    0.11122    0.11855    0.11855    0.13013    0.13013    0.13076    0.13077
   0.16777    0.16777    0.17565    0.17565    0.18939    0.18940    0.19792    0.19792
   0.21700    0.21700    0.24032    0.24032    0.24975    0.24975    0.25802    0.25802
   0.47191    0.47276
 kpt# 104, nband= 50, wtk=  0.00926, kpt=  0.1667  0.3333  0.5000 (reduced coord)
  -1.94299   -1.94299   -1.94284   -1.94284   -0.80182   -0.80121   -0.80060   -0.79904
  -0.79494   -0.79408   -0.79195   -0.79073   -0.79051   -0.79012   -0.78903   -0.78885
  -0.35246   -0.35158   -0.33749   -0.33710   -0.31901   -0.31829   -0.31772   -0.31743
   0.11367    0.11724    0.12045    0.12047    0.12897    0.12991    0.13309    0.13935
   0.15724    0.16056    0.16573    0.18011    0.19641    0.19820    0.20309    0.20726
   0.21192    0.22597    0.23531    0.23588    0.24217    0.24586    0.24694    0.25602
   0.46448    0.47597
 kpt# 105, nband= 50, wtk=  0.00926, kpt=  0.3333  0.3333  0.5000 (reduced coord)
  -1.94296   -1.94296   -1.94287   -1.94287   -0.80318   -0.80316   -0.80272   -0.80128
  -0.79181   -0.79175   -0.79125   -0.79016   -0.79012   -0.78960   -0.78876   -0.78866
  -0.35251   -0.35143   -0.34434   -0.34419   -0.31636   -0.31456   -0.31439   -0.31437
   0.12269    0.12321    0.12409    0.12409    0.13185    0.13511    0.13794    0.13849
   0.15584    0.15591    0.16212    0.18847    0.19558    0.19614    0.21578    0.21600
   0.21895    0.22231    0.22417    0.22794    0.23146    0.23502    0.23624    0.24781
   0.46226    0.47154
 kpt# 106, nband= 50, wtk=  0.00926, kpt=  0.5000  0.3333  0.5000 (reduced coord)
  -1.94292   -1.94292   -1.94291   -1.94291   -0.80372   -0.80372   -0.80296   -0.80295
  -0.79114   -0.79114   -0.79000   -0.79000   -0.78931   -0.78931   -0.78899   -0.78899
  -0.34993   -0.34993   -0.34919   -0.34919   -0.31425   -0.31425   -0.31296   -0.31296
   0.12561    0.12561    0.12879    0.12879    0.13264    0.13264    0.13623    0.13623
   0.16400    0.16400    0.17245    0.17245    0.20431    0.20431    0.20455    0.20455
   0.21955    0.21955    0.22349    0.22349    0.22809    0.22809    0.24374    0.24374
   0.46582    0.46594
 kpt# 107, nband= 50, wtk=  0.00926, kpt= -0.3333  0.3333  0.5000 (reduced coord)
  -1.94296   -1.94296   -1.94287   -1.94287   -0.80318   -0.80316   -0.80272   -0.80128
  -0.79181   -0.79175   -0.79125   -0.79016   -0.79012   -0.78960   -0.78876   -0.78866
  -0.35251   -0.35143   -0.34434   -0.34419   -0.31636   -0.31456   -0.31439   -0.31437
   0.12269    0.12321    0.12409    0.12409    0.13185    0.13511    0.13794    0.13849
   0.15584    0.15591    0.16212    0.18847    0.19558    0.19614    0.21578    0.21600
   0.21895    0.22231    0.22417    0.22794    0.23146    0.23502    0.23624    0.24781
   0.46225    0.47166
 kpt# 108, nband= 50, wtk=  0.00926, kpt= -0.1667  0.3333  0.5000 (reduced coord)
  -1.94299   -1.94299   -1.94284   -1.94284   -0.80182   -0.80121   -0.80060   -0.79904
  -0.79494   -0.79408   -0.79195   -0.79073   -0.79051   -0.79012   -0.78903   -0.78885
  -0.35246   -0.35158   -0.33749   -0.33710   -0.31901   -0.31829   -0.31772   -0.31743
   0.11367    0.11724    0.12045    0.12047    0.12897    0.12991    0.13309    0.13935
   0.15724    0.16056    0.16573    0.18011    0.19641    0.19820    0.20309    0.20726
   0.21192    0.22597    0.23531    0.23588    0.24217    0.24586    0.24694    0.25602
   0.46448    0.47591
 kpt# 109, nband= 50, wtk=  0.00463, kpt=  0.0000  0.5000  0.5000 (reduced coord)
  -1.94292   -1.94292   -1.94291   -1.94291   -0.79946   -0.79946   -0.79945   -0.79945
  -0.79429   -0.79429   -0.79429   -0.79429   -0.78957   -0.78957   -0.78957   -0.78957
  -0.34253   -0.34253   -0.34253   -0.34253   -0.32036   -0.32035   -0.32035   -0.32035
   0.11482    0.11482    0.11483    0.11483    0.13657    0.13657    0.13657    0.13658
   0.17572    0.17572    0.17573    0.17573    0.18770    0.18770    0.18770    0.18771
   0.22265    0.22265    0.22266    0.22266    0.25291    0.25291    0.25291    0.25291
   0.47248    0.47249
 kpt# 110, nband= 50, wtk=  0.00926, kpt=  0.1667  0.5000  0.5000 (reduced coord)
  -1.94292   -1.94292   -1.94291   -1.94291   -0.80174   -0.80174   -0.80052   -0.80052
  -0.79337   -0.79337   -0.79176   -0.79176   -0.78970   -0.78969   -0.78937   -0.78937
  -0.34568   -0.34568   -0.34482   -0.34482   -0.31840   -0.31839   -0.31702   -0.31702
   0.11757    0.11757    0.12023    0.12023    0.13379    0.13380    0.13882    0.13883
   0.16516    0.16516    0.17226    0.17227    0.19660    0.19660    0.20349    0.20349
   0.21789    0.21789    0.22106    0.22107    0.24352    0.24353    0.25204    0.25204
   0.46721    0.46726
 kpt# 111, nband= 50, wtk=  0.00926, kpt=  0.3333  0.5000  0.5000 (reduced coord)
  -1.94292   -1.94292   -1.94291   -1.94291   -0.80372   -0.80372   -0.80294   -0.80294
  -0.79117   -0.79117   -0.78996   -0.78996   -0.78935   -0.78935   -0.78897   -0.78897
  -0.34988   -0.34987   -0.34927   -0.34927   -0.31415   -0.31415   -0.31303   -0.31303
   0.12543    0.12543    0.12874    0.12874    0.13286    0.13287    0.13640    0.13640
   0.16378    0.16379    0.17242    0.17242    0.20320    0.20320    0.20505    0.20505
   0.21918    0.21918    0.22418    0.22418    0.22860    0.22860    0.24369    0.24369
   0.46298    0.46299
 kpt# 112, nband= 50, wtk=  0.00463, kpt=  0.5000  0.5000  0.5000 (reduced coord)
  -1.94292   -1.94292   -1.94291   -1.94291   -0.80418   -0.80418   -0.80418   -0.80418
  -0.79021   -0.79021   -0.79021   -0.79021   -0.78859   -0.78859   -0.78859   -0.78859
  -0.35141   -0.35141   -0.35141   -0.35141   -0.31188   -0.31188   -0.31188   -0.31188
   0.12898    0.12899    0.12899    0.12899    0.13625    0.13625    0.13625    0.13626
   0.17048    0.17048    0.17049    0.17049    0.19972    0.19972    0.19972    0.19973
   0.22062    0.22062    0.22063    0.22063    0.23557    0.23557    0.23557    0.23557
   0.46466    0.46467
