 Fermi (or HOMO) energy (hartree) =   0.27662   Average Vxc (hartree)=  -0.44595
 Eigenvalues (hartree) for nkpt= 112  k points:
 kpt#   1, nband= 50, wtk=  0.00463, kpt=  0.0000  0.0000  0.0000 (reduced coord)
  -1.94309   -1.94242   -1.94239   -1.94239   -0.80503   -0.80494   -0.80465   -0.79361
  -0.79283   -0.79248   -0.79179   -0.79144   -0.79120   -0.78808   -0.78666   -0.78664
  -0.39522   -0.33823   -0.32994   -0.32877   -0.31888   -0.31651   -0.31552   -0.29862
   0.06063    0.06094    0.07227    0.09601    0.10326    0.10419    0.16031    0.16360
   0.16654    0.16975    0.17200    0.17205    0.21813    0.22356    0.22420    0.22936
   0.24407    0.25243    0.25289    0.25412    0.25439    0.26571    0.26932    0.27517
   0.44621    0.44634
 kpt#   2, nband= 50, wtk=  0.00926, kpt=  0.1667  0.0000  0.0000 (reduced coord)
  -1.94304   -1.94244   -1.94242   -1.94239   -0.80409   -0.80391   -0.80390   -0.79381
  -0.79340   -0.79244   -0.79194   -0.79160   -0.79134   -0.78833   -0.78802   -0.78703
  -0.39046   -0.33679   -0.32942   -0.32717   -0.32138   -0.31952   -0.31762   -0.30074
   0.06660    0.07070    0.07157    0.09838    0.10459    0.12028    0.14980    0.15238
   0.16095    0.16125    0.17188    0.17588    0.21372    0.21977    0.21997    0.22980
   0.24778    0.24835    0.25051    0.25571    0.25698    0.25943    0.27012    0.27555
   0.45278    0.45509
 kpt#   3, nband= 50, wtk=  0.00926, kpt=  0.3333  0.0000  0.0000 (reduced coord)
  -1.94291   -1.94256   -1.94242   -1.94240   -0.80183   -0.80173   -0.80079   -0.79604
  -0.79505   -0.79289   -0.79174   -0.79164   -0.79100   -0.79088   -0.78904   -0.78807
  -0.37718   -0.33828   -0.33290   -0.32634   -0.32449   -0.32131   -0.31896   -0.30638
   0.07823    0.08262    0.09901    0.10541    0.11326    0.12449    0.13405    0.13634
   0.14458    0.15365    0.18187    0.18368    0.18462    0.20636    0.20841    0.22954
   0.23537    0.23734    0.25399    0.25703    0.26473    0.26826    0.26988    0.27654
   0.46754    0.47185
 kpt#   4, nband= 50, wtk=  0.00463, kpt=  0.5000  0.0000  0.0000 (reduced coord)
  -1.94275   -1.94273   -1.94241   -1.94240   -0.79898   -0.79897   -0.79845   -0.79844
  -0.79635   -0.79633   -0.79230   -0.79229   -0.79006   -0.79004   -0.78948   -0.78947
  -0.35825   -0.35824   -0.32787   -0.32787   -0.32385   -0.32384   -0.31361   -0.31361
   0.09456    0.09457    0.11064    0.11064    0.11744    0.11745    0.12745    0.12745
   0.13971    0.13972    0.18852    0.18853    0.19518    0.19519    0.19871    0.19872
   0.23578    0.23578    0.25788    0.25789    0.26846    0.26846    0.27521    0.27521
   0.47954    0.48244
 kpt#   5, nband= 50, wtk=  0.00926, kpt=  0.0000  0.1667  0.0000 (reduced coord)
  -1.94304   -1.94244   -1.94242   -1.94239   -0.80417   -0.80391   -0.80383   -0.79421
  -0.79275   -0.79242   -0.79218   -0.79162   -0.79134   -0.78836   -0.78802   -0.78702
  -0.39049   -0.33667   -0.32803   -0.32802   -0.32260   -0.31948   -0.31698   -0.30091
   0.06643    0.07080    0.07132    0.09840    0.10623    0.11908    0.15135    0.15201
   0.16009    0.16226    0.17257    0.17453    0.21384    0.21812    0.22102    0.23790
   0.24061    0.24082    0.24862    0.25779    0.26042    0.26534    0.26706    0.27555
   0.45099    0.45377
 kpt#   6, nband= 50, wtk=  0.00926, kpt=  0.1667  0.1667  0.0000 (reduced coord)
  -1.94300   -1.94244   -1.94244   -1.94242   -0.80328   -0.80321   -0.80319   -0.79387
  -0.79382   -0.79349   -0.79176   -0.79145   -0.79085   -0.78973   -0.78867   -0.78683
  -0.38614   -0.33583   -0.32811   -0.32738   -0.32246   -0.32194   -0.31993   -0.30273
   0.07296    0.07603    0.07608    0.10010    0.10911    0.13047    0.14397    0.14419
   0.15847    0.16441    0.16471    0.17347    0.21019    0.21702    0.22142    0.22285
   0.24158    0.24854    0.24971    0.24984    0.25874    0.26148    0.26837    0.27573
   0.45496    0.46226
 kpt#   7, nband= 50, wtk=  0.00926, kpt=  0.3333  0.1667  0.0000 (reduced coord)
  -1.94288   -1.94255   -1.94244   -1.94242   -0.80149   -0.80122   -0.80081   -0.79627
  -0.79554   -0.79309   -0.79296   -0.79096   -0.79092   -0.79057   -0.78943   -0.78756
  -0.37397   -0.33832   -0.33357   -0.32797   -0.32477   -0.32121   -0.31969   -0.30759
   0.08169    0.09066    0.10226    0.10550    0.11771    0.12388    0.13153    0.13823
   0.14836    0.15994    0.17459    0.18066    0.18758    0.20252    0.20558    0.22718
   0.23183    0.23481    0.24720    0.25176    0.26379    0.26768    0.26812    0.27621
   0.46377    0.47495
 kpt#   8, nband= 50, wtk=  0.00926, kpt=  0.5000  0.1667  0.0000 (reduced coord)
  -1.94272   -1.94271   -1.94243   -1.94242   -0.79901   -0.79901   -0.79866   -0.79865
  -0.79688   -0.79687   -0.79179   -0.79178   -0.79027   -0.79026   -0.78900   -0.78899
  -0.35663   -0.35662   -0.33060   -0.33060   -0.32303   -0.32303   -0.31392   -0.31392
   0.09867    0.09867    0.11412    0.11412    0.11473    0.11474    0.13157    0.13158
   0.14594    0.14595    0.18762    0.18762    0.18815    0.18815    0.20085    0.20086
   0.23148    0.23149    0.25109    0.25110    0.26616    0.26617    0.27454    0.27454
   0.47224    0.47288
 kpt#   9, nband= 50, wtk=  0.00926, kpt= -0.3333  0.1667  0.0000 (reduced coord)
  -1.94288   -1.94255   -1.94244   -1.94242   -0.80149   -0.80122   -0.80081   -0.79627
  -0.79554   -0.79309   -0.79296   -0.79096   -0.79092   -0.79057   -0.78943   -0.78756
  -0.37397   -0.33832   -0.33357   -0.32797   -0.32477   -0.32121   -0.31969   -0.30759
   0.08169    0.09066    0.10226    0.10550    0.11771    0.12388    0.13153    0.13823
   0.14836    0.15994    0.17459    0.18066    0.18758    0.20252    0.20558    0.22718
   0.23183    0.23481    0.24720    0.25176    0.26379    0.26768    0.26812    0.27621
   0.46377    0.47471
 kpt#  10, nband= 50, wtk=  0.00926, kpt= -0.1667  0.1667  0.0000 (reduced coord)
  -1.94300   -1.94244   -1.94244   -1.94242   -0.80328   -0.80321   -0.80319   -0.79387
  -0.79382   -0.79349   -0.79176   -0.79145   -0.79085   -0.78973   -0.78867   -0.78683
  -0.38614   -0.33583   -0.32811   -0.32738   -0.32246   -0.32194   -0.31993   -0.30273
   0.07296    0.07603    0.07608    0.10010    0.10911    0.13047    0.14397    0.14419
   0.15847    0.16441    0.16471    0.17347    0.21019    0.21702    0.22142    0.22285
   0.24158    0.24854    0.24971    0.24984    0.25874    0.26148    0.26837    0.27573
   0.45496    0.46229
 kpt#  11, nband= 50, wtk=  0.00926, kpt=  0.0000  0.3333  0.0000 (reduced coord)
  -1.94291   -1.94257   -1.94241   -1.94240   -0.80187   -0.80178   -0.80072   -0.79621
  -0.79502   -0.79249   -0.79168   -0.79163   -0.79136   -0.79077   -0.78914   -0.78805
  -0.37728   -0.33837   -0.33241   -0.32606   -0.32266   -0.32114   -0.32105   -0.30704
   0.07795    0.08262    0.09867    0.10555    0.11496    0.12505    0.13429    0.13655
   0.14506    0.15414    0.18201    0.18276    0.18364    0.20658    0.21122    0.22844
   0.23109    0.23615    0.25230    0.26280    0.26450    0.26663    0.27009    0.27662
   0.46064    0.46689
 kpt#  12, nband= 50, wtk=  0.00926, kpt=  0.1667  0.3333  0.0000 (reduced coord)
  -1.94288   -1.94256   -1.94243   -1.94242   -0.80153   -0.80124   -0.80076   -0.79626
  -0.79568   -0.79308   -0.79262   -0.79126   -0.79082   -0.79047   -0.78955   -0.78754
  -0.37405   -0.33855   -0.33324   -0.32701   -0.32437   -0.32108   -0.32088   -0.30804
   0.08158    0.09111    0.10167    0.10559    0.11870    0.12368    0.13210    0.13847
   0.14877    0.16066    0.17507    0.17913    0.18678    0.20414    0.20610    0.22697
   0.23024    0.23087    0.25137    0.25151    0.26211    0.26687    0.26969    0.27626
   0.45962    0.46681
 kpt#  13, nband= 50, wtk=  0.00926, kpt=  0.3333  0.3333  0.0000 (reduced coord)
  -1.94278   -1.94253   -1.94253   -1.94245   -0.80059   -0.80058   -0.79962   -0.79823
  -0.79567   -0.79435   -0.79425   -0.79096   -0.78991   -0.78983   -0.78964   -0.78744
  -0.36499   -0.33837   -0.33800   -0.33520   -0.32095   -0.32080   -0.32026   -0.31097
   0.09170    0.10674    0.10818    0.10972    0.12563    0.12719    0.12838    0.13892
   0.15896    0.15906    0.17625    0.18039    0.18616    0.18906    0.20632    0.20784
   0.21386    0.23411    0.23526    0.24008    0.26634    0.26774    0.26874    0.27527
   0.45826    0.46397
 kpt#  14, nband= 50, wtk=  0.00926, kpt=  0.5000  0.3333  0.0000 (reduced coord)
  -1.94266   -1.94265   -1.94250   -1.94248   -0.79977   -0.79977   -0.79902   -0.79902
  -0.79642   -0.79641   -0.79262   -0.79261   -0.78942   -0.78941   -0.78835   -0.78835
  -0.35196   -0.35196   -0.33719   -0.33719   -0.32084   -0.32084   -0.31536   -0.31536
   0.10441    0.10441    0.10991    0.10991    0.13067    0.13068    0.14266    0.14266
   0.15574    0.15574    0.17267    0.17268    0.18645    0.18646    0.20750    0.20751
   0.21064    0.21065    0.23583    0.23584    0.26737    0.26737    0.27299    0.27299
   0.46079    0.46237
 kpt#  15, nband= 50, wtk=  0.00926, kpt= -0.3333  0.3333  0.0000 (reduced coord)
  -1.94278   -1.94253   -1.94253   -1.94245   -0.80059   -0.80058   -0.79962   -0.79823
  -0.79567   -0.79435   -0.79425   -0.79096   -0.78991   -0.78983   -0.78964   -0.78744
  -0.36499   -0.33837   -0.33800   -0.33520   -0.32095   -0.32080   -0.32026   -0.31097
   0.09170    0.10674    0.10818    0.10972    0.12563    0.12719    0.12838    0.13892
   0.15896    0.15906    0.17625    0.18039    0.18616    0.18906    0.20632    0.20784
   0.21386    0.23411    0.23526    0.24008    0.26634    0.26774    0.26874    0.27527
   0.45827    0.46389
 kpt#  16, nband= 50, wtk=  0.00926, kpt= -0.1667  0.3333  0.0000 (reduced coord)
  -1.94288   -1.94256   -1.94243   -1.94242   -0.80153   -0.80124   -0.80076   -0.79626
  -0.79568   -0.79308   -0.79262   -0.79126   -0.79082   -0.79047   -0.78955   -0.78754
  -0.37405   -0.33855   -0.33324   -0.32701   -0.32437   -0.32108   -0.32088   -0.30804
   0.08158    0.09111    0.10167    0.10559    0.11870    0.12368    0.13210    0.13847
   0.14877    0.16066    0.17507    0.17913    0.18678    0.20414    0.20610    0.22697
   0.23024    0.23087    0.25137    0.25151    0.26211    0.26687    0.26969    0.27626
   0.45962    0.46662
 kpt#  17, nband= 50, wtk=  0.00463, kpt=  0.0000  0.5000  0.0000 (reduced coord)
  -1.94274   -1.94274   -1.94240   -1.94240   -0.79905   -0.79905   -0.79845   -0.79845
  -0.79630   -0.79630   -0.79210   -0.79210   -0.79024   -0.79024   -0.78943   -0.78943
  -0.35844   -0.35843   -0.32669   -0.32668   -0.32352   -0.32352   -0.31505   -0.31505
   0.09424    0.09424    0.11147    0.11148    0.11769    0.11769    0.12863    0.12863
   0.13889    0.13890    0.19262    0.19263    0.19352    0.19353    0.19706    0.19707
   0.23251    0.23252    0.26153    0.26153    0.26579    0.26579    0.27582    0.27583
   0.46647    0.46912
 kpt#  18, nband= 50, wtk=  0.00926, kpt=  0.1667  0.5000  0.0000 (reduced coord)
  -1.94272   -1.94272   -1.94243   -1.94243   -0.79901   -0.79901   -0.79873   -0.79873
  -0.79683   -0.79683   -0.79153   -0.79153   -0.79052   -0.79052   -0.78895   -0.78895
  -0.35680   -0.35680   -0.32980   -0.32979   -0.32273   -0.32273   -0.31494   -0.31494
   0.09900    0.09901    0.11401    0.11401    0.11471    0.11471    0.13248    0.13249
   0.14560    0.14561    0.18942    0.18942    0.18942    0.18943    0.19837    0.19837
   0.22891    0.22892    0.25318    0.25318    0.26493    0.26494    0.27504    0.27504
   0.46370    0.46414
 kpt#  19, nband= 50, wtk=  0.00926, kpt=  0.3333  0.5000  0.0000 (reduced coord)
  -1.94266   -1.94266   -1.94249   -1.94249   -0.79977   -0.79977   -0.79903   -0.79903
  -0.79642   -0.79642   -0.79255   -0.79255   -0.78948   -0.78948   -0.78833   -0.78833
  -0.35210   -0.35209   -0.33690   -0.33690   -0.32062   -0.32062   -0.31577   -0.31577
   0.10505    0.10505    0.10962    0.10962    0.13020    0.13020    0.14255    0.14256
   0.15561    0.15562    0.17386    0.17387    0.18804    0.18805    0.20622    0.20623
   0.20857    0.20857    0.23710    0.23711    0.26683    0.26683    0.27321    0.27322
   0.45736    0.45801
 kpt#  20, nband= 50, wtk=  0.00463, kpt=  0.5000  0.5000  0.0000 (reduced coord)
  -1.94258   -1.94258   -1.94257   -1.94256   -0.79979   -0.79979   -0.79979   -0.79979
  -0.79456   -0.79455   -0.79455   -0.79455   -0.78846   -0.78846   -0.78846   -0.78846
  -0.34504   -0.34503   -0.34503   -0.34503   -0.31796   -0.31796   -0.31795   -0.31795
   0.10738    0.10738    0.10738    0.10738    0.15219    0.15219    0.15220    0.15220
   0.15700    0.15700    0.15701    0.15701    0.18959    0.18959    0.18960    0.18960
   0.21964    0.21964    0.21965    0.21966    0.27039    0.27039    0.27040    0.27040
   0.45622    0.45622
 kpt#  21, nband= 50, wtk=  0.00926, kpt=  0.0000  0.0000  0.1667 (reduced coord)
  -1.94304   -1.94246   -1.94239   -1.94239   -0.80424   -0.80416   -0.80365   -0.79418
  -0.79368   -0.79250   -0.79208   -0.79123   -0.79090   -0.78921   -0.78697   -0.78695
  -0.39075   -0.33588   -0.32892   -0.32787   -0.32513   -0.31729   -0.31643   -0.30141
   0.06631    0.06653    0.08227    0.10088    0.10575    0.11172    0.15531    0.15765
   0.16129    0.16251    0.16866    0.17102    0.21934    0.22423    0.22615    0.23165
   0.23830    0.23849    0.24557    0.25860    0.25864    0.26007    0.26667    0.26792
   0.44949    0.45198
 kpt#  22, nband= 50, wtk=  0.00926, kpt=  0.1667  0.0000  0.1667 (reduced coord)
  -1.94300   -1.94246   -1.94243   -1.94240   -0.80339   -0.80327   -0.80308   -0.79485
  -0.79364   -0.79221   -0.79215   -0.79159   -0.79109   -0.79004   -0.78744   -0.78738
  -0.38632   -0.33464   -0.32891   -0.32648   -0.32529   -0.32190   -0.31819   -0.30325
   0.07178    0.07599    0.08085    0.10308    0.10807    0.12601    0.14840    0.15363
   0.15404    0.15915    0.16594    0.16858    0.21610    0.21911    0.22662    0.22826
   0.24058    0.24073    0.24644    0.25048    0.25682    0.26167    0.26224    0.26795
   0.45748    0.45768
 kpt#  23, nband= 50, wtk=  0.00926, kpt=  0.3333  0.0000  0.1667 (reduced coord)
  -1.94288   -1.94255   -1.94245   -1.94241   -0.80149   -0.80117   -0.80063   -0.79682
  -0.79475   -0.79303   -0.79275   -0.79122   -0.79121   -0.79080   -0.78851   -0.78845
  -0.37394   -0.33761   -0.33141   -0.32748   -0.32569   -0.32386   -0.31926   -0.30818
   0.08624    0.08681    0.10239    0.10937    0.11462    0.12815    0.13618    0.13982
   0.14130    0.15715    0.17086    0.17819    0.19325    0.20218    0.21110    0.22974
   0.23775    0.24114    0.24518    0.24683    0.25680    0.26373    0.26594    0.26679
   0.46994    0.47203
 kpt#  24, nband= 50, wtk=  0.00926, kpt=  0.5000  0.0000  0.1667 (reduced coord)
  -1.94272   -1.94271   -1.94243   -1.94242   -0.79933   -0.79932   -0.79796   -0.79795
  -0.79687   -0.79686   -0.79184   -0.79183   -0.78991   -0.78990   -0.78972   -0.78971
  -0.35627   -0.35627   -0.32790   -0.32789   -0.32562   -0.32561   -0.31452   -0.31452
   0.10077    0.10077    0.11007    0.11008    0.12398    0.12399    0.12615    0.12616
   0.14391    0.14391    0.18647    0.18647    0.19320    0.19320    0.19939    0.19940
   0.23930    0.23931    0.24801    0.24801    0.26251    0.26251    0.26704    0.26704
   0.47775    0.47933
 kpt#  25, nband= 50, wtk=  0.00926, kpt= -0.3333  0.0000  0.1667 (reduced coord)
  -1.94288   -1.94255   -1.94245   -1.94241   -0.80149   -0.80117   -0.80063   -0.79682
  -0.79475   -0.79303   -0.79275   -0.79122   -0.79120   -0.79080   -0.78851   -0.78845
  -0.37394   -0.33761   -0.33141   -0.32748   -0.32568   -0.32387   -0.31926   -0.30818
   0.08624    0.08681    0.10239    0.10937    0.11461    0.12815    0.13618    0.13982
   0.14130    0.15714    0.17086    0.17819    0.19325    0.20217    0.21110    0.22974
   0.23775    0.24114    0.24518    0.24683    0.25680    0.26374    0.26595    0.26679
   0.46982    0.47312
 kpt#  26, nband= 50, wtk=  0.00926, kpt= -0.1667  0.0000  0.1667 (reduced coord)
  -1.94300   -1.94246   -1.94243   -1.94240   -0.80339   -0.80327   -0.80308   -0.79485
  -0.79364   -0.79221   -0.79215   -0.79159   -0.79110   -0.79004   -0.78744   -0.78738
  -0.38632   -0.33464   -0.32891   -0.32648   -0.32529   -0.32190   -0.31819   -0.30325
   0.07178    0.07599    0.08085    0.10308    0.10807    0.12601    0.14840    0.15364
   0.15404    0.15915    0.16594    0.16858    0.21610    0.21911    0.22662    0.22826
   0.24058    0.24073    0.24644    0.25048    0.25682    0.26167    0.26224    0.26794
   0.45748    0.45768
 kpt#  27, nband= 50, wtk=  0.00926, kpt=  0.0000  0.1667  0.1667 (reduced coord)
  -1.94300   -1.94246   -1.94243   -1.94240   -0.80345   -0.80320   -0.80308   -0.79502
  -0.79341   -0.79220   -0.79215   -0.79166   -0.79100   -0.79016   -0.78744   -0.78736
  -0.38635   -0.33450   -0.32827   -0.32661   -0.32532   -0.32304   -0.31757   -0.30336
   0.07173    0.07601    0.08063    0.10392    0.10818    0.12557    0.15070    0.15266
   0.15585    0.15705    0.16376    0.16982    0.21460    0.22139    0.22645    0.23348
   0.23471    0.23781    0.24612    0.25327    0.25348    0.26404    0.26563    0.26582
   0.45560    0.45643
 kpt#  28, nband= 50, wtk=  0.00926, kpt=  0.1667  0.1667  0.1667 (reduced coord)
  -1.94296   -1.94246   -1.94244   -1.94243   -0.80286   -0.80267   -0.80261   -0.79446
  -0.79407   -0.79335   -0.79181   -0.79160   -0.79128   -0.79052   -0.78805   -0.78710
  -0.38236   -0.33452   -0.32952   -0.32706   -0.32463   -0.32278   -0.32043   -0.30490
   0.08021    0.08163    0.08177    0.10525    0.11151    0.13551    0.14593    0.14773
   0.15404    0.15905    0.16009    0.16266    0.21700    0.22083    0.22239    0.22341
   0.23653    0.24088    0.24674    0.25016    0.25384    0.25634    0.26059    0.26812
   0.45844    0.46387
 kpt#  29, nband= 50, wtk=  0.00926, kpt=  0.3333  0.1667  0.1667 (reduced coord)
  -1.94285   -1.94255   -1.94246   -1.94244   -0.80151   -0.80141   -0.80090   -0.79563
  -0.79537   -0.79452   -0.79280   -0.79095   -0.79055   -0.79053   -0.78889   -0.78782
  -0.37120   -0.33863   -0.33415   -0.33071   -0.32324   -0.32268   -0.31884   -0.30902
   0.08928    0.09435    0.10534    0.10993    0.11852    0.12858    0.13699    0.13858
   0.14491    0.16127    0.16864    0.16914    0.19337    0.20713    0.21037    0.22785
   0.23262    0.23657    0.24202    0.24654    0.25531    0.25628    0.26265    0.26756
   0.46492    0.47446
 kpt#  30, nband= 50, wtk=  0.00926, kpt=  0.5000  0.1667  0.1667 (reduced coord)
  -1.94270   -1.94269   -1.94245   -1.94244   -0.80054   -0.80053   -0.79810   -0.79809
  -0.79646   -0.79645   -0.79129   -0.79128   -0.78990   -0.78989   -0.78931   -0.78930
  -0.35527   -0.35527   -0.33293   -0.33293   -0.32227   -0.32227   -0.31434   -0.31434
   0.10444    0.10445    0.11251    0.11251    0.12380    0.12381    0.12835    0.12836
   0.15010    0.15010    0.17663    0.17663    0.19500    0.19500    0.20415    0.20415
   0.23367    0.23368    0.24577    0.24577    0.25679    0.25680    0.26632    0.26632
   0.47133    0.47165
 kpt#  31, nband= 50, wtk=  0.00926, kpt= -0.3333  0.1667  0.1667 (reduced coord)
  -1.94285   -1.94255   -1.94246   -1.94244   -0.80151   -0.80141   -0.80090   -0.79563
  -0.79537   -0.79451   -0.79280   -0.79095   -0.79055   -0.79053   -0.78889   -0.78782
  -0.37120   -0.33863   -0.33416   -0.33071   -0.32324   -0.32269   -0.31884   -0.30902
   0.08928    0.09435    0.10534    0.10993    0.11852    0.12858    0.13699    0.13858
   0.14491    0.16127    0.16864    0.16914    0.19337    0.20713    0.21037    0.22784
   0.23262    0.23657    0.24202    0.24655    0.25531    0.25628    0.26265    0.26756
   0.46492    0.47515
 kpt#  32, nband= 50, wtk=  0.00926, kpt= -0.1667  0.1667  0.1667 (reduced coord)
  -1.94296   -1.94246   -1.94244   -1.94243   -0.80286   -0.80267   -0.80261   -0.79447
  -0.79407   -0.79335   -0.79181   -0.79160   -0.79128   -0.79052   -0.78805   -0.78710
  -0.38236   -0.33452   -0.32952   -0.32706   -0.32463   -0.32278   -0.32042   -0.30490
   0.08021    0.08163    0.08177    0.10525    0.11151    0.13551    0.14593    0.14773
   0.15404    0.15905    0.16009    0.16266    0.21700    0.22083    0.22239    0.22341
   0.23653    0.24088    0.24674    0.25016    0.25384    0.25635    0.26059    0.26812
   0.45844    0.46386
 kpt#  33, nband= 50, wtk=  0.00926, kpt=  0.0000  0.3333  0.1667 (reduced coord)
  -1.94288   -1.94256   -1.94244   -1.94241   -0.80151   -0.80119   -0.80056   -0.79696
  -0.79473   -0.79298   -0.79257   -0.79128   -0.79118   -0.79093   -0.78852   -0.78845
  -0.37405   -0.33775   -0.33080   -0.32746   -0.32583   -0.32206   -0.32101   -0.30860
   0.08603    0.08679    0.10216    0.11008    0.11509    0.12854    0.13670    0.14011
   0.14136    0.15838    0.16816    0.17914    0.19332    0.20237    0.21281    0.22986
   0.23311    0.23668    0.24886    0.25098    0.25123    0.26405    0.26741    0.26880
   0.46308    0.46927
 kpt#  34, nband= 50, wtk=  0.00926, kpt=  0.1667  0.3333  0.1667 (reduced coord)
  -1.94285   -1.94255   -1.94245   -1.94244   -0.80154   -0.80142   -0.80085   -0.79576
  -0.79531   -0.79456   -0.79260   -0.79109   -0.79051   -0.79051   -0.78894   -0.78780
  -0.37128   -0.33881   -0.33388   -0.33047   -0.32317   -0.32164   -0.31998   -0.30933
   0.08920    0.09458    0.10508    0.11006    0.11908    0.12804    0.13754    0.13893
   0.14526    0.16285    0.16662    0.16919    0.19352    0.20781    0.21151    0.22834
   0.23050    0.23062    0.24725    0.24845    0.25300    0.25320    0.26518    0.26831
   0.46045    0.46773
 kpt#  35, nband= 50, wtk=  0.00926, kpt=  0.3333  0.3333  0.1667 (reduced coord)
  -1.94276   -1.94253   -1.94253   -1.94247   -0.80147   -0.80138   -0.80125   -0.79758
  -0.79540   -0.79356   -0.79342   -0.79016   -0.79005   -0.78970   -0.78938   -0.78758
  -0.36346   -0.34052   -0.33965   -0.33778   -0.32025   -0.31916   -0.31828   -0.31143
   0.09825    0.11016    0.11113    0.11260    0.12803    0.13055    0.13241    0.14152
   0.15314    0.15635    0.16068    0.17998    0.19003    0.20391    0.20973    0.21278
   0.21764    0.23097    0.23295    0.23582    0.25515    0.25823    0.26221    0.26668
   0.45853    0.46502
 kpt#  36, nband= 50, wtk=  0.00926, kpt=  0.5000  0.3333  0.1667 (reduced coord)
  -1.94265   -1.94264   -1.94251   -1.94249   -0.80150   -0.80149   -0.80001   -0.80001
  -0.79466   -0.79465   -0.79156   -0.79155   -0.78931   -0.78930   -0.78846   -0.78846
  -0.35215   -0.35215   -0.34006   -0.34006   -0.31893   -0.31893   -0.31462   -0.31462
   0.10928    0.10928    0.11369    0.11369    0.13367    0.13368    0.13928    0.13928
   0.15761    0.15762    0.16498    0.16498    0.19708    0.19708    0.20709    0.20709
   0.21504    0.21504    0.23146    0.23146    0.25877    0.25877    0.26467    0.26467
   0.46107    0.46292
 kpt#  37, nband= 50, wtk=  0.00926, kpt= -0.3333  0.3333  0.1667 (reduced coord)
  -1.94276   -1.94253   -1.94253   -1.94247   -0.80147   -0.80138   -0.80125   -0.79758
  -0.79540   -0.79356   -0.79342   -0.79016   -0.79004   -0.78970   -0.78938   -0.78758
  -0.36346   -0.34052   -0.33965   -0.33779   -0.32025   -0.31916   -0.31828   -0.31143
   0.09825    0.11016    0.11113    0.11260    0.12803    0.13055    0.13241    0.14152
   0.15314    0.15635    0.16067    0.17998    0.19003    0.20392    0.20973    0.21278
   0.21764    0.23097    0.23295    0.23582    0.25515    0.25823    0.26221    0.26668
   0.45852    0.46511
 kpt#  38, nband= 50, wtk=  0.00926, kpt= -0.1667  0.3333  0.1667 (reduced coord)
  -1.94285   -1.94255   -1.94245   -1.94244   -0.80153   -0.80142   -0.80085   -0.79576
  -0.79531   -0.79456   -0.79260   -0.79109   -0.79051   -0.79051   -0.78894   -0.78780
  -0.37127   -0.33881   -0.33388   -0.33047   -0.32317   -0.32164   -0.31998   -0.30933
   0.08920    0.09458    0.10508    0.11006    0.11908    0.12804    0.13754    0.13893
   0.14526    0.16284    0.16662    0.16918    0.19352    0.20781    0.21152    0.22834
   0.23050    0.23062    0.24725    0.24845    0.25300    0.25321    0.26518    0.26831
   0.46045    0.46863
 kpt#  39, nband= 50, wtk=  0.00926, kpt=  0.0000  0.5000  0.1667 (reduced coord)
  -1.94272   -1.94272   -1.94243   -1.94243   -0.79930   -0.79930   -0.79802   -0.79802
  -0.79684   -0.79684   -0.79177   -0.79177   -0.78986   -0.78985   -0.78982   -0.78982
  -0.35648   -0.35647   -0.32660   -0.32659   -0.32584   -0.32583   -0.31548   -0.31547
   0.10059    0.10059    0.11074    0.11074    0.12437    0.12438    0.12622    0.12622
   0.14347    0.14348    0.18907    0.18908    0.19410    0.19411    0.19696    0.19697
   0.23492    0.23492    0.25079    0.25079    0.26033    0.26034    0.26957    0.26957
   0.46653    0.46653
 kpt#  40, nband= 50, wtk=  0.00926, kpt=  0.1667  0.5000  0.1667 (reduced coord)
  -1.94270   -1.94270   -1.94245   -1.94245   -0.80055   -0.80055   -0.79802   -0.79801
  -0.79655   -0.79655   -0.79111   -0.79110   -0.79011   -0.79010   -0.78924   -0.78924
  -0.35545   -0.35544   -0.33249   -0.33249   -0.32181   -0.32180   -0.31512   -0.31511
   0.10507    0.10508    0.11216    0.11216    0.12356    0.12356    0.12882    0.12883
   0.14979    0.14981    0.17768    0.17769    0.19690    0.19691    0.20231    0.20231
   0.23042    0.23042    0.24816    0.24816    0.25500    0.25500    0.26788    0.26789
   0.46338    0.46339
 kpt#  41, nband= 50, wtk=  0.00926, kpt=  0.3333  0.5000  0.1667 (reduced coord)
  -1.94265   -1.94264   -1.94250   -1.94250   -0.80151   -0.80151   -0.79998   -0.79998
  -0.79469   -0.79469   -0.79148   -0.79148   -0.78938   -0.78938   -0.78843   -0.78843
  -0.35226   -0.35226   -0.33989   -0.33989   -0.31862   -0.31861   -0.31502   -0.31501
   0.11000    0.11000    0.11325    0.11325    0.13366    0.13366    0.13864    0.13865
   0.15698    0.15699    0.16655    0.16656    0.19917    0.19918    0.20557    0.20557
   0.21279    0.21279    0.23257    0.23257    0.25805    0.25806    0.26545    0.26546
   0.45786    0.45786
 kpt#  42, nband= 50, wtk=  0.00926, kpt=  0.5000  0.5000  0.1667 (reduced coord)
  -1.94258   -1.94258   -1.94256   -1.94256   -0.80132   -0.80132   -0.80132   -0.80132
  -0.79296   -0.79296   -0.79295   -0.79295   -0.78844   -0.78844   -0.78844   -0.78844
  -0.34690   -0.34690   -0.34689   -0.34689   -0.31623   -0.31623   -0.31623   -0.31623
   0.11186    0.11186    0.11186    0.11187    0.14829    0.14829    0.14830    0.14830
   0.15730    0.15731    0.15731    0.15731    0.19886    0.19886    0.19887    0.19887
   0.21589    0.21589    0.21590    0.21590    0.26290    0.26290    0.26291    0.26291
   0.45807    0.45808
 kpt#  43, nband= 50, wtk=  0.00926, kpt= -0.3333  0.5000  0.1667 (reduced coord)
  -1.94265   -1.94264   -1.94250   -1.94250   -0.80151   -0.80151   -0.79998   -0.79998
  -0.79470   -0.79469   -0.79148   -0.79148   -0.78938   -0.78938   -0.78843   -0.78843
  -0.35226   -0.35226   -0.33989   -0.33989   -0.31861   -0.31861   -0.31502   -0.31502
   0.11000    0.11000    0.11325    0.11325    0.13366    0.13366    0.13864    0.13865
   0.15698    0.15699    0.16655    0.16655    0.19917    0.19918    0.20557    0.20557
   0.21279    0.21280    0.23257    0.23257    0.25805    0.25806    0.26545    0.26545
   0.45786    0.45792
 kpt#  44, nband= 50, wtk=  0.00926, kpt= -0.1667  0.5000  0.1667 (reduced coord)
  -1.94270   -1.94270   -1.94245   -1.94245   -0.80055   -0.80055   -0.79802   -0.79802
  -0.79655   -0.79655   -0.79110   -0.79110   -0.79011   -0.79010   -0.78924   -0.78924
  -0.35545   -0.35544   -0.33250   -0.33249   -0.32180   -0.32180   -0.31512   -0.31511
   0.10507    0.10508    0.11216    0.11217    0.12356    0.12356    0.12882    0.12883
   0.14980    0.14980    0.17768    0.17768    0.19690    0.19692    0.20231    0.20232
   0.23042    0.23042    0.24816    0.24816    0.25500    0.25501    0.26788    0.26788
   0.46338    0.46339
 kpt#  45, nband= 50, wtk=  0.00926, kpt=  0.0000 -0.3333  0.1667 (reduced coord)
  -1.94288   -1.94256   -1.94244   -1.94241   -0.80151   -0.80119   -0.80056   -0.79696
  -0.79473   -0.79298   -0.79257   -0.79128   -0.79118   -0.79093   -0.78852   -0.78845
  -0.37405   -0.33775   -0.33080   -0.32746   -0.32583   -0.32206   -0.32101   -0.30860
   0.08603    0.08679    0.10216    0.11008    0.11509    0.12854    0.13670    0.14011
   0.14136    0.15838    0.16816    0.17914    0.19332    0.20237    0.21281    0.22986
   0.23311    0.23668    0.24886    0.25098    0.25123    0.26405    0.26741    0.26880
   0.46283    0.46952
 kpt#  46, nband= 50, wtk=  0.00926, kpt=  0.1667 -0.3333  0.1667 (reduced coord)
  -1.94285   -1.94255   -1.94245   -1.94244   -0.80154   -0.80142   -0.80085   -0.79576
  -0.79531   -0.79456   -0.79260   -0.79109   -0.79051   -0.79051   -0.78894   -0.78780
  -0.37128   -0.33881   -0.33388   -0.33047   -0.32317   -0.32164   -0.31998   -0.30933
   0.08920    0.09458    0.10508    0.11006    0.11908    0.12804    0.13754    0.13893
   0.14526    0.16285    0.16662    0.16919    0.19352    0.20781    0.21151    0.22834
   0.23050    0.23062    0.24725    0.24845    0.25300    0.25320    0.26518    0.26831
   0.46045    0.46744
 kpt#  47, nband= 50, wtk=  0.00926, kpt=  0.3333 -0.3333  0.1667 (reduced coord)
  -1.94276   -1.94253   -1.94253   -1.94247   -0.80147   -0.80138   -0.80125   -0.79758
  -0.79540   -0.79356   -0.79342   -0.79016   -0.79005   -0.78970   -0.78938   -0.78758
  -0.36346   -0.34052   -0.33965   -0.33778   -0.32025   -0.31916   -0.31828   -0.31143
   0.09825    0.11016    0.11113    0.11260    0.12803    0.13055    0.13241    0.14152
   0.15314    0.15635    0.16068    0.17998    0.19003    0.20391    0.20973    0.21278
   0.21764    0.23097    0.23295    0.23582    0.25515    0.25823    0.26221    0.26668
   0.45852    0.46502
 kpt#  48, nband= 50, wtk=  0.00926, kpt=  0.5000 -0.3333  0.1667 (reduced coord)
  -1.94265   -1.94264   -1.94251   -1.94249   -0.80150   -0.80149   -0.80001   -0.80001
  -0.79466   -0.79465   -0.79156   -0.79155   -0.78931   -0.78930   -0.78846   -0.78846
  -0.35215   -0.35215   -0.34006   -0.34006   -0.31893   -0.31893   -0.31462   -0.31462
   0.10928    0.10928    0.11369    0.11369    0.13367    0.13368    0.13928    0.13928
   0.15761    0.15762    0.16498    0.16498    0.19708    0.19708    0.20709    0.20709
   0.21504    0.21504    0.23146    0.23146    0.25877    0.25877    0.26467    0.26467
   0.46114    0.46133
 kpt#  49, nband= 50, wtk=  0.00926, kpt= -0.3333 -0.3333  0.1667 (reduced coord)
  -1.94276   -1.94253   -1.94253   -1.94247   -0.80147   -0.80138   -0.80125   -0.79758
  -0.79540   -0.79356   -0.79342   -0.79016   -0.79004   -0.78970   -0.78938   -0.78758
  -0.36346   -0.34052   -0.33965   -0.33779   -0.32025   -0.31916   -0.31828   -0.31143
   0.09825    0.11016    0.11113    0.11260    0.12803    0.13055    0.13241    0.14152
   0.15314    0.15635    0.16067    0.17998    0.19003    0.20392    0.20973    0.21278
   0.21764    0.23097    0.23295    0.23582    0.25515    0.25823    0.26221    0.26668
   0.45853    0.46668
 kpt#  50, nband= 50, wtk=  0.00926, kpt= -0.1667 -0.3333  0.1667 (reduced coord)
  -1.94285   -1.94255   -1.94245   -1.94244   -0.80153   -0.80142   -0.80085   -0.79576
  -0.79531   -0.79456   -0.79260   -0.79109   -0.79051   -0.79051   -0.78894   -0.78780
  -0.37127   -0.33881   -0.33388   -0.33047   -0.32317   -0.32164   -0.31998   -0.30933
   0.08920    0.09458    0.10508    0.11006    0.11908    0.12804    0.13754    0.13893
   0.14526    0.16284    0.16662    0.16918    0.19352    0.20781    0.21152    0.22834
   0.23050    0.23062    0.24725    0.24845    0.25300    0.25321    0.26518    0.26831
   0.46045    0.46747
 kpt#  51, nband= 50, wtk=  0.00926, kpt=  0.0000 -0.1667  0.1667 (reduced coord)
  -1.94300   -1.94246   -1.94243   -1.94240   -0.80345   -0.80320   -0.80308   -0.79502
  -0.79341   -0.79220   -0.79215   -0.79166   -0.79100   -0.79016   -0.78744   -0.78736
  -0.38635   -0.33450   -0.32827   -0.32661   -0.32532   -0.32304   -0.31757   -0.30336
   0.07173    0.07601    0.08063    0.10392    0.10818    0.12557    0.15070    0.15266
   0.15585    0.15705    0.16376    0.16982    0.21460    0.22139    0.22645    0.23348
   0.23471    0.23781    0.24612    0.25327    0.25348    0.26404    0.26563    0.26582
   0.45560    0.45642
 kpt#  52, nband= 50, wtk=  0.00926, kpt=  0.1667 -0.1667  0.1667 (reduced coord)
  -1.94296   -1.94246   -1.94244   -1.94243   -0.80286   -0.80267   -0.80261   -0.79446
  -0.79407   -0.79335   -0.79181   -0.79160   -0.79128   -0.79052   -0.78805   -0.78710
  -0.38236   -0.33452   -0.32952   -0.32706   -0.32463   -0.32278   -0.32043   -0.30490
   0.08021    0.08163    0.08177    0.10525    0.11151    0.13551    0.14593    0.14773
   0.15404    0.15905    0.16009    0.16266    0.21700    0.22083    0.22239    0.22341
   0.23653    0.24088    0.24674    0.25016    0.25384    0.25634    0.26059    0.26812
   0.45843    0.46386
 kpt#  53, nband= 50, wtk=  0.00926, kpt=  0.3333 -0.1667  0.1667 (reduced coord)
  -1.94285   -1.94255   -1.94246   -1.94244   -0.80151   -0.80141   -0.80090   -0.79563
  -0.79537   -0.79452   -0.79280   -0.79095   -0.79055   -0.79053   -0.78889   -0.78782
  -0.37120   -0.33863   -0.33415   -0.33071   -0.32324   -0.32268   -0.31884   -0.30902
   0.08928    0.09435    0.10534    0.10993    0.11852    0.12858    0.13699    0.13858
   0.14491    0.16127    0.16864    0.16914    0.19337    0.20713    0.21037    0.22785
   0.23262    0.23657    0.24202    0.24654    0.25531    0.25628    0.26265    0.26756
   0.46491    0.47424
 kpt#  54, nband= 50, wtk=  0.00926, kpt=  0.5000 -0.1667  0.1667 (reduced coord)
  -1.94270   -1.94269   -1.94245   -1.94244   -0.80054   -0.80053   -0.79810   -0.79809
  -0.79646   -0.79645   -0.79129   -0.79128   -0.78990   -0.78989   -0.78931   -0.78930
  -0.35527   -0.35527   -0.33293   -0.33293   -0.32227   -0.32227   -0.31434   -0.31434
   0.10444    0.10445    0.11251    0.11251    0.12380    0.12381    0.12835    0.12836
   0.15010    0.15010    0.17663    0.17663    0.19500    0.19500    0.20415    0.20415
   0.23367    0.23368    0.24577    0.24577    0.25679    0.25680    0.26632    0.26632
   0.47133    0.47354
 kpt#  55, nband= 50, wtk=  0.00926, kpt= -0.3333 -0.1667  0.1667 (reduced coord)
  -1.94285   -1.94255   -1.94246   -1.94244   -0.80151   -0.80141   -0.80090   -0.79563
  -0.79537   -0.79451   -0.79280   -0.79095   -0.79055   -0.79053   -0.78889   -0.78782
  -0.37120   -0.33863   -0.33416   -0.33071   -0.32324   -0.32269   -0.31884   -0.30902
   0.08928    0.09435    0.10534    0.10993    0.11852    0.12858    0.13699    0.13858
   0.14491    0.16127    0.16864    0.16914    0.19337    0.20713    0.21037    0.22784
   0.23262    0.23657    0.24202    0.24655    0.25531    0.25628    0.26265    0.26756
   0.46492    0.47492
 kpt#  56, nband= 50, wtk=  0.00926, kpt= -0.1667 -0.1667  0.1667 (reduced coord)
  -1.94296   -1.94246   -1.94244   -1.94243   -0.80286   -0.80267   -0.80261   -0.79447
  -0.79407   -0.79335   -0.79181   -0.79160   -0.79128   -0.79052   -0.78805   -0.78710
  -0.38236   -0.33452   -0.32952   -0.32706   -0.32463   -0.32278   -0.32042   -0.30490
   0.08021    0.08163    0.08177    0.10525    0.11151    0.13551    0.14593    0.14773
   0.15404    0.15905    0.16009    0.16266    0.21700    0.22083    0.22239    0.22341
   0.23653    0.24088    0.24674    0.25016    0.25384    0.25635    0.26059    0.26812
   0.45844    0.46397
 kpt#  57, nband= 50, wtk=  0.00926, kpt=  0.0000  0.0000  0.3333 (reduced coord)
  -1.94292   -1.94259   -1.94239   -1.94239   -0.80207   -0.80203   -0.80086   -0.79617
  -0.79597   -0.79281   -0.79253   -0.79240   -0.79008   -0.79001   -0.78780   -0.78780
  -0.37828   -0.34086   -0.32916   -0.32618   -0.32549   -0.31943   -0.31893   -0.30919
   0.08247    0.08257    0.10977    0.11027    0.11337    0.13401    0.13446    0.13560
   0.14261    0.14725    0.18249    0.18290    0.19704    0.21380    0.21987    0.22092
   0.22293    0.22956    0.24045    0.24238    0.26493    0.26560    0.26823    0.26825
   0.45825    0.46670
 kpt#  58, nband= 50, wtk=  0.00926, kpt=  0.1667  0.0000  0.3333 (reduced coord)
  -1.94288   -1.94257   -1.94243   -1.94240   -0.80168   -0.80128   -0.80075   -0.79684
  -0.79555   -0.79381   -0.79209   -0.79167   -0.79088   -0.79003   -0.78831   -0.78781
  -0.37474   -0.33999   -0.32840   -0.32746   -0.32478   -0.32315   -0.31976   -0.31028
   0.08661    0.09101    0.10463    0.11101    0.11969    0.13227    0.13746    0.14129
   0.14363    0.15150    0.17114    0.17726    0.20031    0.20572    0.22031    0.22146
   0.22790    0.23380    0.23718    0.23795    0.25950    0.25978    0.26308    0.26569
   0.46391    0.47037
 kpt#  59, nband= 50, wtk=  0.00926, kpt=  0.3333  0.0000  0.3333 (reduced coord)
  -1.94279   -1.94254   -1.94252   -1.94244   -0.80049   -0.80039   -0.79938   -0.79806
  -0.79606   -0.79409   -0.79308   -0.79096   -0.79052   -0.79047   -0.78937   -0.78823
  -0.36483   -0.33750   -0.33571   -0.32999   -0.32644   -0.32272   -0.32014   -0.31322
   0.09791    0.10710    0.11089    0.11388    0.11933    0.13053    0.13526    0.14255
   0.15099    0.15625    0.17316    0.17371    0.19130    0.20100    0.20849    0.21644
   0.21874    0.23356    0.23636    0.24303    0.24971    0.25103    0.25713    0.26187
   0.47345    0.47528
 kpt#  60, nband= 50, wtk=  0.00926, kpt=  0.5000  0.0000  0.3333 (reduced coord)
  -1.94266   -1.94265   -1.94250   -1.94248   -0.79967   -0.79967   -0.79850   -0.79850
  -0.79606   -0.79605   -0.79214   -0.79213   -0.79003   -0.79003   -0.78927   -0.78927
  -0.35067   -0.35067   -0.33394   -0.33394   -0.32403   -0.32403   -0.31713   -0.31712
   0.11064    0.11064    0.11609    0.11609    0.12140    0.12140    0.14515    0.14516
   0.14753    0.14753    0.18260    0.18261    0.18953    0.18953    0.20595    0.20595
   0.21654    0.21654    0.24522    0.24523    0.24684    0.24685    0.25769    0.25769
   0.47450    0.47673
 kpt#  61, nband= 50, wtk=  0.00926, kpt= -0.3333  0.0000  0.3333 (reduced coord)
  -1.94279   -1.94254   -1.94252   -1.94244   -0.80049   -0.80039   -0.79938   -0.79806
  -0.79606   -0.79409   -0.79308   -0.79096   -0.79052   -0.79047   -0.78937   -0.78823
  -0.36482   -0.33751   -0.33572   -0.32998   -0.32644   -0.32272   -0.32014   -0.31322
   0.09791    0.10710    0.11089    0.11388    0.11933    0.13053    0.13527    0.14255
   0.15099    0.15625    0.17316    0.17371    0.19130    0.20100    0.20849    0.21644
   0.21874    0.23356    0.23636    0.24303    0.24971    0.25103    0.25713    0.26187
   0.47396    0.47530
 kpt#  62, nband= 50, wtk=  0.00926, kpt= -0.1667  0.0000  0.3333 (reduced coord)
  -1.94288   -1.94257   -1.94243   -1.94240   -0.80168   -0.80129   -0.80075   -0.79684
  -0.79555   -0.79381   -0.79209   -0.79168   -0.79088   -0.79003   -0.78831   -0.78781
  -0.37474   -0.33999   -0.32840   -0.32746   -0.32479   -0.32314   -0.31976   -0.31028
   0.08661    0.09101    0.10463    0.11101    0.11969    0.13227    0.13746    0.14129
   0.14363    0.15150    0.17114    0.17726    0.20031    0.20572    0.22031    0.22146
   0.22790    0.23380    0.23718    0.23795    0.25950    0.25978    0.26308    0.26569
   0.46391    0.47029
 kpt#  63, nband= 50, wtk=  0.00926, kpt=  0.0000  0.1667  0.3333 (reduced coord)
  -1.94288   -1.94257   -1.94243   -1.94240   -0.80168   -0.80125   -0.80075   -0.79694
  -0.79551   -0.79377   -0.79203   -0.79172   -0.79087   -0.79013   -0.78827   -0.78780
  -0.37477   -0.33997   -0.32837   -0.32741   -0.32428   -0.32424   -0.31921   -0.31030
   0.08672    0.09076    0.10394    0.11400    0.11761    0.13344    0.13659    0.14019
   0.14488    0.15101    0.17028    0.17832    0.19887    0.20469    0.22232    0.22243
   0.23010    0.23457    0.23515    0.23535    0.25878    0.26058    0.26423    0.26567
   0.46309    0.46653
 kpt#  64, nband= 50, wtk=  0.00926, kpt=  0.1667  0.1667  0.3333 (reduced coord)
  -1.94285   -1.94256   -1.94244   -1.94243   -0.80167   -0.80143   -0.80089   -0.79573
  -0.79555   -0.79487   -0.79176   -0.79166   -0.79128   -0.78984   -0.78829   -0.78782
  -0.37178   -0.34050   -0.33043   -0.32861   -0.32657   -0.32113   -0.31939   -0.31104
   0.09330    0.09571    0.10343    0.11523    0.12051    0.13512    0.13836    0.14319
   0.14466    0.15657    0.16367    0.16568    0.20246    0.21449    0.21933    0.22033
   0.22978    0.23082    0.23514    0.23563    0.25388    0.25595    0.25806    0.26044
   0.46389    0.47091
 kpt#  65, nband= 50, wtk=  0.00926, kpt=  0.3333  0.1667  0.3333 (reduced coord)
  -1.94276   -1.94254   -1.94252   -1.94246   -0.80163   -0.80121   -0.80107   -0.79727
  -0.79537   -0.79316   -0.79313   -0.79080   -0.79033   -0.78987   -0.78889   -0.78823
  -0.36337   -0.34053   -0.33875   -0.33453   -0.32310   -0.32011   -0.31776   -0.31305
   0.10397    0.10796    0.11305    0.11752    0.12175    0.13458    0.13878    0.14250
   0.15075    0.15190    0.15918    0.17542    0.19960    0.20527    0.20970    0.22132
   0.22396    0.23032    0.23382    0.23704    0.24359    0.24561    0.25194    0.25730
   0.46632    0.47830
 kpt#  66, nband= 50, wtk=  0.00926, kpt=  0.5000  0.1667  0.3333 (reduced coord)
  -1.94265   -1.94264   -1.94251   -1.94249   -0.80148   -0.80148   -0.79963   -0.79963
  -0.79446   -0.79445   -0.79090   -0.79089   -0.78976   -0.78976   -0.78932   -0.78931
  -0.35133   -0.35133   -0.33859   -0.33858   -0.32045   -0.32045   -0.31567   -0.31567
   0.11414    0.11415    0.11887    0.11887    0.12432    0.12432    0.13994    0.13995
   0.15321    0.15322    0.17219    0.17220    0.19914    0.19915    0.20805    0.20805
   0.22060    0.22061    0.23906    0.23907    0.24068    0.24068    0.25477    0.25477
   0.47043    0.47046
 kpt#  67, nband= 50, wtk=  0.00926, kpt= -0.3333  0.1667  0.3333 (reduced coord)
  -1.94276   -1.94254   -1.94252   -1.94246   -0.80163   -0.80121   -0.80107   -0.79727
  -0.79537   -0.79316   -0.79313   -0.79080   -0.79033   -0.78987   -0.78889   -0.78823
  -0.36337   -0.34053   -0.33875   -0.33453   -0.32310   -0.32012   -0.31776   -0.31306
   0.10397    0.10796    0.11305    0.11752    0.12175    0.13458    0.13878    0.14250
   0.15075    0.15190    0.15918    0.17542    0.19960    0.20527    0.20970    0.22132
   0.22396    0.23032    0.23382    0.23704    0.24359    0.24561    0.25194    0.25730
   0.46631    0.47559
 kpt#  68, nband= 50, wtk=  0.00926, kpt= -0.1667  0.1667  0.3333 (reduced coord)
  -1.94285   -1.94256   -1.94244   -1.94243   -0.80167   -0.80143   -0.80089   -0.79573
  -0.79555   -0.79487   -0.79176   -0.79166   -0.79128   -0.78984   -0.78829   -0.78782
  -0.37178   -0.34050   -0.33043   -0.32861   -0.32657   -0.32113   -0.31938   -0.31104
   0.09330    0.09571    0.10343    0.11523    0.12051    0.13512    0.13836    0.14319
   0.14466    0.15657    0.16367    0.16568    0.20246    0.21449    0.21933    0.22034
   0.22978    0.23082    0.23514    0.23563    0.25388    0.25595    0.25806    0.26044
   0.46389    0.47087
 kpt#  69, nband= 50, wtk=  0.00926, kpt=  0.0000  0.3333  0.3333 (reduced coord)
  -1.94279   -1.94254   -1.94252   -1.94244   -0.80044   -0.80037   -0.79913   -0.79837
  -0.79598   -0.79412   -0.79315   -0.79078   -0.79066   -0.79063   -0.78925   -0.78823
  -0.36495   -0.33746   -0.33595   -0.33026   -0.32627   -0.32136   -0.32096   -0.31329
   0.09773    0.10697    0.11069    0.11615    0.11855    0.13211    0.13416    0.14116
   0.15019    0.15597    0.17397    0.17466    0.19108    0.19755    0.21198    0.21575
   0.21797    0.23398    0.23547    0.24118    0.24953    0.25313    0.25899    0.26201
   0.46662    0.47128
 kpt#  70, nband= 50, wtk=  0.00926, kpt=  0.1667  0.3333  0.3333 (reduced coord)
  -1.94276   -1.94254   -1.94252   -1.94246   -0.80165   -0.80120   -0.80099   -0.79722
  -0.79548   -0.79320   -0.79313   -0.79076   -0.79036   -0.78989   -0.78887   -0.78821
  -0.36345   -0.34050   -0.33886   -0.33464   -0.32296   -0.31921   -0.31843   -0.31313
   0.10377    0.10801    0.11329    0.11844    0.12181    0.13367    0.13960    0.14169
   0.14998    0.15190    0.15953    0.17599    0.19730    0.20601    0.21245    0.22091
   0.22144    0.23128    0.23191    0.23598    0.24538    0.24625    0.25296    0.25781
   0.46146    0.47019
 kpt#  71, nband= 50, wtk=  0.00926, kpt=  0.3333  0.3333  0.3333 (reduced coord)
  -1.94270   -1.94254   -1.94253   -1.94252   -0.80265   -0.80253   -0.80247   -0.79988
  -0.79262   -0.79235   -0.79205   -0.79014   -0.78966   -0.78951   -0.78883   -0.78799
  -0.35899   -0.34430   -0.34351   -0.34280   -0.31836   -0.31618   -0.31548   -0.31293
   0.11326    0.11641    0.11894    0.12021    0.12858    0.13910    0.14107    0.14419
   0.14853    0.15022    0.15221    0.18408    0.19255    0.21275    0.21475    0.21936
   0.22123    0.22459    0.22760    0.22813    0.23270    0.24104    0.24614    0.25256
   0.45913    0.47005
 kpt#  72, nband= 50, wtk=  0.00926, kpt=  0.5000  0.3333  0.3333 (reduced coord)
  -1.94262   -1.94261   -1.94254   -1.94252   -0.80312   -0.80312   -0.80194   -0.80194
  -0.79220   -0.79219   -0.79025   -0.79024   -0.78906   -0.78905   -0.78873   -0.78872
  -0.35188   -0.35188   -0.34537   -0.34537   -0.31592   -0.31592   -0.31346   -0.31346
   0.11981    0.11981    0.12220    0.12220    0.13222    0.13222    0.14044    0.14044
   0.15475    0.15475    0.17054    0.17054    0.20048    0.20048    0.21215    0.21215
   0.21998    0.21998    0.22309    0.22309    0.23800    0.23800    0.24979    0.24980
   0.46312    0.46344
 kpt#  73, nband= 50, wtk=  0.00926, kpt= -0.3333  0.3333  0.3333 (reduced coord)
  -1.94270   -1.94254   -1.94253   -1.94252   -0.80265   -0.80253   -0.80247   -0.79988
  -0.79262   -0.79235   -0.79205   -0.79014   -0.78966   -0.78951   -0.78883   -0.78799
  -0.35899   -0.34430   -0.34351   -0.34280   -0.31836   -0.31618   -0.31548   -0.31293
   0.11326    0.11641    0.11895    0.12021    0.12859    0.13910    0.14107    0.14419
   0.14853    0.15022    0.15222    0.18408    0.19255    0.21275    0.21475    0.21936
   0.22123    0.22459    0.22760    0.22813    0.23271    0.24104    0.24614    0.25256
   0.45913    0.46737
 kpt#  74, nband= 50, wtk=  0.00926, kpt= -0.1667  0.3333  0.3333 (reduced coord)
  -1.94276   -1.94254   -1.94252   -1.94246   -0.80165   -0.80120   -0.80099   -0.79722
  -0.79548   -0.79320   -0.79312   -0.79076   -0.79036   -0.78989   -0.78887   -0.78821
  -0.36345   -0.34050   -0.33886   -0.33464   -0.32296   -0.31921   -0.31843   -0.31313
   0.10377    0.10801    0.11329    0.11844    0.12182    0.13367    0.13960    0.14169
   0.14998    0.15190    0.15953    0.17599    0.19730    0.20601    0.21245    0.22091
   0.22144    0.23128    0.23191    0.23597    0.24538    0.24625    0.25296    0.25781
   0.46146    0.47022
 kpt#  75, nband= 50, wtk=  0.00926, kpt=  0.0000  0.5000  0.3333 (reduced coord)
  -1.94266   -1.94266   -1.94249   -1.94249   -0.79959   -0.79959   -0.79843   -0.79843
  -0.79618   -0.79618   -0.79224   -0.79224   -0.78989   -0.78989   -0.78933   -0.78933
  -0.35091   -0.35091   -0.33395   -0.33394   -0.32354   -0.32354   -0.31735   -0.31735
   0.11064    0.11064    0.11897    0.11898    0.11900    0.11901    0.14565    0.14566
   0.14570    0.14570    0.18311    0.18312    0.19141    0.19142    0.20577    0.20579
   0.21355    0.21355    0.24238    0.24239    0.25226    0.25227    0.25722    0.25722
   0.46721    0.46725
 kpt#  76, nband= 50, wtk=  0.00926, kpt=  0.1667  0.5000  0.3333 (reduced coord)
  -1.94265   -1.94264   -1.94250   -1.94250   -0.80148   -0.80147   -0.79955   -0.79955
  -0.79456   -0.79456   -0.79090   -0.79090   -0.78970   -0.78970   -0.78935   -0.78934
  -0.35151   -0.35150   -0.33856   -0.33856   -0.31997   -0.31996   -0.31598   -0.31598
   0.11428    0.11428    0.11999    0.11999    0.12363    0.12363    0.13927    0.13927
   0.15263    0.15264    0.17274    0.17274    0.20288    0.20289    0.20521    0.20521
   0.21780    0.21781    0.23692    0.23693    0.24501    0.24501    0.25501    0.25502
   0.46333    0.46334
 kpt#  77, nband= 50, wtk=  0.00926, kpt=  0.3333  0.5000  0.3333 (reduced coord)
  -1.94261   -1.94261   -1.94253   -1.94253   -0.80313   -0.80313   -0.80192   -0.80191
  -0.79225   -0.79225   -0.79016   -0.79015   -0.78915   -0.78915   -0.78868   -0.78868
  -0.35195   -0.35194   -0.34535   -0.34535   -0.31560   -0.31559   -0.31373   -0.31373
   0.12000    0.12000    0.12222    0.12222    0.13257    0.13258    0.13973    0.13974
   0.15466    0.15466    0.17080    0.17081    0.20146    0.20147    0.21217    0.21217
   0.21646    0.21646    0.22448    0.22449    0.23909    0.23909    0.24996    0.24997
   0.45895    0.45895
 kpt#  78, nband= 50, wtk=  0.00926, kpt=  0.5000  0.5000  0.3333 (reduced coord)
  -1.94258   -1.94258   -1.94256   -1.94256   -0.80330   -0.80330   -0.80330   -0.80330
  -0.79087   -0.79087   -0.79087   -0.79087   -0.78840   -0.78840   -0.78840   -0.78840
  -0.35013   -0.35013   -0.35013   -0.35013   -0.31332   -0.31332   -0.31332   -0.31332
   0.12213    0.12213    0.12213    0.12213    0.13938    0.13938    0.13939    0.13939
   0.16527    0.16527    0.16528    0.16528    0.20448    0.20449    0.20449    0.20449
   0.21494    0.21495    0.21495    0.21495    0.24567    0.24567    0.24568    0.24568
   0.46148    0.46148
 kpt#  79, nband= 50, wtk=  0.00926, kpt= -0.3333  0.5000  0.3333 (reduced coord)
  -1.94261   -1.94261   -1.94253   -1.94253   -0.80313   -0.80313   -0.80192   -0.80191
  -0.79225   -0.79225   -0.79016   -0.79015   -0.78915   -0.78915   -0.78868   -0.78868
  -0.35195   -0.35194   -0.34535   -0.34535   -0.31559   -0.31559   -0.31373   -0.31373
   0.12000    0.12000    0.12222    0.12222    0.13257    0.13258    0.13973    0.13974
   0.15466    0.15466    0.17080    0.17080    0.20146    0.20147    0.21217    0.21217
   0.21646    0.21646    0.22448    0.22449    0.23909    0.23910    0.24996    0.24996
   0.45895    0.45895
 kpt#  80, nband= 50, wtk=  0.00926, kpt= -0.1667  0.5000  0.3333 (reduced coord)
  -1.94265   -1.94264   -1.94250   -1.94250   -0.80148   -0.80147   -0.79955   -0.79955
  -0.79456   -0.79456   -0.79090   -0.79090   -0.78970   -0.78970   -0.78935   -0.78934
  -0.35151   -0.35150   -0.33856   -0.33856   -0.31997   -0.31996   -0.31599   -0.31598
   0.11428    0.11429    0.11999    0.11999    0.12363    0.12363    0.13927    0.13927
   0.15263    0.15264    0.17274    0.17274    0.20288    0.20289    0.20521    0.20522
   0.21780    0.21781    0.23692    0.23693    0.24500    0.24502    0.25501    0.25502
   0.46333    0.46334
 kpt#  81, nband= 50, wtk=  0.00926, kpt=  0.0000 -0.3333  0.3333 (reduced coord)
  -1.94279   -1.94254   -1.94252   -1.94244   -0.80044   -0.80037   -0.79913   -0.79837
  -0.79598   -0.79412   -0.79315   -0.79078   -0.79066   -0.79063   -0.78925   -0.78823
  -0.36495   -0.33746   -0.33595   -0.33026   -0.32627   -0.32136   -0.32096   -0.31329
   0.09773    0.10697    0.11069    0.11615    0.11855    0.13211    0.13416    0.14116
   0.15019    0.15597    0.17397    0.17466    0.19108    0.19755    0.21198    0.21575
   0.21797    0.23398    0.23547    0.24118    0.24953    0.25313    0.25899    0.26201
   0.46659    0.47154
 kpt#  82, nband= 50, wtk=  0.00926, kpt=  0.1667 -0.3333  0.3333 (reduced coord)
  -1.94276   -1.94254   -1.94252   -1.94246   -0.80165   -0.80120   -0.80099   -0.79722
  -0.79548   -0.79320   -0.79313   -0.79076   -0.79036   -0.78989   -0.78887   -0.78821
  -0.36345   -0.34050   -0.33886   -0.33464   -0.32296   -0.31921   -0.31843   -0.31313
   0.10377    0.10801    0.11329    0.11844    0.12181    0.13367    0.13960    0.14169
   0.14998    0.15190    0.15953    0.17599    0.19730    0.20601    0.21245    0.22091
   0.22144    0.23128    0.23191    0.23598    0.24538    0.24625    0.25296    0.25781
   0.46147    0.47021
 kpt#  83, nband= 50, wtk=  0.00926, kpt=  0.3333 -0.3333  0.3333 (reduced coord)
  -1.94270   -1.94254   -1.94253   -1.94252   -0.80265   -0.80253   -0.80247   -0.79988
  -0.79262   -0.79235   -0.79205   -0.79014   -0.78966   -0.78951   -0.78883   -0.78799
  -0.35899   -0.34430   -0.34351   -0.34280   -0.31836   -0.31618   -0.31548   -0.31293
   0.11326    0.11641    0.11894    0.12021    0.12858    0.13910    0.14107    0.14419
   0.14853    0.15022    0.15221    0.18408    0.19255    0.21275    0.21475    0.21936
   0.22123    0.22459    0.22760    0.22813    0.23270    0.24104    0.24614    0.25256
   0.45913    0.46724
 kpt#  84, nband= 50, wtk=  0.00926, kpt=  0.5000 -0.3333  0.3333 (reduced coord)
  -1.94262   -1.94261   -1.94254   -1.94252   -0.80312   -0.80312   -0.80194   -0.80194
  -0.79220   -0.79219   -0.79025   -0.79024   -0.78906   -0.78905   -0.78873   -0.78872
  -0.35188   -0.35188   -0.34537   -0.34537   -0.31592   -0.31592   -0.31346   -0.31346
   0.11981    0.11981    0.12220    0.12220    0.13222    0.13222    0.14044    0.14044
   0.15475    0.15475    0.17054    0.17054    0.20048    0.20048    0.21215    0.21215
   0.21998    0.21998    0.22309    0.22309    0.23800    0.23800    0.24979    0.24980
   0.46312    0.46477
 kpt#  85, nband= 50, wtk=  0.00926, kpt= -0.3333 -0.3333  0.3333 (reduced coord)
  -1.94270   -1.94254   -1.94253   -1.94252   -0.80265   -0.80253   -0.80247   -0.79988
  -0.79262   -0.79235   -0.79205   -0.79014   -0.78966   -0.78951   -0.78883   -0.78799
  -0.35899   -0.34430   -0.34351   -0.34280   -0.31836   -0.31618   -0.31548   -0.31293
   0.11326    0.11641    0.11895    0.12021    0.12859    0.13910    0.14107    0.14419
   0.14853    0.15022    0.15222    0.18408    0.19255    0.21275    0.21475    0.21936
   0.22123    0.22459    0.22760    0.22813    0.23271    0.24104    0.24614    0.25256
   0.45913    0.46728
 kpt#  86, nband= 50, wtk=  0.00926, kpt= -0.1667 -0.3333  0.3333 (reduced coord)
  -1.94276   -1.94254   -1.94252   -1.94246   -0.80165   -0.80120   -0.80099   -0.79722
  -0.79548   -0.79320   -0.79312   -0.79076   -0.79036   -0.78989   -0.78887   -0.78821
  -0.36345   -0.34050   -0.33886   -0.33464   -0.32296   -0.31921   -0.31843   -0.31313
   0.10377    0.10801    0.11329    0.11844    0.12182    0.13367    0.13960    0.14169
   0.14998    0.15190    0.15953    0.17599    0.19730    0.20601    0.21245    0.22091
   0.22144    0.23128    0.23191    0.23597    0.24538    0.24625    0.25296    0.25781
   0.46146    0.47011
 kpt#  87, nband= 50, wtk=  0.00926, kpt=  0.0000 -0.1667  0.3333 (reduced coord)
  -1.94288   -1.94257   -1.94243   -1.94240   -0.80168   -0.80125   -0.80075   -0.79694
  -0.79551   -0.79377   -0.79203   -0.79172   -0.79087   -0.79013   -0.78827   -0.78780
  -0.37477   -0.33997   -0.32837   -0.32741   -0.32428   -0.32424   -0.31921   -0.31030
   0.08672    0.09076    0.10394    0.11400    0.11761    0.13344    0.13659    0.14019
   0.14488    0.15101    0.17028    0.17832    0.19887    0.20469    0.22232    0.22243
   0.23010    0.23457    0.23515    0.23535    0.25878    0.26058    0.26423    0.26567
   0.46309    0.46653
 kpt#  88, nband= 50, wtk=  0.00926, kpt=  0.1667 -0.1667  0.3333 (reduced coord)
  -1.94285   -1.94256   -1.94244   -1.94243   -0.80167   -0.80143   -0.80089   -0.79573
  -0.79555   -0.79487   -0.79176   -0.79166   -0.79128   -0.78984   -0.78829   -0.78782
  -0.37178   -0.34050   -0.33043   -0.32861   -0.32657   -0.32113   -0.31939   -0.31104
   0.09330    0.09571    0.10343    0.11523    0.12051    0.13512    0.13836    0.14319
   0.14466    0.15657    0.16367    0.16568    0.20246    0.21449    0.21933    0.22033
   0.22978    0.23082    0.23514    0.23563    0.25388    0.25595    0.25806    0.26044
   0.46389    0.47089
 kpt#  89, nband= 50, wtk=  0.00926, kpt=  0.3333 -0.1667  0.3333 (reduced coord)
  -1.94276   -1.94254   -1.94252   -1.94246   -0.80163   -0.80121   -0.80107   -0.79727
  -0.79537   -0.79316   -0.79313   -0.79080   -0.79033   -0.78987   -0.78889   -0.78823
  -0.36337   -0.34053   -0.33875   -0.33453   -0.32310   -0.32011   -0.31776   -0.31305
   0.10397    0.10796    0.11305    0.11752    0.12175    0.13458    0.13878    0.14250
   0.15075    0.15190    0.15918    0.17542    0.19960    0.20527    0.20970    0.22132
   0.22396    0.23032    0.23382    0.23704    0.24359    0.24561    0.25194    0.25730
   0.46632    0.47526
 kpt#  90, nband= 50, wtk=  0.00926, kpt=  0.5000 -0.1667  0.3333 (reduced coord)
  -1.94265   -1.94264   -1.94251   -1.94249   -0.80148   -0.80148   -0.79963   -0.79963
  -0.79446   -0.79445   -0.79090   -0.79089   -0.78976   -0.78976   -0.78932   -0.78931
  -0.35133   -0.35133   -0.33859   -0.33858   -0.32045   -0.32045   -0.31567   -0.31567
   0.11414    0.11415    0.11887    0.11887    0.12432    0.12432    0.13994    0.13995
   0.15321    0.15322    0.17219    0.17220    0.19914    0.19915    0.20805    0.20805
   0.22060    0.22061    0.23906    0.23907    0.24068    0.24068    0.25477    0.25477
   0.47043    0.47082
 kpt#  91, nband= 50, wtk=  0.00926, kpt= -0.3333 -0.1667  0.3333 (reduced coord)
  -1.94276   -1.94254   -1.94252   -1.94246   -0.80163   -0.80121   -0.80107   -0.79727
  -0.79537   -0.79316   -0.79313   -0.79080   -0.79033   -0.78987   -0.78889   -0.78823
  -0.36337   -0.34053   -0.33875   -0.33453   -0.32310   -0.32012   -0.31776   -0.31306
   0.10397    0.10796    0.11305    0.11752    0.12175    0.13458    0.13878    0.14250
   0.15075    0.15190    0.15918    0.17542    0.19960    0.20527    0.20970    0.22132
   0.22396    0.23032    0.23382    0.23704    0.24359    0.24561    0.25194    0.25730
   0.46631    0.47552
 kpt#  92, nband= 50, wtk=  0.00926, kpt= -0.1667 -0.1667  0.3333 (reduced coord)
  -1.94285   -1.94256   -1.94244   -1.94243   -0.80167   -0.80143   -0.80089   -0.79573
  -0.79555   -0.79487   -0.79176   -0.79166   -0.79128   -0.78984   -0.78829   -0.78782
  -0.37178   -0.34050   -0.33043   -0.32861   -0.32657   -0.32113   -0.31938   -0.31104
   0.09330    0.09571    0.10343    0.11523    0.12051    0.13512    0.13836    0.14319
   0.14466    0.15657    0.16367    0.16568    0.20246    0.21449    0.21933    0.22034
   0.22978    0.23082    0.23514    0.23563    0.25388    0.25595    0.25806    0.26044
   0.46389    0.47087
 kpt#  93, nband= 50, wtk=  0.00463, kpt=  0.0000  0.0000  0.5000 (reduced coord)
  -1.94275   -1.94275   -1.94239   -1.94239   -0.79911   -0.79911   -0.79904   -0.79904
  -0.79690   -0.79689   -0.79252   -0.79252   -0.78903   -0.78903   -0.78886   -0.78886
  -0.36031   -0.36031   -0.32260   -0.32259   -0.32231   -0.32230   -0.31947   -0.31947
   0.10644    0.10644    0.10700    0.10700    0.12138    0.12138    0.12960    0.12960
   0.15052    0.15053    0.17800    0.17801    0.20052    0.20052    0.20238    0.20238
   0.22002    0.22003    0.24617    0.24617    0.26721    0.26721    0.26914    0.26914
   0.47073    0.47075
 kpt#  94, nband= 50, wtk=  0.00926, kpt=  0.1667  0.0000  0.5000 (reduced coord)
  -1.94273   -1.94273   -1.94242   -1.94241   -0.79947   -0.79946   -0.79829   -0.79828
  -0.79741   -0.79741   -0.79188   -0.79187   -0.78971   -0.78970   -0.78877   -0.78877
  -0.35805   -0.35805   -0.32551   -0.32551   -0.32199   -0.32198   -0.31961   -0.31961
   0.10797    0.10797    0.11380    0.11380    0.12041    0.12042    0.12804    0.12805
   0.15768    0.15769    0.18283    0.18284    0.18869    0.18869    0.19825    0.19826
   0.23044    0.23044    0.23874    0.23874    0.26219    0.26219    0.26366    0.26366
   0.47326    0.47334
 kpt#  95, nband= 50, wtk=  0.00926, kpt=  0.3333  0.0000  0.5000 (reduced coord)
  -1.94266   -1.94266   -1.94248   -1.94248   -0.79973   -0.79973   -0.79849   -0.79849
  -0.79651   -0.79650   -0.79155   -0.79155   -0.79055   -0.79055   -0.78880   -0.78880
  -0.35168   -0.35167   -0.33298   -0.33298   -0.32138   -0.32138   -0.32001   -0.32000
   0.11113    0.11114    0.11746    0.11747    0.12950    0.12950    0.13072    0.13072
   0.16917    0.16917    0.17518    0.17518    0.18957    0.18957    0.19663    0.19663
   0.21687    0.21687    0.23913    0.23914    0.25013    0.25013    0.25728    0.25729
   0.47498    0.47572
 kpt#  96, nband= 50, wtk=  0.00463, kpt=  0.5000  0.0000  0.5000 (reduced coord)
  -1.94258   -1.94258   -1.94257   -1.94256   -0.79941   -0.79941   -0.79941   -0.79941
  -0.79406   -0.79405   -0.79405   -0.79405   -0.78939   -0.78939   -0.78938   -0.78938
  -0.34260   -0.34260   -0.34259   -0.34259   -0.32066   -0.32066   -0.32066   -0.32066
   0.11434    0.11434    0.11435    0.11435    0.13618    0.13618    0.13618    0.13618
   0.17583    0.17583    0.17583    0.17583    0.18748    0.18748    0.18749    0.18749
   0.22229    0.22229    0.22229    0.22229    0.25246    0.25246    0.25247    0.25247
   0.47436    0.47436
 kpt#  97, nband= 50, wtk=  0.00926, kpt=  0.0000  0.1667  0.5000 (reduced coord)
  -1.94273   -1.94273   -1.94242   -1.94241   -0.79935   -0.79935   -0.79841   -0.79841
  -0.79739   -0.79739   -0.79187   -0.79187   -0.78979   -0.78979   -0.78871   -0.78871
  -0.35808   -0.35808   -0.32587   -0.32586   -0.32162   -0.32162   -0.31957   -0.31957
   0.10727    0.10727    0.11457    0.11457    0.12097    0.12097    0.12808    0.12808
   0.15573    0.15573    0.18410    0.18410    0.18815    0.18815    0.19874    0.19874
   0.23032    0.23033    0.23880    0.23880    0.26225    0.26225    0.26391    0.26391
   0.47056    0.47056
 kpt#  98, nband= 50, wtk=  0.00926, kpt=  0.1667  0.1667  0.5000 (reduced coord)
  -1.94271   -1.94271   -1.94244   -1.94243   -0.80071   -0.80065   -0.79876   -0.79750
  -0.79662   -0.79652   -0.79147   -0.79144   -0.79067   -0.78919   -0.78882   -0.78866
  -0.35678   -0.35632   -0.33036   -0.32975   -0.32000   -0.31973   -0.31935   -0.31877
   0.10942    0.11092    0.11896    0.11968    0.12050    0.12172    0.12533    0.13188
   0.15406    0.16700    0.17424    0.17426    0.18643    0.18847    0.20728    0.20850
   0.22995    0.23032    0.23062    0.23997    0.25543    0.25587    0.25692    0.25997
   0.46557    0.48238
 kpt#  99, nband= 50, wtk=  0.00926, kpt=  0.3333  0.1667  0.5000 (reduced coord)
  -1.94265   -1.94265   -1.94249   -1.94249   -0.80171   -0.80116   -0.80050   -0.79894
  -0.79470   -0.79397   -0.79176   -0.79050   -0.79034   -0.78994   -0.78884   -0.78866
  -0.35254   -0.35169   -0.33792   -0.33697   -0.31929   -0.31880   -0.31774   -0.31760
   0.11390    0.11620    0.11955    0.11969    0.12921    0.12977    0.13275    0.13790
   0.15759    0.16102    0.16564    0.18180    0.19560    0.19626    0.20188    0.20810
   0.21246    0.22570    0.23407    0.23480    0.24140    0.24668    0.24749    0.25521
   0.46586    0.47701
 kpt# 100, nband= 50, wtk=  0.00926, kpt=  0.5000  0.1667  0.5000 (reduced coord)
  -1.94258   -1.94258   -1.94256   -1.94256   -0.80164   -0.80164   -0.80045   -0.80045
  -0.79314   -0.79314   -0.79160   -0.79160   -0.78947   -0.78947   -0.78919   -0.78919
  -0.34588   -0.34588   -0.34483   -0.34483   -0.31877   -0.31877   -0.31717   -0.31717
   0.11721    0.11721    0.11970    0.11970    0.13317    0.13317    0.13819    0.13819
   0.16553    0.16553    0.17217    0.17217    0.19754    0.19755    0.20206    0.20206
   0.21876    0.21876    0.21978    0.21979    0.24322    0.24322    0.25158    0.25158
   0.47002    0.47205
 kpt# 101, nband= 50, wtk=  0.00926, kpt= -0.3333  0.1667  0.5000 (reduced coord)
  -1.94265   -1.94265   -1.94249   -1.94249   -0.80171   -0.80116   -0.80050   -0.79894
  -0.79470   -0.79397   -0.79176   -0.79050   -0.79034   -0.78994   -0.78884   -0.78866
  -0.35254   -0.35169   -0.33792   -0.33697   -0.31929   -0.31880   -0.31774   -0.31760
   0.11390    0.11620    0.11955    0.11969    0.12921    0.12977    0.13275    0.13790
   0.15759    0.16102    0.16564    0.18180    0.19560    0.19626    0.20188    0.20810
   0.21246    0.22570    0.23407    0.23480    0.24140    0.24668    0.24749    0.25521
   0.46586    0.47697
 kpt# 102, nband= 50, wtk=  0.00926, kpt= -0.1667  0.1667  0.5000 (reduced coord)
  -1.94271   -1.94271   -1.94244   -1.94243   -0.80071   -0.80065   -0.79876   -0.79750
  -0.79662   -0.79652   -0.79147   -0.79144   -0.79067   -0.78919   -0.78882   -0.78866
  -0.35678   -0.35632   -0.33036   -0.32975   -0.32000   -0.31973   -0.31935   -0.31877
   0.10942    0.11092    0.11896    0.11968    0.12050    0.12172    0.12533    0.13188
   0.15406    0.16700    0.17424    0.17426    0.18643    0.18847    0.20728    0.20850
   0.22995    0.23032    0.23062    0.23997    0.25543    0.25587    0.25692    0.25997
   0.46557    0.48243
 kpt# 103, nband= 50, wtk=  0.00926, kpt=  0.0000  0.3333  0.5000 (reduced coord)
  -1.94266   -1.94266   -1.94248   -1.94248   -0.79962   -0.79962   -0.79844   -0.79844
  -0.79663   -0.79663   -0.79166   -0.79166   -0.79053   -0.79053   -0.78875   -0.78874
  -0.35179   -0.35179   -0.33331   -0.33331   -0.32103   -0.32102   -0.31987   -0.31987
   0.11071    0.11071    0.11835    0.11835    0.13010    0.13011    0.13054    0.13054
   0.16555    0.16555    0.17513    0.17513    0.18884    0.18884    0.19978    0.19978
   0.21653    0.21653    0.23979    0.23979    0.25010    0.25010    0.25781    0.25781
   0.47021    0.47073
 kpt# 104, nband= 50, wtk=  0.00926, kpt=  0.1667  0.3333  0.5000 (reduced coord)
  -1.94265   -1.94265   -1.94249   -1.94249   -0.80173   -0.80108   -0.80048   -0.79889
  -0.79484   -0.79393   -0.79185   -0.79052   -0.79029   -0.78999   -0.78880   -0.78862
  -0.35255   -0.35183   -0.33763   -0.33754   -0.31913   -0.31815   -0.31792   -0.31773
   0.11288    0.11699    0.12009    0.12018    0.12858    0.12962    0.13294    0.13951
   0.15696    0.15936    0.16547    0.17675    0.19734    0.20127    0.20271    0.20556
   0.21151    0.22517    0.23449    0.23575    0.24323    0.24616    0.24685    0.25596
   0.46135    0.47272
 kpt# 105, nband= 50, wtk=  0.00926, kpt=  0.3333  0.3333  0.5000 (reduced coord)
  -1.94262   -1.94262   -1.94253   -1.94252   -0.80308   -0.80305   -0.80261   -0.80115
  -0.79173   -0.79160   -0.79112   -0.78995   -0.78986   -0.78945   -0.78854   -0.78845
  -0.35260   -0.35167   -0.34464   -0.34430   -0.31647   -0.31481   -0.31466   -0.31441
   0.12176    0.12299    0.12354    0.12356    0.13142    0.13488    0.13690    0.13814
   0.15620    0.15634    0.16161    0.18634    0.19621    0.19651    0.21310    0.21669
   0.21822    0.22206    0.22477    0.22719    0.23151    0.23512    0.23781    0.24783
   0.45880    0.46817
 kpt# 106, nband= 50, wtk=  0.00926, kpt=  0.5000  0.3333  0.5000 (reduced coord)
  -1.94258   -1.94258   -1.94256   -1.94256   -0.80361   -0.80361   -0.80285   -0.80285
  -0.79099   -0.79099   -0.78991   -0.78991   -0.78904   -0.78904   -0.78878   -0.78878
  -0.35010   -0.35010   -0.34935   -0.34935   -0.31444   -0.31444   -0.31314   -0.31314
   0.12518    0.12518    0.12820    0.12820    0.13211    0.13211    0.13550    0.13550
   0.16410    0.16410    0.17243    0.17243    0.20364    0.20364    0.20381    0.20381
   0.21944    0.21944    0.22362    0.22362    0.22821    0.22821    0.24394    0.24394
   0.46394    0.46402
 kpt# 107, nband= 50, wtk=  0.00926, kpt= -0.3333  0.3333  0.5000 (reduced coord)
  -1.94262   -1.94262   -1.94253   -1.94252   -0.80308   -0.80305   -0.80261   -0.80115
  -0.79173   -0.79160   -0.79112   -0.78995   -0.78986   -0.78945   -0.78854   -0.78845
  -0.35260   -0.35167   -0.34464   -0.34430   -0.31647   -0.31481   -0.31466   -0.31441
   0.12176    0.12299    0.12354    0.12356    0.13142    0.13488    0.13690    0.13814
   0.15620    0.15634    0.16161    0.18634    0.19621    0.19651    0.21310    0.21669
   0.21822    0.22206    0.22477    0.22719    0.23151    0.23512    0.23781    0.24783
   0.45880    0.46819
 kpt# 108, nband= 50, wtk=  0.00926, kpt= -0.1667  0.3333  0.5000 (reduced coord)
  -1.94265   -1.94265   -1.94249   -1.94249   -0.80173   -0.80108   -0.80048   -0.79889
  -0.79484   -0.79393   -0.79185   -0.79052   -0.79029   -0.78999   -0.78880   -0.78862
  -0.35255   -0.35183   -0.33763   -0.33754   -0.31913   -0.31815   -0.31792   -0.31773
   0.11288    0.11699    0.12009    0.12018    0.12858    0.12962    0.13294    0.13951
   0.15696    0.15936    0.16547    0.17675    0.19734    0.20127    0.20271    0.20556
   0.21151    0.22517    0.23449    0.23575    0.24323    0.24616    0.24685    0.25596
   0.46135    0.47266
 kpt# 109, nband= 50, wtk=  0.00463, kpt=  0.0000  0.5000  0.5000 (reduced coord)
  -1.94258   -1.94258   -1.94257   -1.94256   -0.79933   -0.79933   -0.79932   -0.79932
  -0.79418   -0.79417   -0.79417   -0.79416   -0.78936   -0.78936   -0.78935   -0.78935
  -0.34283   -0.34282   -0.34282   -0.34282   -0.32040   -0.32040   -0.32040   -0.32040
   0.11458    0.11458    0.11458    0.11458    0.13619    0.13620    0.13621    0.13621
   0.17358    0.17358    0.17358    0.17359    0.18835    0.18836    0.18836    0.18837
   0.22330    0.22330    0.22331    0.22331    0.25283    0.25283    0.25284    0.25284
   0.47099    0.47101
 kpt# 110, nband= 50, wtk=  0.00926, kpt=  0.1667  0.5000  0.5000 (reduced coord)
  -1.94258   -1.94258   -1.94256   -1.94256   -0.80164   -0.80163   -0.80038   -0.80037
  -0.79327   -0.79327   -0.79161   -0.79161   -0.78948   -0.78947   -0.78915   -0.78914
  -0.34581   -0.34581   -0.34519   -0.34519   -0.31835   -0.31835   -0.31725   -0.31725
   0.11708    0.11709    0.12007    0.12007    0.13333    0.13334    0.13845    0.13846
   0.16440    0.16440    0.17131    0.17132    0.19524    0.19525    0.20343    0.20344
   0.21769    0.21770    0.22282    0.22282    0.24344    0.24345    0.25210    0.25211
   0.46372    0.46374
 kpt# 111, nband= 50, wtk=  0.00926, kpt=  0.3333  0.5000  0.5000 (reduced coord)
  -1.94258   -1.94258   -1.94256   -1.94256   -0.80362   -0.80362   -0.80282   -0.80282
  -0.79107   -0.79106   -0.78984   -0.78983   -0.78911   -0.78910   -0.78874   -0.78873
  -0.34998   -0.34997   -0.34955   -0.34955   -0.31420   -0.31420   -0.31330   -0.31329
   0.12471    0.12472    0.12807    0.12808    0.13267    0.13268    0.13593    0.13594
   0.16357    0.16357    0.17234    0.17234    0.20136    0.20136    0.20496    0.20497
   0.21857    0.21857    0.22471    0.22472    0.22964    0.22965    0.24382    0.24383
   0.45923    0.45924
 kpt# 112, nband= 50, wtk=  0.00463, kpt=  0.5000  0.5000  0.5000 (reduced coord)
  -1.94258   -1.94258   -1.94256   -1.94256   -0.80408   -0.80408   -0.80408   -0.80407
  -0.79007   -0.79007   -0.79007   -0.79007   -0.78837   -0.78837   -0.78836   -0.78836
  -0.35158   -0.35158   -0.35158   -0.35157   -0.31206   -0.31206   -0.31206   -0.31206
   0.12828    0.12829    0.12829    0.12829    0.13574    0.13574    0.13575    0.13576
   0.17062    0.17062    0.17063    0.17063    0.19911    0.19911    0.19912    0.19912
   0.22020    0.22020    0.22021    0.22021    0.23602    0.23602    0.23602    0.23603
   0.46293    0.46293
