 Fermi (or HOMO) energy (hartree) =   0.28061   Average Vxc (hartree)=  -0.44572
 Eigenvalues (hartree) for nkpt= 112  k points:
 kpt#   1, nband= 50, wtk=  0.00463, kpt=  0.0000  0.0000  0.0000 (reduced coord)
  -1.94286   -1.94217   -1.94196   -1.94147   -0.80686   -0.80567   -0.80559   -0.79521
  -0.79302   -0.79274   -0.79231   -0.79215   -0.79172   -0.78760   -0.78726   -0.78687
  -0.39851   -0.34453   -0.34237   -0.33665   -0.31634   -0.31282   -0.31133   -0.30603
   0.06524    0.06584    0.07519    0.09643    0.10373    0.10471    0.15876    0.15947
   0.16095    0.16621    0.17604    0.18930    0.19337    0.20151    0.21653    0.22075
   0.22761    0.23379    0.23536    0.23819    0.24982    0.26467    0.28006    0.28061
   0.45563    0.46272
 kpt#   2, nband= 50, wtk=  0.00926, kpt=  0.1667  0.0000  0.0000 (reduced coord)
  -1.94283   -1.94218   -1.94198   -1.94148   -0.80609   -0.80492   -0.80460   -0.79542
  -0.79386   -0.79298   -0.79220   -0.79205   -0.79165   -0.78861   -0.78789   -0.78723
  -0.39412   -0.34311   -0.34150   -0.33553   -0.31917   -0.31738   -0.31129   -0.30727
   0.06885    0.07336    0.07432    0.09822    0.10039    0.12152    0.14904    0.15133
   0.15597    0.16320    0.17458    0.18471    0.18879    0.20691    0.21493    0.22102
   0.23186    0.23644    0.24001    0.24253    0.24897    0.25252    0.27710    0.27928
   0.46009    0.46936
 kpt#   3, nband= 50, wtk=  0.00926, kpt=  0.3333  0.0000  0.0000 (reduced coord)
  -1.94276   -1.94219   -1.94203   -1.94149   -0.80411   -0.80315   -0.80166   -0.79682
  -0.79573   -0.79344   -0.79218   -0.79199   -0.79151   -0.79103   -0.78863   -0.78819
  -0.38272   -0.34004   -0.33974   -0.33308   -0.33246   -0.31989   -0.31274   -0.31019
   0.07537    0.07683    0.09699    0.10444    0.10533    0.12118    0.13549    0.13648
   0.15793    0.16077    0.16489    0.18094    0.19030    0.20379    0.20973    0.21603
   0.22940    0.23877    0.24020    0.24365    0.24823    0.25466    0.27511    0.27595
   0.45861    0.46179
 kpt#   4, nband= 50, wtk=  0.00463, kpt=  0.5000  0.0000  0.0000 (reduced coord)
  -1.94272   -1.94220   -1.94205   -1.94150   -0.80249   -0.80178   -0.79860   -0.79836
  -0.79700   -0.79564   -0.79341   -0.79203   -0.79115   -0.79017   -0.78929   -0.78900
  -0.37368   -0.34449   -0.33755   -0.33719   -0.33165   -0.32139   -0.31372   -0.31192
   0.08096    0.08238    0.10666    0.10753    0.10969    0.11981    0.12743    0.12750
   0.15121    0.16165    0.17524    0.17863    0.18612    0.18928    0.21155    0.21860
   0.22616    0.23075    0.24148    0.24452    0.25262    0.25658    0.27405    0.27638
   0.45409    0.46023
 kpt#   5, nband= 50, wtk=  0.00926, kpt=  0.0000  0.1667  0.0000 (reduced coord)
  -1.94282   -1.94217   -1.94199   -1.94149   -0.80577   -0.80504   -0.80482   -0.79628
  -0.79305   -0.79290   -0.79259   -0.79231   -0.79115   -0.78815   -0.78786   -0.78756
  -0.39388   -0.34410   -0.34155   -0.33662   -0.32062   -0.31321   -0.31254   -0.30680
   0.07052    0.07215    0.07504    0.09802    0.10713    0.11622    0.14744    0.15269
   0.15824    0.16709    0.16816    0.18615    0.19290    0.20141    0.21998    0.22034
   0.22797    0.23155    0.23706    0.23779    0.24430    0.26310    0.27815    0.27887
   0.45522    0.46276
 kpt#   6, nband= 50, wtk=  0.00926, kpt=  0.1667  0.1667  0.0000 (reduced coord)
  -1.94279   -1.94218   -1.94201   -1.94150   -0.80523   -0.80443   -0.80390   -0.79655
  -0.79375   -0.79351   -0.79216   -0.79200   -0.79101   -0.78991   -0.78825   -0.78715
  -0.38991   -0.34336   -0.34069   -0.33551   -0.32139   -0.32003   -0.31147   -0.30775
   0.07108    0.07905    0.07945    0.09959    0.10476    0.12685    0.14191    0.15168
   0.15512    0.15750    0.17268    0.18050    0.18978    0.20209    0.21608    0.21861
   0.23182    0.23470    0.23756    0.24338    0.24659    0.25019    0.27603    0.27745
   0.45582    0.46424
 kpt#   7, nband= 50, wtk=  0.00926, kpt=  0.3333  0.1667  0.0000 (reduced coord)
  -1.94273   -1.94218   -1.94205   -1.94151   -0.80383   -0.80269   -0.80152   -0.79786
  -0.79559   -0.79363   -0.79321   -0.79194   -0.79094   -0.79054   -0.78906   -0.78777
  -0.37959   -0.34157   -0.33931   -0.33335   -0.33229   -0.32263   -0.31265   -0.31015
   0.07582    0.08526    0.09913    0.10609    0.10826    0.12369    0.13224    0.13950
   0.15739    0.15888    0.16715    0.18102    0.18741    0.20118    0.20860    0.21089
   0.22717    0.23608    0.23866    0.24110    0.24853    0.24991    0.27425    0.27457
   0.45534    0.45997
 kpt#   8, nband= 50, wtk=  0.00926, kpt=  0.5000  0.1667  0.0000 (reduced coord)
  -1.94269   -1.94219   -1.94207   -1.94152   -0.80272   -0.80128   -0.79912   -0.79905
  -0.79679   -0.79651   -0.79271   -0.79206   -0.79086   -0.78961   -0.78942   -0.78886
  -0.37150   -0.34326   -0.34046   -0.33666   -0.33218   -0.32286   -0.31357   -0.31172
   0.08259    0.08809    0.10508    0.10940    0.11420    0.12333    0.12482    0.13348
   0.15302    0.16065    0.17670    0.17696    0.18037    0.19173    0.21092    0.21429
   0.22511    0.22548    0.23878    0.24108    0.25080    0.25263    0.27254    0.27541
   0.45708    0.45805
 kpt#   9, nband= 50, wtk=  0.00926, kpt= -0.3333  0.1667  0.0000 (reduced coord)
  -1.94273   -1.94218   -1.94205   -1.94151   -0.80379   -0.80270   -0.80150   -0.79793
  -0.79556   -0.79362   -0.79310   -0.79201   -0.79101   -0.79051   -0.78905   -0.78782
  -0.37952   -0.34171   -0.33944   -0.33310   -0.33212   -0.32261   -0.31274   -0.31028
   0.07549    0.08577    0.09924    0.10597    0.10894    0.12300    0.13221    0.13896
   0.15748    0.15874    0.16663    0.18106    0.18782    0.20135    0.20901    0.21127
   0.22746    0.23631    0.23867    0.24121    0.24732    0.24986    0.27437    0.27459
   0.45775    0.46028
 kpt#  10, nband= 50, wtk=  0.00926, kpt= -0.1667  0.1667  0.0000 (reduced coord)
  -1.94279   -1.94218   -1.94201   -1.94150   -0.80521   -0.80444   -0.80389   -0.79661
  -0.79371   -0.79338   -0.79224   -0.79200   -0.79107   -0.78985   -0.78825   -0.78721
  -0.38986   -0.34349   -0.34073   -0.33531   -0.32135   -0.31984   -0.31168   -0.30787
   0.07070    0.07914    0.07992    0.09949    0.10534    0.12624    0.14170    0.15140
   0.15515    0.15710    0.17288    0.18052    0.18972    0.20251    0.21650    0.21901
   0.23118    0.23557    0.23787    0.24364    0.24631    0.24893    0.27602    0.27758
   0.45719    0.46456
 kpt#  11, nband= 50, wtk=  0.00926, kpt=  0.0000  0.3333  0.0000 (reduced coord)
  -1.94272   -1.94219   -1.94204   -1.94152   -0.80349   -0.80289   -0.80241   -0.79860
  -0.79532   -0.79356   -0.79249   -0.79203   -0.79041   -0.79009   -0.78872   -0.78835
  -0.38112   -0.34821   -0.33958   -0.33678   -0.32647   -0.31774   -0.31213   -0.30874
   0.07370    0.08465    0.09981    0.10028    0.11546    0.12856    0.13328    0.13840
   0.14197    0.15971    0.17361    0.17990    0.19341    0.19472    0.20859    0.20941
   0.21908    0.22314    0.24289    0.24742    0.25195    0.26281    0.27447    0.27551
   0.45252    0.46277
 kpt#  12, nband= 50, wtk=  0.00926, kpt=  0.1667  0.3333  0.0000 (reduced coord)
  -1.94270   -1.94219   -1.94206   -1.94152   -0.80334   -0.80280   -0.80181   -0.79864
  -0.79554   -0.79468   -0.79230   -0.79167   -0.79075   -0.79014   -0.78910   -0.78779
  -0.37825   -0.34817   -0.33885   -0.33575   -0.32700   -0.32249   -0.31168   -0.30928
   0.07549    0.09196    0.10070    0.10222    0.11415    0.12696    0.13377    0.14129
   0.14273    0.16337    0.17272    0.18255    0.18654    0.19233    0.19622    0.21602
   0.21886    0.22940    0.24040    0.24525    0.25225    0.25319    0.27373    0.27473
   0.44985    0.45820
 kpt#  13, nband= 50, wtk=  0.00926, kpt=  0.3333  0.3333  0.0000 (reduced coord)
  -1.94266   -1.94217   -1.94209   -1.94154   -0.80297   -0.80221   -0.80024   -0.79941
  -0.79688   -0.79475   -0.79387   -0.79136   -0.79015   -0.78994   -0.78942   -0.78768
  -0.37089   -0.34793   -0.33774   -0.33418   -0.33170   -0.32722   -0.31243   -0.31070
   0.08209    0.10140    0.10253    0.11115    0.11729    0.12384    0.12963    0.14287
   0.14638    0.16037    0.17684    0.17767    0.18795    0.19081    0.19483    0.20959
   0.21786    0.22643    0.23771    0.24010    0.24420    0.25029    0.27134    0.27295
   0.44674    0.45407
 kpt#  14, nband= 50, wtk=  0.00926, kpt=  0.5000  0.3333  0.0000 (reduced coord)
  -1.94264   -1.94216   -1.94211   -1.94155   -0.80285   -0.80068   -0.80043   -0.79990
  -0.79735   -0.79551   -0.79375   -0.79195   -0.79025   -0.78930   -0.78872   -0.78837
  -0.36545   -0.34775   -0.34009   -0.33509   -0.33359   -0.32672   -0.31317   -0.31161
   0.08828    0.10153    0.10284    0.11768    0.11919    0.12472    0.12752    0.14308
   0.15196    0.15833    0.16803    0.17881    0.17972    0.19840    0.20220    0.20873
   0.21257    0.22420    0.23042    0.23466    0.24514    0.25068    0.26939    0.27223
   0.44803    0.45365
 kpt#  15, nband= 50, wtk=  0.00926, kpt= -0.3333  0.3333  0.0000 (reduced coord)
  -1.94266   -1.94217   -1.94209   -1.94154   -0.80290   -0.80225   -0.80020   -0.79951
  -0.79685   -0.79469   -0.79388   -0.79141   -0.79010   -0.78989   -0.78950   -0.78772
  -0.37079   -0.34804   -0.33796   -0.33392   -0.33147   -0.32731   -0.31256   -0.31076
   0.08214    0.10127    0.10278    0.11131    0.11827    0.12369    0.12878    0.14214
   0.14588    0.15991    0.17672    0.17795    0.18878    0.19096    0.19564    0.21041
   0.21755    0.22587    0.23777    0.23978    0.24380    0.25018    0.27151    0.27297
   0.44837    0.45426
 kpt#  16, nband= 50, wtk=  0.00926, kpt= -0.1667  0.3333  0.0000 (reduced coord)
  -1.94270   -1.94218   -1.94206   -1.94152   -0.80335   -0.80275   -0.80178   -0.79877
  -0.79545   -0.79463   -0.79229   -0.79172   -0.79081   -0.79005   -0.78915   -0.78781
  -0.37818   -0.34827   -0.33893   -0.33555   -0.32703   -0.32227   -0.31190   -0.30934
   0.07551    0.09195    0.10074    0.10240    0.11493    0.12658    0.13306    0.14119
   0.14204    0.16354    0.17227    0.18228    0.18651    0.19364    0.19726    0.21549
   0.21931    0.22864    0.24079    0.24521    0.25179    0.25296    0.27378    0.27488
   0.45119    0.45823
 kpt#  17, nband= 50, wtk=  0.00463, kpt=  0.0000  0.5000  0.0000 (reduced coord)
  -1.94266   -1.94221   -1.94207   -1.94153   -0.80142   -0.80099   -0.80041   -0.79984
  -0.79684   -0.79679   -0.79228   -0.79190   -0.79001   -0.78970   -0.78952   -0.78913
  -0.36386   -0.36343   -0.33798   -0.33745   -0.32376   -0.32335   -0.31118   -0.31045
   0.08319    0.08482    0.11259    0.11368    0.12240    0.12320    0.12888    0.13127
   0.14174    0.14198    0.18072    0.18114    0.18291    0.18331    0.20933    0.20965
   0.21376    0.21637    0.24643    0.24846    0.26064    0.26114    0.27275    0.27396
   0.45191    0.45318
 kpt#  18, nband= 50, wtk=  0.00926, kpt=  0.1667  0.5000  0.0000 (reduced coord)
  -1.94265   -1.94220   -1.94208   -1.94154   -0.80197   -0.80146   -0.79962   -0.79914
  -0.79762   -0.79742   -0.79176   -0.79162   -0.79037   -0.79008   -0.78913   -0.78871
  -0.36252   -0.36203   -0.33734   -0.33666   -0.32612   -0.32548   -0.31141   -0.31056
   0.08631    0.08791    0.11364    0.11449    0.12056    0.12249    0.12938    0.13092
   0.14865    0.14936    0.17703    0.18019    0.18244    0.18351    0.20077    0.20240
   0.22047    0.22283    0.24378    0.24505    0.25490    0.25548    0.27255    0.27371
   0.44925    0.44998
 kpt#  19, nband= 50, wtk=  0.00926, kpt=  0.3333  0.5000  0.0000 (reduced coord)
  -1.94262   -1.94218   -1.94211   -1.94156   -0.80239   -0.80188   -0.79978   -0.79943
  -0.79733   -0.79699   -0.79255   -0.79226   -0.78984   -0.78977   -0.78854   -0.78829
  -0.35930   -0.35868   -0.33658   -0.33527   -0.33069   -0.32943   -0.31225   -0.31123
   0.09282    0.09418    0.11332    0.11436    0.12341    0.12448    0.13287    0.13392
   0.15642    0.15709    0.16913    0.17169    0.18407    0.18532    0.20525    0.20711
   0.21384    0.21568    0.23827    0.23915    0.24657    0.24714    0.27011    0.27165
   0.44509    0.44680
 kpt#  20, nband= 50, wtk=  0.00463, kpt=  0.5000  0.5000  0.0000 (reduced coord)
  -1.94260   -1.94216   -1.94213   -1.94157   -0.80241   -0.80191   -0.80055   -0.80004
  -0.79617   -0.79578   -0.79374   -0.79341   -0.78935   -0.78915   -0.78842   -0.78822
  -0.35724   -0.35651   -0.33723   -0.33563   -0.33219   -0.33071   -0.31285   -0.31177
   0.09654    0.09756    0.11103    0.11226    0.12863    0.12992    0.13569    0.13661
   0.15219    0.15483    0.16743    0.16827    0.18942    0.19113    0.20485    0.20535
   0.21771    0.21919    0.22383    0.22539    0.24703    0.24775    0.26797    0.26997
   0.44492    0.44735
 kpt#  21, nband= 50, wtk=  0.00926, kpt=  0.0000  0.0000  0.1667 (reduced coord)
  -1.94282   -1.94220   -1.94196   -1.94148   -0.80607   -0.80488   -0.80462   -0.79566
  -0.79398   -0.79310   -0.79247   -0.79175   -0.79155   -0.78868   -0.78750   -0.78719
  -0.39402   -0.34265   -0.34259   -0.33583   -0.31782   -0.31693   -0.31281   -0.30727
   0.06964    0.07020    0.08454    0.09589    0.10715    0.11167    0.14880    0.15206
   0.15939    0.16843    0.17458    0.18557    0.19414    0.20164    0.21391    0.21539
   0.22467    0.23231    0.23996    0.24205    0.25110    0.26351    0.26852    0.27431
   0.45833    0.46369
 kpt#  22, nband= 50, wtk=  0.00926, kpt=  0.1667  0.0000  0.1667 (reduced coord)
  -1.94279   -1.94220   -1.94198   -1.94149   -0.80545   -0.80411   -0.80393   -0.79573
  -0.79504   -0.79273   -0.79234   -0.79200   -0.79161   -0.78978   -0.78761   -0.78752
  -0.39004   -0.34332   -0.34033   -0.33484   -0.32194   -0.31779   -0.31413   -0.30821
   0.07203    0.07842    0.08230    0.09758    0.10642    0.12354    0.14513    0.15014
   0.15297    0.16265    0.17431    0.17918    0.19420    0.20221    0.21531    0.21801
   0.22422    0.23432    0.23744    0.24522    0.25030    0.25247    0.26952    0.27411
   0.46047    0.46817
 kpt#  23, nband= 50, wtk=  0.00926, kpt=  0.3333  0.0000  0.1667 (reduced coord)
  -1.94273   -1.94220   -1.94203   -1.94150   -0.80383   -0.80262   -0.80159   -0.79707
  -0.79635   -0.79394   -0.79257   -0.79197   -0.79136   -0.79050   -0.78862   -0.78817
  -0.37975   -0.34243   -0.33799   -0.33471   -0.33133   -0.31969   -0.31521   -0.31069
   0.07850    0.08188    0.10039    0.10494    0.10910    0.12225    0.13639    0.14208
   0.15362    0.15794    0.16694    0.17998    0.19258    0.19952    0.20551    0.21797
   0.22627    0.22950    0.24125    0.24202    0.24695    0.25540    0.26558    0.27452
   0.45728    0.46187
 kpt#  24, nband= 50, wtk=  0.00926, kpt=  0.5000  0.0000  0.1667 (reduced coord)
  -1.94270   -1.94220   -1.94205   -1.94151   -0.80224   -0.80203   -0.79919   -0.79771
  -0.79762   -0.79664   -0.79250   -0.79180   -0.79065   -0.79023   -0.78958   -0.78879
  -0.37176   -0.34313   -0.34146   -0.33720   -0.33033   -0.32035   -0.31596   -0.31219
   0.08311    0.08540    0.10704    0.11022    0.11129    0.12676    0.12964    0.13389
   0.14786    0.16142    0.17178    0.17554    0.18356    0.18999    0.21325    0.21970
   0.22481    0.22934    0.23411    0.24278    0.24901    0.25709    0.26353    0.27485
   0.45366    0.45855
 kpt#  25, nband= 50, wtk=  0.00926, kpt= -0.3333  0.0000  0.1667 (reduced coord)
  -1.94273   -1.94220   -1.94203   -1.94150   -0.80386   -0.80261   -0.80160   -0.79703
  -0.79634   -0.79392   -0.79260   -0.79194   -0.79135   -0.79055   -0.78863   -0.78817
  -0.37975   -0.34243   -0.33800   -0.33469   -0.33131   -0.31968   -0.31523   -0.31070
   0.07854    0.08180    0.10039    0.10492    0.10911    0.12234    0.13639    0.14201
   0.15363    0.15796    0.16696    0.17994    0.19258    0.19948    0.20553    0.21797
   0.22631    0.22948    0.24122    0.24218    0.24680    0.25542    0.26555    0.27454
   0.45707    0.46204
 kpt#  26, nband= 50, wtk=  0.00926, kpt= -0.1667  0.0000  0.1667 (reduced coord)
  -1.94279   -1.94220   -1.94198   -1.94149   -0.80547   -0.80412   -0.80392   -0.79572
  -0.79499   -0.79282   -0.79231   -0.79199   -0.79157   -0.78980   -0.78765   -0.78749
  -0.39004   -0.34335   -0.34030   -0.33484   -0.32190   -0.31781   -0.31411   -0.30824
   0.07203    0.07844    0.08228    0.09753    0.10639    0.12359    0.14520    0.15012
   0.15295    0.16265    0.17432    0.17924    0.19414    0.20218    0.21523    0.21816
   0.22410    0.23444    0.23737    0.24544    0.24986    0.25268    0.26953    0.27414
   0.46029    0.46805
 kpt#  27, nband= 50, wtk=  0.00926, kpt=  0.0000  0.1667  0.1667 (reduced coord)
  -1.94278   -1.94220   -1.94199   -1.94150   -0.80510   -0.80424   -0.80413   -0.79694
  -0.79374   -0.79320   -0.79247   -0.79166   -0.79142   -0.78976   -0.78787   -0.78731
  -0.38977   -0.34266   -0.34238   -0.33577   -0.32092   -0.31748   -0.31408   -0.30751
   0.07398    0.07875    0.08144    0.10014    0.10920    0.11958    0.14563    0.14710
   0.15950    0.16030    0.17004    0.18420    0.19052    0.20387    0.21767    0.21935
   0.22214    0.23076    0.23319    0.24279    0.24385    0.26182    0.26894    0.27283
   0.45707    0.46481
 kpt#  28, nband= 50, wtk=  0.00926, kpt=  0.1667  0.1667  0.1667 (reduced coord)
  -1.94276   -1.94220   -1.94200   -1.94151   -0.80488   -0.80365   -0.80352   -0.79679
  -0.79480   -0.79304   -0.79276   -0.79161   -0.79124   -0.79058   -0.78784   -0.78739
  -0.38624   -0.34393   -0.34034   -0.33536   -0.32177   -0.32104   -0.31460   -0.30784
   0.07674    0.08282    0.08473    0.10150    0.10853    0.12671    0.14296    0.14693
   0.15407    0.15879    0.17012    0.17494    0.19591    0.20319    0.21440    0.21728
   0.22705    0.23101    0.23455    0.24158    0.24549    0.25096    0.26905    0.27314
   0.45599    0.46606
 kpt#  29, nband= 50, wtk=  0.00926, kpt=  0.3333  0.1667  0.1667 (reduced coord)
  -1.94271   -1.94220   -1.94205   -1.94152   -0.80399   -0.80255   -0.80185   -0.79724
  -0.79619   -0.79500   -0.79255   -0.79137   -0.79081   -0.79056   -0.78851   -0.78803
  -0.37711   -0.34361   -0.33985   -0.33743   -0.32836   -0.32113   -0.31509   -0.30963
   0.08089    0.08738    0.10182    0.10844    0.11046    0.12417    0.13663    0.14267
   0.15363    0.15622    0.16347    0.17928    0.19176    0.20143    0.20742    0.21395
   0.22456    0.23074    0.23566    0.24005    0.24420    0.24954    0.26556    0.27360
   0.45170    0.46102
 kpt#  30, nband= 50, wtk=  0.00926, kpt=  0.5000  0.1667  0.1667 (reduced coord)
  -1.94268   -1.94219   -1.94207   -1.94152   -0.80297   -0.80252   -0.79961   -0.79878
  -0.79696   -0.79638   -0.79190   -0.79138   -0.79040   -0.78972   -0.78941   -0.78889
  -0.37007   -0.34398   -0.34233   -0.34071   -0.32875   -0.32034   -0.31545   -0.31113
   0.08640    0.08881    0.10836    0.11128    0.11185    0.13097    0.13148    0.13583
   0.14904    0.15857    0.16800    0.17400    0.18452    0.19447    0.21140    0.21865
   0.22345    0.22662    0.23408    0.23623    0.24488    0.25261    0.26432    0.27329
   0.45057    0.45565
 kpt#  31, nband= 50, wtk=  0.00926, kpt= -0.3333  0.1667  0.1667 (reduced coord)
  -1.94271   -1.94219   -1.94205   -1.94152   -0.80390   -0.80265   -0.80188   -0.79709
  -0.79627   -0.79493   -0.79251   -0.79141   -0.79083   -0.79058   -0.78851   -0.78808
  -0.37705   -0.34381   -0.33973   -0.33739   -0.32819   -0.32107   -0.31508   -0.30990
   0.08053    0.08776    0.10209    0.10843    0.11097    0.12363    0.13649    0.14208
   0.15335    0.15651    0.16310    0.17969    0.19193    0.20159    0.20744    0.21452
   0.22496    0.22954    0.23594    0.24042    0.24448    0.24887    0.26538    0.27376
   0.45336    0.46118
 kpt#  32, nband= 50, wtk=  0.00926, kpt= -0.1667  0.1667  0.1667 (reduced coord)
  -1.94276   -1.94220   -1.94200   -1.94151   -0.80483   -0.80369   -0.80353   -0.79680
  -0.79467   -0.79301   -0.79281   -0.79163   -0.79121   -0.79063   -0.78785   -0.78744
  -0.38620   -0.34418   -0.34016   -0.33524   -0.32174   -0.32086   -0.31468   -0.30808
   0.07644    0.08281    0.08516    0.10178    0.10859    0.12641    0.14221    0.14712
   0.15384    0.15865    0.17043    0.17529    0.19572    0.20306    0.21449    0.21815
   0.22624    0.23121    0.23541    0.24174    0.24471    0.25066    0.26899    0.27334
   0.45712    0.46629
 kpt#  33, nband= 50, wtk=  0.00926, kpt=  0.0000  0.3333  0.1667 (reduced coord)
  -1.94270   -1.94220   -1.94205   -1.94153   -0.80312   -0.80267   -0.80187   -0.79917
  -0.79526   -0.79414   -0.79288   -0.79156   -0.79050   -0.79044   -0.78878   -0.78817
  -0.37795   -0.34698   -0.34120   -0.33686   -0.32600   -0.31797   -0.31554   -0.30932
   0.08115    0.08859    0.10162    0.10475    0.11560    0.12376    0.13709    0.13732
   0.14618    0.16435    0.16572    0.18005    0.19228    0.19331    0.20922    0.21187
   0.22083    0.22245    0.22988    0.24111    0.25159    0.26176    0.26827    0.27031
   0.45393    0.46281
 kpt#  34, nband= 50, wtk=  0.00926, kpt=  0.1667  0.3333  0.1667 (reduced coord)
  -1.94268   -1.94219   -1.94206   -1.94153   -0.80355   -0.80282   -0.80185   -0.79838
  -0.79578   -0.79495   -0.79253   -0.79122   -0.79084   -0.79005   -0.78860   -0.78805
  -0.37563   -0.34796   -0.34099   -0.33713   -0.32555   -0.32188   -0.31419   -0.30896
   0.08256    0.09319    0.10386    0.10674    0.11451    0.12560    0.13722    0.13992
   0.14485    0.16168    0.16670    0.18028    0.18635    0.19809    0.20305    0.21383
   0.22102    0.22746    0.22970    0.23783    0.24907    0.25441    0.26744    0.27023
   0.45047    0.45952
 kpt#  35, nband= 50, wtk=  0.00926, kpt=  0.3333  0.3333  0.1667 (reduced coord)
  -1.94265   -1.94218   -1.94209   -1.94155   -0.80379   -0.80282   -0.80212   -0.79897
  -0.79640   -0.79413   -0.79295   -0.79083   -0.79004   -0.78964   -0.78921   -0.78786
  -0.36963   -0.34880   -0.34239   -0.34046   -0.32571   -0.32305   -0.31355   -0.30956
   0.08721    0.10096    0.10755    0.11110    0.11798    0.12512    0.13727    0.14080
   0.14656    0.15638    0.16582    0.18423    0.18840    0.19582    0.20154    0.20833
   0.21804    0.22412    0.23177    0.23540    0.24233    0.24835    0.26451    0.27025
   0.44467    0.45512
 kpt#  36, nband= 50, wtk=  0.00926, kpt=  0.5000  0.3333  0.1667 (reduced coord)
  -1.94263   -1.94217   -1.94211   -1.94156   -0.80371   -0.80281   -0.80171   -0.80076
  -0.79543   -0.79458   -0.79231   -0.79097   -0.79003   -0.78924   -0.78877   -0.78851
  -0.36514   -0.34875   -0.34467   -0.34369   -0.32603   -0.32127   -0.31355   -0.31048
   0.09191    0.10241    0.10699    0.11592    0.11806    0.12697    0.13510    0.14525
   0.14580    0.15920    0.16357    0.17849    0.18758    0.19924    0.20206    0.21092
   0.21364    0.22212    0.22540    0.23201    0.24243    0.24857    0.26395    0.26955
   0.44367    0.45228
 kpt#  37, nband= 50, wtk=  0.00926, kpt= -0.3333  0.3333  0.1667 (reduced coord)
  -1.94265   -1.94218   -1.94209   -1.94155   -0.80368   -0.80288   -0.80223   -0.79891
  -0.79634   -0.79399   -0.79307   -0.79092   -0.79000   -0.78957   -0.78930   -0.78789
  -0.36954   -0.34896   -0.34237   -0.34034   -0.32560   -0.32304   -0.31351   -0.30981
   0.08723    0.10104    0.10730    0.11159    0.11846    0.12516    0.13651    0.14051
   0.14601    0.15607    0.16581    0.18456    0.18891    0.19624    0.20208    0.20864
   0.21808    0.22347    0.23174    0.23487    0.24243    0.24826    0.26444    0.27042
   0.44599    0.45563
 kpt#  38, nband= 50, wtk=  0.00926, kpt= -0.1667  0.3333  0.1667 (reduced coord)
  -1.94268   -1.94219   -1.94206   -1.94153   -0.80348   -0.80282   -0.80196   -0.79836
  -0.79575   -0.79479   -0.79262   -0.79126   -0.79084   -0.79008   -0.78863   -0.78805
  -0.37556   -0.34814   -0.34088   -0.33702   -0.32558   -0.32169   -0.31425   -0.30917
   0.08256    0.09326    0.10391    0.10683    0.11502    0.12543    0.13632    0.13976
   0.14446    0.16185    0.16690    0.18038    0.18641    0.19878    0.20358    0.21322
   0.22127    0.22689    0.23015    0.23757    0.24884    0.25434    0.26737    0.27049
   0.45166    0.45946
 kpt#  39, nband= 50, wtk=  0.00926, kpt=  0.0000  0.5000  0.1667 (reduced coord)
  -1.94264   -1.94220   -1.94209   -1.94154   -0.80154   -0.80119   -0.80030   -0.79982
  -0.79697   -0.79682   -0.79208   -0.79177   -0.79004   -0.78963   -0.78953   -0.78925
  -0.36184   -0.36141   -0.33914   -0.33868   -0.32345   -0.32300   -0.31283   -0.31216
   0.09023    0.09197    0.11116    0.11244    0.11936    0.12018    0.13447    0.13687
   0.14581    0.14632    0.17543    0.17773    0.18250    0.18401    0.20903    0.20963
   0.21675    0.21910    0.23511    0.23674    0.25911    0.25965    0.26805    0.26902
   0.45270    0.45505
 kpt#  40, nband= 50, wtk=  0.00926, kpt=  0.1667  0.5000  0.1667 (reduced coord)
  -1.94263   -1.94219   -1.94210   -1.94155   -0.80265   -0.80228   -0.79990   -0.79953
  -0.79705   -0.79666   -0.79145   -0.79125   -0.79008   -0.78986   -0.78925   -0.78894
  -0.36122   -0.36072   -0.33972   -0.33900   -0.32463   -0.32420   -0.31195   -0.31148
   0.09264    0.09398    0.11042    0.11155    0.12303    0.12414    0.13376    0.13525
   0.15012    0.15122    0.16871    0.17103    0.18801    0.18874    0.20463    0.20588
   0.22008    0.22160    0.23355    0.23470    0.25458    0.25509    0.26708    0.26781
   0.45010    0.45109
 kpt#  41, nband= 50, wtk=  0.00926, kpt=  0.3333  0.5000  0.1667 (reduced coord)
  -1.94261   -1.94217   -1.94212   -1.94157   -0.80348   -0.80311   -0.80132   -0.80108
  -0.79545   -0.79502   -0.79154   -0.79133   -0.78980   -0.78967   -0.78865   -0.78838
  -0.35935   -0.35880   -0.34250   -0.34170   -0.32463   -0.32415   -0.31159   -0.31096
   0.09772    0.09875    0.11198    0.11298    0.12463    0.12562    0.13594    0.13721
   0.15475    0.15575    0.16702    0.16897    0.19211    0.19342    0.20168    0.20330
   0.21569    0.21647    0.23126    0.23202    0.24679    0.24737    0.26546    0.26643
   0.44514    0.44623
 kpt#  42, nband= 50, wtk=  0.00926, kpt=  0.5000  0.5000  0.1667 (reduced coord)
  -1.94260   -1.94216   -1.94213   -1.94158   -0.80352   -0.80308   -0.80246   -0.80205
  -0.79412   -0.79370   -0.79251   -0.79216   -0.78935   -0.78914   -0.78846   -0.78824
  -0.35786   -0.35731   -0.34469   -0.34422   -0.32366   -0.32330   -0.31195   -0.31107
   0.10064    0.10149    0.11309    0.11410    0.12543    0.12652    0.13442    0.13525
   0.15804    0.16014    0.16851    0.16997    0.19270    0.19487    0.20218    0.20439
   0.21364    0.21473    0.22328    0.22388    0.24574    0.24657    0.26460    0.26625
   0.44368    0.44590
 kpt#  43, nband= 50, wtk=  0.00926, kpt= -0.3333  0.5000  0.1667 (reduced coord)
  -1.94261   -1.94217   -1.94212   -1.94157   -0.80354   -0.80310   -0.80132   -0.80103
  -0.79540   -0.79502   -0.79160   -0.79129   -0.78981   -0.78970   -0.78863   -0.78838
  -0.35933   -0.35882   -0.34229   -0.34193   -0.32450   -0.32420   -0.31176   -0.31084
   0.09753    0.09894    0.11201    0.11294    0.12503    0.12521    0.13598    0.13711
   0.15504    0.15549    0.16753    0.16850    0.19208    0.19342    0.20155    0.20345
   0.21554    0.21670    0.23106    0.23213    0.24668    0.24749    0.26528    0.26663
   0.44453    0.44672
 kpt#  44, nband= 50, wtk=  0.00926, kpt= -0.1667  0.5000  0.1667 (reduced coord)
  -1.94263   -1.94219   -1.94210   -1.94155   -0.80272   -0.80227   -0.79981   -0.79957
  -0.79699   -0.79666   -0.79144   -0.79128   -0.79020   -0.78978   -0.78926   -0.78891
  -0.36119   -0.36076   -0.33959   -0.33916   -0.32459   -0.32415   -0.31216   -0.31132
   0.09239    0.09424    0.11049    0.11148    0.12296    0.12423    0.13350    0.13547
   0.15029    0.15095    0.16935    0.17047    0.18782    0.18891    0.20448    0.20612
   0.21990    0.22177    0.23356    0.23468    0.25471    0.25492    0.26697    0.26795
   0.44941    0.45175
 kpt#  45, nband= 50, wtk=  0.00926, kpt=  0.0000 -0.3333  0.1667 (reduced coord)
  -1.94270   -1.94220   -1.94205   -1.94153   -0.80317   -0.80300   -0.80144   -0.79909
  -0.79523   -0.79418   -0.79274   -0.79159   -0.79085   -0.79037   -0.78859   -0.78832
  -0.37784   -0.34693   -0.34103   -0.33653   -0.32606   -0.31811   -0.31579   -0.30967
   0.08156    0.08883    0.10175    0.10530    0.11552    0.12451    0.13735    0.13768
   0.14450    0.16277    0.16458    0.18126    0.19162    0.19452    0.20980    0.21298
   0.21830    0.22283    0.23007    0.24205    0.25144    0.26160    0.26836    0.26968
   0.45250    0.46582
 kpt#  46, nband= 50, wtk=  0.00926, kpt=  0.1667 -0.3333  0.1667 (reduced coord)
  -1.94268   -1.94219   -1.94206   -1.94153   -0.80373   -0.80276   -0.80166   -0.79833
  -0.79577   -0.79486   -0.79254   -0.79122   -0.79094   -0.79011   -0.78868   -0.78804
  -0.37547   -0.34791   -0.34082   -0.33662   -0.32584   -0.32174   -0.31470   -0.30931
   0.08275    0.09367    0.10433    0.10715    0.11511    0.12517    0.13730    0.14000
   0.14336    0.16078    0.16611    0.18117    0.18645    0.19919    0.20347    0.21189
   0.22107    0.22700    0.23057    0.23814    0.24877    0.25460    0.26707    0.27016
   0.45061    0.46076
 kpt#  47, nband= 50, wtk=  0.00926, kpt=  0.3333 -0.3333  0.1667 (reduced coord)
  -1.94265   -1.94218   -1.94209   -1.94155   -0.80397   -0.80274   -0.80197   -0.79881
  -0.79653   -0.79401   -0.79294   -0.79096   -0.79010   -0.78962   -0.78927   -0.78786
  -0.36951   -0.34865   -0.34214   -0.33994   -0.32595   -0.32333   -0.31429   -0.30945
   0.08728    0.10180    0.10749    0.11176    0.11832    0.12528    0.13592    0.14067
   0.14624    0.15605    0.16625    0.18429    0.18944    0.19581    0.20167    0.20658
   0.21848    0.22418    0.23192    0.23545    0.24172    0.24835    0.26432    0.26987
   0.44642    0.45581
 kpt#  48, nband= 50, wtk=  0.00926, kpt=  0.5000 -0.3333  0.1667 (reduced coord)
  -1.94263   -1.94217   -1.94211   -1.94156   -0.80397   -0.80274   -0.80142   -0.80070
  -0.79563   -0.79438   -0.79221   -0.79133   -0.78989   -0.78935   -0.78880   -0.78843
  -0.36520   -0.34847   -0.34459   -0.34292   -0.32631   -0.32194   -0.31446   -0.30980
   0.09198    0.10323    0.10721    0.11509    0.11868    0.12713    0.13408    0.14572
   0.14629    0.15933    0.16349    0.17939    0.18784    0.19659    0.20301    0.21108
   0.21253    0.22270    0.22548    0.23266    0.24206    0.24794    0.26379    0.26890
   0.44511    0.45352
 kpt#  49, nband= 50, wtk=  0.00926, kpt= -0.3333 -0.3333  0.1667 (reduced coord)
  -1.94265   -1.94218   -1.94209   -1.94155   -0.80412   -0.80267   -0.80189   -0.79882
  -0.79651   -0.79415   -0.79278   -0.79094   -0.79014   -0.78977   -0.78916   -0.78782
  -0.36961   -0.34850   -0.34210   -0.34015   -0.32597   -0.32332   -0.31436   -0.30925
   0.08724    0.10173    0.10770    0.11132    0.11783    0.12528    0.13660    0.14100
   0.14679    0.15641    0.16620    0.18407    0.18888    0.19539    0.20100    0.20646
   0.21849    0.22493    0.23175    0.23586    0.24175    0.24844    0.26437    0.26973
   0.44487    0.45549
 kpt#  50, nband= 50, wtk=  0.00926, kpt= -0.1667 -0.3333  0.1667 (reduced coord)
  -1.94268   -1.94219   -1.94206   -1.94153   -0.80387   -0.80272   -0.80157   -0.79830
  -0.79573   -0.79501   -0.79242   -0.79129   -0.79085   -0.79021   -0.78865   -0.78802
  -0.37554   -0.34775   -0.34092   -0.33677   -0.32576   -0.32188   -0.31467   -0.30912
   0.08273    0.09360    0.10431    0.10708    0.11451    0.12545    0.13804    0.14009
   0.14390    0.16062    0.16591    0.18100    0.18647    0.19847    0.20298    0.21253
   0.22100    0.22746    0.23011    0.23834    0.24903    0.25462    0.26710    0.26998
   0.44934    0.46087
 kpt#  51, nband= 50, wtk=  0.00926, kpt=  0.0000 -0.1667  0.1667 (reduced coord)
  -1.94278   -1.94220   -1.94199   -1.94150   -0.80534   -0.80425   -0.80385   -0.79684
  -0.79359   -0.79332   -0.79235   -0.79201   -0.79137   -0.78965   -0.78780   -0.78748
  -0.38970   -0.34238   -0.34208   -0.33581   -0.32118   -0.31742   -0.31408   -0.30802
   0.07447    0.07884    0.08118    0.10160    0.10908    0.11905    0.14610    0.14731
   0.15838    0.15892    0.16981    0.18374    0.19196    0.20500    0.21523    0.22042
   0.22261    0.22848    0.23445    0.24377    0.24425    0.26185    0.26849    0.27241
   0.45654    0.46418
 kpt#  52, nband= 50, wtk=  0.00926, kpt=  0.1667 -0.1667  0.1667 (reduced coord)
  -1.94276   -1.94220   -1.94200   -1.94151   -0.80501   -0.80370   -0.80327   -0.79676
  -0.79463   -0.79309   -0.79275   -0.79186   -0.79126   -0.79042   -0.78792   -0.78746
  -0.38613   -0.34364   -0.34023   -0.33503   -0.32229   -0.32086   -0.31458   -0.30848
   0.07661    0.08266    0.08561    0.10291    0.10831    0.12621    0.14263    0.14729
   0.15320    0.15757    0.17008    0.17588    0.19555    0.20359    0.21404    0.21739
   0.22638    0.23012    0.23663    0.24146    0.24557    0.25093    0.26883    0.27270
   0.45677    0.46555
 kpt#  53, nband= 50, wtk=  0.00926, kpt=  0.3333 -0.1667  0.1667 (reduced coord)
  -1.94271   -1.94219   -1.94205   -1.94152   -0.80405   -0.80266   -0.80162   -0.79702
  -0.79626   -0.79505   -0.79254   -0.79136   -0.79106   -0.79039   -0.78863   -0.78803
  -0.37701   -0.34326   -0.33965   -0.33685   -0.32884   -0.32144   -0.31541   -0.30987
   0.08041    0.08842    0.10197    0.10928    0.11077    0.12355    0.13688    0.14167
   0.15303    0.15641    0.16352    0.17952    0.19261    0.20123    0.20660    0.21364
   0.22505    0.23007    0.23573    0.24058    0.24400    0.24951    0.26527    0.27313
   0.45361    0.46183
 kpt#  54, nband= 50, wtk=  0.00926, kpt=  0.5000 -0.1667  0.1667 (reduced coord)
  -1.94268   -1.94219   -1.94207   -1.94152   -0.80317   -0.80244   -0.79937   -0.79860
  -0.79685   -0.79664   -0.79205   -0.79129   -0.79062   -0.78958   -0.78923   -0.78909
  -0.37008   -0.34363   -0.34172   -0.34046   -0.32921   -0.32092   -0.31616   -0.31068
   0.08654    0.08913    0.10841    0.11139    0.11192    0.13136    0.13179    0.13531
   0.14878    0.15938    0.16711    0.17418    0.18601    0.19316    0.21236    0.21679
   0.22337    0.22649    0.23380    0.23670    0.24494    0.25261    0.26406    0.27266
   0.45167    0.45630
 kpt#  55, nband= 50, wtk=  0.00926, kpt= -0.3333 -0.1667  0.1667 (reduced coord)
  -1.94271   -1.94219   -1.94205   -1.94152   -0.80418   -0.80256   -0.80160   -0.79709
  -0.79620   -0.79504   -0.79256   -0.79130   -0.79106   -0.79045   -0.78863   -0.78799
  -0.37707   -0.34306   -0.33976   -0.33692   -0.32895   -0.32148   -0.31545   -0.30963
   0.08074    0.08800    0.10171    0.10932    0.11021    0.12429    0.13692    0.14217
   0.15334    0.15623    0.16382    0.17912    0.19251    0.20096    0.20634    0.21339
   0.22473    0.23135    0.23540    0.23999    0.24374    0.25019    0.26544    0.27297
   0.45185    0.46139
 kpt#  56, nband= 50, wtk=  0.00926, kpt= -0.1667 -0.1667  0.1667 (reduced coord)
  -1.94276   -1.94220   -1.94200   -1.94151   -0.80511   -0.80364   -0.80326   -0.79672
  -0.79467   -0.79309   -0.79275   -0.79182   -0.79123   -0.79048   -0.78793   -0.78741
  -0.38618   -0.34343   -0.34035   -0.33519   -0.32220   -0.32111   -0.31451   -0.30828
   0.07692    0.08266    0.08516    0.10256    0.10823    0.12663    0.14333    0.14717
   0.15336    0.15769    0.16984    0.17556    0.19576    0.20356    0.21393    0.21687
   0.22696    0.22972    0.23610    0.24117    0.24633    0.25120    0.26891    0.27254
   0.45545    0.46578
 kpt#  57, nband= 50, wtk=  0.00926, kpt=  0.0000  0.0000  0.3333 (reduced coord)
  -1.94273   -1.94228   -1.94196   -1.94150   -0.80388   -0.80273   -0.80202   -0.79769
  -0.79583   -0.79413   -0.79313   -0.79184   -0.79055   -0.79021   -0.78824   -0.78808
  -0.38160   -0.34855   -0.33785   -0.33395   -0.32363   -0.31828   -0.31656   -0.31208
   0.08159    0.08264    0.09763    0.11053    0.11458    0.12525    0.12850    0.13979
   0.14225    0.16769    0.17998    0.18430    0.19168    0.19546    0.19961    0.21457
   0.21579    0.23556    0.23933    0.24844    0.24889    0.25517    0.26124    0.26244
   0.46423    0.46659
 kpt#  58, nband= 50, wtk=  0.00926, kpt=  0.1667  0.0000  0.3333 (reduced coord)
  -1.94271   -1.94227   -1.94198   -1.94151   -0.80361   -0.80250   -0.80166   -0.79757
  -0.79674   -0.79441   -0.79275   -0.79175   -0.79102   -0.79004   -0.78852   -0.78797
  -0.37875   -0.34872   -0.33754   -0.33351   -0.32499   -0.31955   -0.31792   -0.31190
   0.08132    0.08994    0.09874    0.10498    0.11651    0.12532    0.13612    0.14183
   0.14516    0.16516    0.17174    0.18362    0.18810    0.19920    0.20218    0.21053
   0.21872    0.22785    0.23551    0.24908    0.25025    0.25370    0.25967    0.26296
   0.46104    0.46637
 kpt#  59, nband= 50, wtk=  0.00926, kpt=  0.3333  0.0000  0.3333 (reduced coord)
  -1.94268   -1.94223   -1.94203   -1.94152   -0.80302   -0.80200   -0.80041   -0.79849
  -0.79702   -0.79607   -0.79219   -0.79147   -0.79103   -0.78973   -0.78944   -0.78801
  -0.37155   -0.34914   -0.33729   -0.33446   -0.32943   -0.32071   -0.31818   -0.31281
   0.08458    0.09592    0.10160    0.11282    0.11628    0.12366    0.14009    0.14282
   0.15439    0.15888    0.17171    0.17685    0.18556    0.19541    0.19899    0.21091
   0.21377    0.22505    0.23575    0.24434    0.24687    0.25101    0.25722    0.26573
   0.45376    0.45848
 kpt#  60, nband= 50, wtk=  0.00926, kpt=  0.5000  0.0000  0.3333 (reduced coord)
  -1.94266   -1.94221   -1.94206   -1.94153   -0.80263   -0.80169   -0.79935   -0.79858
  -0.79827   -0.79669   -0.79214   -0.79126   -0.79055   -0.79034   -0.78912   -0.78844
  -0.36637   -0.34960   -0.33961   -0.33647   -0.32909   -0.32109   -0.31811   -0.31356
   0.08779    0.09526    0.10412    0.11619    0.11847    0.12685    0.13900    0.14177
   0.15928    0.16286    0.17022    0.17170    0.18031    0.18119    0.20687    0.21053
   0.21794    0.22320    0.23662    0.24104    0.24425    0.24600    0.25778    0.26675
   0.45022    0.45467
 kpt#  61, nband= 50, wtk=  0.00926, kpt= -0.3333  0.0000  0.3333 (reduced coord)
  -1.94268   -1.94223   -1.94203   -1.94152   -0.80305   -0.80201   -0.80040   -0.79845
  -0.79699   -0.79607   -0.79221   -0.79153   -0.79094   -0.78974   -0.78948   -0.78802
  -0.37156   -0.34913   -0.33733   -0.33442   -0.32938   -0.32075   -0.31816   -0.31283
   0.08457    0.09585    0.10163    0.11281    0.11628    0.12375    0.13999    0.14292
   0.15443    0.15880    0.17180    0.17682    0.18536    0.19550    0.19898    0.21096
   0.21376    0.22512    0.23572    0.24447    0.24667    0.25099    0.25720    0.26579
   0.45356    0.45851
 kpt#  62, nband= 50, wtk=  0.00926, kpt= -0.1667  0.0000  0.3333 (reduced coord)
  -1.94271   -1.94226   -1.94198   -1.94151   -0.80365   -0.80251   -0.80164   -0.79752
  -0.79674   -0.79441   -0.79274   -0.79175   -0.79100   -0.79008   -0.78852   -0.78797
  -0.37875   -0.34872   -0.33760   -0.33343   -0.32496   -0.31959   -0.31791   -0.31192
   0.08132    0.08991    0.09878    0.10494    0.11644    0.12540    0.13604    0.14201
   0.14508    0.16526    0.17170    0.18364    0.18805    0.19913    0.20220    0.21058
   0.21863    0.22795    0.23555    0.24901    0.25027    0.25354    0.25978    0.26299
   0.46077    0.46519
 kpt#  63, nband= 50, wtk=  0.00926, kpt=  0.0000  0.1667  0.3333 (reduced coord)
  -1.94270   -1.94226   -1.94198   -1.94152   -0.80346   -0.80210   -0.80201   -0.79878
  -0.79537   -0.79468   -0.79219   -0.79213   -0.79094   -0.79047   -0.78864   -0.78776
  -0.37830   -0.34801   -0.33859   -0.33552   -0.32247   -0.32124   -0.31675   -0.31212
   0.08597    0.08881    0.09922    0.11129    0.11504    0.12757    0.12884    0.13912
   0.14484    0.16299    0.17769    0.18133    0.18678    0.19769    0.20297    0.21577
   0.21969    0.22558    0.23415    0.24463    0.24817    0.25333    0.25891    0.26226
   0.46155    0.46759
 kpt#  64, nband= 50, wtk=  0.00926, kpt=  0.1667  0.1667  0.3333 (reduced coord)
  -1.94269   -1.94225   -1.94200   -1.94153   -0.80378   -0.80257   -0.80176   -0.79786
  -0.79619   -0.79503   -0.79229   -0.79173   -0.79090   -0.79025   -0.78825   -0.78801
  -0.37599   -0.34888   -0.33919   -0.33600   -0.32358   -0.32045   -0.31823   -0.31090
   0.08609    0.09468    0.10018    0.10757    0.11722    0.12643    0.13564    0.14297
   0.14565    0.15874    0.17048    0.17844    0.19163    0.20074    0.20691    0.21204
   0.21665    0.22444    0.23371    0.24222    0.24503    0.25027    0.25880    0.26343
   0.45608    0.46743
 kpt#  65, nband= 50, wtk=  0.00926, kpt=  0.3333  0.1667  0.3333 (reduced coord)
  -1.94266   -1.94222   -1.94205   -1.94154   -0.80394   -0.80304   -0.80155   -0.79859
  -0.79629   -0.79518   -0.79162   -0.79123   -0.79052   -0.78998   -0.78865   -0.78817
  -0.37012   -0.35022   -0.34146   -0.33921   -0.32480   -0.31970   -0.31723   -0.31092
   0.08883    0.09884    0.10537    0.11220    0.11722    0.12613    0.14142    0.14279
   0.15190    0.15500    0.16533    0.17904    0.18961    0.19819    0.20031    0.21279
   0.21914    0.22428    0.22959    0.23703    0.24248    0.24995    0.25286    0.26540
   0.44834    0.45798
 kpt#  66, nband= 50, wtk=  0.00926, kpt=  0.5000  0.1667  0.3333 (reduced coord)
  -1.94265   -1.94220   -1.94208   -1.94154   -0.80369   -0.80340   -0.80094   -0.80026
  -0.79606   -0.79489   -0.79101   -0.79080   -0.79024   -0.78981   -0.78921   -0.78852
  -0.36584   -0.35095   -0.34410   -0.34145   -0.32455   -0.31855   -0.31676   -0.31168
   0.09314    0.09612    0.10755    0.11640    0.11836    0.12789    0.14065    0.14630
   0.15071    0.15951    0.16281    0.17438    0.18665    0.18973    0.20819    0.21159
   0.22110    0.22203    0.23246    0.23358    0.23794    0.24784    0.25338    0.26553
   0.44603    0.45136
 kpt#  67, nband= 50, wtk=  0.00926, kpt= -0.3333  0.1667  0.3333 (reduced coord)
  -1.94266   -1.94222   -1.94205   -1.94154   -0.80384   -0.80308   -0.80169   -0.79847
  -0.79626   -0.79521   -0.79156   -0.79124   -0.79049   -0.79004   -0.78872   -0.78817
  -0.37009   -0.35018   -0.34173   -0.33895   -0.32464   -0.31947   -0.31734   -0.31127
   0.08873    0.09871    0.10565    0.11262    0.11729    0.12605    0.14133    0.14194
   0.15155    0.15534    0.16502    0.17991    0.18985    0.19792    0.20045    0.21288
   0.21897    0.22397    0.22929    0.23819    0.24204    0.24992    0.25254    0.26560
   0.44953    0.45723
 kpt#  68, nband= 50, wtk=  0.00926, kpt= -0.1667  0.1667  0.3333 (reduced coord)
  -1.94269   -1.94225   -1.94200   -1.94153   -0.80370   -0.80256   -0.80191   -0.79775
  -0.79618   -0.79505   -0.79224   -0.79171   -0.79091   -0.79031   -0.78826   -0.78804
  -0.37597   -0.34888   -0.33947   -0.33561   -0.32339   -0.32042   -0.31827   -0.31122
   0.08600    0.09482    0.10003    0.10811    0.11707    0.12637    0.13509    0.14269
   0.14584    0.15886    0.17064    0.17884    0.19134    0.20054    0.20629    0.21206
   0.21767    0.22416    0.23383    0.24292    0.24456    0.24993    0.25879    0.26352
   0.45720    0.46704
 kpt#  69, nband= 50, wtk=  0.00926, kpt=  0.0000  0.3333  0.3333 (reduced coord)
  -1.94264   -1.94222   -1.94205   -1.94155   -0.80232   -0.80196   -0.80040   -0.80025
  -0.79656   -0.79426   -0.79365   -0.79121   -0.79059   -0.79038   -0.78933   -0.78799
  -0.36907   -0.34605   -0.34403   -0.33893   -0.32413   -0.31968   -0.31875   -0.31336
   0.09534    0.10435    0.10590    0.11430    0.11620    0.12643    0.13225    0.13604
   0.14987    0.15827    0.16980    0.17417    0.18997    0.19614    0.20187    0.21009
   0.21292    0.22301    0.22436    0.23240    0.24852    0.25274    0.25870    0.26058
   0.45774    0.46768
 kpt#  70, nband= 50, wtk=  0.00926, kpt=  0.1667  0.3333  0.3333 (reduced coord)
  -1.94264   -1.94221   -1.94206   -1.94156   -0.80361   -0.80281   -0.80203   -0.79916
  -0.79617   -0.79399   -0.79271   -0.79094   -0.79027   -0.79005   -0.78891   -0.78813
  -0.36823   -0.34848   -0.34535   -0.34085   -0.32200   -0.32075   -0.31720   -0.31113
   0.09601    0.10337    0.10972    0.11490    0.11788    0.12628    0.13488    0.13941
   0.14854    0.15471    0.16493    0.18017    0.18763    0.20092    0.20380    0.21107
   0.21385    0.22038    0.22415    0.22964    0.24460    0.24978    0.25697    0.26154
   0.45170    0.46378
 kpt#  71, nband= 50, wtk=  0.00926, kpt=  0.3333  0.3333  0.3333 (reduced coord)
  -1.94262   -1.94219   -1.94209   -1.94156   -0.80478   -0.80416   -0.80332   -0.80130
  -0.79396   -0.79286   -0.79135   -0.79055   -0.78983   -0.78954   -0.78861   -0.78827
  -0.36571   -0.35154   -0.34889   -0.34592   -0.32018   -0.31757   -0.31472   -0.30949
   0.09753    0.10704    0.11365    0.11686    0.11843    0.12609    0.13392    0.14303
   0.14810    0.15915    0.16605    0.18124    0.18706    0.19791    0.20571    0.20826
   0.21547    0.21991    0.22258    0.23009    0.23724    0.24781    0.25146    0.26143
   0.44298    0.45730
 kpt#  72, nband= 50, wtk=  0.00926, kpt=  0.5000  0.3333  0.3333 (reduced coord)
  -1.94261   -1.94217   -1.94211   -1.94157   -0.80499   -0.80482   -0.80344   -0.80287
  -0.79285   -0.79264   -0.79047   -0.79022   -0.78943   -0.78929   -0.78871   -0.78868
  -0.36358   -0.35276   -0.35059   -0.34946   -0.31893   -0.31515   -0.31405   -0.30954
   0.10065    0.10631    0.11498    0.11762    0.11822    0.12786    0.13338    0.14057
   0.15376    0.16106    0.16793    0.17765    0.19182    0.19549    0.20139    0.20967
   0.21678    0.21778    0.22086    0.22873    0.23437    0.24898    0.24915    0.26132
   0.44089    0.44781
 kpt#  73, nband= 50, wtk=  0.00926, kpt= -0.3333  0.3333  0.3333 (reduced coord)
  -1.94262   -1.94219   -1.94209   -1.94156   -0.80465   -0.80420   -0.80348   -0.80123
  -0.79389   -0.79277   -0.79142   -0.79061   -0.78974   -0.78963   -0.78862   -0.78828
  -0.36566   -0.35161   -0.34884   -0.34587   -0.32007   -0.31742   -0.31473   -0.30983
   0.09752    0.10697    0.11396    0.11695    0.11834    0.12644    0.13326    0.14334
   0.14766    0.15870    0.16613    0.18127    0.18773    0.19758    0.20652    0.20789
   0.21525    0.21999    0.22273    0.23021    0.23693    0.24770    0.25133    0.26161
   0.44403    0.45634
 kpt#  74, nband= 50, wtk=  0.00926, kpt= -0.1667  0.3333  0.3333 (reduced coord)
  -1.94264   -1.94221   -1.94206   -1.94156   -0.80347   -0.80277   -0.80230   -0.79905
  -0.79616   -0.79377   -0.79286   -0.79095   -0.79029   -0.79016   -0.78888   -0.78813
  -0.36818   -0.34868   -0.34519   -0.34075   -0.32183   -0.32068   -0.31729   -0.31141
   0.09598    0.10363    0.10972    0.11497    0.11768    0.12653    0.13437    0.13917
   0.14836    0.15491    0.16516    0.18042    0.18764    0.20053    0.20342    0.21066
   0.21484    0.22072    0.22412    0.22975    0.24413    0.24978    0.25715    0.26150
   0.45267    0.46376
 kpt#  75, nband= 50, wtk=  0.00926, kpt=  0.0000  0.5000  0.3333 (reduced coord)
  -1.94261   -1.94217   -1.94212   -1.94157   -0.80163   -0.80141   -0.80055   -0.80031
  -0.79639   -0.79594   -0.79283   -0.79229   -0.78994   -0.78963   -0.78921   -0.78897
  -0.35639   -0.35595   -0.34289   -0.34254   -0.32237   -0.32185   -0.31657   -0.31600
   0.10635    0.10793    0.11449    0.11523    0.11589    0.11639    0.14367    0.14683
   0.14727    0.14777    0.16750    0.16888    0.18666    0.18762    0.20536    0.20657
   0.21171    0.21355    0.22674    0.22804    0.25402    0.25478    0.25560    0.25629
   0.45725    0.46016
 kpt#  76, nband= 50, wtk=  0.00926, kpt=  0.1667  0.5000  0.3333 (reduced coord)
  -1.94261   -1.94217   -1.94212   -1.94157   -0.80325   -0.80300   -0.80139   -0.80113
  -0.79513   -0.79465   -0.79159   -0.79122   -0.78967   -0.78960   -0.78925   -0.78899
  -0.35745   -0.35696   -0.34524   -0.34457   -0.32133   -0.32109   -0.31396   -0.31383
   0.10641    0.10761    0.11191    0.11316    0.12203    0.12324    0.14209    0.14355
   0.14847    0.14992    0.16656    0.16807    0.19137    0.19224    0.20426    0.20552
   0.21252    0.21369    0.22593    0.22650    0.24898    0.24973    0.25699    0.25744
   0.45311    0.45480
 kpt#  77, nband= 50, wtk=  0.00926, kpt=  0.3333  0.5000  0.3333 (reduced coord)
  -1.94260   -1.94216   -1.94213   -1.94158   -0.80482   -0.80457   -0.80351   -0.80327
  -0.79281   -0.79235   -0.79034   -0.79011   -0.78969   -0.78941   -0.78892   -0.78863
  -0.35862   -0.35825   -0.35015   -0.34933   -0.31795   -0.31772   -0.31126   -0.31100
   0.10814    0.10887    0.11395    0.11494    0.12380    0.12519    0.13517    0.13644
   0.15797    0.15941    0.17069    0.17213    0.19138    0.19259    0.20108    0.20280
   0.21307    0.21381    0.22432    0.22496    0.24510    0.24548    0.25461    0.25520
   0.44601    0.44697
 kpt#  78, nband= 50, wtk=  0.00926, kpt=  0.5000  0.5000  0.3333 (reduced coord)
  -1.94259   -1.94216   -1.94213   -1.94158   -0.80519   -0.80487   -0.80471   -0.80440
  -0.79157   -0.79115   -0.79061   -0.79020   -0.78938   -0.78915   -0.78861   -0.78836
  -0.35866   -0.35831   -0.35271   -0.35225   -0.31593   -0.31550   -0.31068   -0.31013
   0.10979    0.11037    0.11673    0.11709    0.12275    0.12444    0.13093    0.13204
   0.16632    0.16865    0.17068    0.17328    0.19324    0.19532    0.19639    0.19711
   0.21259    0.21378    0.22201    0.22322    0.24312    0.24426    0.25460    0.25541
   0.44321    0.44522
 kpt#  79, nband= 50, wtk=  0.00926, kpt= -0.3333  0.5000  0.3333 (reduced coord)
  -1.94260   -1.94216   -1.94213   -1.94158   -0.80490   -0.80455   -0.80349   -0.80324
  -0.79277   -0.79230   -0.79032   -0.79020   -0.78974   -0.78945   -0.78884   -0.78864
  -0.35872   -0.35815   -0.34981   -0.34968   -0.31792   -0.31767   -0.31144   -0.31087
   0.10803    0.10899    0.11405    0.11483    0.12369    0.12530    0.13504    0.13656
   0.15744    0.15997    0.17108    0.17180    0.19109    0.19289    0.20103    0.20275
   0.21273    0.21420    0.22388    0.22538    0.24507    0.24548    0.25465    0.25521
   0.44546    0.44749
 kpt#  80, nband= 50, wtk=  0.00926, kpt= -0.1667  0.5000  0.3333 (reduced coord)
  -1.94261   -1.94217   -1.94212   -1.94157   -0.80333   -0.80298   -0.80132   -0.80115
  -0.79510   -0.79460   -0.79160   -0.79126   -0.78991   -0.78937   -0.78924   -0.78901
  -0.35743   -0.35698   -0.34511   -0.34472   -0.32132   -0.32101   -0.31421   -0.31365
   0.10625    0.10776    0.11225    0.11282    0.12190    0.12340    0.14209    0.14343
   0.14802    0.15042    0.16691    0.16779    0.19132    0.19231    0.20408    0.20569
   0.21230    0.21394    0.22545    0.22697    0.24887    0.24975    0.25699    0.25750
   0.45261    0.45533
 kpt#  81, nband= 50, wtk=  0.00926, kpt=  0.0000 -0.3333  0.3333 (reduced coord)
  -1.94264   -1.94222   -1.94205   -1.94155   -0.80256   -0.80204   -0.80023   -0.79996
  -0.79646   -0.79418   -0.79378   -0.79155   -0.79058   -0.79036   -0.78903   -0.78818
  -0.36891   -0.34599   -0.34406   -0.33840   -0.32417   -0.31993   -0.31886   -0.31379
   0.09647    0.10412    0.10596    0.11501    0.11599    0.12622    0.13247    0.13780
   0.14772    0.15638    0.17178    0.17239    0.19092    0.19558    0.20238    0.20881
   0.21341    0.22357    0.22405    0.23246    0.24858    0.25339    0.25837    0.26024
   0.45584    0.47017
 kpt#  82, nband= 50, wtk=  0.00926, kpt=  0.1667 -0.3333  0.3333 (reduced coord)
  -1.94264   -1.94221   -1.94206   -1.94156   -0.80378   -0.80250   -0.80221   -0.79898
  -0.79616   -0.79383   -0.79288   -0.79092   -0.79045   -0.79009   -0.78869   -0.78832
  -0.36806   -0.34834   -0.34530   -0.34043   -0.32186   -0.32074   -0.31776   -0.31160
   0.09639    0.10385    0.11037    0.11529    0.11766    0.12571    0.13508    0.14077
   0.14710    0.15419    0.16422    0.18106    0.18684    0.20122    0.20333    0.20957
   0.21464    0.21991    0.22439    0.23055    0.24432    0.24987    0.25743    0.26115
   0.45140    0.46561
 kpt#  83, nband= 50, wtk=  0.00926, kpt=  0.3333 -0.3333  0.3333 (reduced coord)
  -1.94262   -1.94219   -1.94209   -1.94156   -0.80496   -0.80396   -0.80333   -0.80122
  -0.79390   -0.79280   -0.79143   -0.79037   -0.79008   -0.78952   -0.78874   -0.78822
  -0.36566   -0.35119   -0.34876   -0.34573   -0.32013   -0.31775   -0.31527   -0.30965
   0.09735    0.10798    0.11408    0.11714    0.11892    0.12551    0.13360    0.14240
   0.14941    0.15872    0.16533    0.18188    0.18721    0.19706    0.20471    0.20886
   0.21476    0.22013    0.22245    0.23089    0.23654    0.24786    0.25119    0.26145
   0.44415    0.45742
 kpt#  84, nband= 50, wtk=  0.00926, kpt=  0.5000 -0.3333  0.3333 (reduced coord)
  -1.94261   -1.94217   -1.94211   -1.94157   -0.80530   -0.80465   -0.80311   -0.80298
  -0.79290   -0.79250   -0.79044   -0.79032   -0.78963   -0.78920   -0.78894   -0.78846
  -0.36369   -0.35235   -0.35041   -0.34927   -0.31900   -0.31579   -0.31452   -0.30914
   0.10053    0.10659    0.11592    0.11794    0.11883    0.12729    0.13252    0.13966
   0.15512    0.16341    0.16679    0.17684    0.19306    0.19366    0.20143    0.20919
   0.21598    0.21810    0.22061    0.22878    0.23488    0.24864    0.24875    0.26094
   0.44225    0.44847
 kpt#  85, nband= 50, wtk=  0.00926, kpt= -0.3333 -0.3333  0.3333 (reduced coord)
  -1.94262   -1.94219   -1.94209   -1.94156   -0.80511   -0.80392   -0.80322   -0.80124
  -0.79389   -0.79290   -0.79127   -0.79038   -0.79011   -0.78962   -0.78870   -0.78818
  -0.36572   -0.35113   -0.34874   -0.34585   -0.32015   -0.31782   -0.31533   -0.30938
   0.09734    0.10798    0.11382    0.11718    0.11886    0.12525    0.13423    0.14208
   0.14979    0.15921    0.16528    0.18192    0.18650    0.19748    0.20390    0.20915
   0.21498    0.21980    0.22246    0.23064    0.23695    0.24800    0.25131    0.26130
   0.44298    0.45761
 kpt#  86, nband= 50, wtk=  0.00926, kpt= -0.1667 -0.3333  0.3333 (reduced coord)
  -1.94264   -1.94221   -1.94206   -1.94156   -0.80395   -0.80254   -0.80197   -0.79903
  -0.79610   -0.79403   -0.79268   -0.79096   -0.79044   -0.79012   -0.78866   -0.78831
  -0.36811   -0.34816   -0.34546   -0.34054   -0.32195   -0.32076   -0.31775   -0.31135
   0.09641    0.10356    0.11039    0.11527    0.11783    0.12550    0.13553    0.14090
   0.14728    0.15406    0.16401    0.18079    0.18691    0.20199    0.20335    0.20989
   0.21373    0.21955    0.22438    0.23051    0.24475    0.24981    0.25731    0.26123
   0.45032    0.46564
 kpt#  87, nband= 50, wtk=  0.00926, kpt=  0.0000 -0.1667  0.3333 (reduced coord)
  -1.94270   -1.94226   -1.94198   -1.94152   -0.80373   -0.80210   -0.80173   -0.79860
  -0.79539   -0.79465   -0.79239   -0.79223   -0.79079   -0.79050   -0.78850   -0.78794
  -0.37821   -0.34789   -0.33838   -0.33494   -0.32286   -0.32175   -0.31654   -0.31253
   0.08666    0.08886    0.09939    0.11218    0.11467    0.12689    0.12928    0.13986
   0.14346    0.16289    0.17956    0.18039    0.18580    0.19715    0.20158    0.21537
   0.22066    0.22829    0.23238    0.24317    0.24936    0.25413    0.25904    0.26150
   0.46108    0.46694
 kpt#  88, nband= 50, wtk=  0.00926, kpt=  0.1667 -0.1667  0.3333 (reduced coord)
  -1.94269   -1.94225   -1.94200   -1.94153   -0.80396   -0.80222   -0.80191   -0.79761
  -0.79614   -0.79520   -0.79232   -0.79186   -0.79070   -0.79030   -0.78825   -0.78814
  -0.37589   -0.34864   -0.33920   -0.33531   -0.32359   -0.32105   -0.31823   -0.31143
   0.08615    0.09516    0.10036    0.10880    0.11702    0.12558    0.13594    0.14279
   0.14518    0.15945    0.16994    0.17817    0.19145    0.20046    0.20559    0.21211
   0.21805    0.22360    0.23304    0.24260    0.24588    0.25076    0.25894    0.26272
   0.45698    0.46648
 kpt#  89, nband= 50, wtk=  0.00926, kpt=  0.3333 -0.1667  0.3333 (reduced coord)
  -1.94266   -1.94222   -1.94205   -1.94154   -0.80405   -0.80295   -0.80153   -0.79841
  -0.79614   -0.79541   -0.79168   -0.79123   -0.79047   -0.78986   -0.78892   -0.78813
  -0.37007   -0.34981   -0.34133   -0.33886   -0.32491   -0.31980   -0.31784   -0.31114
   0.08858    0.09924    0.10607    0.11304    0.11750    0.12547    0.14087    0.14273
   0.15154    0.15632    0.16412    0.17924    0.18983    0.19684    0.20178    0.21289
   0.21857    0.22291    0.22896    0.23864    0.24206    0.25000    0.25274    0.26522
   0.44996    0.45807
 kpt#  90, nband= 50, wtk=  0.00926, kpt=  0.5000 -0.1667  0.3333 (reduced coord)
  -1.94265   -1.94220   -1.94208   -1.94154   -0.80376   -0.80350   -0.80057   -0.80033
  -0.79598   -0.79498   -0.79123   -0.79081   -0.79012   -0.78980   -0.78911   -0.78864
  -0.36590   -0.35052   -0.34375   -0.34123   -0.32486   -0.31907   -0.31733   -0.31131
   0.09329    0.09606    0.10821    0.11697    0.11804    0.12753    0.14114    0.14682
   0.14991    0.16132    0.16211    0.17326    0.18750    0.18845    0.20887    0.21201
   0.22022    0.22193    0.23165    0.23346    0.23813    0.24730    0.25358    0.26526
   0.44720    0.45194
 kpt#  91, nband= 50, wtk=  0.00926, kpt= -0.3333 -0.1667  0.3333 (reduced coord)
  -1.94266   -1.94222   -1.94205   -1.94154   -0.80418   -0.80290   -0.80142   -0.79845
  -0.79621   -0.79528   -0.79178   -0.79124   -0.79037   -0.78992   -0.78888   -0.78811
  -0.37012   -0.34985   -0.34098   -0.33921   -0.32498   -0.32006   -0.31773   -0.31084
   0.08867    0.09925    0.10581    0.11264    0.11741    0.12571    0.14108    0.14336
   0.15183    0.15620    0.16434    0.17841    0.18957    0.19710    0.20150    0.21284
   0.21887    0.22328    0.22921    0.23752    0.24240    0.24996    0.25309    0.26508
   0.44861    0.45887
 kpt#  92, nband= 50, wtk=  0.00926, kpt= -0.1667 -0.1667  0.3333 (reduced coord)
  -1.94269   -1.94225   -1.94200   -1.94153   -0.80408   -0.80226   -0.80174   -0.79767
  -0.79614   -0.79510   -0.79239   -0.79188   -0.79067   -0.79033   -0.78825   -0.78810
  -0.37593   -0.34864   -0.33895   -0.33565   -0.32373   -0.32104   -0.31825   -0.31114
   0.08625    0.09497    0.10050    0.10827    0.11706    0.12580    0.13648    0.14315
   0.14488    0.15941    0.16984    0.17770    0.19170    0.20069    0.20607    0.21212
   0.21709    0.22401    0.23288    0.24203    0.24611    0.25102    0.25902    0.26268
   0.45560    0.46721
 kpt#  93, nband= 50, wtk=  0.00463, kpt=  0.0000  0.0000  0.5000 (reduced coord)
  -1.94267   -1.94233   -1.94196   -1.94151   -0.80096   -0.80078   -0.80035   -0.80016
  -0.79684   -0.79663   -0.79302   -0.79279   -0.78955   -0.78939   -0.78924   -0.78909
  -0.36471   -0.36413   -0.33413   -0.33330   -0.32170   -0.32157   -0.31734   -0.31688
   0.09335    0.09387    0.10456    0.10477    0.12529    0.12598    0.12982    0.13130
   0.14852    0.14915    0.17713    0.17804    0.18840    0.18951    0.20952    0.21115
   0.21864    0.22003    0.24322    0.24383    0.25199    0.25243    0.25972    0.26065
   0.46687    0.46938
 kpt#  94, nband= 50, wtk=  0.00926, kpt=  0.1667  0.0000  0.5000 (reduced coord)
  -1.94266   -1.94231   -1.94198   -1.94152   -0.80150   -0.80144   -0.79955   -0.79948
  -0.79745   -0.79731   -0.79232   -0.79218   -0.78995   -0.78971   -0.78906   -0.78890
  -0.36344   -0.36285   -0.33452   -0.33375   -0.32335   -0.32322   -0.31663   -0.31623
   0.09257    0.09309    0.10675    0.10696    0.12573    0.12650    0.13342    0.13446
   0.15316    0.15328    0.17355    0.17424    0.18588    0.18704    0.20829    0.20942
   0.22049    0.22091    0.23902    0.23921    0.25204    0.25295    0.25875    0.25910
   0.46117    0.46251
 kpt#  95, nband= 50, wtk=  0.00926, kpt=  0.3333  0.0000  0.5000 (reduced coord)
  -1.94265   -1.94226   -1.94203   -1.94153   -0.80213   -0.80209   -0.79879   -0.79870
  -0.79810   -0.79799   -0.79158   -0.79132   -0.79060   -0.79051   -0.78869   -0.78854
  -0.36052   -0.35992   -0.33583   -0.33526   -0.32576   -0.32546   -0.31603   -0.31564
   0.09357    0.09422    0.10926    0.10947    0.12330    0.12414    0.14494    0.14561
   0.16077    0.16170    0.16803    0.16910    0.18312    0.18422    0.19978    0.20054
   0.22268    0.22304    0.23268    0.23318    0.24879    0.24970    0.25883    0.25907
   0.45319    0.45410
 kpt#  96, nband= 50, wtk=  0.00463, kpt=  0.5000  0.0000  0.5000 (reduced coord)
  -1.94264   -1.94222   -1.94207   -1.94154   -0.80235   -0.80233   -0.79921   -0.79910
  -0.79751   -0.79730   -0.79216   -0.79173   -0.79024   -0.79013   -0.78861   -0.78846
  -0.35880   -0.35819   -0.33692   -0.33647   -0.32668   -0.32624   -0.31591   -0.31550
   0.09535    0.09617    0.10965    0.11004    0.12099    0.12194    0.15296    0.15400
   0.16193    0.16228    0.16895    0.16957    0.18398    0.18557    0.19160    0.19172
   0.21845    0.21891    0.23476    0.23567    0.24637    0.24680    0.25822    0.25855
   0.44953    0.45038
 kpt#  97, nband= 50, wtk=  0.00926, kpt=  0.0000  0.1667  0.5000 (reduced coord)
  -1.94265   -1.94230   -1.94198   -1.94153   -0.80137   -0.80105   -0.80021   -0.79990
  -0.79693   -0.79678   -0.79247   -0.79234   -0.79022   -0.79002   -0.78893   -0.78868
  -0.36270   -0.36209   -0.33610   -0.33522   -0.32150   -0.32137   -0.31789   -0.31737
   0.09803    0.09881    0.10671    0.10695    0.12482    0.12558    0.13239    0.13316
   0.14728    0.14787    0.17593    0.17648    0.19173    0.19237    0.20098    0.20297
   0.22293    0.22307    0.23870    0.23940    0.24959    0.25037    0.25718    0.25758
   0.46521    0.46711
 kpt#  98, nband= 50, wtk=  0.00926, kpt=  0.1667  0.1667  0.5000 (reduced coord)
  -1.94265   -1.94229   -1.94200   -1.94153   -0.80272   -0.80223   -0.79972   -0.79927
  -0.79690   -0.79666   -0.79212   -0.79176   -0.79019   -0.78958   -0.78900   -0.78872
  -0.36208   -0.36153   -0.33765   -0.33639   -0.32393   -0.32114   -0.31690   -0.31468
   0.09647    0.09787    0.10873    0.10952    0.12425    0.12720    0.13453    0.13748
   0.14979    0.15267    0.16789    0.17419    0.18889    0.19217    0.20536    0.20800
   0.21904    0.22276    0.23561    0.23941    0.24224    0.24927    0.25489    0.26071
   0.45574    0.46725
 kpt#  99, nband= 50, wtk=  0.00926, kpt=  0.3333  0.1667  0.5000 (reduced coord)
  -1.94264   -1.94224   -1.94204   -1.94154   -0.80373   -0.80335   -0.80089   -0.80025
  -0.79562   -0.79545   -0.79147   -0.79071   -0.79015   -0.78991   -0.78873   -0.78857
  -0.36059   -0.35990   -0.34113   -0.34018   -0.32292   -0.32155   -0.31472   -0.31344
   0.09620    0.10069    0.10823    0.11387    0.12318    0.12514    0.13976    0.14855
   0.15626    0.15708    0.16422    0.17676    0.18527    0.18769    0.19938    0.20940
   0.22121    0.22223    0.22730    0.23489    0.23936    0.24616    0.25598    0.25796
   0.44779    0.45561
 kpt# 100, nband= 50, wtk=  0.00926, kpt=  0.5000  0.1667  0.5000 (reduced coord)
  -1.94263   -1.94221   -1.94208   -1.94155   -0.80399   -0.80368   -0.80144   -0.80113
  -0.79486   -0.79473   -0.79119   -0.79071   -0.79006   -0.78983   -0.78868   -0.78850
  -0.35950   -0.35883   -0.34310   -0.34256   -0.32160   -0.32121   -0.31414   -0.31356
   0.09963    0.10032    0.11133    0.11151    0.12200    0.12302    0.14511    0.14636
   0.16440    0.16557    0.16645    0.16802    0.18700    0.18756    0.20003    0.20074
   0.21871    0.21970    0.22983    0.23072    0.24119    0.24237    0.25662    0.25688
   0.44676    0.44784
 kpt# 101, nband= 50, wtk=  0.00926, kpt= -0.3333  0.1667  0.5000 (reduced coord)
  -1.94264   -1.94224   -1.94205   -1.94154   -0.80366   -0.80334   -0.80103   -0.80017
  -0.79565   -0.79547   -0.79124   -0.79072   -0.79017   -0.79004   -0.78881   -0.78853
  -0.36113   -0.35924   -0.34169   -0.33968   -0.32244   -0.32163   -0.31466   -0.31396
   0.09570    0.10136    0.10831    0.11416    0.12350    0.12452    0.13900    0.14853
   0.15614    0.15737    0.16403    0.17741    0.18550    0.18755    0.19967    0.20847
   0.22147    0.22268    0.22733    0.23430    0.24002    0.24548    0.25607    0.25825
   0.44896    0.45474
 kpt# 102, nband= 50, wtk=  0.00926, kpt= -0.1667  0.1667  0.5000 (reduced coord)
  -1.94265   -1.94229   -1.94200   -1.94153   -0.80261   -0.80224   -0.79988   -0.79921
  -0.79695   -0.79662   -0.79211   -0.79165   -0.79018   -0.78966   -0.78899   -0.78877
  -0.36263   -0.36089   -0.33836   -0.33568   -0.32366   -0.32098   -0.31690   -0.31522
   0.09605    0.09825    0.10897    0.10985    0.12401    0.12653    0.13444    0.13806
   0.14977    0.15208    0.16821    0.17451    0.18994    0.19092    0.20458    0.20792
   0.21991    0.22327    0.23522    0.24010    0.24198    0.24858    0.25510    0.26075
   0.45708    0.46597
 kpt# 103, nband= 50, wtk=  0.00926, kpt=  0.0000  0.3333  0.5000 (reduced coord)
  -1.94261   -1.94224   -1.94205   -1.94156   -0.80167   -0.80140   -0.80047   -0.80020
  -0.79631   -0.79618   -0.79250   -0.79237   -0.79045   -0.79023   -0.78878   -0.78853
  -0.35714   -0.35646   -0.34167   -0.34079   -0.32092   -0.32075   -0.31893   -0.31847
   0.10609    0.10671    0.11385    0.11440    0.12568    0.12595    0.13633    0.13687
   0.14787    0.14854    0.17246    0.17364    0.18138    0.18410    0.20307    0.20409
   0.22137    0.22253    0.22748    0.22918    0.24450    0.24487    0.25543    0.25580
   0.46337    0.46457
 kpt# 104, nband= 50, wtk=  0.00926, kpt=  0.1667  0.3333  0.5000 (reduced coord)
  -1.94261   -1.94223   -1.94206   -1.94157   -0.80353   -0.80286   -0.80151   -0.80072
  -0.79512   -0.79451   -0.79192   -0.79114   -0.79019   -0.79002   -0.78880   -0.78854
  -0.35826   -0.35732   -0.34408   -0.34370   -0.32061   -0.31972   -0.31661   -0.31458
   0.10457    0.10750    0.11377    0.11649    0.12361    0.12856    0.13723    0.13863
   0.14870    0.15256    0.16714    0.16805    0.19027    0.19325    0.20284    0.20661
   0.21689    0.22057    0.22390    0.22590    0.24224    0.24633    0.25059    0.25938
   0.45229    0.46913
 kpt# 105, nband= 50, wtk=  0.00926, kpt=  0.3333  0.3333  0.5000 (reduced coord)
  -1.94261   -1.94220   -1.94209   -1.94157   -0.80517   -0.80468   -0.80340   -0.80273
  -0.79269   -0.79237   -0.79074   -0.79022   -0.78982   -0.78941   -0.78876   -0.78845
  -0.35965   -0.35877   -0.34902   -0.34864   -0.31718   -0.31703   -0.31272   -0.31150
   0.10533    0.10768    0.11648    0.11973    0.12161    0.12766    0.13308    0.13622
   0.15852    0.16037    0.16936    0.17217    0.18956    0.19245    0.20440    0.20730
   0.21383    0.22016    0.22272    0.22407    0.23612    0.24333    0.25210    0.25452
   0.44298    0.45589
 kpt# 106, nband= 50, wtk=  0.00926, kpt=  0.5000  0.3333  0.5000 (reduced coord)
  -1.94260   -1.94218   -1.94211   -1.94157   -0.80567   -0.80531   -0.80415   -0.80381
  -0.79165   -0.79158   -0.79026   -0.78979   -0.78955   -0.78932   -0.78869   -0.78841
  -0.35992   -0.35922   -0.35160   -0.35097   -0.31533   -0.31495   -0.31143   -0.31089
   0.10774    0.10809    0.11797    0.11835    0.12333    0.12495    0.13257    0.13395
   0.16419    0.16494    0.17234    0.17327    0.19057    0.19130    0.20083    0.20188
   0.21915    0.21977    0.22518    0.22584    0.23415    0.23527    0.25289    0.25327
   0.44328    0.44417
 kpt# 107, nband= 50, wtk=  0.00926, kpt= -0.3333  0.3333  0.5000 (reduced coord)
  -1.94261   -1.94220   -1.94209   -1.94157   -0.80504   -0.80471   -0.80357   -0.80264
  -0.79271   -0.79231   -0.79063   -0.79021   -0.78988   -0.78950   -0.78874   -0.78848
  -0.36018   -0.35809   -0.34936   -0.34837   -0.31714   -0.31660   -0.31272   -0.31206
   0.10499    0.10798    0.11680    0.12017    0.12186    0.12667    0.13284    0.13631
   0.15815    0.16040    0.16990    0.17230    0.18907    0.19252    0.20450    0.20719
   0.21347    0.22045    0.22331    0.22464    0.23515    0.24343    0.25252    0.25420
   0.44386    0.45549
 kpt# 108, nband= 50, wtk=  0.00926, kpt= -0.1667  0.3333  0.5000 (reduced coord)
  -1.94261   -1.94223   -1.94206   -1.94157   -0.80336   -0.80291   -0.80171   -0.80064
  -0.79508   -0.79450   -0.79191   -0.79110   -0.79026   -0.79005   -0.78879   -0.78856
  -0.35882   -0.35664   -0.34449   -0.34330   -0.32026   -0.31962   -0.31668   -0.31508
   0.10470    0.10720    0.11407    0.11682    0.12344    0.12814    0.13731    0.13878
   0.14867    0.15195    0.16746    0.16851    0.19006    0.19262    0.20236    0.20688
   0.21716    0.22083    0.22456    0.22647    0.24128    0.24617    0.25087    0.25928
   0.45318    0.46825
 kpt# 109, nband= 50, wtk=  0.00463, kpt=  0.0000  0.5000  0.5000 (reduced coord)
  -1.94259   -1.94215   -1.94214   -1.94158   -0.80143   -0.80135   -0.80098   -0.80095
  -0.79479   -0.79457   -0.79428   -0.79391   -0.78954   -0.78931   -0.78916   -0.78894
  -0.34963   -0.34926   -0.34884   -0.34844   -0.32029   -0.32004   -0.31967   -0.31944
   0.11189    0.11207    0.11278    0.11298    0.13420    0.13465    0.13525    0.13568
   0.15563    0.15625    0.15799    0.15853    0.18995    0.19075    0.19144    0.19218
   0.22201    0.22223    0.22407    0.22424    0.24831    0.24904    0.24931    0.25002
   0.46615    0.46847
 kpt# 110, nband= 50, wtk=  0.00926, kpt=  0.1667  0.5000  0.5000 (reduced coord)
  -1.94259   -1.94215   -1.94214   -1.94158   -0.80320   -0.80294   -0.80242   -0.80213
  -0.79342   -0.79323   -0.79244   -0.79222   -0.78952   -0.78929   -0.78913   -0.78892
  -0.35234   -0.35160   -0.35132   -0.35058   -0.31794   -0.31780   -0.31707   -0.31655
   0.11124    0.11160    0.11491    0.11522    0.13207    0.13246    0.13410    0.13425
   0.15799    0.15870    0.16082    0.16111    0.19349    0.19368    0.19560    0.19649
   0.21797    0.21825    0.22019    0.22072    0.24570    0.24665    0.25228    0.25299
   0.45718    0.45809
 kpt# 111, nband= 50, wtk=  0.00926, kpt=  0.3333  0.5000  0.5000 (reduced coord)
  -1.94259   -1.94215   -1.94214   -1.94158   -0.80516   -0.80497   -0.80454   -0.80436
  -0.79113   -0.79105   -0.79038   -0.79027   -0.78935   -0.78919   -0.78903   -0.78881
  -0.35626   -0.35556   -0.35540   -0.35470   -0.31377   -0.31345   -0.31298   -0.31244
   0.11375    0.11402    0.11583    0.11611    0.12785    0.12831    0.13092    0.13166
   0.16418    0.16532    0.16830    0.16910    0.19285    0.19351    0.19651    0.19717
   0.21601    0.21669    0.21977    0.22062    0.24409    0.24500    0.24922    0.24996
   0.44800    0.44867
 kpt# 112, nband= 50, wtk=  0.00463, kpt=  0.5000  0.5000  0.5000 (reduced coord)
  -1.94259   -1.94215   -1.94214   -1.94158   -0.80585   -0.80572   -0.80544   -0.80535
  -0.79026   -0.79015   -0.78990   -0.78971   -0.78913   -0.78899   -0.78883   -0.78860
  -0.35778   -0.35737   -0.35709   -0.35667   -0.31178   -0.31160   -0.31112   -0.31089
   0.11557    0.11572    0.11604    0.11615    0.12667    0.12725    0.12900    0.12948
   0.16772    0.16865    0.17118    0.17205    0.19230    0.19296    0.19422    0.19492
   0.21868    0.21884    0.22033    0.22052    0.24422    0.24476    0.24534    0.24583
   0.44765    0.44823
