 Fermi (or HOMO) energy (hartree) =   0.28502   Average Vxc (hartree)=  -0.44630
 Eigenvalues (hartree) for nkpt= 112  k points:
 kpt#   1, nband= 50, wtk=  0.00463, kpt=  0.0000  0.0000  0.0000 (reduced coord)
  -1.94419   -1.94302   -1.94266   -1.94169   -0.80729   -0.80697   -0.80642   -0.79622
  -0.79436   -0.79398   -0.79386   -0.79344   -0.79207   -0.78842   -0.78831   -0.78783
  -0.39806   -0.34689   -0.34255   -0.33709   -0.31713   -0.31070   -0.30853   -0.30697
   0.06664    0.06880    0.07580    0.09904    0.10722    0.10988    0.15799    0.15881
   0.15938    0.16351    0.17470    0.18228    0.19798    0.20240    0.20959    0.21450
   0.22726    0.22865    0.22988    0.23538    0.25022    0.26491    0.28389    0.28502
   0.45658    0.46363
 kpt#   2, nband= 50, wtk=  0.00926, kpt=  0.1667  0.0000  0.0000 (reduced coord)
  -1.94417   -1.94301   -1.94268   -1.94170   -0.80653   -0.80602   -0.80563   -0.79619
  -0.79529   -0.79456   -0.79359   -0.79328   -0.79213   -0.78962   -0.78861   -0.78819
  -0.39368   -0.34585   -0.34160   -0.33614   -0.31780   -0.31650   -0.30914   -0.30774
   0.07067    0.07533    0.07586    0.10111    0.10169    0.12525    0.14709    0.15027
   0.15490    0.16425    0.17312    0.17913    0.19067    0.20593    0.20975    0.22035
   0.22603    0.23024    0.23378    0.24191    0.24856    0.25436    0.28252    0.28353
   0.45980    0.46862
 kpt#   3, nband= 50, wtk=  0.00926, kpt=  0.3333  0.0000  0.0000 (reduced coord)
  -1.94415   -1.94299   -1.94272   -1.94171   -0.80462   -0.80399   -0.80289   -0.79777
  -0.79648   -0.79552   -0.79400   -0.79327   -0.79229   -0.79142   -0.78934   -0.78903
  -0.38237   -0.34435   -0.33948   -0.33408   -0.32906   -0.31934   -0.31148   -0.30931
   0.07556    0.07874    0.09810    0.10363    0.10790    0.12322    0.13239    0.13674
   0.15933    0.16242    0.16567    0.17244    0.19351    0.20094    0.20510    0.21631
   0.22495    0.23235    0.24011    0.24261    0.24417    0.25736    0.27965    0.28183
   0.45488    0.45544
 kpt#   4, nband= 50, wtk=  0.00463, kpt=  0.5000  0.0000  0.0000 (reduced coord)
  -1.94413   -1.94297   -1.94274   -1.94171   -0.80298   -0.80252   -0.79965   -0.79947
  -0.79797   -0.79721   -0.79537   -0.79314   -0.79205   -0.79118   -0.78989   -0.78964
  -0.37355   -0.34658   -0.33827   -0.33524   -0.33292   -0.32028   -0.31294   -0.31015
   0.07946    0.08326    0.10500    0.10991    0.11221    0.12130    0.12629    0.12822
   0.15162    0.16595    0.16839    0.17809    0.18113    0.18701    0.20854    0.21899
   0.22322    0.23429    0.23719    0.24352    0.24724    0.26008    0.27715    0.28249
   0.44950    0.45125
 kpt#   5, nband= 50, wtk=  0.00926, kpt=  0.0000  0.1667  0.0000 (reduced coord)
  -1.94417   -1.94300   -1.94269   -1.94170   -0.80637   -0.80613   -0.80581   -0.79703
  -0.79471   -0.79434   -0.79384   -0.79324   -0.79171   -0.78921   -0.78870   -0.78851
  -0.39368   -0.34574   -0.34327   -0.33715   -0.32014   -0.31212   -0.30878   -0.30759
   0.07181    0.07321    0.07764    0.09993    0.11185    0.11827    0.14812    0.15553
   0.15875    0.16158    0.16744    0.18371    0.19221    0.20243    0.20965    0.21787
   0.22078    0.22965    0.23140    0.23908    0.24264    0.26253    0.28230    0.28306
   0.45356    0.46536
 kpt#   6, nband= 50, wtk=  0.00926, kpt=  0.1667  0.1667  0.0000 (reduced coord)
  -1.94416   -1.94300   -1.94270   -1.94170   -0.80578   -0.80550   -0.80498   -0.79714
  -0.79548   -0.79448   -0.79373   -0.79327   -0.79177   -0.79045   -0.78897   -0.78843
  -0.38967   -0.34474   -0.34275   -0.33628   -0.32061   -0.31761   -0.30922   -0.30813
   0.07272    0.08031    0.08101    0.10169    0.10601    0.12965    0.14258    0.14848
   0.15676    0.15873    0.17085    0.18118    0.18520    0.20422    0.21026    0.21501
   0.22455    0.23098    0.23263    0.24165    0.24612    0.25129    0.28127    0.28160
   0.45293    0.46737
 kpt#   7, nband= 50, wtk=  0.00926, kpt=  0.3333  0.1667  0.0000 (reduced coord)
  -1.94413   -1.94298   -1.94274   -1.94172   -0.80444   -0.80348   -0.80278   -0.79867
  -0.79628   -0.79512   -0.79502   -0.79341   -0.79184   -0.79103   -0.78975   -0.78896
  -0.37935   -0.34327   -0.34164   -0.33440   -0.32918   -0.32145   -0.31137   -0.30932
   0.07733    0.08437    0.10095    0.10648    0.10817    0.12547    0.13220    0.13662
   0.15913    0.16043    0.16917    0.17413    0.18974    0.19882    0.20461    0.21242
   0.22310    0.23034    0.23620    0.23870    0.24746    0.25085    0.27766    0.28101
   0.44953    0.45824
 kpt#   8, nband= 50, wtk=  0.00926, kpt=  0.5000  0.1667  0.0000 (reduced coord)
  -1.94412   -1.94296   -1.94275   -1.94172   -0.80328   -0.80191   -0.80020   -0.80002
  -0.79822   -0.79748   -0.79453   -0.79331   -0.79179   -0.79060   -0.79022   -0.78958
  -0.37138   -0.34516   -0.34105   -0.33497   -0.33327   -0.32185   -0.31274   -0.31003
   0.08398    0.08499    0.10818    0.10968    0.11255    0.12370    0.12442    0.13368
   0.15520    0.16334    0.17114    0.17424    0.18393    0.18515    0.20827    0.21732
   0.22064    0.23086    0.23183    0.23995    0.24825    0.25324    0.27527    0.28148
   0.44954    0.45388
 kpt#   9, nband= 50, wtk=  0.00926, kpt= -0.3333  0.1667  0.0000 (reduced coord)
  -1.94413   -1.94298   -1.94274   -1.94172   -0.80431   -0.80338   -0.80285   -0.79888
  -0.79627   -0.79513   -0.79494   -0.79321   -0.79200   -0.79139   -0.78974   -0.78867
  -0.37928   -0.34329   -0.34176   -0.33419   -0.32921   -0.32147   -0.31139   -0.30939
   0.07695    0.08511    0.10104    0.10705    0.10802    0.12471    0.13219    0.13583
   0.15876    0.16066    0.16879    0.17443    0.18992    0.19937    0.20506    0.21249
   0.22330    0.23050    0.23640    0.23892    0.24734    0.24976    0.27774    0.28096
   0.45205    0.45859
 kpt#  10, nband= 50, wtk=  0.00926, kpt= -0.1667  0.1667  0.0000 (reduced coord)
  -1.94416   -1.94300   -1.94270   -1.94170   -0.80570   -0.80532   -0.80515   -0.79736
  -0.79545   -0.79434   -0.79361   -0.79326   -0.79176   -0.79097   -0.78899   -0.78810
  -0.38963   -0.34477   -0.34287   -0.33609   -0.32061   -0.31758   -0.30929   -0.30820
   0.07234    0.08039    0.08164    0.10157    0.10659    0.12884    0.14235    0.14778
   0.15663    0.15853    0.17129    0.18158    0.18504    0.20447    0.21047    0.21555
   0.22396    0.23168    0.23321    0.24243    0.24588    0.24955    0.28125    0.28164
   0.45455    0.46780
 kpt#  11, nband= 50, wtk=  0.00926, kpt=  0.0000  0.3333  0.0000 (reduced coord)
  -1.94413   -1.94295   -1.94276   -1.94172   -0.80432   -0.80408   -0.80358   -0.79916
  -0.79649   -0.79405   -0.79391   -0.79336   -0.79149   -0.79116   -0.78957   -0.78928
  -0.38158   -0.34992   -0.34288   -0.33776   -0.32326   -0.31588   -0.30949   -0.30876
   0.07420    0.08559    0.09956    0.10223    0.11796    0.13403    0.13749    0.14111
   0.14120    0.16251    0.16868    0.17683    0.18823    0.19586    0.20554    0.20662
   0.21135    0.22292    0.23628    0.24009    0.25251    0.26166    0.27913    0.27993
   0.44671    0.45845
 kpt#  12, nband= 50, wtk=  0.00926, kpt=  0.1667  0.3333  0.0000 (reduced coord)
  -1.94413   -1.94295   -1.94277   -1.94172   -0.80427   -0.80372   -0.80310   -0.79894
  -0.79705   -0.79540   -0.79333   -0.79317   -0.79175   -0.79100   -0.78987   -0.78908
  -0.37859   -0.34949   -0.34196   -0.33699   -0.32410   -0.32025   -0.30973   -0.30892
   0.07602    0.09277    0.10017    0.10275    0.11433    0.13068    0.13810    0.14345
   0.14488    0.16294    0.17057    0.17862    0.18713    0.18778    0.19815    0.21118
   0.21374    0.22810    0.23367    0.23929    0.25218    0.25309    0.27827    0.27930
   0.44429    0.45660
 kpt#  13, nband= 50, wtk=  0.00926, kpt=  0.3333  0.3333  0.0000 (reduced coord)
  -1.94411   -1.94294   -1.94278   -1.94174   -0.80376   -0.80313   -0.80129   -0.79996
  -0.79787   -0.79614   -0.79480   -0.79272   -0.79136   -0.79084   -0.79018   -0.78903
  -0.37098   -0.34857   -0.34053   -0.33548   -0.32922   -0.32541   -0.31117   -0.30963
   0.08251    0.09948    0.10234    0.11157    0.11514    0.12382    0.13260    0.14321
   0.14729    0.16313    0.17281    0.17856    0.18614    0.19141    0.19715    0.20570
   0.21901    0.22185    0.23418    0.23721    0.24171    0.24864    0.27512    0.27861
   0.44174    0.45464
 kpt#  14, nband= 50, wtk=  0.00926, kpt=  0.5000  0.3333  0.0000 (reduced coord)
  -1.94410   -1.94293   -1.94278   -1.94174   -0.80353   -0.80161   -0.80082   -0.80050
  -0.79929   -0.79626   -0.79503   -0.79315   -0.79147   -0.79030   -0.78999   -0.78933
  -0.36538   -0.34809   -0.34146   -0.33498   -0.33332   -0.32593   -0.31217   -0.31012
   0.08891    0.09689    0.10522    0.11617    0.11839    0.12114    0.12831    0.14504
   0.15211    0.16316    0.16352    0.17635    0.18300    0.19439    0.20556    0.20992
   0.21479    0.22619    0.22737    0.22888    0.24171    0.24638    0.27308    0.27812
   0.44545    0.44881
 kpt#  15, nband= 50, wtk=  0.00926, kpt= -0.3333  0.3333  0.0000 (reduced coord)
  -1.94411   -1.94294   -1.94278   -1.94174   -0.80355   -0.80307   -0.80130   -0.80028
  -0.79779   -0.79613   -0.79483   -0.79262   -0.79137   -0.79110   -0.79037   -0.78867
  -0.37086   -0.34867   -0.34058   -0.33534   -0.32928   -0.32538   -0.31119   -0.30969
   0.08267    0.09991    0.10212    0.11151    0.11597    0.12387    0.13141    0.14241
   0.14661    0.16268    0.17336    0.17834    0.18713    0.19142    0.19830    0.20671
   0.21881    0.22125    0.23450    0.23670    0.24111    0.24848    0.27522    0.27855
   0.44395    0.45455
 kpt#  16, nband= 50, wtk=  0.00926, kpt= -0.1667  0.3333  0.0000 (reduced coord)
  -1.94413   -1.94295   -1.94277   -1.94172   -0.80418   -0.80355   -0.80314   -0.79934
  -0.79693   -0.79512   -0.79328   -0.79321   -0.79225   -0.79096   -0.78999   -0.78873
  -0.37851   -0.34957   -0.34201   -0.33689   -0.32403   -0.32024   -0.30979   -0.30899
   0.07614    0.09265    0.10019    0.10314    0.11516    0.13026    0.13685    0.14275
   0.14440    0.16335    0.17011    0.17867    0.18730    0.18907    0.19908    0.21093
   0.21411    0.22761    0.23433    0.23862    0.25178    0.25291    0.27836    0.27926
   0.44582    0.45634
 kpt#  17, nband= 50, wtk=  0.00463, kpt=  0.0000  0.5000  0.0000 (reduced coord)
  -1.94412   -1.94289   -1.94283   -1.94172   -0.80225   -0.80210   -0.80194   -0.80148
  -0.79711   -0.79634   -0.79379   -0.79364   -0.79129   -0.79077   -0.79035   -0.78985
  -0.36535   -0.36479   -0.34007   -0.33940   -0.32084   -0.32033   -0.31010   -0.30915
   0.08238    0.08387    0.11360    0.11468    0.12618    0.12795    0.13605    0.13867
   0.13943    0.13967    0.17700    0.17812    0.18027    0.18037    0.20614    0.20987
   0.21083    0.21159    0.23864    0.24068    0.26025    0.26067    0.27768    0.27868
   0.44552    0.44809
 kpt#  18, nband= 50, wtk=  0.00926, kpt=  0.1667  0.5000  0.0000 (reduced coord)
  -1.94411   -1.94290   -1.94283   -1.94173   -0.80290   -0.80270   -0.80091   -0.80028
  -0.79822   -0.79763   -0.79293   -0.79279   -0.79180   -0.79107   -0.79021   -0.78958
  -0.36373   -0.36314   -0.33930   -0.33859   -0.32346   -0.32286   -0.31025   -0.30920
   0.08536    0.08688    0.11300    0.11370    0.12401    0.12644    0.13278    0.13457
   0.15084    0.15178    0.17259    0.17511    0.18149    0.18289    0.19861    0.20009
   0.21842    0.22079    0.23605    0.23768    0.25540    0.25575    0.27715    0.27802
   0.44407    0.44561
 kpt#  19, nband= 50, wtk=  0.00926, kpt=  0.3333  0.5000  0.0000 (reduced coord)
  -1.94410   -1.94291   -1.94281   -1.94175   -0.80322   -0.80292   -0.80015   -0.79977
  -0.79905   -0.79825   -0.79363   -0.79276   -0.79147   -0.79101   -0.78978   -0.78925
  -0.35982   -0.35917   -0.33795   -0.33715   -0.32865   -0.32779   -0.31107   -0.30989
   0.09205    0.09333    0.11066    0.11161    0.12584    0.12697    0.13329    0.13403
   0.15609    0.15735    0.17060    0.17310    0.18403    0.18548    0.20407    0.20557
   0.21228    0.21437    0.23478    0.23598    0.24383    0.24490    0.27503    0.27608
   0.44252    0.44406
 kpt#  20, nband= 50, wtk=  0.00463, kpt=  0.5000  0.5000  0.0000 (reduced coord)
  -1.94409   -1.94291   -1.94280   -1.94175   -0.80320   -0.80272   -0.80093   -0.80076
  -0.79782   -0.79709   -0.79484   -0.79386   -0.79083   -0.79048   -0.78968   -0.78919
  -0.35729   -0.35663   -0.33790   -0.33680   -0.33127   -0.32998   -0.31169   -0.31046
   0.09717    0.09783    0.10658    0.10786    0.13029    0.13202    0.13440    0.13531
   0.14874    0.15177    0.17126    0.17173    0.19342    0.19473    0.20445    0.20615
   0.21430    0.21579    0.22552    0.22580    0.24020    0.24143    0.27349    0.27497
   0.44719    0.44849
 kpt#  21, nband= 50, wtk=  0.00926, kpt=  0.0000  0.0000  0.1667 (reduced coord)
  -1.94417   -1.94303   -1.94266   -1.94170   -0.80653   -0.80615   -0.80544   -0.79645
  -0.79548   -0.79394   -0.79359   -0.79346   -0.79227   -0.78945   -0.78869   -0.78818
  -0.39352   -0.34664   -0.34110   -0.33646   -0.31730   -0.31498   -0.31232   -0.30667
   0.07059    0.07260    0.08547    0.09528    0.11215    0.11540    0.14424    0.15187
   0.16014    0.16736    0.17641    0.18518    0.19102    0.19960    0.20743    0.21315
   0.22030    0.23289    0.23388    0.23925    0.25153    0.26398    0.27247    0.27852
   0.45680    0.46378
 kpt#  22, nband= 50, wtk=  0.00926, kpt=  0.1667  0.0000  0.1667 (reduced coord)
  -1.94416   -1.94302   -1.94268   -1.94170   -0.80598   -0.80549   -0.80462   -0.79651
  -0.79623   -0.79420   -0.79376   -0.79323   -0.79223   -0.79077   -0.78873   -0.78827
  -0.38956   -0.34644   -0.34003   -0.33565   -0.31922   -0.31771   -0.31346   -0.30733
   0.07300    0.07801    0.08679    0.09666    0.10940    0.12592    0.14053    0.14972
   0.15701    0.16010    0.17418    0.18359    0.18613    0.19994    0.21122    0.21497
   0.22252    0.23029    0.23371    0.24360    0.25134    0.25448    0.27299    0.27767
   0.45763    0.46466
 kpt#  23, nband= 50, wtk=  0.00926, kpt=  0.3333  0.0000  0.1667 (reduced coord)
  -1.94414   -1.94299   -1.94272   -1.94171   -0.80463   -0.80353   -0.80261   -0.79819
  -0.79711   -0.79536   -0.79418   -0.79319   -0.79209   -0.79148   -0.78956   -0.78884
  -0.37945   -0.34583   -0.33851   -0.33460   -0.32970   -0.31846   -0.31451   -0.30909
   0.07763    0.08248    0.10169    0.10617    0.11062    0.12437    0.13258    0.14164
   0.15457    0.15823    0.16736    0.17638    0.19278    0.19529    0.20267    0.21708
   0.22323    0.22685    0.23799    0.24371    0.24558    0.25791    0.27000    0.27758
   0.45031    0.45292
 kpt#  24, nband= 50, wtk=  0.00926, kpt=  0.5000  0.0000  0.1667 (reduced coord)
  -1.94413   -1.94297   -1.94275   -1.94172   -0.80335   -0.80249   -0.80056   -0.79871
  -0.79842   -0.79796   -0.79403   -0.79300   -0.79186   -0.79109   -0.79020   -0.78946
  -0.37177   -0.34652   -0.33881   -0.33799   -0.33159   -0.31839   -0.31525   -0.31016
   0.08115    0.08503    0.10569    0.11303    0.11465    0.12640    0.13079    0.13174
   0.15074    0.16250    0.16659    0.17593    0.18170    0.18267    0.20969    0.21779
   0.22495    0.23006    0.23516    0.24361    0.24472    0.26053    0.26728    0.27786
   0.44496    0.44860
 kpt#  25, nband= 50, wtk=  0.00926, kpt= -0.3333  0.0000  0.1667 (reduced coord)
  -1.94414   -1.94299   -1.94272   -1.94171   -0.80464   -0.80351   -0.80266   -0.79819
  -0.79705   -0.79534   -0.79417   -0.79320   -0.79235   -0.79115   -0.78949   -0.78901
  -0.37946   -0.34582   -0.33852   -0.33458   -0.32970   -0.31845   -0.31454   -0.30908
   0.07768    0.08239    0.10167    0.10616    0.11061    0.12448    0.13260    0.14157
   0.15448    0.15835    0.16737    0.17637    0.19279    0.19525    0.20273    0.21702
   0.22317    0.22688    0.23802    0.24414    0.24520    0.25789    0.26998    0.27761
   0.44998    0.45306
 kpt#  26, nband= 50, wtk=  0.00926, kpt= -0.1667  0.0000  0.1667 (reduced coord)
  -1.94416   -1.94302   -1.94268   -1.94170   -0.80603   -0.80539   -0.80468   -0.79643
  -0.79626   -0.79422   -0.79380   -0.79319   -0.79232   -0.79058   -0.78861   -0.78849
  -0.38957   -0.34644   -0.34002   -0.33566   -0.31918   -0.31773   -0.31346   -0.30734
   0.07303    0.07799    0.08678    0.09663    0.10935    0.12598    0.14055    0.14973
   0.15705    0.16010    0.17416    0.18356    0.18621    0.19990    0.21119    0.21497
   0.22244    0.23032    0.23374    0.24375    0.25099    0.25468    0.27301    0.27769
   0.45727    0.46481
 kpt#  27, nband= 50, wtk=  0.00926, kpt=  0.0000  0.1667  0.1667 (reduced coord)
  -1.94416   -1.94301   -1.94269   -1.94171   -0.80576   -0.80536   -0.80500   -0.79750
  -0.79534   -0.79444   -0.79354   -0.79326   -0.79181   -0.79085   -0.78898   -0.78812
  -0.38949   -0.34600   -0.34207   -0.33668   -0.32002   -0.31490   -0.31335   -0.30696
   0.07497    0.08074    0.08273    0.10003    0.11375    0.12083    0.14480    0.14829
   0.15750    0.15978    0.17273    0.18626    0.18953    0.19604    0.21093    0.21629
   0.21777    0.22847    0.23038    0.24170    0.24355    0.26147    0.27246    0.27711
   0.45401    0.46627
 kpt#  28, nband= 50, wtk=  0.00926, kpt=  0.1667  0.1667  0.1667 (reduced coord)
  -1.94415   -1.94300   -1.94270   -1.94171   -0.80576   -0.80481   -0.80415   -0.79735
  -0.79611   -0.79464   -0.79384   -0.79305   -0.79180   -0.79156   -0.78879   -0.78840
  -0.38595   -0.34620   -0.34129   -0.33625   -0.32026   -0.31915   -0.31355   -0.30719
   0.07720    0.08338    0.08772    0.10116    0.11087    0.12814    0.14086    0.14687
   0.15565    0.15840    0.17035    0.17916    0.18827    0.20264    0.21058    0.21319
   0.22054    0.22748    0.23384    0.23971    0.24624    0.25226    0.27221    0.27697
   0.45168    0.46897
 kpt#  29, nband= 50, wtk=  0.00926, kpt=  0.3333  0.1667  0.1667 (reduced coord)
  -1.94413   -1.94298   -1.94274   -1.94172   -0.80498   -0.80333   -0.80281   -0.79822
  -0.79684   -0.79634   -0.79410   -0.79284   -0.79164   -0.79139   -0.78931   -0.78902
  -0.37689   -0.34599   -0.34107   -0.33687   -0.32766   -0.31957   -0.31381   -0.30864
   0.08110    0.08633    0.10338    0.10930    0.11123    0.12539    0.13495    0.14062
   0.15410    0.15898    0.16337    0.17795    0.19048    0.19760    0.20379    0.21593
   0.21960    0.22659    0.23569    0.23804    0.24390    0.25181    0.26923    0.27698
   0.44465    0.45534
 kpt#  30, nband= 50, wtk=  0.00926, kpt=  0.5000  0.1667  0.1667 (reduced coord)
  -1.94412   -1.94296   -1.94276   -1.94173   -0.80382   -0.80337   -0.80085   -0.79954
  -0.79798   -0.79735   -0.79365   -0.79270   -0.79138   -0.79082   -0.79019   -0.78945
  -0.37005   -0.34660   -0.34149   -0.34039   -0.32963   -0.31877   -0.31414   -0.30976
   0.08597    0.08654    0.10846    0.11194    0.11462    0.12837    0.13168    0.13633
   0.15264    0.15836    0.16796    0.17018    0.18382    0.18851    0.20879    0.21810
   0.22165    0.22780    0.23366    0.23721    0.24175    0.25468    0.26714    0.27681
   0.44279    0.44712
 kpt#  31, nband= 50, wtk=  0.00926, kpt= -0.3333  0.1667  0.1667 (reduced coord)
  -1.94413   -1.94298   -1.94274   -1.94172   -0.80464   -0.80359   -0.80292   -0.79785
  -0.79704   -0.79640   -0.79430   -0.79266   -0.79206   -0.79114   -0.78933   -0.78890
  -0.37683   -0.34609   -0.34095   -0.33690   -0.32759   -0.31959   -0.31381   -0.30875
   0.08076    0.08677    0.10371    0.10959    0.11142    0.12477    0.13470    0.13984
   0.15362    0.15943    0.16328    0.17833    0.19054    0.19788    0.20397    0.21610
   0.21984    0.22639    0.23541    0.23872    0.24393    0.25123    0.26904    0.27709
   0.44637    0.45435
 kpt#  32, nband= 50, wtk=  0.00926, kpt= -0.1667  0.1667  0.1667 (reduced coord)
  -1.94415   -1.94300   -1.94270   -1.94171   -0.80549   -0.80482   -0.80438   -0.79738
  -0.79587   -0.79461   -0.79418   -0.79290   -0.79227   -0.79124   -0.78882   -0.78829
  -0.38591   -0.34632   -0.34122   -0.33613   -0.32024   -0.31913   -0.31359   -0.30729
   0.07696    0.08346    0.08805    0.10155    0.11087    0.12770    0.14020    0.14655
   0.15547    0.15841    0.17095    0.17937    0.18825    0.20229    0.21104    0.21328
   0.22025    0.22764    0.23480    0.24018    0.24537    0.25187    0.27206    0.27710
   0.45293    0.46801
 kpt#  33, nband= 50, wtk=  0.00926, kpt=  0.0000  0.3333  0.1667 (reduced coord)
  -1.94412   -1.94296   -1.94276   -1.94172   -0.80400   -0.80365   -0.80309   -0.79968
  -0.79634   -0.79464   -0.79441   -0.79341   -0.79182   -0.79101   -0.78973   -0.78890
  -0.37830   -0.34869   -0.34375   -0.33801   -0.32284   -0.31644   -0.31376   -0.30872
   0.08200    0.08949    0.10318    0.10384    0.11823    0.12694    0.13792    0.14011
   0.14893    0.16072    0.16824    0.17784    0.18621    0.19568    0.20556    0.20665
   0.21526    0.22147    0.22712    0.23495    0.25163    0.26079    0.27163    0.27415
   0.44903    0.46121
 kpt#  34, nband= 50, wtk=  0.00926, kpt=  0.1667  0.3333  0.1667 (reduced coord)
  -1.94412   -1.94295   -1.94276   -1.94173   -0.80477   -0.80363   -0.80264   -0.79898
  -0.79681   -0.79621   -0.79372   -0.79272   -0.79181   -0.79097   -0.78937   -0.78913
  -0.37588   -0.34938   -0.34313   -0.33803   -0.32313   -0.32030   -0.31265   -0.30828
   0.08301    0.09462    0.10292    0.10688    0.11513    0.12800    0.13795    0.14355
   0.14831    0.15938    0.16588    0.18033    0.18500    0.19488    0.20177    0.20960
   0.21590    0.22243    0.22936    0.23255    0.24899    0.25467    0.27076    0.27418
   0.44544    0.45877
 kpt#  35, nband= 50, wtk=  0.00926, kpt=  0.3333  0.3333  0.1667 (reduced coord)
  -1.94411   -1.94294   -1.94278   -1.94174   -0.80493   -0.80358   -0.80287   -0.79966
  -0.79761   -0.79532   -0.79382   -0.79244   -0.79129   -0.79067   -0.78957   -0.78920
  -0.36967   -0.34961   -0.34404   -0.34003   -0.32545   -0.32168   -0.31203   -0.30882
   0.08731    0.09895    0.10796    0.11163    0.11670    0.12467    0.13817    0.14231
   0.14825    0.15838    0.16519    0.18338    0.18643    0.19570    0.20202    0.20450
   0.21549    0.21967    0.22963    0.23439    0.24063    0.24885    0.26818    0.27395
   0.43949    0.45557
 kpt#  36, nband= 50, wtk=  0.00926, kpt=  0.5000  0.3333  0.1667 (reduced coord)
  -1.94410   -1.94293   -1.94278   -1.94174   -0.80455   -0.80365   -0.80268   -0.80154
  -0.79679   -0.79505   -0.79357   -0.79270   -0.79103   -0.79014   -0.79000   -0.78933
  -0.36506   -0.34911   -0.34611   -0.34273   -0.32648   -0.32040   -0.31213   -0.30954
   0.09149    0.09870    0.10873    0.11544    0.11750    0.12430    0.13650    0.14464
   0.14827    0.16212    0.16303    0.17475    0.18814    0.19645    0.20220    0.21151
   0.21320    0.22101    0.22410    0.23067    0.23994    0.24717    0.26708    0.27367
   0.43942    0.44617
 kpt#  37, nband= 50, wtk=  0.00926, kpt= -0.3333  0.3333  0.1667 (reduced coord)
  -1.94410   -1.94294   -1.94278   -1.94174   -0.80457   -0.80369   -0.80319   -0.79953
  -0.79761   -0.79512   -0.79422   -0.79231   -0.79145   -0.79042   -0.79006   -0.78880
  -0.36957   -0.34978   -0.34383   -0.34010   -0.32544   -0.32168   -0.31199   -0.30893
   0.08739    0.09915    0.10763    0.11199    0.11722    0.12475    0.13724    0.14167
   0.14780    0.15796    0.16520    0.18393    0.18709    0.19583    0.20233    0.20545
   0.21521    0.21990    0.22933    0.23368    0.24063    0.24880    0.26802    0.27410
   0.44103    0.45413
 kpt#  38, nband= 50, wtk=  0.00926, kpt= -0.1667  0.3333  0.1667 (reduced coord)
  -1.94412   -1.94295   -1.94276   -1.94173   -0.80443   -0.80370   -0.80294   -0.79898
  -0.79663   -0.79614   -0.79399   -0.79263   -0.79222   -0.79068   -0.78957   -0.78886
  -0.37581   -0.34954   -0.34299   -0.33802   -0.32308   -0.32030   -0.31268   -0.30837
   0.08309    0.09465    0.10294    0.10707    0.11579    0.12767    0.13672    0.14330
   0.14769    0.15960    0.16638    0.18042    0.18512    0.19561    0.20186    0.20937
   0.21619    0.22345    0.22873    0.23208    0.24853    0.25490    0.27056    0.27435
   0.44662    0.45879
 kpt#  39, nband= 50, wtk=  0.00926, kpt=  0.0000  0.5000  0.1667 (reduced coord)
  -1.94411   -1.94290   -1.94283   -1.94173   -0.80225   -0.80195   -0.80175   -0.80151
  -0.79743   -0.79687   -0.79375   -0.79368   -0.79107   -0.79074   -0.79018   -0.78983
  -0.36318   -0.36263   -0.34087   -0.34029   -0.32082   -0.32029   -0.31192   -0.31106
   0.08984    0.09141    0.11288    0.11421    0.12144    0.12286    0.13870    0.14141
   0.14632    0.14665    0.17062    0.17391    0.18064    0.18228    0.20950    0.21020
   0.21153    0.21340    0.22942    0.23128    0.25837    0.25889    0.27151    0.27249
   0.44820    0.45134
 kpt#  40, nband= 50, wtk=  0.00926, kpt=  0.1667  0.5000  0.1667 (reduced coord)
  -1.94410   -1.94290   -1.94282   -1.94174   -0.80376   -0.80326   -0.80070   -0.80029
  -0.79817   -0.79750   -0.79279   -0.79265   -0.79129   -0.79082   -0.79033   -0.78948
  -0.36230   -0.36171   -0.34106   -0.34018   -0.32265   -0.32228   -0.31095   -0.31020
   0.09212    0.09336    0.11089    0.11207    0.12382    0.12578    0.13792    0.13950
   0.15155    0.15297    0.16598    0.16816    0.18624    0.18669    0.20240    0.20326
   0.21725    0.21908    0.22792    0.22919    0.25430    0.25489    0.27098    0.27163
   0.44604    0.44790
 kpt#  41, nband= 50, wtk=  0.00926, kpt=  0.3333  0.5000  0.1667 (reduced coord)
  -1.94409   -1.94291   -1.94281   -1.94175   -0.80443   -0.80412   -0.80199   -0.80176
  -0.79666   -0.79627   -0.79264   -0.79183   -0.79137   -0.79098   -0.78984   -0.78916
  -0.35979   -0.35923   -0.34300   -0.34199   -0.32392   -0.32355   -0.31057   -0.30973
   0.09714    0.09807    0.11017    0.11111    0.12465    0.12658    0.13765    0.13948
   0.15428    0.15626    0.16863    0.17097    0.19105    0.19254    0.19956    0.20113
   0.21299    0.21411    0.22816    0.22856    0.24601    0.24702    0.26954    0.27014
   0.44282    0.44364
 kpt#  42, nband= 50, wtk=  0.00926, kpt=  0.5000  0.5000  0.1667 (reduced coord)
  -1.94409   -1.94292   -1.94280   -1.94175   -0.80435   -0.80401   -0.80316   -0.80294
  -0.79541   -0.79496   -0.79348   -0.79270   -0.79082   -0.79044   -0.78964   -0.78914
  -0.35788   -0.35734   -0.34498   -0.34434   -0.32356   -0.32305   -0.31093   -0.30993
   0.10069    0.10115    0.10887    0.10999    0.12700    0.12871    0.13481    0.13557
   0.15616    0.15850    0.17044    0.17164    0.19593    0.19773    0.20094    0.20323
   0.20986    0.21125    0.22282    0.22328    0.24253    0.24389    0.26882    0.27000
   0.44285    0.44490
 kpt#  43, nband= 50, wtk=  0.00926, kpt= -0.3333  0.5000  0.1667 (reduced coord)
  -1.94409   -1.94291   -1.94281   -1.94175   -0.80443   -0.80417   -0.80198   -0.80170
  -0.79686   -0.79607   -0.79248   -0.79202   -0.79146   -0.79082   -0.78975   -0.78930
  -0.35981   -0.35922   -0.34270   -0.34230   -0.32408   -0.32334   -0.31067   -0.30965
   0.09695    0.09824    0.11016    0.11108    0.12492    0.12629    0.13823    0.13884
   0.15484    0.15576    0.16944    0.17021    0.19077    0.19285    0.19939    0.20130
   0.21327    0.21388    0.22791    0.22873    0.24600    0.24703    0.26942    0.27031
   0.44202    0.44432
 kpt#  44, nband= 50, wtk=  0.00926, kpt= -0.1667  0.5000  0.1667 (reduced coord)
  -1.94410   -1.94290   -1.94282   -1.94174   -0.80361   -0.80348   -0.80075   -0.80018
  -0.79811   -0.79752   -0.79289   -0.79260   -0.79137   -0.79066   -0.79014   -0.78973
  -0.36227   -0.36174   -0.34085   -0.34041   -0.32283   -0.32204   -0.31106   -0.31011
   0.09188    0.09360    0.11109    0.11181    0.12380    0.12582    0.13774    0.13966
   0.15152    0.15295    0.16632    0.16795    0.18599    0.18686    0.20216    0.20366
   0.21720    0.21910    0.22799    0.22906    0.25452    0.25463    0.27094    0.27172
   0.44558    0.44834
 kpt#  45, nband= 50, wtk=  0.00926, kpt=  0.0000 -0.3333  0.1667 (reduced coord)
  -1.94412   -1.94296   -1.94276   -1.94172   -0.80407   -0.80368   -0.80298   -0.79969
  -0.79629   -0.79466   -0.79435   -0.79327   -0.79169   -0.79137   -0.78952   -0.78912
  -0.37820   -0.34860   -0.34354   -0.33777   -0.32300   -0.31649   -0.31401   -0.30901
   0.08235    0.08990    0.10354    0.10439    0.11764    0.12705    0.13845    0.14063
   0.14751    0.15835    0.16722    0.17954    0.18799    0.19445    0.20774    0.20842
   0.21157    0.22180    0.22671    0.23580    0.25144    0.26064    0.27102    0.27431
   0.44681    0.46399
 kpt#  46, nband= 50, wtk=  0.00926, kpt=  0.1667 -0.3333  0.1667 (reduced coord)
  -1.94412   -1.94295   -1.94276   -1.94173   -0.80437   -0.80386   -0.80280   -0.79892
  -0.79686   -0.79602   -0.79375   -0.79247   -0.79236   -0.79102   -0.78945   -0.78890
  -0.37573   -0.34925   -0.34294   -0.33775   -0.32336   -0.32025   -0.31323   -0.30839
   0.08322    0.09529    0.10345    0.10726    0.11582    0.12642    0.13796    0.14397
   0.14662    0.15864    0.16571    0.18101    0.18600    0.19617    0.20113    0.20778
   0.21633    0.22328    0.22951    0.23235    0.24843    0.25522    0.27016    0.27424
   0.44466    0.46041
 kpt#  47, nband= 50, wtk=  0.00926, kpt=  0.3333 -0.3333  0.1667 (reduced coord)
  -1.94410   -1.94294   -1.94278   -1.94174   -0.80457   -0.80384   -0.80296   -0.79952
  -0.79764   -0.79520   -0.79415   -0.79209   -0.79144   -0.79085   -0.78995   -0.78877
  -0.36956   -0.34937   -0.34362   -0.33991   -0.32562   -0.32195   -0.31294   -0.30845
   0.08742    0.10011    0.10749    0.11186    0.11785    0.12413    0.13684    0.14172
   0.14795    0.15878    0.16558    0.18374    0.18702    0.19593    0.20213    0.20294
   0.21454    0.22167    0.22960    0.23380    0.23998    0.24930    0.26796    0.27356
   0.44038    0.45485
 kpt#  48, nband= 50, wtk=  0.00926, kpt=  0.5000 -0.3333  0.1667 (reduced coord)
  -1.94410   -1.94293   -1.94278   -1.94174   -0.80468   -0.80359   -0.80253   -0.80152
  -0.79688   -0.79515   -0.79354   -0.79238   -0.79114   -0.79038   -0.78989   -0.78938
  -0.36512   -0.34877   -0.34578   -0.34241   -0.32666   -0.32093   -0.31320   -0.30880
   0.09159    0.09952    0.10884    0.11501    0.11752    0.12414    0.13611    0.14496
   0.14878    0.16226    0.16276    0.17581    0.18895    0.19433    0.20312    0.21027
   0.21220    0.22179    0.22423    0.23104    0.23960    0.24723    0.26690    0.27302
   0.43989    0.44653
 kpt#  49, nband= 50, wtk=  0.00926, kpt= -0.3333 -0.3333  0.1667 (reduced coord)
  -1.94411   -1.94294   -1.94278   -1.94174   -0.80498   -0.80371   -0.80265   -0.79963
  -0.79767   -0.79533   -0.79371   -0.79226   -0.79140   -0.79052   -0.78996   -0.78913
  -0.36967   -0.34919   -0.34377   -0.33994   -0.32563   -0.32188   -0.31299   -0.30835
   0.08731    0.09986    0.10775    0.11152    0.11735    0.12409    0.13789    0.14225
   0.14844    0.15917    0.16557    0.18345    0.18617    0.19564    0.20159    0.20258
   0.21468    0.22136    0.22995    0.23433    0.24012    0.24932    0.26816    0.27344
   0.43873    0.45577
 kpt#  50, nband= 50, wtk=  0.00926, kpt= -0.1667 -0.3333  0.1667 (reduced coord)
  -1.94412   -1.94295   -1.94277   -1.94173   -0.80475   -0.80378   -0.80254   -0.79890
  -0.79681   -0.79626   -0.79353   -0.79257   -0.79198   -0.79099   -0.78941   -0.78926
  -0.37581   -0.34909   -0.34306   -0.33782   -0.32342   -0.32016   -0.31324   -0.30830
   0.08310    0.09525    0.10352    0.10701    0.11508    0.12689    0.13911    0.14403
   0.14747    0.15835    0.16526    0.18101    0.18577    0.19546    0.20106    0.20804
   0.21624    0.22229    0.23020    0.23252    0.24889    0.25496    0.27041    0.27412
   0.44345    0.46039
 kpt#  51, nband= 50, wtk=  0.00926, kpt=  0.0000 -0.1667  0.1667 (reduced coord)
  -1.94416   -1.94301   -1.94269   -1.94171   -0.80597   -0.80513   -0.80500   -0.79757
  -0.79517   -0.79446   -0.79353   -0.79321   -0.79207   -0.79063   -0.78890   -0.78836
  -0.38943   -0.34571   -0.34189   -0.33663   -0.32031   -0.31487   -0.31333   -0.30742
   0.07540    0.08087    0.08248    0.10162    0.11349    0.12025    0.14521    0.14830
   0.15597    0.15820    0.17291    0.18731    0.18937    0.19916    0.20802    0.21634
   0.21893    0.22660    0.23206    0.24082    0.24421    0.26157    0.27212    0.27685
   0.45312    0.46567
 kpt#  52, nband= 50, wtk=  0.00926, kpt=  0.1667 -0.1667  0.1667 (reduced coord)
  -1.94415   -1.94300   -1.94270   -1.94171   -0.80554   -0.80485   -0.80426   -0.79742
  -0.79584   -0.79472   -0.79393   -0.79290   -0.79219   -0.79150   -0.78875   -0.78837
  -0.38585   -0.34588   -0.34120   -0.33600   -0.32076   -0.31899   -0.31368   -0.30760
   0.07694    0.08373    0.08830    0.10272    0.11048    0.12734    0.14072    0.14603
   0.15478    0.15778    0.17105    0.18012    0.18835    0.20323    0.20933    0.21303
   0.22090    0.22665    0.23506    0.24053    0.24576    0.25224    0.27186    0.27665
   0.45161    0.46716
 kpt#  53, nband= 50, wtk=  0.00926, kpt=  0.3333 -0.1667  0.1667 (reduced coord)
  -1.94413   -1.94298   -1.94274   -1.94172   -0.80459   -0.80375   -0.80274   -0.79787
  -0.79697   -0.79650   -0.79422   -0.79254   -0.79194   -0.79149   -0.78934   -0.78887
  -0.37680   -0.34561   -0.34079   -0.33659   -0.32802   -0.31981   -0.31440   -0.30860
   0.08053    0.08754    0.10388    0.10987    0.11144    0.12442    0.13466    0.13971
   0.15373    0.15978    0.16366    0.17796    0.19085    0.19805    0.20287    0.21482
   0.21969    0.22768    0.23455    0.23855    0.24452    0.25168    0.26899    0.27652
   0.44583    0.45524
 kpt#  54, nband= 50, wtk=  0.00926, kpt=  0.5000 -0.1667  0.1667 (reduced coord)
  -1.94412   -1.94296   -1.94276   -1.94173   -0.80386   -0.80335   -0.80076   -0.79944
  -0.79808   -0.79741   -0.79350   -0.79268   -0.79159   -0.79073   -0.79000   -0.78971
  -0.37005   -0.34629   -0.34114   -0.33992   -0.33008   -0.31919   -0.31500   -0.30928
   0.08617    0.08687    0.10863    0.11184    0.11441    0.12862    0.13199    0.13575
   0.15257    0.15958    0.16729    0.17041    0.18560    0.18692    0.20891    0.21694
   0.22077    0.22846    0.23268    0.23745    0.24253    0.25482    0.26696    0.27624
   0.44332    0.44746
 kpt#  55, nband= 50, wtk=  0.00926, kpt= -0.3333 -0.1667  0.1667 (reduced coord)
  -1.94413   -1.94298   -1.94274   -1.94172   -0.80497   -0.80350   -0.80262   -0.79825
  -0.79687   -0.79624   -0.79404   -0.79273   -0.79200   -0.79105   -0.78936   -0.78921
  -0.37686   -0.34549   -0.34092   -0.33659   -0.32806   -0.31976   -0.31443   -0.30850
   0.08085    0.08706    0.10354    0.10949    0.11126    0.12529    0.13495    0.14030
   0.15425    0.15945    0.16364    0.17767    0.19076    0.19772    0.20259    0.21512
   0.21914    0.22778    0.23487    0.23807    0.24434    0.25224    0.26919    0.27644
   0.44404    0.45614
 kpt#  56, nband= 50, wtk=  0.00926, kpt= -0.1667 -0.1667  0.1667 (reduced coord)
  -1.94415   -1.94300   -1.94270   -1.94171   -0.80583   -0.80470   -0.80418   -0.79735
  -0.79605   -0.79469   -0.79369   -0.79295   -0.79223   -0.79118   -0.78878   -0.78863
  -0.38590   -0.34576   -0.34125   -0.33614   -0.32076   -0.31898   -0.31366   -0.30751
   0.07718    0.08367    0.08791    0.10226    0.11043    0.12792    0.14130    0.14646
   0.15492    0.15773    0.17050    0.17996    0.18845    0.20333    0.20903    0.21314
   0.22090    0.22637    0.23466    0.23962    0.24657    0.25269    0.27207    0.27654
   0.45019    0.46762
 kpt#  57, nband= 50, wtk=  0.00926, kpt=  0.0000  0.0000  0.3333 (reduced coord)
  -1.94413   -1.94305   -1.94266   -1.94172   -0.80440   -0.80395   -0.80282   -0.79818
  -0.79728   -0.79461   -0.79410   -0.79350   -0.79180   -0.79130   -0.78955   -0.78907
  -0.38101   -0.35015   -0.33771   -0.33517   -0.32284   -0.31786   -0.31598   -0.31026
   0.08196    0.08268    0.09448    0.11150    0.11900    0.12395    0.12613    0.13793
   0.14301    0.17206    0.18481    0.18572    0.19060    0.19084    0.19726    0.21272
   0.21422    0.22681    0.23996    0.24488    0.25006    0.25870    0.26274    0.26554
   0.45777    0.46323
 kpt#  58, nband= 50, wtk=  0.00926, kpt=  0.1667  0.0000  0.3333 (reduced coord)
  -1.94413   -1.94303   -1.94268   -1.94172   -0.80431   -0.80392   -0.80222   -0.79842
  -0.79774   -0.79506   -0.79386   -0.79333   -0.79199   -0.79130   -0.78969   -0.78888
  -0.37827   -0.35046   -0.33759   -0.33487   -0.32400   -0.31950   -0.31658   -0.30991
   0.08031    0.08935    0.09575    0.10904    0.11938    0.12439    0.13272    0.13813
   0.14786    0.16777    0.17499    0.18382    0.18764    0.19474    0.20280    0.20362
   0.21877    0.22572    0.23530    0.24752    0.25252    0.25567    0.25968    0.26535
   0.45251    0.45534
 kpt#  59, nband= 50, wtk=  0.00926, kpt=  0.3333  0.0000  0.3333 (reduced coord)
  -1.94412   -1.94299   -1.94272   -1.94173   -0.80420   -0.80335   -0.80096   -0.79955
  -0.79840   -0.79610   -0.79376   -0.79276   -0.79178   -0.79091   -0.79047   -0.78880
  -0.37146   -0.35100   -0.33764   -0.33562   -0.32905   -0.32045   -0.31589   -0.31035
   0.08275    0.09417    0.09997    0.11410    0.12011    0.12477    0.13575    0.14089
   0.15366    0.16283    0.17021    0.17519    0.18511    0.19142    0.19767    0.21078
   0.21647    0.22326    0.23271    0.24607    0.24867    0.25271    0.25907    0.26663
   0.44115    0.44610
 kpt#  60, nband= 50, wtk=  0.00926, kpt=  0.5000  0.0000  0.3333 (reduced coord)
  -1.94411   -1.94297   -1.94275   -1.94173   -0.80408   -0.80281   -0.80064   -0.79962
  -0.79920   -0.79666   -0.79376   -0.79221   -0.79153   -0.79145   -0.79006   -0.78918
  -0.36675   -0.35124   -0.33925   -0.33750   -0.33013   -0.32057   -0.31520   -0.31097
   0.08724    0.09132    0.10458    0.11794    0.11929    0.12294    0.13629    0.14776
   0.15536    0.16443    0.17105    0.17140    0.17650    0.17712    0.20949    0.20962
   0.21651    0.22218    0.23661    0.24112    0.24591    0.24770    0.26101    0.26760
   0.43652    0.44173
 kpt#  61, nband= 50, wtk=  0.00926, kpt= -0.3333  0.0000  0.3333 (reduced coord)
  -1.94412   -1.94299   -1.94272   -1.94173   -0.80415   -0.80345   -0.80094   -0.79962
  -0.79830   -0.79608   -0.79381   -0.79276   -0.79186   -0.79082   -0.79029   -0.78897
  -0.37147   -0.35099   -0.33767   -0.33560   -0.32902   -0.32047   -0.31589   -0.31035
   0.08276    0.09412    0.09996    0.11412    0.12001    0.12495    0.13567    0.14090
   0.15372    0.16273    0.17037    0.17516    0.18499    0.19148    0.19761    0.21092
   0.21637    0.22334    0.23269    0.24623    0.24848    0.25269    0.25902    0.26670
   0.44098    0.44615
 kpt#  62, nband= 50, wtk=  0.00926, kpt= -0.1667  0.0000  0.3333 (reduced coord)
  -1.94413   -1.94303   -1.94268   -1.94172   -0.80435   -0.80388   -0.80224   -0.79842
  -0.79774   -0.79506   -0.79378   -0.79337   -0.79213   -0.79111   -0.78959   -0.78906
  -0.37827   -0.35046   -0.33764   -0.33481   -0.32397   -0.31953   -0.31657   -0.30991
   0.08034    0.08931    0.09578    0.10901    0.11917    0.12462    0.13261    0.13830
   0.14780    0.16791    0.17489    0.18386    0.18764    0.19469    0.20275    0.20370
   0.21866    0.22581    0.23537    0.24759    0.25221    0.25570    0.25981    0.26537
   0.45209    0.45556
 kpt#  63, nband= 50, wtk=  0.00926, kpt=  0.0000  0.1667  0.3333 (reduced coord)
  -1.94412   -1.94303   -1.94269   -1.94172   -0.80410   -0.80329   -0.80280   -0.79918
  -0.79697   -0.79507   -0.79374   -0.79344   -0.79243   -0.79130   -0.78978   -0.78861
  -0.37790   -0.34949   -0.33924   -0.33657   -0.32173   -0.31966   -0.31630   -0.31058
   0.08611    0.08889    0.09771    0.11174    0.11910    0.12633    0.12788    0.14086
   0.14176    0.16421    0.17961    0.18541    0.18941    0.19093    0.20064    0.21280
   0.21621    0.22267    0.23257    0.24229    0.24719    0.25643    0.25959    0.26560
   0.45595    0.46586
 kpt#  64, nband= 50, wtk=  0.00926, kpt=  0.1667  0.1667  0.3333 (reduced coord)
  -1.94412   -1.94301   -1.94270   -1.94173   -0.80480   -0.80366   -0.80229   -0.79861
  -0.79742   -0.79575   -0.79369   -0.79294   -0.79192   -0.79146   -0.78952   -0.78872
  -0.37566   -0.35027   -0.34005   -0.33704   -0.32222   -0.31953   -0.31726   -0.30952
   0.08503    0.09408    0.09942    0.10953    0.12049    0.12537    0.13309    0.14129
   0.14694    0.15984    0.17313    0.17988    0.19140    0.19644    0.20372    0.20710
   0.21685    0.22212    0.23395    0.24041    0.24541    0.25234    0.25891    0.26662
   0.44856    0.46098
 kpt#  65, nband= 50, wtk=  0.00926, kpt=  0.3333  0.1667  0.3333 (reduced coord)
  -1.94411   -1.94298   -1.94274   -1.94173   -0.80518   -0.80406   -0.80229   -0.79973
  -0.79741   -0.79544   -0.79318   -0.79248   -0.79138   -0.79107   -0.78988   -0.78882
  -0.37003   -0.35155   -0.34197   -0.33995   -0.32478   -0.31826   -0.31565   -0.30944
   0.08699    0.09729    0.10436    0.11376    0.11954    0.12637    0.13940    0.14062
   0.15215    0.15681    0.16649    0.17867    0.18717    0.19374    0.19944    0.21171
   0.22004    0.22140    0.22875    0.23768    0.24312    0.25249    0.25457    0.26686
   0.43795    0.44773
 kpt#  66, nband= 50, wtk=  0.00926, kpt=  0.5000  0.1667  0.3333 (reduced coord)
  -1.94411   -1.94296   -1.94276   -1.94174   -0.80493   -0.80439   -0.80201   -0.80134
  -0.79686   -0.79542   -0.79275   -0.79206   -0.79105   -0.79098   -0.79010   -0.78911
  -0.36604   -0.35213   -0.34388   -0.34235   -0.32530   -0.31735   -0.31454   -0.31009
   0.09256    0.09282    0.10811    0.11726    0.11955    0.12431    0.13897    0.14929
   0.15074    0.15989    0.16238    0.17511    0.18260    0.18611    0.20811    0.21069
   0.21808    0.22330    0.23197    0.23492    0.23870    0.24921    0.25635    0.26673
   0.43431    0.44086
 kpt#  67, nband= 50, wtk=  0.00926, kpt= -0.3333  0.1667  0.3333 (reduced coord)
  -1.94411   -1.94298   -1.94274   -1.94173   -0.80479   -0.80426   -0.80257   -0.79957
  -0.79716   -0.79588   -0.79331   -0.79235   -0.79164   -0.79084   -0.78949   -0.78908
  -0.37000   -0.35149   -0.34201   -0.33992   -0.32474   -0.31811   -0.31580   -0.30957
   0.08693    0.09708    0.10474    0.11425    0.11938    0.12662    0.13882    0.13988
   0.15255    0.15655    0.16581    0.17981    0.18716    0.19362    0.19950    0.21206
   0.22001    0.22105    0.22845    0.23862    0.24302    0.25239    0.25418    0.26702
   0.43883    0.44692
 kpt#  68, nband= 50, wtk=  0.00926, kpt= -0.1667  0.1667  0.3333 (reduced coord)
  -1.94412   -1.94301   -1.94270   -1.94173   -0.80447   -0.80369   -0.80266   -0.79830
  -0.79735   -0.79620   -0.79358   -0.79302   -0.79223   -0.79108   -0.78936   -0.78886
  -0.37563   -0.35025   -0.34017   -0.33682   -0.32226   -0.31931   -0.31747   -0.30963
   0.08498    0.09397    0.09964    0.10989    0.12045    0.12534    0.13241    0.14153
   0.14666    0.15993    0.17300    0.18025    0.19109    0.19599    0.20396    0.20699
   0.21730    0.22229    0.23399    0.24128    0.24467    0.25258    0.25867    0.26655
   0.44954    0.45951
 kpt#  69, nband= 50, wtk=  0.00926, kpt=  0.0000  0.3333  0.3333 (reduced coord)
  -1.94410   -1.94297   -1.94275   -1.94174   -0.80322   -0.80254   -0.80168   -0.80081
  -0.79697   -0.79594   -0.79529   -0.79338   -0.79167   -0.79073   -0.79013   -0.78871
  -0.36920   -0.34728   -0.34559   -0.33982   -0.32147   -0.31903   -0.31781   -0.31231
   0.09609    0.10547    0.10595    0.11433    0.11892    0.12721    0.13404    0.13561
   0.14853    0.15791    0.16986    0.17608    0.18210    0.19735    0.20073    0.20745
   0.21193    0.22029    0.22272    0.22857    0.24748    0.25489    0.25834    0.26318
   0.45408    0.47182
 kpt#  70, nband= 50, wtk=  0.00926, kpt=  0.1667  0.3333  0.3333 (reduced coord)
  -1.94410   -1.94296   -1.94276   -1.94174   -0.80482   -0.80354   -0.80261   -0.80009
  -0.79672   -0.79596   -0.79393   -0.79241   -0.79149   -0.79072   -0.78986   -0.78879
  -0.36831   -0.34948   -0.34648   -0.34136   -0.32024   -0.31993   -0.31636   -0.31021
   0.09528    0.10575    0.10884    0.11449    0.12031    0.12622    0.13465    0.14116
   0.14930    0.15582    0.16392    0.17841    0.18680    0.19756    0.20168    0.20911
   0.21039    0.22054    0.22210    0.22636    0.24394    0.25039    0.25814    0.26502
   0.44715    0.46465
 kpt#  71, nband= 50, wtk=  0.00926, kpt=  0.3333  0.3333  0.3333 (reduced coord)
  -1.94410   -1.94294   -1.94278   -1.94175   -0.80602   -0.80494   -0.80408   -0.80226
  -0.79498   -0.79399   -0.79260   -0.79176   -0.79121   -0.79039   -0.78954   -0.78894
  -0.36568   -0.35218   -0.34947   -0.34587   -0.32026   -0.31623   -0.31367   -0.30878
   0.09618    0.10571    0.11466    0.11592    0.11950    0.12540    0.13499    0.14497
   0.14849    0.16151    0.16421    0.17870    0.18749    0.19590    0.20204    0.20637
   0.21289    0.21748    0.22157    0.22818    0.23831    0.24905    0.25422    0.26394
   0.43685    0.45128
 kpt#  72, nband= 50, wtk=  0.00926, kpt=  0.5000  0.3333  0.3333 (reduced coord)
  -1.94409   -1.94293   -1.94278   -1.94175   -0.80608   -0.80566   -0.80442   -0.80381
  -0.79399   -0.79327   -0.79207   -0.79171   -0.79073   -0.79012   -0.78971   -0.78904
  -0.36350   -0.35326   -0.35092   -0.34925   -0.31934   -0.31409   -0.31277   -0.30891
   0.09837    0.10504    0.11566    0.11664    0.11984    0.12549    0.13443    0.14285
   0.15374    0.16081    0.16856    0.17644    0.18839    0.19352    0.20342    0.20571
   0.21427    0.21667    0.22012    0.22837    0.23487    0.25053    0.25132    0.26315
   0.43393    0.44167
 kpt#  73, nband= 50, wtk=  0.00926, kpt= -0.3333  0.3333  0.3333 (reduced coord)
  -1.94410   -1.94294   -1.94277   -1.94175   -0.80561   -0.80509   -0.80442   -0.80215
  -0.79486   -0.79402   -0.79289   -0.79174   -0.79138   -0.79017   -0.78944   -0.78897
  -0.36564   -0.35229   -0.34912   -0.34606   -0.32024   -0.31618   -0.31369   -0.30892
   0.09618    0.10568    0.11485    0.11615    0.11938    0.12575    0.13429    0.14473
   0.14877    0.16071    0.16420    0.17881    0.18816    0.19527    0.20241    0.20648
   0.21343    0.21760    0.22149    0.22813    0.23796    0.24951    0.25370    0.26408
   0.43757    0.45036
 kpt#  74, nband= 50, wtk=  0.00926, kpt= -0.1667  0.3333  0.3333 (reduced coord)
  -1.94410   -1.94296   -1.94276   -1.94174   -0.80440   -0.80352   -0.80319   -0.79977
  -0.79713   -0.79552   -0.79420   -0.79231   -0.79190   -0.79043   -0.78975   -0.78883
  -0.36827   -0.34967   -0.34615   -0.34143   -0.32021   -0.31986   -0.31648   -0.31030
   0.09531    0.10569    0.10908    0.11481    0.11990    0.12641    0.13397    0.14141
   0.14909    0.15568    0.16412    0.17863    0.18671    0.19690    0.20109    0.20908
   0.21192    0.22055    0.22235    0.22643    0.24318    0.25109    0.25804    0.26480
   0.44781    0.46397
 kpt#  75, nband= 50, wtk=  0.00926, kpt=  0.0000  0.5000  0.3333 (reduced coord)
  -1.94409   -1.94291   -1.94281   -1.94175   -0.80235   -0.80210   -0.80135   -0.80125
  -0.79751   -0.79716   -0.79455   -0.79433   -0.79088   -0.79048   -0.78979   -0.78950
  -0.35735   -0.35685   -0.34388   -0.34348   -0.32051   -0.31992   -0.31589   -0.31518
   0.10739    0.10931    0.11606    0.11693    0.11740    0.11832    0.14230    0.14560
   0.14885    0.15050    0.16297    0.16463    0.18695    0.18816    0.20037    0.20260
   0.21179    0.21430    0.22253    0.22420    0.25307    0.25398    0.25784    0.25880
   0.45618    0.45966
 kpt#  76, nband= 50, wtk=  0.00926, kpt=  0.1667  0.5000  0.3333 (reduced coord)
  -1.94409   -1.94291   -1.94281   -1.94175   -0.80434   -0.80378   -0.80217   -0.80175
  -0.79645   -0.79602   -0.79315   -0.79291   -0.79070   -0.79057   -0.78994   -0.78926
  -0.35820   -0.35767   -0.34581   -0.34492   -0.32029   -0.32009   -0.31313   -0.31271
   0.10645    0.10768    0.11321    0.11469    0.12330    0.12450    0.14389    0.14481
   0.14795    0.14988    0.16511    0.16654    0.18923    0.18975    0.20259    0.20426
   0.20946    0.21076    0.22277    0.22321    0.24852    0.24930    0.25977    0.26056
   0.45163    0.45386
 kpt#  77, nband= 50, wtk=  0.00926, kpt=  0.3333  0.5000  0.3333 (reduced coord)
  -1.94409   -1.94292   -1.94280   -1.94175   -0.80590   -0.80545   -0.80431   -0.80411
  -0.79402   -0.79372   -0.79178   -0.79138   -0.79067   -0.79051   -0.78980   -0.78898
  -0.35890   -0.35851   -0.35028   -0.34917   -0.31763   -0.31740   -0.31045   -0.31010
   0.10724    0.10787    0.11315    0.11404    0.12423    0.12601    0.13851    0.13963
   0.15693    0.15878    0.17097    0.17231    0.18883    0.18987    0.20134    0.20270
   0.20813    0.20896    0.22206    0.22285    0.24520    0.24613    0.25765    0.25836
   0.44401    0.44560
 kpt#  78, nband= 50, wtk=  0.00926, kpt=  0.5000  0.5000  0.3333 (reduced coord)
  -1.94409   -1.94292   -1.94280   -1.94176   -0.80613   -0.80593   -0.80553   -0.80527
  -0.79285   -0.79254   -0.79166   -0.79118   -0.79073   -0.79011   -0.78952   -0.78897
  -0.35866   -0.35818   -0.35283   -0.35213   -0.31571   -0.31535   -0.30999   -0.30939
   0.10855    0.10897    0.11334    0.11431    0.12491    0.12713    0.13342    0.13461
   0.16595    0.16836    0.16939    0.17147    0.19366    0.19409    0.19536    0.19675
   0.20963    0.21020    0.22049    0.22173    0.24356    0.24482    0.25669    0.25750
   0.44161    0.44338
 kpt#  79, nband= 50, wtk=  0.00926, kpt= -0.3333  0.5000  0.3333 (reduced coord)
  -1.94409   -1.94292   -1.94280   -1.94175   -0.80581   -0.80560   -0.80438   -0.80398
  -0.79414   -0.79355   -0.79171   -0.79152   -0.79093   -0.79012   -0.78961   -0.78928
  -0.35908   -0.35834   -0.34978   -0.34968   -0.31770   -0.31730   -0.31060   -0.30998
   0.10717    0.10792    0.11305    0.11411    0.12403    0.12624    0.13829    0.13986
   0.15644    0.15927    0.17126    0.17211    0.18828    0.19040    0.20114    0.20270
   0.20840    0.20895    0.22159    0.22321    0.24533    0.24591    0.25786    0.25825
   0.44403    0.44557
 kpt#  80, nband= 50, wtk=  0.00926, kpt= -0.1667  0.5000  0.3333 (reduced coord)
  -1.94409   -1.94291   -1.94281   -1.94175   -0.80419   -0.80401   -0.80215   -0.80169
  -0.79650   -0.79589   -0.79318   -0.79296   -0.79090   -0.79020   -0.78972   -0.78962
  -0.35820   -0.35767   -0.34553   -0.34520   -0.32055   -0.31978   -0.31325   -0.31263
   0.10636    0.10771    0.11363    0.11428    0.12308    0.12477    0.14357    0.14477
   0.14782    0.15032    0.16553    0.16618    0.18883    0.19012    0.20249    0.20440
   0.20929    0.21106    0.22212    0.22373    0.24822    0.24951    0.25981    0.26058
   0.45132    0.45423
 kpt#  81, nband= 50, wtk=  0.00926, kpt=  0.0000 -0.3333  0.3333 (reduced coord)
  -1.94410   -1.94297   -1.94275   -1.94174   -0.80331   -0.80256   -0.80153   -0.80080
  -0.79698   -0.79588   -0.79531   -0.79330   -0.79152   -0.79119   -0.78974   -0.78896
  -0.36906   -0.34716   -0.34553   -0.33943   -0.32182   -0.31925   -0.31768   -0.31268
   0.09711    0.10595    0.10641    0.11481    0.11799    0.12633    0.13418    0.13686
   0.14640    0.15645    0.17297    0.17387    0.18346    0.19802    0.20031    0.20613
   0.21286    0.22092    0.22151    0.22856    0.24755    0.25527    0.25807    0.26301
   0.45175    0.47187
 kpt#  82, nband= 50, wtk=  0.00926, kpt=  0.1667 -0.3333  0.3333 (reduced coord)
  -1.94410   -1.94296   -1.94276   -1.94174   -0.80438   -0.80368   -0.80301   -0.79975
  -0.79719   -0.79547   -0.79416   -0.79231   -0.79166   -0.79098   -0.78930   -0.78908
  -0.36817   -0.34928   -0.34620   -0.34123   -0.32060   -0.31958   -0.31701   -0.31041
   0.09556    0.10679    0.10943    0.11525    0.11953    0.12489    0.13434    0.14293
   0.14806    0.15515    0.16391    0.17956    0.18625    0.19685    0.20061    0.20751
   0.21212    0.22083    0.22208    0.22723    0.24320    0.25135    0.25817    0.26461
   0.44587    0.46486
 kpt#  83, nband= 50, wtk=  0.00926, kpt=  0.3333 -0.3333  0.3333 (reduced coord)
  -1.94410   -1.94294   -1.94277   -1.94175   -0.80561   -0.80517   -0.80428   -0.80217
  -0.79495   -0.79396   -0.79269   -0.79180   -0.79114   -0.79069   -0.78936   -0.78892
  -0.36567   -0.35181   -0.34890   -0.34613   -0.32017   -0.31653   -0.31435   -0.30868
   0.09602    0.10672    0.11494    0.11659    0.11951    0.12457    0.13444    0.14461
   0.15051    0.16032    0.16415    0.17927    0.18738    0.19385    0.20253    0.20579
   0.21252    0.21840    0.22170    0.22885    0.23736    0.24969    0.25391    0.26376
   0.43697    0.45137
 kpt#  84, nband= 50, wtk=  0.00926, kpt=  0.5000 -0.3333  0.3333 (reduced coord)
  -1.94409   -1.94293   -1.94279   -1.94175   -0.80614   -0.80563   -0.80436   -0.80379
  -0.79411   -0.79323   -0.79189   -0.79154   -0.79072   -0.79052   -0.78948   -0.78923
  -0.36364   -0.35266   -0.35058   -0.34944   -0.31926   -0.31463   -0.31351   -0.30842
   0.09830    0.10562    0.11597    0.11757    0.11958    0.12488    0.13383    0.14250
   0.15489    0.16260    0.16762    0.17540    0.19063    0.19199    0.20342    0.20460
   0.21296    0.21697    0.22037    0.22874    0.23483    0.25052    0.25113    0.26267
   0.43465    0.44201
 kpt#  85, nband= 50, wtk=  0.00926, kpt= -0.3333 -0.3333  0.3333 (reduced coord)
  -1.94410   -1.94294   -1.94278   -1.94175   -0.80602   -0.80506   -0.80396   -0.80223
  -0.79503   -0.79396   -0.79243   -0.79177   -0.79107   -0.79056   -0.78944   -0.78920
  -0.36572   -0.35166   -0.34918   -0.34606   -0.32016   -0.31649   -0.31442   -0.30855
   0.09600    0.10666    0.11476    0.11649    0.11951    0.12424    0.13523    0.14468
   0.15024    0.16111    0.16429    0.17925    0.18662    0.19465    0.20160    0.20634
   0.21189    0.21819    0.22172    0.22873    0.23781    0.24916    0.25455    0.26365
   0.43623    0.45209
 kpt#  86, nband= 50, wtk=  0.00926, kpt= -0.1667 -0.3333  0.3333 (reduced coord)
  -1.94410   -1.94296   -1.94276   -1.94174   -0.80481   -0.80369   -0.80248   -0.80006
  -0.79675   -0.79585   -0.79388   -0.79239   -0.79131   -0.79105   -0.78960   -0.78908
  -0.36822   -0.34907   -0.34652   -0.34119   -0.32075   -0.31942   -0.31696   -0.31033
   0.09550    0.10675    0.10929    0.11491    0.11994    0.12473    0.13506    0.14241
   0.14834    0.15542    0.16370    0.17950    0.18630    0.19738    0.20142    0.20728
   0.21094    0.22054    0.22195    0.22713    0.24385    0.25057    0.25846    0.26482
   0.44511    0.46579
 kpt#  87, nband= 50, wtk=  0.00926, kpt=  0.0000 -0.1667  0.3333 (reduced coord)
  -1.94412   -1.94303   -1.94269   -1.94172   -0.80431   -0.80304   -0.80279   -0.79919
  -0.79692   -0.79504   -0.79392   -0.79346   -0.79205   -0.79155   -0.78960   -0.78886
  -0.37781   -0.34934   -0.33903   -0.33614   -0.32205   -0.32030   -0.31596   -0.31095
   0.08682    0.08902    0.09824    0.11223    0.11817    0.12549    0.12847    0.14006
   0.14214    0.16367    0.18237    0.18368    0.18959    0.19091    0.19942    0.21177
   0.21748    0.22476    0.23076    0.24083    0.24817    0.25706    0.25983    0.26499
   0.45524    0.46518
 kpt#  88, nband= 50, wtk=  0.00926, kpt=  0.1667 -0.1667  0.3333 (reduced coord)
  -1.94412   -1.94301   -1.94270   -1.94173   -0.80452   -0.80365   -0.80262   -0.79832
  -0.79715   -0.79633   -0.79364   -0.79308   -0.79193   -0.79135   -0.78922   -0.78900
  -0.37557   -0.34999   -0.33988   -0.33665   -0.32251   -0.31978   -0.31748   -0.30980
   0.08509    0.09455    0.10004    0.11033    0.12009    0.12446    0.13314    0.14072
   0.14721    0.16032    0.17239    0.18005    0.19114    0.19669    0.20356    0.20639
   0.21692    0.22193    0.23323    0.24178    0.24531    0.25343    0.25865    0.26590
   0.44857    0.46008
 kpt#  89, nband= 50, wtk=  0.00926, kpt=  0.3333 -0.1667  0.3333 (reduced coord)
  -1.94411   -1.94298   -1.94274   -1.94173   -0.80473   -0.80432   -0.80255   -0.79954
  -0.79705   -0.79604   -0.79310   -0.79247   -0.79136   -0.79119   -0.78970   -0.78890
  -0.36999   -0.35111   -0.34162   -0.33991   -0.32484   -0.31865   -0.31619   -0.30943
   0.08683    0.09763    0.10527    0.11404    0.11980    0.12585    0.13909    0.14005
   0.15290    0.15765    0.16507    0.17884    0.18738    0.19266    0.20021    0.21238
   0.21852    0.22121    0.22820    0.23858    0.24335    0.25278    0.25427    0.26658
   0.43872    0.44753
 kpt#  90, nband= 50, wtk=  0.00926, kpt=  0.5000 -0.1667  0.3333 (reduced coord)
  -1.94411   -1.94296   -1.94276   -1.94174   -0.80491   -0.80439   -0.80213   -0.80121
  -0.79665   -0.79569   -0.79253   -0.79191   -0.79141   -0.79101   -0.78988   -0.78929
  -0.36610   -0.35168   -0.34384   -0.34192   -0.32542   -0.31812   -0.31497   -0.30972
   0.09283    0.09292    0.10826    0.11795    0.11907    0.12398    0.13955    0.14928
   0.15121    0.16086    0.16135    0.17407    0.18430    0.18487    0.20909    0.21012
   0.21868    0.22204    0.23058    0.23498    0.23942    0.24868    0.25661    0.26652
   0.43508    0.44101
 kpt#  91, nband= 50, wtk=  0.00926, kpt= -0.3333 -0.1667  0.3333 (reduced coord)
  -1.94411   -1.94298   -1.94274   -1.94173   -0.80512   -0.80419   -0.80224   -0.79974
  -0.79723   -0.79555   -0.79310   -0.79249   -0.79153   -0.79083   -0.78989   -0.78903
  -0.37004   -0.35115   -0.34149   -0.34006   -0.32482   -0.31880   -0.31606   -0.30931
   0.08689    0.09774    0.10488    0.11359    0.11989    0.12576    0.13952    0.14082
   0.15259    0.15789    0.16575    0.17778    0.18747    0.19269    0.19993    0.21222
   0.21868    0.22140    0.22861    0.23772    0.24326    0.25285    0.25466    0.26650
   0.43772    0.44824
 kpt#  92, nband= 50, wtk=  0.00926, kpt= -0.1667 -0.1667  0.3333 (reduced coord)
  -1.94412   -1.94301   -1.94270   -1.94173   -0.80487   -0.80362   -0.80227   -0.79867
  -0.79723   -0.79575   -0.79379   -0.79293   -0.79186   -0.79139   -0.78943   -0.78900
  -0.37560   -0.35000   -0.33977   -0.33685   -0.32241   -0.32001   -0.31730   -0.30969
   0.08516    0.09460    0.09984    0.10993    0.11978    0.12489    0.13377    0.14065
   0.14732    0.16029    0.17254    0.17977    0.19139    0.19700    0.20330    0.20675
   0.21617    0.22197    0.23330    0.24080    0.24587    0.25311    0.25912    0.26597
   0.44738    0.46147
 kpt#  93, nband= 50, wtk=  0.00463, kpt=  0.0000  0.0000  0.5000 (reduced coord)
  -1.94412   -1.94306   -1.94266   -1.94173   -0.80170   -0.80156   -0.80132   -0.80099
  -0.79767   -0.79719   -0.79424   -0.79408   -0.79110   -0.79064   -0.79049   -0.79002
  -0.36446   -0.36378   -0.33547   -0.33472   -0.32217   -0.32199   -0.31474   -0.31464
   0.09019    0.09062    0.10496    0.10533    0.12414    0.12439    0.13008    0.13036
   0.14960    0.15066    0.17857    0.17941    0.19682    0.19812    0.20524    0.20751
   0.21167    0.21331    0.24440    0.24497    0.25068    0.25161    0.26174    0.26278
   0.45879    0.46192
 kpt#  94, nband= 50, wtk=  0.00926, kpt=  0.1667  0.0000  0.5000 (reduced coord)
  -1.94411   -1.94304   -1.94268   -1.94173   -0.80266   -0.80250   -0.80042   -0.80021
  -0.79820   -0.79789   -0.79345   -0.79338   -0.79126   -0.79099   -0.79018   -0.78993
  -0.36341   -0.36272   -0.33586   -0.33515   -0.32363   -0.32345   -0.31393   -0.31387
   0.08951    0.08985    0.10675    0.10700    0.12434    0.12500    0.13506    0.13569
   0.15280    0.15338    0.17583    0.17684    0.18756    0.18814    0.20448    0.20624
   0.21894    0.21931    0.24034    0.24050    0.25256    0.25330    0.25930    0.26025
   0.44987    0.45124
 kpt#  95, nband= 50, wtk=  0.00926, kpt=  0.3333  0.0000  0.5000 (reduced coord)
  -1.94411   -1.94300   -1.94273   -1.94173   -0.80362   -0.80341   -0.80019   -0.79992
  -0.79833   -0.79803   -0.79287   -0.79225   -0.79177   -0.79163   -0.78974   -0.78943
  -0.36106   -0.36037   -0.33700   -0.33644   -0.32571   -0.32562   -0.31296   -0.31295
   0.09165    0.09209    0.10776    0.10803    0.12257    0.12380    0.14496    0.14579
   0.15969    0.16004    0.17020    0.17181    0.18154    0.18197    0.20057    0.20157
   0.22119    0.22175    0.23373    0.23418    0.24976    0.25077    0.25959    0.26018
   0.43956    0.44029
 kpt#  96, nband= 50, wtk=  0.00463, kpt=  0.5000  0.0000  0.5000 (reduced coord)
  -1.94410   -1.94297   -1.94275   -1.94174   -0.80398   -0.80375   -0.80058   -0.80020
  -0.79787   -0.79730   -0.79351   -0.79272   -0.79131   -0.79118   -0.78962   -0.78924
  -0.35973   -0.35904   -0.33782   -0.33736   -0.32651   -0.32645   -0.31266   -0.31265
   0.09554    0.09643    0.10520    0.10601    0.12050    0.12195    0.14908    0.15017
   0.16408    0.16464    0.16683    0.16868    0.18697    0.18826    0.19381    0.19423
   0.21541    0.21669    0.23384    0.23505    0.24703    0.24768    0.26049    0.26097
   0.43528    0.43591
 kpt#  97, nband= 50, wtk=  0.00926, kpt=  0.0000  0.1667  0.5000 (reduced coord)
  -1.94411   -1.94303   -1.94269   -1.94173   -0.80204   -0.80154   -0.80124   -0.80088
  -0.79797   -0.79758   -0.79383   -0.79368   -0.79169   -0.79117   -0.78994   -0.78954
  -0.36257   -0.36187   -0.33745   -0.33664   -0.32174   -0.32149   -0.31552   -0.31523
   0.09517    0.09582    0.10749    0.10807    0.12522    0.12637    0.13122    0.13195
   0.14863    0.14970    0.17452    0.17524    0.19523    0.19688    0.20191    0.20370
   0.21626    0.21666    0.23936    0.23996    0.24833    0.24902    0.25906    0.25977
   0.45937    0.46204
 kpt#  98, nband= 50, wtk=  0.00926, kpt=  0.1667  0.1667  0.5000 (reduced coord)
  -1.94411   -1.94302   -1.94270   -1.94174   -0.80371   -0.80315   -0.80053   -0.80032
  -0.79780   -0.79725   -0.79348   -0.79287   -0.79153   -0.79081   -0.78998   -0.78962
  -0.36217   -0.36133   -0.33868   -0.33815   -0.32287   -0.32126   -0.31522   -0.31274
   0.09411    0.09462    0.10859    0.11055    0.12290    0.13023    0.13439    0.13648
   0.15057    0.15388    0.16836    0.17352    0.18997    0.19135    0.20486    0.20794
   0.21642    0.21840    0.23723    0.23838    0.24302    0.25018    0.25478    0.26283
   0.44673    0.45771
 kpt#  99, nband= 50, wtk=  0.00926, kpt=  0.3333  0.1667  0.5000 (reduced coord)
  -1.94410   -1.94298   -1.94274   -1.94174   -0.80489   -0.80449   -0.80175   -0.80150
  -0.79653   -0.79575   -0.79273   -0.79180   -0.79154   -0.79088   -0.78978   -0.78934
  -0.36101   -0.36004   -0.34186   -0.34140   -0.32203   -0.32152   -0.31295   -0.31142
   0.09494    0.09776    0.10724    0.11343    0.12213    0.12676    0.13867    0.14689
   0.15577    0.15944    0.16765    0.17386    0.18366    0.18717    0.20039    0.20732
   0.21811    0.22177    0.22759    0.23611    0.24000    0.24784    0.25728    0.25921
   0.43640    0.44331
 kpt# 100, nband= 50, wtk=  0.00926, kpt=  0.5000  0.1667  0.5000 (reduced coord)
  -1.94410   -1.94296   -1.94276   -1.94174   -0.80519   -0.80489   -0.80257   -0.80216
  -0.79569   -0.79509   -0.79265   -0.79186   -0.79117   -0.79093   -0.78958   -0.78918
  -0.36007   -0.35933   -0.34375   -0.34319   -0.32137   -0.32104   -0.31188   -0.31153
   0.09982    0.10036    0.10779    0.10820    0.12205    0.12362    0.14229    0.14342
   0.16404    0.16533    0.16861    0.17043    0.18867    0.18934    0.19760    0.19860
   0.21764    0.21908    0.22918    0.23061    0.24173    0.24303    0.25860    0.25887
   0.43444    0.43527
 kpt# 101, nband= 50, wtk=  0.00926, kpt= -0.3333  0.1667  0.5000 (reduced coord)
  -1.94410   -1.94298   -1.94274   -1.94174   -0.80465   -0.80450   -0.80200   -0.80139
  -0.79655   -0.79604   -0.79228   -0.79209   -0.79163   -0.79084   -0.78969   -0.78933
  -0.36162   -0.35928   -0.34233   -0.34099   -0.32194   -0.32146   -0.31304   -0.31156
   0.09464    0.09799    0.10742    0.11371    0.12311    0.12559    0.13790    0.14715
   0.15606    0.15961    0.16662    0.17466    0.18333    0.18700    0.20144    0.20653
   0.21869    0.22213    0.22707    0.23559    0.24073    0.24722    0.25788    0.25906
   0.43715    0.44253
 kpt# 102, nband= 50, wtk=  0.00926, kpt= -0.1667  0.1667  0.5000 (reduced coord)
  -1.94411   -1.94302   -1.94270   -1.94174   -0.80337   -0.80320   -0.80057   -0.80037
  -0.79808   -0.79740   -0.79325   -0.79288   -0.79165   -0.79075   -0.79003   -0.78952
  -0.36280   -0.36058   -0.33932   -0.33753   -0.32292   -0.32104   -0.31534   -0.31290
   0.09410    0.09449    0.10880    0.11090    0.12282    0.12923    0.13513    0.13656
   0.15121    0.15308    0.16793    0.17363    0.18944    0.19092    0.20567    0.20772
   0.21708    0.21897    0.23669    0.23902    0.24254    0.24954    0.25570    0.26248
   0.44779    0.45598
 kpt# 103, nband= 50, wtk=  0.00926, kpt=  0.0000  0.3333  0.5000 (reduced coord)
  -1.94409   -1.94297   -1.94275   -1.94175   -0.80239   -0.80199   -0.80114   -0.80086
  -0.79783   -0.79749   -0.79434   -0.79419   -0.79133   -0.79095   -0.78955   -0.78921
  -0.35735   -0.35661   -0.34281   -0.34197   -0.32064   -0.32023   -0.31720   -0.31674
   0.10553    0.10598    0.11634    0.11735    0.12445    0.12556    0.13864    0.13905
   0.14669    0.14771    0.16808    0.16959    0.18007    0.18267    0.20475    0.20638
   0.21974    0.22114    0.22553    0.22743    0.24375    0.24409    0.25635    0.25681
   0.46138    0.46312
 kpt# 104, nband= 50, wtk=  0.00926, kpt=  0.1667  0.3333  0.5000 (reduced coord)
  -1.94409   -1.94296   -1.94276   -1.94175   -0.80445   -0.80370   -0.80211   -0.80174
  -0.79605   -0.79588   -0.79366   -0.79272   -0.79117   -0.79070   -0.78960   -0.78924
  -0.35866   -0.35708   -0.34537   -0.34424   -0.31941   -0.31907   -0.31626   -0.31310
   0.10215    0.10766    0.11639    0.11729    0.12255    0.13154    0.13794    0.13937
   0.15012    0.15248    0.16389    0.16511    0.18581    0.19104    0.20463    0.20762
   0.21658    0.21855    0.22224    0.22290    0.24126    0.24750    0.25014    0.26226
   0.44778    0.46744
 kpt# 105, nband= 50, wtk=  0.00926, kpt=  0.3333  0.3333  0.5000 (reduced coord)
  -1.94409   -1.94294   -1.94277   -1.94175   -0.80621   -0.80566   -0.80409   -0.80389
  -0.79376   -0.79340   -0.79233   -0.79137   -0.79095   -0.79035   -0.78948   -0.78913
  -0.35994   -0.35848   -0.34977   -0.34879   -0.31689   -0.31593   -0.31244   -0.31036
   0.10444    0.10498    0.11664    0.12016    0.12203    0.13117    0.13334    0.13539
   0.15924    0.16118    0.16663    0.17026    0.18890    0.19163    0.20348    0.20555
   0.21252    0.21640    0.22098    0.22251    0.23755    0.24541    0.25110    0.25860
   0.43666    0.44868
 kpt# 106, nband= 50, wtk=  0.00926, kpt=  0.5000  0.3333  0.5000 (reduced coord)
  -1.94409   -1.94293   -1.94278   -1.94175   -0.80667   -0.80632   -0.80517   -0.80477
  -0.79291   -0.79242   -0.79168   -0.79108   -0.79087   -0.79027   -0.78935   -0.78889
  -0.36000   -0.35920   -0.35184   -0.35116   -0.31489   -0.31456   -0.31054   -0.31012
   0.10627    0.10649    0.11859    0.11895    0.12345    0.12500    0.13212    0.13291
   0.16386    0.16453    0.17241    0.17334    0.19191    0.19260    0.19714    0.19858
   0.21735    0.21787    0.22266    0.22346    0.23673    0.23742    0.25454    0.25472
   0.43610    0.43660
 kpt# 107, nband= 50, wtk=  0.00926, kpt= -0.3333  0.3333  0.5000 (reduced coord)
  -1.94409   -1.94294   -1.94277   -1.94175   -0.80584   -0.80571   -0.80456   -0.80368
  -0.79386   -0.79355   -0.79198   -0.79152   -0.79114   -0.79039   -0.78944   -0.78895
  -0.36053   -0.35769   -0.34955   -0.34912   -0.31689   -0.31578   -0.31248   -0.31057
   0.10438    0.10494    0.11694    0.12061    0.12214    0.13021    0.13323    0.13545
   0.15889    0.16190    0.16664    0.16995    0.18886    0.19140    0.20287    0.20549
   0.21286    0.21714    0.22142    0.22276    0.23644    0.24562    0.25177    0.25830
   0.43693    0.44805
 kpt# 108, nband= 50, wtk=  0.00926, kpt= -0.1667  0.3333  0.5000 (reduced coord)
  -1.94409   -1.94296   -1.94276   -1.94175   -0.80403   -0.80379   -0.80251   -0.80159
  -0.79625   -0.79599   -0.79349   -0.79262   -0.79131   -0.79082   -0.78952   -0.78913
  -0.35927   -0.35629   -0.34503   -0.34466   -0.31929   -0.31904   -0.31636   -0.31326
   0.10211    0.10752    0.11668    0.11756    0.12220    0.13182    0.13760    0.13979
   0.15028    0.15166    0.16387    0.16517    0.18558    0.19058    0.20463    0.20747
   0.21658    0.21908    0.22270    0.22391    0.24007    0.24748    0.25090    0.26186
   0.44823    0.46468
 kpt# 109, nband= 50, wtk=  0.00463, kpt=  0.0000  0.5000  0.5000 (reduced coord)
  -1.94409   -1.94292   -1.94280   -1.94176   -0.80228   -0.80217   -0.80144   -0.80129
  -0.79653   -0.79612   -0.79596   -0.79572   -0.79061   -0.79030   -0.78963   -0.78932
  -0.35036   -0.34996   -0.34949   -0.34907   -0.31936   -0.31901   -0.31859   -0.31826
   0.11329    0.11367    0.11471    0.11511    0.13684    0.13697    0.13886    0.13907
   0.15025    0.15085    0.15223    0.15275    0.18958    0.19027    0.19158    0.19226
   0.21985    0.22008    0.22218    0.22238    0.24860    0.24932    0.25001    0.25077
   0.46737    0.46875
 kpt# 110, nband= 50, wtk=  0.00926, kpt=  0.1667  0.5000  0.5000 (reduced coord)
  -1.94409   -1.94292   -1.94280   -1.94176   -0.80412   -0.80358   -0.80341   -0.80281
  -0.79486   -0.79456   -0.79415   -0.79389   -0.79059   -0.79022   -0.78960   -0.78926
  -0.35320   -0.35240   -0.35134   -0.35047   -0.31782   -0.31748   -0.31571   -0.31516
   0.11010    0.11057    0.11840    0.11856    0.13396    0.13432    0.13652    0.13689
   0.15425    0.15488    0.15726    0.15753    0.19207    0.19296    0.19534    0.19573
   0.21578    0.21615    0.21791    0.21847    0.24469    0.24588    0.25464    0.25549
   0.45694    0.45801
 kpt# 111, nband= 50, wtk=  0.00926, kpt=  0.3333  0.5000  0.5000 (reduced coord)
  -1.94409   -1.94292   -1.94280   -1.94176   -0.80617   -0.80579   -0.80559   -0.80516
  -0.79252   -0.79233   -0.79210   -0.79184   -0.79047   -0.78994   -0.78949   -0.78903
  -0.35671   -0.35594   -0.35513   -0.35431   -0.31373   -0.31345   -0.31200   -0.31149
   0.11124    0.11148    0.11685    0.11706    0.12911    0.12977    0.13443    0.13535
   0.16151    0.16285    0.16608    0.16690    0.19321    0.19411    0.19545    0.19630
   0.21315    0.21390    0.21646    0.21739    0.24358    0.24468    0.25235    0.25318
   0.44694    0.44773
 kpt# 112, nband= 50, wtk=  0.00463, kpt=  0.5000  0.5000  0.5000 (reduced coord)
  -1.94409   -1.94292   -1.94280   -1.94176   -0.80687   -0.80674   -0.80639   -0.80614
  -0.79177   -0.79157   -0.79133   -0.79116   -0.79027   -0.78969   -0.78937   -0.78883
  -0.35786   -0.35723   -0.35706   -0.35644   -0.31132   -0.31108   -0.31087   -0.31058
   0.11394    0.11419    0.11468    0.11489    0.12867    0.12931    0.13132    0.13191
   0.16579    0.16664    0.16941    0.17016    0.19220    0.19334    0.19393    0.19510
   0.21554    0.21635    0.21700    0.21768    0.24548    0.24607    0.24691    0.24738
   0.44547    0.44646
