 Fermi (or HOMO) energy (hartree) =   0.27707   Average Vxc (hartree)=  -0.44601
 Eigenvalues (hartree) for nkpt= 112  k points:
 kpt#   1, nband= 50, wtk=  0.00463, kpt=  0.0000  0.0000  0.0000 (reduced coord)
  -1.94364   -1.94298   -1.94295   -1.94294   -0.80522   -0.80522   -0.80487   -0.79314
  -0.79310   -0.79278   -0.79275   -0.79146   -0.79145   -0.78859   -0.78695   -0.78695
  -0.39506   -0.33825   -0.32896   -0.32895   -0.31890   -0.31580   -0.31579   -0.29687
   0.06029    0.06030    0.07174    0.09583    0.10257    0.10258    0.16416    0.16431
   0.16643    0.16666    0.17273    0.17277    0.22358    0.22359    0.22791    0.22844
   0.24904    0.25000    0.25514    0.25557    0.25936    0.26620    0.26623    0.27514
   0.44256    0.44530
 kpt#   2, nband= 50, wtk=  0.00926, kpt=  0.1667  0.0000  0.0000 (reduced coord)
  -1.94359   -1.94300   -1.94297   -1.94295   -0.80436   -0.80413   -0.80411   -0.79409
  -0.79304   -0.79249   -0.79246   -0.79222   -0.79159   -0.78881   -0.78831   -0.78734
  -0.39032   -0.33672   -0.32824   -0.32701   -0.32189   -0.31949   -0.31724   -0.29923
   0.06604    0.07034    0.07104    0.09824    0.10564    0.11758    0.15205    0.15272
   0.16017    0.16259    0.17247    0.17507    0.21842    0.22046    0.22050    0.23630
   0.24598    0.24704    0.25012    0.25821    0.25981    0.26448    0.26579    0.27571
   0.45119    0.45191
 kpt#   3, nband= 50, wtk=  0.00926, kpt=  0.3333  0.0000  0.0000 (reduced coord)
  -1.94347   -1.94312   -1.94297   -1.94295   -0.80208   -0.80196   -0.80102   -0.79629
  -0.79515   -0.79276   -0.79193   -0.79191   -0.79167   -0.79117   -0.78952   -0.78837
  -0.37706   -0.33796   -0.33252   -0.32611   -0.32213   -0.32117   -0.32069   -0.30554
   0.07815    0.08252    0.09885    0.10536    0.11437    0.12552    0.13422    0.13705
   0.14490    0.15219    0.18247    0.18311    0.18604    0.20742    0.21096    0.22851
   0.23678    0.24040    0.25205    0.26445    0.26477    0.26593    0.26984    0.27707
   0.46661    0.46697
 kpt#   4, nband= 50, wtk=  0.00463, kpt=  0.5000  0.0000  0.0000 (reduced coord)
  -1.94330   -1.94328   -1.94297   -1.94295   -0.79926   -0.79925   -0.79863   -0.79861
  -0.79656   -0.79655   -0.79237   -0.79236   -0.79058   -0.79057   -0.78977   -0.78976
  -0.35813   -0.35812   -0.32689   -0.32689   -0.32357   -0.32357   -0.31373   -0.31373
   0.09517    0.09517    0.11085    0.11085    0.11748    0.11749    0.12833    0.12834
   0.14001    0.14001    0.19151    0.19151    0.19391    0.19392    0.19721    0.19722
   0.23741    0.23741    0.26159    0.26159    0.26637    0.26637    0.27631    0.27631
   0.47832    0.47946
 kpt#   5, nband= 50, wtk=  0.00926, kpt=  0.0000  0.1667  0.0000 (reduced coord)
  -1.94359   -1.94300   -1.94297   -1.94294   -0.80436   -0.80413   -0.80411   -0.79410
  -0.79301   -0.79249   -0.79248   -0.79222   -0.79159   -0.78881   -0.78832   -0.78734
  -0.39031   -0.33672   -0.32819   -0.32699   -0.32196   -0.31950   -0.31724   -0.29924
   0.06606    0.07032    0.07104    0.09824    0.10566    0.11759    0.15209    0.15277
   0.16007    0.16255    0.17252    0.17508    0.21842    0.22026    0.22049    0.23706
   0.24521    0.24696    0.25023    0.25833    0.25980    0.26453    0.26581    0.27571
   0.45117    0.45190
 kpt#   6, nband= 50, wtk=  0.00926, kpt=  0.1667  0.1667  0.0000 (reduced coord)
  -1.94355   -1.94300   -1.94299   -1.94297   -0.80348   -0.80348   -0.80341   -0.79394
  -0.79378   -0.79377   -0.79205   -0.79204   -0.79105   -0.79003   -0.78913   -0.78714
  -0.38598   -0.33578   -0.32700   -0.32697   -0.32238   -0.32233   -0.31991   -0.30129
   0.07272    0.07576    0.07579    0.09994    0.10956    0.12835    0.14463    0.14465
   0.15950    0.16486    0.16492    0.17301    0.21392    0.21812    0.22391    0.22409
   0.24672    0.24843    0.25053    0.25056    0.25978    0.25992    0.26771    0.27601
   0.45577    0.45973
 kpt#   7, nband= 50, wtk=  0.00926, kpt=  0.3333  0.1667  0.0000 (reduced coord)
  -1.94343   -1.94311   -1.94299   -1.94297   -0.80172   -0.80146   -0.80103   -0.79641
  -0.79581   -0.79337   -0.79292   -0.79155   -0.79105   -0.79086   -0.78994   -0.78785
  -0.37385   -0.33812   -0.33326   -0.32685   -0.32439   -0.32105   -0.32021   -0.30674
   0.08185    0.09094    0.10214    0.10543    0.11868    0.12415    0.13176    0.13872
   0.14906    0.15874    0.17582    0.17939    0.18917    0.20483    0.20675    0.22949
   0.23102    0.23483    0.25020    0.25245    0.26295    0.26743    0.26958    0.27686
   0.46438    0.47354
 kpt#   8, nband= 50, wtk=  0.00926, kpt=  0.5000  0.1667  0.0000 (reduced coord)
  -1.94328   -1.94326   -1.94299   -1.94297   -0.79919   -0.79918   -0.79893   -0.79892
  -0.79711   -0.79709   -0.79182   -0.79181   -0.79084   -0.79082   -0.78929   -0.78928
  -0.35652   -0.35652   -0.32988   -0.32987   -0.32271   -0.32271   -0.31382   -0.31381
   0.09990    0.09990    0.11412    0.11412    0.11420    0.11421    0.13252    0.13253
   0.14633    0.14634    0.18897    0.18898    0.19021    0.19022    0.19796    0.19797
   0.23267    0.23268    0.25295    0.25295    0.26573    0.26573    0.27569    0.27569
   0.47238    0.47299
 kpt#   9, nband= 50, wtk=  0.00926, kpt= -0.3333  0.1667  0.0000 (reduced coord)
  -1.94343   -1.94311   -1.94299   -1.94297   -0.80172   -0.80146   -0.80103   -0.79641
  -0.79581   -0.79337   -0.79292   -0.79155   -0.79105   -0.79086   -0.78994   -0.78785
  -0.37385   -0.33812   -0.33326   -0.32685   -0.32439   -0.32105   -0.32021   -0.30674
   0.08185    0.09094    0.10214    0.10543    0.11868    0.12415    0.13176    0.13872
   0.14906    0.15874    0.17582    0.17939    0.18917    0.20483    0.20675    0.22949
   0.23102    0.23483    0.25020    0.25245    0.26295    0.26743    0.26958    0.27686
   0.46447    0.47360
 kpt#  10, nband= 50, wtk=  0.00926, kpt= -0.1667  0.1667  0.0000 (reduced coord)
  -1.94355   -1.94300   -1.94299   -1.94297   -0.80348   -0.80348   -0.80341   -0.79394
  -0.79378   -0.79377   -0.79205   -0.79204   -0.79105   -0.79003   -0.78913   -0.78714
  -0.38598   -0.33578   -0.32700   -0.32697   -0.32238   -0.32233   -0.31991   -0.30129
   0.07272    0.07576    0.07579    0.09994    0.10956    0.12835    0.14463    0.14465
   0.15950    0.16486    0.16492    0.17301    0.21392    0.21812    0.22391    0.22409
   0.24672    0.24843    0.25053    0.25056    0.25978    0.25992    0.26771    0.27601
   0.45577    0.45971
 kpt#  11, nband= 50, wtk=  0.00926, kpt=  0.0000  0.3333  0.0000 (reduced coord)
  -1.94347   -1.94312   -1.94297   -1.94295   -0.80207   -0.80196   -0.80100   -0.79631
  -0.79515   -0.79275   -0.79193   -0.79192   -0.79168   -0.79116   -0.78952   -0.78837
  -0.37705   -0.33789   -0.33250   -0.32620   -0.32154   -0.32126   -0.32119   -0.30556
   0.07816    0.08254    0.09882    0.10538    0.11442    0.12555    0.13427    0.13698
   0.14482    0.15221    0.18244    0.18315    0.18603    0.20731    0.21099    0.22853
   0.23674    0.24055    0.25203    0.26429    0.26502    0.26570    0.26991    0.27707
   0.46654    0.46662
 kpt#  12, nband= 50, wtk=  0.00926, kpt=  0.1667  0.3333  0.0000 (reduced coord)
  -1.94343   -1.94311   -1.94300   -1.94297   -0.80172   -0.80145   -0.80102   -0.79641
  -0.79582   -0.79337   -0.79291   -0.79155   -0.79105   -0.79085   -0.78995   -0.78786
  -0.37384   -0.33807   -0.33325   -0.32681   -0.32446   -0.32107   -0.32023   -0.30675
   0.08186    0.09098    0.10212    0.10545    0.11871    0.12415    0.13180    0.13870
   0.14898    0.15872    0.17588    0.17938    0.18917    0.20485    0.20668    0.22954
   0.23103    0.23476    0.25026    0.25249    0.26282    0.26741    0.26963    0.27686
   0.46442    0.47322
 kpt#  13, nband= 50, wtk=  0.00926, kpt=  0.3333  0.3333  0.0000 (reduced coord)
  -1.94334   -1.94308   -1.94308   -1.94300   -0.80080   -0.80079   -0.79983   -0.79839
  -0.79595   -0.79454   -0.79454   -0.79123   -0.79019   -0.79019   -0.78998   -0.78774
  -0.36484   -0.33793   -0.33792   -0.33502   -0.32077   -0.32020   -0.32018   -0.31012
   0.09227    0.10672    0.10971    0.10974    0.12599    0.12601    0.12921    0.13902
   0.16012    0.16017    0.17618    0.17848    0.18912    0.18990    0.20785    0.20787
   0.21452    0.23452    0.23453    0.24021    0.26734    0.26914    0.26915    0.27618
   0.46085    0.46805
 kpt#  14, nband= 50, wtk=  0.00926, kpt=  0.5000  0.3333  0.0000 (reduced coord)
  -1.94322   -1.94320   -1.94305   -1.94303   -0.79995   -0.79995   -0.79923   -0.79923
  -0.79671   -0.79669   -0.79287   -0.79286   -0.78976   -0.78975   -0.78864   -0.78864
  -0.35187   -0.35187   -0.33684   -0.33684   -0.32043   -0.32043   -0.31499   -0.31498
   0.10561    0.10561    0.10996    0.10996    0.13038    0.13038    0.14343    0.14343
   0.15628    0.15629    0.17495    0.17496    0.18728    0.18728    0.20568    0.20568
   0.21025    0.21026    0.23644    0.23644    0.26827    0.26827    0.27424    0.27424
   0.46150    0.46229
 kpt#  15, nband= 50, wtk=  0.00926, kpt= -0.3333  0.3333  0.0000 (reduced coord)
  -1.94334   -1.94308   -1.94308   -1.94300   -0.80080   -0.80079   -0.79983   -0.79839
  -0.79595   -0.79454   -0.79454   -0.79123   -0.79019   -0.79019   -0.78998   -0.78774
  -0.36484   -0.33793   -0.33792   -0.33502   -0.32077   -0.32020   -0.32018   -0.31012
   0.09227    0.10672    0.10971    0.10974    0.12599    0.12601    0.12921    0.13902
   0.16012    0.16017    0.17618    0.17848    0.18912    0.18990    0.20785    0.20787
   0.21452    0.23452    0.23453    0.24021    0.26734    0.26914    0.26915    0.27618
   0.46115    0.46804
 kpt#  16, nband= 50, wtk=  0.00926, kpt= -0.1667  0.3333  0.0000 (reduced coord)
  -1.94343   -1.94311   -1.94300   -1.94297   -0.80172   -0.80145   -0.80102   -0.79641
  -0.79582   -0.79337   -0.79291   -0.79155   -0.79105   -0.79085   -0.78995   -0.78786
  -0.37384   -0.33807   -0.33325   -0.32681   -0.32446   -0.32107   -0.32023   -0.30675
   0.08186    0.09098    0.10212    0.10545    0.11871    0.12415    0.13180    0.13870
   0.14898    0.15872    0.17588    0.17938    0.18917    0.20485    0.20668    0.22954
   0.23103    0.23476    0.25026    0.25249    0.26282    0.26741    0.26963    0.27686
   0.46446    0.47329
 kpt#  17, nband= 50, wtk=  0.00463, kpt=  0.0000  0.5000  0.0000 (reduced coord)
  -1.94331   -1.94328   -1.94297   -1.94295   -0.79923   -0.79921   -0.79863   -0.79861
  -0.79659   -0.79658   -0.79237   -0.79235   -0.79059   -0.79057   -0.78977   -0.78976
  -0.35810   -0.35809   -0.32683   -0.32683   -0.32362   -0.32361   -0.31378   -0.31377
   0.09518    0.09518    0.11095    0.11095    0.11752    0.11753    0.12820    0.12820
   0.13998    0.13998    0.19154    0.19155    0.19385    0.19386    0.19726    0.19726
   0.23742    0.23743    0.26176    0.26176    0.26616    0.26617    0.27632    0.27632
   0.47816    0.47922
 kpt#  18, nband= 50, wtk=  0.00926, kpt=  0.1667  0.5000  0.0000 (reduced coord)
  -1.94328   -1.94326   -1.94299   -1.94297   -0.79919   -0.79918   -0.79890   -0.79888
  -0.79714   -0.79713   -0.79181   -0.79180   -0.79084   -0.79083   -0.78929   -0.78928
  -0.35650   -0.35649   -0.32984   -0.32984   -0.32275   -0.32274   -0.31384   -0.31384
   0.09991    0.09992    0.11414    0.11414    0.11427    0.11427    0.13241    0.13242
   0.14632    0.14632    0.18894    0.18894    0.19025    0.19026    0.19798    0.19799
   0.23265    0.23266    0.25300    0.25301    0.26568    0.26568    0.27569    0.27569
   0.47224    0.47425
 kpt#  19, nband= 50, wtk=  0.00926, kpt=  0.3333  0.5000  0.0000 (reduced coord)
  -1.94322   -1.94320   -1.94306   -1.94303   -0.79995   -0.79995   -0.79923   -0.79922
  -0.79672   -0.79670   -0.79287   -0.79285   -0.78976   -0.78975   -0.78864   -0.78864
  -0.35186   -0.35186   -0.33683   -0.33683   -0.32044   -0.32044   -0.31499   -0.31498
   0.10562    0.10563    0.10996    0.10997    0.13037    0.13038    0.14340    0.14340
   0.15628    0.15628    0.17498    0.17498    0.18724    0.18725    0.20572    0.20572
   0.21024    0.21025    0.23644    0.23644    0.26827    0.26827    0.27423    0.27423
   0.46135    0.46171
 kpt#  20, nband= 50, wtk=  0.00463, kpt=  0.5000  0.5000  0.0000 (reduced coord)
  -1.94315   -1.94313   -1.94313   -1.94311   -0.79999   -0.79998   -0.79998   -0.79998
  -0.79486   -0.79484   -0.79484   -0.79483   -0.78875   -0.78875   -0.78875   -0.78875
  -0.34489   -0.34489   -0.34489   -0.34488   -0.31749   -0.31749   -0.31748   -0.31748
   0.10781    0.10781    0.10781    0.10782    0.15341    0.15341    0.15342    0.15342
   0.15791    0.15792    0.15792    0.15792    0.18928    0.18928    0.18928    0.18929
   0.21896    0.21896    0.21897    0.21897    0.27169    0.27169    0.27169    0.27169
   0.45764    0.45765
 kpt#  21, nband= 50, wtk=  0.00926, kpt=  0.0000  0.0000  0.1667 (reduced coord)
  -1.94360   -1.94302   -1.94295   -1.94294   -0.80444   -0.80443   -0.80388   -0.79396
  -0.79394   -0.79280   -0.79279   -0.79116   -0.79116   -0.78979   -0.78726   -0.78726
  -0.39061   -0.33584   -0.32801   -0.32800   -0.32509   -0.31665   -0.31664   -0.29988
   0.06596    0.06598    0.08182    0.10514    0.10517    0.10613    0.15789    0.15792
   0.16258    0.16261    0.16932    0.16938    0.22285    0.22344    0.23171    0.23176
   0.24071    0.24241    0.24302    0.25879    0.26075    0.26079    0.26712    0.26716
   0.44582    0.45112
 kpt#  22, nband= 50, wtk=  0.00926, kpt=  0.1667  0.0000  0.1667 (reduced coord)
  -1.94355   -1.94302   -1.94299   -1.94295   -0.80362   -0.80349   -0.80331   -0.79506
  -0.79360   -0.79245   -0.79223   -0.79219   -0.79127   -0.79057   -0.78779   -0.78767
  -0.38619   -0.33448   -0.32782   -0.32630   -0.32526   -0.32231   -0.31785   -0.30192
   0.07142    0.07566    0.08041    0.10500    0.10762    0.12320    0.15216    0.15288
   0.15579    0.15770    0.16499    0.16901    0.21701    0.22505    0.22641    0.23234
   0.24240    0.24260    0.24550    0.25021    0.25464    0.26411    0.26439    0.26611
   0.45374    0.45684
 kpt#  23, nband= 50, wtk=  0.00926, kpt=  0.3333  0.0000  0.1667 (reduced coord)
  -1.94343   -1.94311   -1.94300   -1.94296   -0.80172   -0.80137   -0.80085   -0.79708
  -0.79486   -0.79328   -0.79275   -0.79152   -0.79150   -0.79137   -0.78889   -0.78878
  -0.37381   -0.33729   -0.33086   -0.32709   -0.32571   -0.32195   -0.32073   -0.30740
   0.08624    0.08679    0.10246    0.11060    0.11462    0.12925    0.13676    0.14007
   0.14124    0.15636    0.16940    0.17932    0.19534    0.20345    0.21270    0.22992
   0.24110    0.24138    0.24806    0.24878    0.25180    0.26458    0.26618    0.26807
   0.46820    0.46924
 kpt#  24, nband= 50, wtk=  0.00926, kpt=  0.5000  0.0000  0.1667 (reduced coord)
  -1.94328   -1.94326   -1.94299   -1.94297   -0.79951   -0.79950   -0.79819   -0.79818
  -0.79710   -0.79709   -0.79199   -0.79197   -0.79021   -0.79020   -0.79019   -0.79019
  -0.35614   -0.35613   -0.32639   -0.32639   -0.32600   -0.32600   -0.31454   -0.31454
   0.10157    0.10158    0.11063    0.11063    0.12433    0.12434    0.12598    0.12598
   0.14422    0.14423    0.18981    0.18982    0.19370    0.19371    0.19639    0.19640
   0.24083    0.24084    0.25055    0.25055    0.26064    0.26064    0.26841    0.26841
   0.47681    0.47890
 kpt#  25, nband= 50, wtk=  0.00926, kpt= -0.3333  0.0000  0.1667 (reduced coord)
  -1.94343   -1.94311   -1.94300   -1.94296   -0.80172   -0.80137   -0.80085   -0.79708
  -0.79486   -0.79328   -0.79275   -0.79152   -0.79150   -0.79137   -0.78889   -0.78878
  -0.37381   -0.33729   -0.33086   -0.32709   -0.32571   -0.32195   -0.32073   -0.30740
   0.08624    0.08679    0.10246    0.11060    0.11462    0.12925    0.13676    0.14007
   0.14123    0.15636    0.16940    0.17932    0.19534    0.20345    0.21270    0.22992
   0.24110    0.24138    0.24806    0.24879    0.25180    0.26458    0.26618    0.26807
   0.46818    0.46951
 kpt#  26, nband= 50, wtk=  0.00926, kpt= -0.1667  0.0000  0.1667 (reduced coord)
  -1.94355   -1.94302   -1.94299   -1.94295   -0.80362   -0.80349   -0.80331   -0.79506
  -0.79360   -0.79245   -0.79223   -0.79219   -0.79127   -0.79057   -0.78779   -0.78767
  -0.38619   -0.33448   -0.32782   -0.32630   -0.32526   -0.32231   -0.31785   -0.30192
   0.07142    0.07566    0.08041    0.10500    0.10762    0.12320    0.15215    0.15289
   0.15579    0.15770    0.16499    0.16901    0.21701    0.22505    0.22641    0.23234
   0.24240    0.24260    0.24550    0.25021    0.25464    0.26411    0.26439    0.26611
   0.45374    0.45684
 kpt#  27, nband= 50, wtk=  0.00926, kpt=  0.0000  0.1667  0.1667 (reduced coord)
  -1.94355   -1.94302   -1.94299   -1.94295   -0.80364   -0.80347   -0.80331   -0.79506
  -0.79359   -0.79245   -0.79223   -0.79219   -0.79126   -0.79058   -0.78779   -0.78767
  -0.38618   -0.33448   -0.32783   -0.32623   -0.32527   -0.32238   -0.31784   -0.30192
   0.07144    0.07565    0.08041    0.10501    0.10761    0.12322    0.15219    0.15280
   0.15576    0.15773    0.16500    0.16907    0.21672    0.22508    0.22642    0.23298
   0.24205    0.24246    0.24541    0.25029    0.25466    0.26415    0.26438    0.26613
   0.45373    0.45683
 kpt#  28, nband= 50, wtk=  0.00926, kpt=  0.1667  0.1667  0.1667 (reduced coord)
  -1.94351   -1.94302   -1.94299   -1.94298   -0.80305   -0.80293   -0.80283   -0.79453
  -0.79432   -0.79343   -0.79197   -0.79194   -0.79189   -0.79077   -0.78844   -0.78741
  -0.38220   -0.33441   -0.32823   -0.32746   -0.32456   -0.32183   -0.32108   -0.30365
   0.08067    0.08081    0.08161    0.10618    0.11149    0.13332    0.14749    0.14798
   0.15499    0.15943    0.15961    0.16234    0.22078    0.22344    0.22378    0.22406
   0.24243    0.24418    0.24511    0.24952    0.25098    0.25850    0.25883    0.26791
   0.45980    0.46097
 kpt#  29, nband= 50, wtk=  0.00926, kpt=  0.3333  0.1667  0.1667 (reduced coord)
  -1.94340   -1.94310   -1.94301   -1.94299   -0.80171   -0.80162   -0.80112   -0.79591
  -0.79542   -0.79489   -0.79286   -0.79131   -0.79098   -0.79073   -0.78934   -0.78811
  -0.37106   -0.33835   -0.33385   -0.33019   -0.32304   -0.32172   -0.31943   -0.30827
   0.08953    0.09470    0.10547    0.11057    0.11898    0.12879    0.13727    0.13900
   0.14531    0.16129    0.16714    0.16969    0.19539    0.20877    0.21206    0.22999
   0.23194    0.23690    0.24619    0.24824    0.25286    0.25416    0.26389    0.26803
   0.46619    0.47374
 kpt#  30, nband= 50, wtk=  0.00926, kpt=  0.5000  0.1667  0.1667 (reduced coord)
  -1.94326   -1.94324   -1.94301   -1.94299   -0.80073   -0.80072   -0.79828   -0.79827
  -0.79675   -0.79673   -0.79136   -0.79135   -0.79044   -0.79042   -0.78960   -0.78959
  -0.35513   -0.35513   -0.33242   -0.33242   -0.32175   -0.32175   -0.31426   -0.31426
   0.10604    0.10604    0.11252    0.11252    0.12324    0.12324    0.12885    0.12885
   0.15041    0.15042    0.17819    0.17820    0.19638    0.19638    0.20236    0.20236
   0.23466    0.23467    0.24907    0.24907    0.25461    0.25461    0.26726    0.26726
   0.47186    0.47223
 kpt#  31, nband= 50, wtk=  0.00926, kpt= -0.3333  0.1667  0.1667 (reduced coord)
  -1.94340   -1.94310   -1.94301   -1.94299   -0.80171   -0.80162   -0.80112   -0.79591
  -0.79542   -0.79489   -0.79286   -0.79131   -0.79098   -0.79073   -0.78934   -0.78811
  -0.37106   -0.33835   -0.33385   -0.33019   -0.32304   -0.32172   -0.31943   -0.30827
   0.08953    0.09470    0.10547    0.11057    0.11898    0.12879    0.13727    0.13900
   0.14531    0.16129    0.16714    0.16969    0.19539    0.20877    0.21206    0.22999
   0.23194    0.23690    0.24619    0.24825    0.25286    0.25416    0.26388    0.26803
   0.46619    0.47334
 kpt#  32, nband= 50, wtk=  0.00926, kpt= -0.1667  0.1667  0.1667 (reduced coord)
  -1.94351   -1.94302   -1.94299   -1.94298   -0.80304   -0.80293   -0.80283   -0.79453
  -0.79432   -0.79343   -0.79197   -0.79194   -0.79189   -0.79077   -0.78844   -0.78741
  -0.38220   -0.33441   -0.32823   -0.32745   -0.32456   -0.32183   -0.32107   -0.30365
   0.08067    0.08081    0.08161    0.10618    0.11149    0.13332    0.14749    0.14797
   0.15499    0.15943    0.15961    0.16234    0.22078    0.22344    0.22378    0.22406
   0.24243    0.24418    0.24512    0.24952    0.25098    0.25850    0.25883    0.26791
   0.45980    0.46097
 kpt#  33, nband= 50, wtk=  0.00926, kpt=  0.0000  0.3333  0.1667 (reduced coord)
  -1.94343   -1.94311   -1.94300   -1.94296   -0.80172   -0.80138   -0.80083   -0.79710
  -0.79486   -0.79327   -0.79274   -0.79153   -0.79150   -0.79138   -0.78889   -0.78878
  -0.37381   -0.33723   -0.33084   -0.32720   -0.32574   -0.32140   -0.32122   -0.30740
   0.08624    0.08680    0.10245    0.11064    0.11462    0.12921    0.13670    0.14020
   0.14113    0.15640    0.16937    0.17938    0.19534    0.20333    0.21272    0.22997
   0.24102    0.24143    0.24806    0.24950    0.25099    0.26458    0.26621    0.26813
   0.46826    0.46998
 kpt#  34, nband= 50, wtk=  0.00926, kpt=  0.1667  0.3333  0.1667 (reduced coord)
  -1.94340   -1.94310   -1.94302   -1.94299   -0.80171   -0.80162   -0.80111   -0.79592
  -0.79544   -0.79488   -0.79285   -0.79131   -0.79098   -0.79073   -0.78934   -0.78811
  -0.37106   -0.33831   -0.33384   -0.33024   -0.32305   -0.32166   -0.31948   -0.30827
   0.08953    0.09472    0.10546    0.11059    0.11898    0.12875    0.13734    0.13897
   0.14525    0.16128    0.16716    0.16975    0.19539    0.20868    0.21208    0.23020
   0.23180    0.23685    0.24620    0.24835    0.25286    0.25398    0.26394    0.26806
   0.46614    0.47350
 kpt#  35, nband= 50, wtk=  0.00926, kpt=  0.3333  0.3333  0.1667 (reduced coord)
  -1.94332   -1.94309   -1.94308   -1.94303   -0.80163   -0.80157   -0.80150   -0.79778
  -0.79566   -0.79383   -0.79364   -0.79033   -0.79023   -0.79017   -0.78982   -0.78788
  -0.36328   -0.33993   -0.33969   -0.33762   -0.31997   -0.31851   -0.31830   -0.31074
   0.09890    0.11151    0.11201    0.11234    0.12865    0.13106    0.13133    0.14155
   0.15530    0.15592    0.16108    0.17865    0.19139    0.20566    0.21216    0.21280
   0.21873    0.23177    0.23185    0.23583    0.25552    0.26026    0.26116    0.26703
   0.46210    0.46988
 kpt#  36, nband= 50, wtk=  0.00926, kpt=  0.5000  0.3333  0.1667 (reduced coord)
  -1.94321   -1.94319   -1.94306   -1.94304   -0.80169   -0.80168   -0.80020   -0.80020
  -0.79495   -0.79493   -0.79179   -0.79178   -0.78967   -0.78966   -0.78876   -0.78875
  -0.35201   -0.35200   -0.33976   -0.33976   -0.31841   -0.31841   -0.31437   -0.31436
   0.11059    0.11060    0.11395    0.11395    0.13395    0.13396    0.13912    0.13912
   0.15804    0.15805    0.16652    0.16653    0.19904    0.19905    0.20578    0.20578
   0.21443    0.21443    0.23213    0.23213    0.25924    0.25925    0.26553    0.26553
   0.46255    0.46444
 kpt#  37, nband= 50, wtk=  0.00926, kpt= -0.3333  0.3333  0.1667 (reduced coord)
  -1.94332   -1.94309   -1.94308   -1.94303   -0.80162   -0.80157   -0.80150   -0.79778
  -0.79566   -0.79383   -0.79364   -0.79033   -0.79023   -0.79017   -0.78982   -0.78788
  -0.36328   -0.33993   -0.33969   -0.33762   -0.31997   -0.31852   -0.31829   -0.31074
   0.09890    0.11151    0.11201    0.11234    0.12865    0.13107    0.13133    0.14155
   0.15530    0.15592    0.16108    0.17865    0.19139    0.20566    0.21216    0.21280
   0.21873    0.23177    0.23185    0.23583    0.25552    0.26026    0.26116    0.26703
   0.46201    0.47028
 kpt#  38, nband= 50, wtk=  0.00926, kpt= -0.1667  0.3333  0.1667 (reduced coord)
  -1.94340   -1.94310   -1.94302   -1.94299   -0.80171   -0.80162   -0.80111   -0.79592
  -0.79544   -0.79488   -0.79285   -0.79131   -0.79098   -0.79073   -0.78934   -0.78811
  -0.37106   -0.33831   -0.33384   -0.33024   -0.32305   -0.32166   -0.31948   -0.30827
   0.08953    0.09472    0.10546    0.11059    0.11898    0.12875    0.13734    0.13897
   0.14525    0.16128    0.16716    0.16975    0.19539    0.20868    0.21208    0.23020
   0.23180    0.23685    0.24620    0.24835    0.25286    0.25398    0.26394    0.26806
   0.46615    0.47354
 kpt#  39, nband= 50, wtk=  0.00926, kpt=  0.0000  0.5000  0.1667 (reduced coord)
  -1.94328   -1.94326   -1.94299   -1.94297   -0.79949   -0.79948   -0.79821   -0.79819
  -0.79711   -0.79710   -0.79199   -0.79197   -0.79021   -0.79021   -0.79020   -0.79019
  -0.35612   -0.35611   -0.32643   -0.32643   -0.32597   -0.32596   -0.31455   -0.31455
   0.10156    0.10157    0.11071    0.11071    0.12438    0.12438    0.12587    0.12588
   0.14419    0.14420    0.18984    0.18985    0.19371    0.19371    0.19640    0.19641
   0.24083    0.24083    0.25055    0.25055    0.26055    0.26056    0.26847    0.26847
   0.47669    0.47859
 kpt#  40, nband= 50, wtk=  0.00926, kpt=  0.1667  0.5000  0.1667 (reduced coord)
  -1.94326   -1.94324   -1.94301   -1.94299   -0.80072   -0.80071   -0.79828   -0.79828
  -0.79675   -0.79673   -0.79136   -0.79134   -0.79044   -0.79043   -0.78960   -0.78959
  -0.35512   -0.35511   -0.33243   -0.33242   -0.32176   -0.32175   -0.31427   -0.31427
   0.10605    0.10605    0.11255    0.11255    0.12332    0.12332    0.12871    0.12872
   0.15040    0.15041    0.17821    0.17823    0.19642    0.19642    0.20234    0.20234
   0.23465    0.23466    0.24905    0.24906    0.25456    0.25456    0.26731    0.26731
   0.47175    0.47259
 kpt#  41, nband= 50, wtk=  0.00926, kpt=  0.3333  0.5000  0.1667 (reduced coord)
  -1.94321   -1.94319   -1.94307   -1.94304   -0.80169   -0.80168   -0.80021   -0.80021
  -0.79495   -0.79493   -0.79179   -0.79178   -0.78967   -0.78966   -0.78876   -0.78875
  -0.35200   -0.35199   -0.33976   -0.33976   -0.31841   -0.31841   -0.31437   -0.31437
   0.11060    0.11060    0.11396    0.11397    0.13392    0.13393    0.13909    0.13910
   0.15808    0.15809    0.16650    0.16652    0.19901    0.19902    0.20581    0.20582
   0.21443    0.21444    0.23210    0.23211    0.25921    0.25922    0.26557    0.26557
   0.46250    0.46265
 kpt#  42, nband= 50, wtk=  0.00926, kpt=  0.5000  0.5000  0.1667 (reduced coord)
  -1.94315   -1.94313   -1.94313   -1.94311   -0.80152   -0.80152   -0.80151   -0.80151
  -0.79325   -0.79324   -0.79324   -0.79322   -0.78875   -0.78874   -0.78874   -0.78874
  -0.34671   -0.34671   -0.34670   -0.34670   -0.31581   -0.31581   -0.31581   -0.31581
   0.11242    0.11242    0.11242    0.11243    0.15010    0.15011    0.15011    0.15011
   0.15687    0.15687    0.15687    0.15688    0.19965    0.19966    0.19966    0.19966
   0.21504    0.21504    0.21504    0.21505    0.26383    0.26383    0.26383    0.26384
   0.45989    0.45989
 kpt#  43, nband= 50, wtk=  0.00926, kpt= -0.3333  0.5000  0.1667 (reduced coord)
  -1.94321   -1.94319   -1.94307   -1.94304   -0.80169   -0.80168   -0.80021   -0.80021
  -0.79495   -0.79493   -0.79179   -0.79178   -0.78967   -0.78966   -0.78876   -0.78875
  -0.35200   -0.35199   -0.33977   -0.33976   -0.31841   -0.31840   -0.31437   -0.31437
   0.11060    0.11060    0.11396    0.11397    0.13392    0.13393    0.13909    0.13910
   0.15808    0.15809    0.16651    0.16651    0.19901    0.19902    0.20581    0.20581
   0.21443    0.21444    0.23210    0.23211    0.25921    0.25922    0.26557    0.26557
   0.46252    0.46281
 kpt#  44, nband= 50, wtk=  0.00926, kpt= -0.1667  0.5000  0.1667 (reduced coord)
  -1.94326   -1.94324   -1.94301   -1.94299   -0.80072   -0.80071   -0.79828   -0.79828
  -0.79675   -0.79673   -0.79136   -0.79134   -0.79044   -0.79043   -0.78960   -0.78959
  -0.35512   -0.35512   -0.33243   -0.33242   -0.32176   -0.32175   -0.31427   -0.31427
   0.10605    0.10605    0.11255    0.11255    0.12332    0.12332    0.12871    0.12872
   0.15040    0.15041    0.17822    0.17822    0.19642    0.19643    0.20233    0.20234
   0.23465    0.23466    0.24905    0.24906    0.25456    0.25456    0.26731    0.26732
   0.47191    0.47234
 kpt#  45, nband= 50, wtk=  0.00926, kpt=  0.0000 -0.3333  0.1667 (reduced coord)
  -1.94343   -1.94311   -1.94300   -1.94296   -0.80172   -0.80138   -0.80083   -0.79710
  -0.79486   -0.79327   -0.79274   -0.79153   -0.79150   -0.79138   -0.78889   -0.78878
  -0.37381   -0.33723   -0.33084   -0.32720   -0.32574   -0.32140   -0.32122   -0.30740
   0.08624    0.08680    0.10245    0.11064    0.11462    0.12921    0.13670    0.14020
   0.14113    0.15640    0.16937    0.17938    0.19534    0.20333    0.21272    0.22997
   0.24102    0.24143    0.24806    0.24950    0.25099    0.26458    0.26621    0.26813
   0.46821    0.47042
 kpt#  46, nband= 50, wtk=  0.00926, kpt=  0.1667 -0.3333  0.1667 (reduced coord)
  -1.94340   -1.94310   -1.94302   -1.94299   -0.80171   -0.80162   -0.80111   -0.79592
  -0.79544   -0.79488   -0.79285   -0.79131   -0.79098   -0.79073   -0.78934   -0.78811
  -0.37106   -0.33831   -0.33384   -0.33024   -0.32305   -0.32166   -0.31948   -0.30827
   0.08953    0.09472    0.10546    0.11059    0.11898    0.12875    0.13734    0.13897
   0.14525    0.16128    0.16716    0.16975    0.19539    0.20868    0.21208    0.23020
   0.23180    0.23685    0.24620    0.24835    0.25286    0.25398    0.26394    0.26806
   0.46613    0.47369
 kpt#  47, nband= 50, wtk=  0.00926, kpt=  0.3333 -0.3333  0.1667 (reduced coord)
  -1.94332   -1.94309   -1.94308   -1.94303   -0.80163   -0.80157   -0.80150   -0.79778
  -0.79566   -0.79383   -0.79364   -0.79033   -0.79023   -0.79017   -0.78982   -0.78788
  -0.36328   -0.33993   -0.33969   -0.33762   -0.31997   -0.31851   -0.31830   -0.31074
   0.09890    0.11151    0.11201    0.11234    0.12865    0.13106    0.13133    0.14155
   0.15530    0.15592    0.16108    0.17865    0.19139    0.20566    0.21216    0.21280
   0.21873    0.23177    0.23185    0.23583    0.25552    0.26026    0.26116    0.26703
   0.46201    0.47001
 kpt#  48, nband= 50, wtk=  0.00926, kpt=  0.5000 -0.3333  0.1667 (reduced coord)
  -1.94321   -1.94319   -1.94306   -1.94304   -0.80169   -0.80168   -0.80020   -0.80020
  -0.79495   -0.79493   -0.79179   -0.79178   -0.78967   -0.78966   -0.78876   -0.78875
  -0.35201   -0.35200   -0.33976   -0.33976   -0.31841   -0.31841   -0.31437   -0.31436
   0.11059    0.11060    0.11395    0.11395    0.13395    0.13396    0.13912    0.13912
   0.15804    0.15805    0.16652    0.16653    0.19904    0.19905    0.20578    0.20578
   0.21443    0.21443    0.23213    0.23213    0.25924    0.25925    0.26553    0.26553
   0.46253    0.46285
 kpt#  49, nband= 50, wtk=  0.00926, kpt= -0.3333 -0.3333  0.1667 (reduced coord)
  -1.94332   -1.94309   -1.94308   -1.94303   -0.80162   -0.80157   -0.80150   -0.79778
  -0.79566   -0.79383   -0.79364   -0.79033   -0.79023   -0.79017   -0.78982   -0.78788
  -0.36328   -0.33993   -0.33969   -0.33762   -0.31997   -0.31852   -0.31829   -0.31074
   0.09890    0.11151    0.11201    0.11234    0.12865    0.13107    0.13133    0.14155
   0.15530    0.15592    0.16108    0.17865    0.19139    0.20566    0.21216    0.21280
   0.21873    0.23177    0.23185    0.23583    0.25552    0.26026    0.26116    0.26703
   0.46203    0.47000
 kpt#  50, nband= 50, wtk=  0.00926, kpt= -0.1667 -0.3333  0.1667 (reduced coord)
  -1.94340   -1.94310   -1.94302   -1.94299   -0.80171   -0.80162   -0.80111   -0.79592
  -0.79544   -0.79488   -0.79285   -0.79131   -0.79098   -0.79073   -0.78934   -0.78811
  -0.37106   -0.33831   -0.33384   -0.33024   -0.32305   -0.32166   -0.31948   -0.30827
   0.08953    0.09472    0.10546    0.11059    0.11898    0.12875    0.13734    0.13897
   0.14525    0.16128    0.16716    0.16975    0.19539    0.20868    0.21208    0.23020
   0.23180    0.23685    0.24620    0.24835    0.25286    0.25398    0.26394    0.26806
   0.46645    0.47341
 kpt#  51, nband= 50, wtk=  0.00926, kpt=  0.0000 -0.1667  0.1667 (reduced coord)
  -1.94355   -1.94302   -1.94299   -1.94295   -0.80364   -0.80347   -0.80331   -0.79506
  -0.79359   -0.79245   -0.79223   -0.79219   -0.79126   -0.79058   -0.78779   -0.78767
  -0.38618   -0.33448   -0.32783   -0.32623   -0.32527   -0.32238   -0.31784   -0.30192
   0.07144    0.07565    0.08041    0.10501    0.10761    0.12322    0.15219    0.15280
   0.15576    0.15773    0.16500    0.16907    0.21672    0.22508    0.22642    0.23298
   0.24205    0.24246    0.24541    0.25029    0.25466    0.26415    0.26438    0.26613
   0.45373    0.45683
 kpt#  52, nband= 50, wtk=  0.00926, kpt=  0.1667 -0.1667  0.1667 (reduced coord)
  -1.94351   -1.94302   -1.94299   -1.94298   -0.80305   -0.80293   -0.80283   -0.79453
  -0.79432   -0.79343   -0.79197   -0.79194   -0.79189   -0.79077   -0.78844   -0.78741
  -0.38220   -0.33441   -0.32823   -0.32746   -0.32456   -0.32183   -0.32108   -0.30365
   0.08067    0.08081    0.08161    0.10618    0.11149    0.13332    0.14749    0.14798
   0.15499    0.15943    0.15961    0.16234    0.22078    0.22344    0.22378    0.22406
   0.24243    0.24418    0.24511    0.24952    0.25098    0.25850    0.25883    0.26791
   0.45980    0.46098
 kpt#  53, nband= 50, wtk=  0.00926, kpt=  0.3333 -0.1667  0.1667 (reduced coord)
  -1.94340   -1.94310   -1.94301   -1.94299   -0.80171   -0.80162   -0.80112   -0.79591
  -0.79542   -0.79489   -0.79286   -0.79131   -0.79098   -0.79073   -0.78934   -0.78811
  -0.37106   -0.33835   -0.33385   -0.33019   -0.32304   -0.32172   -0.31943   -0.30827
   0.08953    0.09470    0.10547    0.11057    0.11898    0.12879    0.13727    0.13900
   0.14531    0.16129    0.16714    0.16969    0.19539    0.20877    0.21206    0.22999
   0.23194    0.23690    0.24619    0.24824    0.25286    0.25416    0.26389    0.26803
   0.46615    0.47363
 kpt#  54, nband= 50, wtk=  0.00926, kpt=  0.5000 -0.1667  0.1667 (reduced coord)
  -1.94326   -1.94324   -1.94301   -1.94299   -0.80073   -0.80072   -0.79828   -0.79827
  -0.79675   -0.79673   -0.79136   -0.79135   -0.79044   -0.79042   -0.78960   -0.78959
  -0.35513   -0.35513   -0.33242   -0.33242   -0.32175   -0.32175   -0.31426   -0.31426
   0.10604    0.10604    0.11252    0.11252    0.12324    0.12324    0.12885    0.12885
   0.15041    0.15042    0.17819    0.17820    0.19638    0.19638    0.20236    0.20236
   0.23466    0.23467    0.24907    0.24907    0.25461    0.25461    0.26726    0.26726
   0.47187    0.47524
 kpt#  55, nband= 50, wtk=  0.00926, kpt= -0.3333 -0.1667  0.1667 (reduced coord)
  -1.94340   -1.94310   -1.94301   -1.94299   -0.80171   -0.80162   -0.80112   -0.79591
  -0.79542   -0.79489   -0.79286   -0.79131   -0.79098   -0.79073   -0.78934   -0.78811
  -0.37106   -0.33835   -0.33385   -0.33019   -0.32304   -0.32172   -0.31943   -0.30827
   0.08953    0.09470    0.10547    0.11057    0.11898    0.12879    0.13727    0.13900
   0.14531    0.16129    0.16714    0.16969    0.19539    0.20877    0.21206    0.22999
   0.23194    0.23690    0.24619    0.24825    0.25286    0.25416    0.26388    0.26803
   0.46617    0.47362
 kpt#  56, nband= 50, wtk=  0.00926, kpt= -0.1667 -0.1667  0.1667 (reduced coord)
  -1.94351   -1.94302   -1.94299   -1.94298   -0.80304   -0.80293   -0.80283   -0.79453
  -0.79432   -0.79343   -0.79197   -0.79194   -0.79189   -0.79077   -0.78844   -0.78741
  -0.38220   -0.33441   -0.32823   -0.32745   -0.32456   -0.32183   -0.32107   -0.30365
   0.08067    0.08081    0.08161    0.10618    0.11149    0.13332    0.14749    0.14797
   0.15499    0.15943    0.15961    0.16234    0.22078    0.22344    0.22378    0.22406
   0.24243    0.24418    0.24512    0.24952    0.25098    0.25850    0.25883    0.26791
   0.45980    0.46099
 kpt#  57, nband= 50, wtk=  0.00926, kpt=  0.0000  0.0000  0.3333 (reduced coord)
  -1.94348   -1.94314   -1.94295   -1.94295   -0.80228   -0.80228   -0.80110   -0.79623
  -0.79623   -0.79300   -0.79284   -0.79283   -0.79034   -0.79033   -0.78809   -0.78809
  -0.37816   -0.34077   -0.32890   -0.32550   -0.32549   -0.31895   -0.31894   -0.30812
   0.08231    0.08231    0.10963    0.11289    0.11297    0.13445    0.13490    0.13496
   0.14464    0.14465    0.18311    0.18321    0.19839    0.21782    0.21912    0.22011
   0.22511    0.22628    0.24369    0.24369    0.26697    0.26698    0.26862    0.26865
   0.45510    0.46590
 kpt#  58, nband= 50, wtk=  0.00926, kpt=  0.1667  0.0000  0.3333 (reduced coord)
  -1.94344   -1.94313   -1.94298   -1.94296   -0.80188   -0.80150   -0.80099   -0.79709
  -0.79571   -0.79400   -0.79235   -0.79212   -0.79112   -0.79037   -0.78858   -0.78814
  -0.37461   -0.33983   -0.32816   -0.32664   -0.32439   -0.32343   -0.31953   -0.30932
   0.08668    0.09076    0.10437    0.11354    0.11928    0.13371    0.13744    0.14371
   0.14437    0.14669    0.17122    0.17794    0.20181    0.20692    0.22074    0.22328
   0.22975    0.23509    0.23608    0.23883    0.25994    0.26018    0.26492    0.26604
   0.46086    0.46932
 kpt#  59, nband= 50, wtk=  0.00926, kpt=  0.3333  0.0000  0.3333 (reduced coord)
  -1.94334   -1.94310   -1.94307   -1.94299   -0.80066   -0.80059   -0.79936   -0.79855
  -0.79621   -0.79431   -0.79334   -0.79112   -0.79105   -0.79080   -0.78965   -0.78860
  -0.36468   -0.33718   -0.33536   -0.32955   -0.32620   -0.32159   -0.32090   -0.31257
   0.09807    0.10738    0.11152    0.11584    0.11943    0.13166    0.13501    0.14246
   0.15134    0.15637    0.17116    0.17462    0.19227    0.20378    0.21033    0.21602
   0.22038    0.23408    0.23577    0.24302    0.24944    0.25197    0.25773    0.26245
   0.47124    0.47408
 kpt#  60, nband= 50, wtk=  0.00926, kpt=  0.5000  0.0000  0.3333 (reduced coord)
  -1.94322   -1.94320   -1.94305   -1.94303   -0.79980   -0.79980   -0.79865   -0.79864
  -0.79639   -0.79637   -0.79242   -0.79241   -0.79030   -0.79029   -0.78969   -0.78968
  -0.35049   -0.35049   -0.33346   -0.33346   -0.32365   -0.32365   -0.31695   -0.31695
   0.11123    0.11123    0.11901    0.11901    0.11974    0.11975    0.14619    0.14620
   0.14658    0.14658    0.18451    0.18452    0.19139    0.19139    0.20452    0.20452
   0.21640    0.21641    0.24563    0.24564    0.24829    0.24829    0.25743    0.25743
   0.47359    0.47512
 kpt#  61, nband= 50, wtk=  0.00926, kpt= -0.3333  0.0000  0.3333 (reduced coord)
  -1.94334   -1.94310   -1.94307   -1.94299   -0.80066   -0.80059   -0.79936   -0.79855
  -0.79621   -0.79431   -0.79334   -0.79112   -0.79105   -0.79080   -0.78965   -0.78860
  -0.36468   -0.33718   -0.33536   -0.32955   -0.32620   -0.32160   -0.32090   -0.31257
   0.09807    0.10738    0.11151    0.11585    0.11943    0.13166    0.13501    0.14246
   0.15134    0.15637    0.17116    0.17462    0.19227    0.20378    0.21033    0.21602
   0.22038    0.23408    0.23577    0.24302    0.24944    0.25197    0.25773    0.26245
   0.47303    0.47439
 kpt#  62, nband= 50, wtk=  0.00926, kpt= -0.1667  0.0000  0.3333 (reduced coord)
  -1.94344   -1.94313   -1.94298   -1.94296   -0.80188   -0.80150   -0.80099   -0.79709
  -0.79571   -0.79400   -0.79235   -0.79212   -0.79112   -0.79037   -0.78858   -0.78814
  -0.37461   -0.33983   -0.32816   -0.32664   -0.32438   -0.32344   -0.31953   -0.30932
   0.08668    0.09076    0.10438    0.11354    0.11927    0.13371    0.13744    0.14371
   0.14437    0.14669    0.17122    0.17794    0.20181    0.20692    0.22074    0.22328
   0.22975    0.23509    0.23608    0.23883    0.25994    0.26018    0.26492    0.26604
   0.46086    0.46929
 kpt#  63, nband= 50, wtk=  0.00926, kpt=  0.0000  0.1667  0.3333 (reduced coord)
  -1.94344   -1.94313   -1.94298   -1.94296   -0.80190   -0.80148   -0.80099   -0.79710
  -0.79570   -0.79400   -0.79235   -0.79212   -0.79111   -0.79038   -0.78858   -0.78814
  -0.37461   -0.33984   -0.32815   -0.32670   -0.32428   -0.32352   -0.31949   -0.30932
   0.08667    0.09077    0.10438    0.11355    0.11924    0.13365    0.13747    0.14330
   0.14486    0.14662    0.17118    0.17804    0.20176    0.20668    0.22077    0.22373
   0.22982    0.23472    0.23612    0.23884    0.25989    0.26020    0.26493    0.26605
   0.46086    0.46925
 kpt#  64, nband= 50, wtk=  0.00926, kpt=  0.1667  0.1667  0.3333 (reduced coord)
  -1.94341   -1.94312   -1.94299   -1.94299   -0.80184   -0.80167   -0.80111   -0.79597
  -0.79573   -0.79509   -0.79199   -0.79185   -0.79179   -0.79007   -0.78868   -0.78812
  -0.37161   -0.34033   -0.32937   -0.32882   -0.32634   -0.32038   -0.31985   -0.31016
   0.09451    0.09473    0.10361    0.11739    0.11981    0.13723    0.13735    0.14472
   0.14654    0.15188    0.16454    0.16537    0.20547    0.21800    0.21887    0.21999
   0.23253    0.23257    0.23342    0.23673    0.25323    0.25747    0.25752    0.26051
   0.46457    0.47016
 kpt#  65, nband= 50, wtk=  0.00926, kpt=  0.3333  0.1667  0.3333 (reduced coord)
  -1.94332   -1.94310   -1.94307   -1.94302   -0.80181   -0.80140   -0.80124   -0.79747
  -0.79566   -0.79339   -0.79335   -0.79102   -0.79082   -0.79007   -0.78931   -0.78855
  -0.36320   -0.34027   -0.33837   -0.33421   -0.32279   -0.31933   -0.31809   -0.31247
   0.10439    0.10846    0.11374    0.11993    0.12113    0.13524    0.13890    0.14245
   0.15138    0.15211    0.15961    0.17346    0.20132    0.20708    0.21289    0.22139
   0.22584    0.23117    0.23279    0.23570    0.24378    0.24728    0.25050    0.25781
   0.46896    0.47457
 kpt#  66, nband= 50, wtk=  0.00926, kpt=  0.5000  0.1667  0.3333 (reduced coord)
  -1.94321   -1.94319   -1.94306   -1.94304   -0.80165   -0.80165   -0.79980   -0.79979
  -0.79475   -0.79474   -0.79108   -0.79107   -0.79011   -0.79010   -0.78973   -0.78972
  -0.35113   -0.35113   -0.33824   -0.33824   -0.31992   -0.31992   -0.31554   -0.31553
   0.11502    0.11502    0.12086    0.12086    0.12371    0.12371    0.13971    0.13972
   0.15332    0.15332    0.17346    0.17346    0.20228    0.20229    0.20576    0.20576
   0.22101    0.22101    0.23982    0.23983    0.24094    0.24095    0.25472    0.25473
   0.47155    0.47158
 kpt#  67, nband= 50, wtk=  0.00926, kpt= -0.3333  0.1667  0.3333 (reduced coord)
  -1.94332   -1.94310   -1.94307   -1.94302   -0.80181   -0.80140   -0.80124   -0.79747
  -0.79566   -0.79339   -0.79335   -0.79103   -0.79082   -0.79007   -0.78930   -0.78855
  -0.36320   -0.34027   -0.33837   -0.33421   -0.32279   -0.31933   -0.31809   -0.31247
   0.10439    0.10846    0.11374    0.11993    0.12113    0.13524    0.13890    0.14245
   0.15138    0.15211    0.15961    0.17346    0.20132    0.20708    0.21289    0.22139
   0.22584    0.23117    0.23279    0.23570    0.24378    0.24728    0.25050    0.25781
   0.46889    0.47502
 kpt#  68, nband= 50, wtk=  0.00926, kpt= -0.1667  0.1667  0.3333 (reduced coord)
  -1.94341   -1.94312   -1.94299   -1.94299   -0.80184   -0.80167   -0.80111   -0.79597
  -0.79573   -0.79509   -0.79199   -0.79185   -0.79179   -0.79007   -0.78868   -0.78812
  -0.37161   -0.34033   -0.32937   -0.32882   -0.32634   -0.32038   -0.31985   -0.31016
   0.09451    0.09473    0.10361    0.11739    0.11981    0.13723    0.13735    0.14472
   0.14654    0.15188    0.16454    0.16537    0.20547    0.21800    0.21887    0.21999
   0.23253    0.23258    0.23342    0.23673    0.25323    0.25747    0.25752    0.26051
   0.46457    0.46994
 kpt#  69, nband= 50, wtk=  0.00926, kpt=  0.0000  0.3333  0.3333 (reduced coord)
  -1.94334   -1.94310   -1.94307   -1.94299   -0.80067   -0.80059   -0.79934   -0.79856
  -0.79623   -0.79430   -0.79333   -0.79112   -0.79105   -0.79080   -0.78965   -0.78860
  -0.36469   -0.33721   -0.33536   -0.32966   -0.32617   -0.32122   -0.32116   -0.31256
   0.09806    0.10738    0.11152    0.11589    0.11937    0.13163    0.13492    0.14242
   0.15133    0.15651    0.17123    0.17465    0.19218    0.20370    0.21035    0.21605
   0.22045    0.23413    0.23586    0.24290    0.24942    0.25191    0.25778    0.26244
   0.47204    0.47428
 kpt#  70, nband= 50, wtk=  0.00926, kpt=  0.1667  0.3333  0.3333 (reduced coord)
  -1.94332   -1.94310   -1.94307   -1.94302   -0.80181   -0.80140   -0.80124   -0.79747
  -0.79566   -0.79338   -0.79335   -0.79102   -0.79082   -0.79006   -0.78931   -0.78855
  -0.36320   -0.34028   -0.33836   -0.33426   -0.32278   -0.31926   -0.31812   -0.31246
   0.10438    0.10845    0.11375    0.12003    0.12103    0.13513    0.13888    0.14240
   0.15140    0.15224    0.15962    0.17351    0.20125    0.20701    0.21296    0.22138
   0.22588    0.23127    0.23286    0.23556    0.24371    0.24736    0.25045    0.25783
   0.46887    0.47461
 kpt#  71, nband= 50, wtk=  0.00926, kpt=  0.3333  0.3333  0.3333 (reduced coord)
  -1.94326   -1.94310   -1.94308   -1.94307   -0.80280   -0.80271   -0.80270   -0.80009
  -0.79287   -0.79253   -0.79234   -0.79030   -0.79021   -0.78957   -0.78940   -0.78829
  -0.35877   -0.34407   -0.34293   -0.34275   -0.31803   -0.31564   -0.31548   -0.31245
   0.11404    0.11829    0.11881    0.12129    0.12894    0.14068    0.14098    0.14463
   0.14998    0.15016    0.15062    0.18296    0.19365    0.21728    0.21945    0.22019
   0.22212    0.22542    0.22548    0.22718    0.23038    0.24240    0.24352    0.25265
   0.46570    0.47392
 kpt#  72, nband= 50, wtk=  0.00926, kpt=  0.5000  0.3333  0.3333 (reduced coord)
  -1.94318   -1.94316   -1.94309   -1.94307   -0.80330   -0.80330   -0.80213   -0.80213
  -0.79248   -0.79247   -0.79042   -0.79041   -0.78948   -0.78947   -0.78905   -0.78905
  -0.35165   -0.35165   -0.34510   -0.34510   -0.31540   -0.31540   -0.31327   -0.31327
   0.12093    0.12094    0.12314    0.12315    0.13327    0.13327    0.14022    0.14022
   0.15476    0.15476    0.17106    0.17107    0.20149    0.20150    0.21341    0.21341
   0.21951    0.21952    0.22380    0.22380    0.23754    0.23755    0.24976    0.24977
   0.46584    0.46646
 kpt#  73, nband= 50, wtk=  0.00926, kpt= -0.3333  0.3333  0.3333 (reduced coord)
  -1.94326   -1.94310   -1.94308   -1.94307   -0.80280   -0.80271   -0.80270   -0.80009
  -0.79287   -0.79253   -0.79234   -0.79030   -0.79021   -0.78957   -0.78940   -0.78829
  -0.35876   -0.34407   -0.34294   -0.34275   -0.31803   -0.31565   -0.31547   -0.31245
   0.11404    0.11829    0.11881    0.12129    0.12894    0.14068    0.14098    0.14463
   0.14998    0.15016    0.15062    0.18296    0.19365    0.21728    0.21945    0.22019
   0.22212    0.22542    0.22548    0.22718    0.23038    0.24240    0.24351    0.25265
   0.46569    0.47454
 kpt#  74, nband= 50, wtk=  0.00926, kpt= -0.1667  0.3333  0.3333 (reduced coord)
  -1.94332   -1.94310   -1.94307   -1.94302   -0.80181   -0.80140   -0.80124   -0.79747
  -0.79566   -0.79338   -0.79335   -0.79102   -0.79082   -0.79006   -0.78931   -0.78855
  -0.36320   -0.34028   -0.33836   -0.33426   -0.32278   -0.31926   -0.31812   -0.31246
   0.10438    0.10845    0.11375    0.12003    0.12103    0.13513    0.13888    0.14240
   0.15140    0.15224    0.15962    0.17351    0.20125    0.20701    0.21296    0.22138
   0.22588    0.23127    0.23286    0.23556    0.24371    0.24736    0.25045    0.25783
   0.46884    0.47523
 kpt#  75, nband= 50, wtk=  0.00926, kpt=  0.0000  0.5000  0.3333 (reduced coord)
  -1.94322   -1.94320   -1.94306   -1.94303   -0.79980   -0.79979   -0.79867   -0.79867
  -0.79637   -0.79635   -0.79242   -0.79240   -0.79030   -0.79029   -0.78969   -0.78968
  -0.35050   -0.35050   -0.33353   -0.33352   -0.32360   -0.32359   -0.31692   -0.31692
   0.11125    0.11125    0.11918    0.11918    0.11947    0.11947    0.14625    0.14626
   0.14653    0.14653    0.18457    0.18458    0.19143    0.19143    0.20455    0.20455
   0.21632    0.21633    0.24568    0.24569    0.24829    0.24829    0.25740    0.25740
   0.47351    0.47422
 kpt#  76, nband= 50, wtk=  0.00926, kpt=  0.1667  0.5000  0.3333 (reduced coord)
  -1.94321   -1.94319   -1.94307   -1.94304   -0.80165   -0.80164   -0.79981   -0.79980
  -0.79474   -0.79473   -0.79107   -0.79106   -0.79011   -0.79010   -0.78973   -0.78972
  -0.35113   -0.35113   -0.33827   -0.33827   -0.31990   -0.31989   -0.31552   -0.31552
   0.11504    0.11505    0.12085    0.12085    0.12364    0.12364    0.13971    0.13972
   0.15333    0.15333    0.17350    0.17351    0.20237    0.20237    0.20571    0.20571
   0.22094    0.22095    0.23994    0.23994    0.24088    0.24089    0.25471    0.25472
   0.47146    0.47179
 kpt#  77, nband= 50, wtk=  0.00926, kpt=  0.3333  0.5000  0.3333 (reduced coord)
  -1.94318   -1.94316   -1.94310   -1.94307   -0.80330   -0.80330   -0.80213   -0.80213
  -0.79248   -0.79246   -0.79042   -0.79041   -0.78948   -0.78947   -0.78906   -0.78905
  -0.35165   -0.35164   -0.34512   -0.34511   -0.31539   -0.31539   -0.31327   -0.31327
   0.12091    0.12091    0.12318    0.12319    0.13323    0.13323    0.14018    0.14018
   0.15483    0.15483    0.17104    0.17105    0.20150    0.20150    0.21345    0.21346
   0.21954    0.21954    0.22368    0.22370    0.23758    0.23759    0.24977    0.24977
   0.46580    0.46589
 kpt#  78, nband= 50, wtk=  0.00926, kpt=  0.5000  0.5000  0.3333 (reduced coord)
  -1.94315   -1.94313   -1.94313   -1.94311   -0.80349   -0.80349   -0.80349   -0.80348
  -0.79114   -0.79113   -0.79113   -0.79112   -0.78874   -0.78873   -0.78873   -0.78873
  -0.34989   -0.34989   -0.34988   -0.34988   -0.31297   -0.31297   -0.31297   -0.31297
   0.12301    0.12301    0.12301    0.12302    0.14040    0.14040    0.14041    0.14041
   0.16507    0.16507    0.16507    0.16508    0.20583    0.20583    0.20584    0.20584
   0.21468    0.21468    0.21469    0.21469    0.24557    0.24558    0.24558    0.24559
   0.46417    0.46417
 kpt#  79, nband= 50, wtk=  0.00926, kpt= -0.3333  0.5000  0.3333 (reduced coord)
  -1.94318   -1.94316   -1.94310   -1.94307   -0.80330   -0.80330   -0.80213   -0.80213
  -0.79248   -0.79246   -0.79042   -0.79041   -0.78948   -0.78947   -0.78905   -0.78905
  -0.35165   -0.35165   -0.34512   -0.34511   -0.31539   -0.31539   -0.31327   -0.31327
   0.12091    0.12091    0.12318    0.12319    0.13323    0.13324    0.14018    0.14018
   0.15483    0.15483    0.17104    0.17104    0.20150    0.20150    0.21345    0.21345
   0.21954    0.21955    0.22368    0.22370    0.23758    0.23759    0.24976    0.24977
   0.46580    0.46604
 kpt#  80, nband= 50, wtk=  0.00926, kpt= -0.1667  0.5000  0.3333 (reduced coord)
  -1.94321   -1.94319   -1.94307   -1.94304   -0.80165   -0.80164   -0.79981   -0.79980
  -0.79474   -0.79473   -0.79107   -0.79106   -0.79011   -0.79010   -0.78973   -0.78972
  -0.35113   -0.35113   -0.33827   -0.33827   -0.31990   -0.31989   -0.31552   -0.31552
   0.11504    0.11504    0.12085    0.12085    0.12363    0.12364    0.13971    0.13972
   0.15333    0.15333    0.17351    0.17351    0.20237    0.20238    0.20571    0.20571
   0.22094    0.22094    0.23993    0.23995    0.24088    0.24089    0.25471    0.25472
   0.47144    0.47154
 kpt#  81, nband= 50, wtk=  0.00926, kpt=  0.0000 -0.3333  0.3333 (reduced coord)
  -1.94334   -1.94310   -1.94307   -1.94299   -0.80067   -0.80059   -0.79934   -0.79856
  -0.79623   -0.79430   -0.79333   -0.79112   -0.79105   -0.79080   -0.78965   -0.78860
  -0.36469   -0.33721   -0.33536   -0.32966   -0.32617   -0.32122   -0.32116   -0.31256
   0.09806    0.10738    0.11152    0.11589    0.11937    0.13163    0.13492    0.14242
   0.15133    0.15651    0.17123    0.17465    0.19218    0.20370    0.21035    0.21605
   0.22045    0.23413    0.23586    0.24290    0.24942    0.25191    0.25778    0.26244
   0.47132    0.47428
 kpt#  82, nband= 50, wtk=  0.00926, kpt=  0.1667 -0.3333  0.3333 (reduced coord)
  -1.94332   -1.94310   -1.94307   -1.94302   -0.80181   -0.80140   -0.80124   -0.79747
  -0.79566   -0.79338   -0.79335   -0.79102   -0.79082   -0.79006   -0.78931   -0.78855
  -0.36320   -0.34028   -0.33836   -0.33426   -0.32278   -0.31926   -0.31812   -0.31246
   0.10438    0.10845    0.11375    0.12003    0.12103    0.13513    0.13888    0.14240
   0.15140    0.15224    0.15962    0.17351    0.20125    0.20701    0.21296    0.22138
   0.22588    0.23127    0.23286    0.23556    0.24371    0.24736    0.25045    0.25783
   0.46885    0.47470
 kpt#  83, nband= 50, wtk=  0.00926, kpt=  0.3333 -0.3333  0.3333 (reduced coord)
  -1.94326   -1.94310   -1.94308   -1.94307   -0.80280   -0.80271   -0.80270   -0.80009
  -0.79287   -0.79253   -0.79234   -0.79030   -0.79021   -0.78957   -0.78940   -0.78829
  -0.35877   -0.34407   -0.34293   -0.34275   -0.31803   -0.31564   -0.31548   -0.31245
   0.11404    0.11829    0.11881    0.12129    0.12894    0.14068    0.14098    0.14463
   0.14998    0.15016    0.15062    0.18296    0.19365    0.21728    0.21945    0.22019
   0.22212    0.22542    0.22548    0.22718    0.23038    0.24240    0.24352    0.25265
   0.46571    0.47366
 kpt#  84, nband= 50, wtk=  0.00926, kpt=  0.5000 -0.3333  0.3333 (reduced coord)
  -1.94318   -1.94316   -1.94309   -1.94307   -0.80330   -0.80330   -0.80213   -0.80213
  -0.79248   -0.79247   -0.79042   -0.79041   -0.78948   -0.78947   -0.78905   -0.78905
  -0.35165   -0.35165   -0.34510   -0.34510   -0.31540   -0.31540   -0.31327   -0.31327
   0.12093    0.12094    0.12314    0.12315    0.13327    0.13327    0.14022    0.14022
   0.15476    0.15476    0.17106    0.17107    0.20149    0.20150    0.21341    0.21341
   0.21951    0.21952    0.22380    0.22380    0.23754    0.23755    0.24976    0.24977
   0.46586    0.46599
 kpt#  85, nband= 50, wtk=  0.00926, kpt= -0.3333 -0.3333  0.3333 (reduced coord)
  -1.94326   -1.94310   -1.94308   -1.94307   -0.80280   -0.80271   -0.80270   -0.80009
  -0.79287   -0.79253   -0.79234   -0.79030   -0.79021   -0.78957   -0.78940   -0.78829
  -0.35876   -0.34407   -0.34294   -0.34275   -0.31803   -0.31565   -0.31547   -0.31245
   0.11404    0.11829    0.11881    0.12129    0.12894    0.14068    0.14098    0.14463
   0.14998    0.15016    0.15062    0.18296    0.19365    0.21728    0.21945    0.22019
   0.22212    0.22542    0.22548    0.22718    0.23038    0.24240    0.24351    0.25265
   0.46569    0.47360
 kpt#  86, nband= 50, wtk=  0.00926, kpt= -0.1667 -0.3333  0.3333 (reduced coord)
  -1.94332   -1.94310   -1.94307   -1.94302   -0.80181   -0.80140   -0.80124   -0.79747
  -0.79566   -0.79338   -0.79335   -0.79102   -0.79082   -0.79006   -0.78931   -0.78855
  -0.36320   -0.34028   -0.33836   -0.33426   -0.32278   -0.31926   -0.31812   -0.31246
   0.10438    0.10845    0.11375    0.12003    0.12103    0.13513    0.13888    0.14240
   0.15140    0.15224    0.15962    0.17351    0.20125    0.20701    0.21296    0.22138
   0.22588    0.23127    0.23286    0.23556    0.24371    0.24736    0.25045    0.25783
   0.46885    0.47483
 kpt#  87, nband= 50, wtk=  0.00926, kpt=  0.0000 -0.1667  0.3333 (reduced coord)
  -1.94344   -1.94313   -1.94298   -1.94296   -0.80190   -0.80148   -0.80099   -0.79710
  -0.79570   -0.79400   -0.79235   -0.79212   -0.79111   -0.79038   -0.78858   -0.78814
  -0.37461   -0.33984   -0.32815   -0.32670   -0.32428   -0.32352   -0.31949   -0.30932
   0.08667    0.09077    0.10438    0.11355    0.11924    0.13365    0.13747    0.14330
   0.14486    0.14662    0.17118    0.17804    0.20176    0.20668    0.22077    0.22373
   0.22982    0.23472    0.23612    0.23884    0.25989    0.26020    0.26493    0.26605
   0.46086    0.46925
 kpt#  88, nband= 50, wtk=  0.00926, kpt=  0.1667 -0.1667  0.3333 (reduced coord)
  -1.94341   -1.94312   -1.94299   -1.94299   -0.80184   -0.80167   -0.80111   -0.79597
  -0.79573   -0.79509   -0.79199   -0.79185   -0.79179   -0.79007   -0.78868   -0.78812
  -0.37161   -0.34033   -0.32937   -0.32882   -0.32634   -0.32038   -0.31985   -0.31016
   0.09451    0.09473    0.10361    0.11739    0.11981    0.13723    0.13735    0.14472
   0.14654    0.15188    0.16454    0.16537    0.20547    0.21800    0.21887    0.21999
   0.23253    0.23257    0.23342    0.23673    0.25323    0.25747    0.25752    0.26051
   0.46457    0.46994
 kpt#  89, nband= 50, wtk=  0.00926, kpt=  0.3333 -0.1667  0.3333 (reduced coord)
  -1.94332   -1.94310   -1.94307   -1.94302   -0.80181   -0.80140   -0.80124   -0.79747
  -0.79566   -0.79339   -0.79335   -0.79102   -0.79082   -0.79007   -0.78931   -0.78855
  -0.36320   -0.34027   -0.33837   -0.33421   -0.32279   -0.31933   -0.31809   -0.31247
   0.10439    0.10846    0.11374    0.11993    0.12113    0.13524    0.13890    0.14245
   0.15138    0.15211    0.15961    0.17346    0.20132    0.20708    0.21289    0.22139
   0.22584    0.23117    0.23279    0.23570    0.24378    0.24728    0.25050    0.25781
   0.46894    0.47541
 kpt#  90, nband= 50, wtk=  0.00926, kpt=  0.5000 -0.1667  0.3333 (reduced coord)
  -1.94321   -1.94319   -1.94306   -1.94304   -0.80165   -0.80165   -0.79980   -0.79979
  -0.79475   -0.79474   -0.79108   -0.79107   -0.79011   -0.79010   -0.78973   -0.78972
  -0.35113   -0.35113   -0.33824   -0.33824   -0.31992   -0.31992   -0.31554   -0.31553
   0.11502    0.11502    0.12086    0.12086    0.12371    0.12371    0.13971    0.13972
   0.15332    0.15332    0.17346    0.17346    0.20228    0.20229    0.20576    0.20576
   0.22101    0.22101    0.23982    0.23983    0.24094    0.24095    0.25472    0.25473
   0.47156    0.47232
 kpt#  91, nband= 50, wtk=  0.00926, kpt= -0.3333 -0.1667  0.3333 (reduced coord)
  -1.94332   -1.94310   -1.94307   -1.94302   -0.80181   -0.80140   -0.80124   -0.79747
  -0.79566   -0.79339   -0.79335   -0.79103   -0.79082   -0.79007   -0.78930   -0.78855
  -0.36320   -0.34027   -0.33837   -0.33421   -0.32279   -0.31933   -0.31809   -0.31247
   0.10439    0.10846    0.11374    0.11993    0.12113    0.13524    0.13890    0.14245
   0.15138    0.15211    0.15961    0.17346    0.20132    0.20708    0.21289    0.22139
   0.22584    0.23117    0.23279    0.23570    0.24378    0.24728    0.25050    0.25781
   0.46895    0.47565
 kpt#  92, nband= 50, wtk=  0.00926, kpt= -0.1667 -0.1667  0.3333 (reduced coord)
  -1.94341   -1.94312   -1.94299   -1.94299   -0.80184   -0.80167   -0.80111   -0.79597
  -0.79573   -0.79509   -0.79199   -0.79185   -0.79179   -0.79007   -0.78868   -0.78812
  -0.37161   -0.34033   -0.32937   -0.32882   -0.32634   -0.32038   -0.31985   -0.31016
   0.09451    0.09473    0.10361    0.11739    0.11981    0.13723    0.13735    0.14472
   0.14654    0.15188    0.16454    0.16537    0.20547    0.21800    0.21887    0.21999
   0.23253    0.23258    0.23342    0.23673    0.25323    0.25747    0.25752    0.26051
   0.46457    0.46994
 kpt#  93, nband= 50, wtk=  0.00463, kpt=  0.0000  0.0000  0.5000 (reduced coord)
  -1.94331   -1.94331   -1.94295   -1.94295   -0.79929   -0.79929   -0.79928   -0.79928
  -0.79715   -0.79715   -0.79285   -0.79285   -0.78932   -0.78932   -0.78911   -0.78911
  -0.36020   -0.36020   -0.32218   -0.32218   -0.32216   -0.32216   -0.31886   -0.31885
   0.10669    0.10669    0.10716    0.10716    0.12207    0.12207    0.13142    0.13142
   0.15082    0.15082    0.17521    0.17521    0.20281    0.20281    0.20322    0.20322
   0.21828    0.21829    0.24870    0.24870    0.26903    0.26903    0.26959    0.26959
   0.46883    0.47203
 kpt#  94, nband= 50, wtk=  0.00926, kpt=  0.1667  0.0000  0.5000 (reduced coord)
  -1.94329   -1.94329   -1.94297   -1.94297   -0.79955   -0.79955   -0.79863   -0.79863
  -0.79764   -0.79764   -0.79221   -0.79221   -0.78997   -0.78997   -0.78907   -0.78907
  -0.35792   -0.35792   -0.32502   -0.32502   -0.32191   -0.32191   -0.31904   -0.31903
   0.10850    0.10850    0.11381    0.11381    0.12171    0.12171    0.12866    0.12866
   0.15818    0.15818    0.18065    0.18065    0.18972    0.18972    0.19899    0.19899
   0.23027    0.23027    0.24098    0.24098    0.26344    0.26345    0.26411    0.26411
   0.47143    0.47143
 kpt#  95, nband= 50, wtk=  0.00926, kpt=  0.3333  0.0000  0.5000 (reduced coord)
  -1.94322   -1.94322   -1.94304   -1.94303   -0.79983   -0.79983   -0.79867   -0.79867
  -0.79685   -0.79684   -0.79184   -0.79184   -0.79088   -0.79088   -0.78912   -0.78912
  -0.35149   -0.35149   -0.33259   -0.33258   -0.32121   -0.32121   -0.31954   -0.31954
   0.11159    0.11159    0.11866    0.11867    0.13007    0.13007    0.13090    0.13091
   0.16959    0.16959    0.17596    0.17597    0.18980    0.18980    0.19629    0.19629
   0.21736    0.21736    0.24077    0.24077    0.24942    0.24942    0.25813    0.25813
   0.47369    0.47504
 kpt#  96, nband= 50, wtk=  0.00463, kpt=  0.5000  0.0000  0.5000 (reduced coord)
  -1.94315   -1.94313   -1.94313   -1.94311   -0.79955   -0.79955   -0.79953   -0.79953
  -0.79438   -0.79437   -0.79437   -0.79435   -0.78973   -0.78973   -0.78971   -0.78971
  -0.34232   -0.34232   -0.34231   -0.34231   -0.32034   -0.32034   -0.32033   -0.32033
   0.11498    0.11499    0.11499    0.11499    0.13675    0.13676    0.13677    0.13678
   0.17755    0.17755    0.17756    0.17756    0.18691    0.18691    0.18692    0.18692
   0.22218    0.22218    0.22219    0.22219    0.25293    0.25294    0.25294    0.25294
   0.47390    0.47392
 kpt#  97, nband= 50, wtk=  0.00926, kpt=  0.0000  0.1667  0.5000 (reduced coord)
  -1.94329   -1.94329   -1.94297   -1.94297   -0.79956   -0.79956   -0.79862   -0.79862
  -0.79764   -0.79764   -0.79221   -0.79221   -0.78997   -0.78997   -0.78907   -0.78907
  -0.35793   -0.35792   -0.32510   -0.32510   -0.32182   -0.32182   -0.31903   -0.31903
   0.10847    0.10847    0.11383    0.11383    0.12171    0.12171    0.12866    0.12866
   0.15812    0.15812    0.18071    0.18071    0.18959    0.18959    0.19918    0.19918
   0.23020    0.23020    0.24101    0.24101    0.26345    0.26345    0.26409    0.26409
   0.47140    0.47140
 kpt#  98, nband= 50, wtk=  0.00926, kpt=  0.1667  0.1667  0.5000 (reduced coord)
  -1.94327   -1.94326   -1.94299   -1.94299   -0.80086   -0.80086   -0.79897   -0.79775
  -0.79681   -0.79681   -0.79180   -0.79180   -0.79087   -0.78941   -0.78918   -0.78901
  -0.35668   -0.35608   -0.32960   -0.32959   -0.31957   -0.31956   -0.31930   -0.31818
   0.11118    0.11121    0.11930    0.11933    0.12055    0.12326    0.12516    0.13247
   0.15494    0.17040    0.17495    0.17497    0.18418    0.18458    0.20918    0.20920
   0.23039    0.23043    0.23228    0.24211    0.25523    0.25704    0.25708    0.26019
   0.46800    0.47845
 kpt#  99, nband= 50, wtk=  0.00926, kpt=  0.3333  0.1667  0.5000 (reduced coord)
  -1.94321   -1.94321   -1.94305   -1.94305   -0.80189   -0.80131   -0.80067   -0.79914
  -0.79500   -0.79419   -0.79201   -0.79087   -0.79067   -0.79021   -0.78918   -0.78900
  -0.35241   -0.35141   -0.33740   -0.33678   -0.31895   -0.31839   -0.31756   -0.31722
   0.11424    0.11738    0.12061    0.12069    0.12919    0.13010    0.13320    0.13906
   0.15751    0.16149    0.16590    0.18352    0.19490    0.19562    0.20333    0.20854
   0.21223    0.22654    0.23586    0.23600    0.24128    0.24568    0.24697    0.25605
   0.46830    0.47992
 kpt# 100, nband= 50, wtk=  0.00926, kpt=  0.5000  0.1667  0.5000 (reduced coord)
  -1.94315   -1.94313   -1.94313   -1.94311   -0.80181   -0.80180   -0.80062   -0.80061
  -0.79343   -0.79342   -0.79186   -0.79185   -0.78985   -0.78984   -0.78954   -0.78952
  -0.34560   -0.34560   -0.34457   -0.34456   -0.31843   -0.31843   -0.31685   -0.31685
   0.11790    0.11791    0.12030    0.12030    0.13406    0.13407    0.13898    0.13899
   0.16574    0.16575    0.17296    0.17297    0.19775    0.19775    0.20342    0.20342
   0.21807    0.21807    0.21962    0.21962    0.24356    0.24356    0.25201    0.25201
   0.47116    0.47596
 kpt# 101, nband= 50, wtk=  0.00926, kpt= -0.3333  0.1667  0.5000 (reduced coord)
  -1.94321   -1.94321   -1.94305   -1.94305   -0.80189   -0.80131   -0.80067   -0.79914
  -0.79500   -0.79419   -0.79201   -0.79087   -0.79067   -0.79021   -0.78918   -0.78900
  -0.35241   -0.35141   -0.33740   -0.33678   -0.31895   -0.31839   -0.31756   -0.31722
   0.11424    0.11738    0.12061    0.12069    0.12919    0.13010    0.13320    0.13906
   0.15751    0.16149    0.16590    0.18352    0.19490    0.19562    0.20333    0.20854
   0.21223    0.22654    0.23586    0.23600    0.24128    0.24568    0.24697    0.25605
   0.46829    0.47901
 kpt# 102, nband= 50, wtk=  0.00926, kpt= -0.1667  0.1667  0.5000 (reduced coord)
  -1.94327   -1.94326   -1.94299   -1.94299   -0.80086   -0.80086   -0.79897   -0.79775
  -0.79681   -0.79681   -0.79180   -0.79180   -0.79087   -0.78941   -0.78918   -0.78901
  -0.35668   -0.35608   -0.32960   -0.32959   -0.31957   -0.31956   -0.31930   -0.31818
   0.11118    0.11121    0.11930    0.11933    0.12055    0.12326    0.12516    0.13247
   0.15494    0.17040    0.17495    0.17497    0.18418    0.18458    0.20918    0.20920
   0.23039    0.23043    0.23228    0.24211    0.25523    0.25704    0.25708    0.26019
   0.46800    0.47879
 kpt# 103, nband= 50, wtk=  0.00926, kpt=  0.0000  0.3333  0.5000 (reduced coord)
  -1.94322   -1.94322   -1.94304   -1.94303   -0.79984   -0.79984   -0.79868   -0.79868
  -0.79683   -0.79683   -0.79183   -0.79183   -0.79088   -0.79088   -0.78912   -0.78912
  -0.35151   -0.35151   -0.33265   -0.33265   -0.32114   -0.32114   -0.31951   -0.31951
   0.11156    0.11156    0.11865    0.11865    0.13005    0.13006    0.13090    0.13090
   0.16950    0.16950    0.17596    0.17596    0.18986    0.18986    0.19641    0.19641
   0.21739    0.21739    0.24073    0.24073    0.24943    0.24943    0.25809    0.25809
   0.47364    0.47466
 kpt# 104, nband= 50, wtk=  0.00926, kpt=  0.1667  0.3333  0.5000 (reduced coord)
  -1.94321   -1.94321   -1.94305   -1.94305   -0.80189   -0.80131   -0.80067   -0.79915
  -0.79500   -0.79419   -0.79201   -0.79087   -0.79067   -0.79020   -0.78918   -0.78900
  -0.35242   -0.35142   -0.33743   -0.33680   -0.31893   -0.31837   -0.31753   -0.31721
   0.11421    0.11737    0.12060    0.12067    0.12914    0.13012    0.13320    0.13909
   0.15750    0.16144    0.16594    0.18328    0.19517    0.19568    0.20337    0.20854
   0.21223    0.22657    0.23586    0.23593    0.24144    0.24558    0.24694    0.25602
   0.46823    0.47960
 kpt# 105, nband= 50, wtk=  0.00926, kpt=  0.3333  0.3333  0.5000 (reduced coord)
  -1.94318   -1.94317   -1.94308   -1.94308   -0.80325   -0.80325   -0.80279   -0.80137
  -0.79186   -0.79185   -0.79133   -0.79031   -0.79031   -0.78970   -0.78890   -0.78881
  -0.35247   -0.35128   -0.34415   -0.34414   -0.31627   -0.31436   -0.31436   -0.31415
   0.12331    0.12334    0.12435    0.12441    0.13216    0.13528    0.13849    0.13859
   0.15567    0.15574    0.16252    0.19013    0.19496    0.19581    0.21513    0.21931
   0.21946    0.22242    0.22245    0.22845    0.23141    0.23501    0.23514    0.24785
   0.46799    0.47167
 kpt# 106, nband= 50, wtk=  0.00926, kpt=  0.5000  0.3333  0.5000 (reduced coord)
  -1.94315   -1.94313   -1.94313   -1.94311   -0.80379   -0.80379   -0.80303   -0.80302
  -0.79124   -0.79124   -0.79004   -0.79003   -0.78952   -0.78952   -0.78914   -0.78913
  -0.34983   -0.34983   -0.34909   -0.34909   -0.31410   -0.31410   -0.31283   -0.31283
   0.12589    0.12589    0.12902    0.12902    0.13305    0.13306    0.13664    0.13664
   0.16400    0.16400    0.17251    0.17252    0.20469    0.20469    0.20498    0.20499
   0.21962    0.21962    0.22339    0.22340    0.22808    0.22809    0.24369    0.24369
   0.46768    0.46789
 kpt# 107, nband= 50, wtk=  0.00926, kpt= -0.3333  0.3333  0.5000 (reduced coord)
  -1.94318   -1.94317   -1.94308   -1.94308   -0.80325   -0.80325   -0.80279   -0.80137
  -0.79186   -0.79185   -0.79133   -0.79031   -0.79031   -0.78970   -0.78890   -0.78881
  -0.35247   -0.35128   -0.34415   -0.34414   -0.31627   -0.31436   -0.31436   -0.31415
   0.12331    0.12334    0.12435    0.12441    0.13216    0.13528    0.13849    0.13859
   0.15567    0.15574    0.16252    0.19013    0.19496    0.19581    0.21513    0.21931
   0.21946    0.22242    0.22245    0.22845    0.23141    0.23501    0.23514    0.24785
   0.46795    0.47162
 kpt# 108, nband= 50, wtk=  0.00926, kpt= -0.1667  0.3333  0.5000 (reduced coord)
  -1.94321   -1.94321   -1.94305   -1.94305   -0.80189   -0.80131   -0.80067   -0.79915
  -0.79500   -0.79419   -0.79201   -0.79087   -0.79067   -0.79020   -0.78918   -0.78900
  -0.35242   -0.35142   -0.33743   -0.33680   -0.31893   -0.31837   -0.31753   -0.31721
   0.11421    0.11737    0.12060    0.12067    0.12914    0.13012    0.13320    0.13909
   0.15750    0.16144    0.16594    0.18328    0.19517    0.19568    0.20337    0.20854
   0.21223    0.22657    0.23586    0.23593    0.24144    0.24558    0.24694    0.25602
   0.46823    0.47957
 kpt# 109, nband= 50, wtk=  0.00463, kpt=  0.0000  0.5000  0.5000 (reduced coord)
  -1.94315   -1.94313   -1.94313   -1.94311   -0.79956   -0.79956   -0.79955   -0.79954
  -0.79437   -0.79436   -0.79436   -0.79434   -0.78973   -0.78973   -0.78971   -0.78971
  -0.34236   -0.34236   -0.34236   -0.34235   -0.32029   -0.32029   -0.32029   -0.32029
   0.11496    0.11497    0.11497    0.11497    0.13670    0.13671    0.13672    0.13673
   0.17759    0.17759    0.17760    0.17760    0.18692    0.18693    0.18693    0.18693
   0.22223    0.22223    0.22223    0.22223    0.25290    0.25290    0.25291    0.25291
   0.47388    0.47389
 kpt# 110, nband= 50, wtk=  0.00926, kpt=  0.1667  0.5000  0.5000 (reduced coord)
  -1.94315   -1.94313   -1.94313   -1.94311   -0.80182   -0.80181   -0.80062   -0.80061
  -0.79342   -0.79342   -0.79185   -0.79184   -0.78985   -0.78984   -0.78953   -0.78952
  -0.34563   -0.34563   -0.34459   -0.34459   -0.31841   -0.31840   -0.31682   -0.31682
   0.11787    0.11788    0.12028    0.12028    0.13403    0.13404    0.13898    0.13899
   0.16575    0.16575    0.17298    0.17298    0.19769    0.19769    0.20350    0.20350
   0.21808    0.21808    0.21972    0.21972    0.24354    0.24354    0.25197    0.25197
   0.47108    0.47173
 kpt# 111, nband= 50, wtk=  0.00926, kpt=  0.3333  0.5000  0.5000 (reduced coord)
  -1.94315   -1.94313   -1.94313   -1.94311   -0.80379   -0.80379   -0.80303   -0.80303
  -0.79124   -0.79124   -0.79003   -0.79002   -0.78952   -0.78952   -0.78914   -0.78913
  -0.34984   -0.34983   -0.34910   -0.34909   -0.31410   -0.31410   -0.31282   -0.31281
   0.12584    0.12585    0.12901    0.12901    0.13303    0.13303    0.13670    0.13671
   0.16400    0.16401    0.17248    0.17249    0.20463    0.20463    0.20503    0.20504
   0.21962    0.21963    0.22350    0.22351    0.22805    0.22806    0.24365    0.24366
   0.46759    0.46763
 kpt# 112, nband= 50, wtk=  0.00463, kpt=  0.5000  0.5000  0.5000 (reduced coord)
  -1.94315   -1.94313   -1.94313   -1.94311   -0.80426   -0.80426   -0.80426   -0.80425
  -0.79031   -0.79030   -0.79030   -0.79029   -0.78874   -0.78873   -0.78873   -0.78873
  -0.35132   -0.35132   -0.35131   -0.35131   -0.31174   -0.31174   -0.31173   -0.31173
   0.12931    0.12931    0.12931    0.12932    0.13662    0.13662    0.13663    0.13663
   0.17044    0.17045    0.17045    0.17046    0.20006    0.20006    0.20006    0.20007
   0.22090    0.22090    0.22091    0.22091    0.23534    0.23535    0.23535    0.23536
   0.46616    0.46617
