 Fermi (or HOMO) energy (hartree) =   0.28462   Average Vxc (hartree)=  -0.44638
 Eigenvalues (hartree) for nkpt= 112  k points:
 kpt#   1, nband= 50, wtk=  0.00463, kpt=  0.0000  0.0000  0.0000 (reduced coord)
  -1.94425   -1.94304   -1.94270   -1.94169   -0.80728   -0.80706   -0.80647   -0.79634
  -0.79448   -0.79422   -0.79390   -0.79343   -0.79210   -0.78854   -0.78830   -0.78791
  -0.39806   -0.34756   -0.34205   -0.33701   -0.31753   -0.31047   -0.30821   -0.30745
   0.06703    0.06973    0.07580    0.09978    0.10804    0.11094    0.15734    0.15786
   0.15933    0.16330    0.17484    0.18164    0.19935    0.20206    0.20788    0.21385
   0.22626    0.22824    0.22951    0.23549    0.24974    0.26472    0.28368    0.28462
   0.45720    0.46417
 kpt#   2, nband= 50, wtk=  0.00926, kpt=  0.1667  0.0000  0.0000 (reduced coord)
  -1.94424   -1.94303   -1.94271   -1.94170   -0.80650   -0.80613   -0.80570   -0.79628
  -0.79549   -0.79456   -0.79375   -0.79334   -0.79217   -0.78973   -0.78860   -0.78827
  -0.39369   -0.34646   -0.34119   -0.33613   -0.31806   -0.31624   -0.30880   -0.30824
   0.07126    0.07554    0.07615    0.10186    0.10195    0.12594    0.14609    0.15025
   0.15512    0.16395    0.17319    0.17860    0.19148    0.20544    0.20911    0.22019
   0.22525    0.22944    0.23318    0.24195    0.24823    0.25429    0.28234    0.28319
   0.46040    0.46758
 kpt#   3, nband= 50, wtk=  0.00926, kpt=  0.3333  0.0000  0.0000 (reduced coord)
  -1.94421   -1.94301   -1.94275   -1.94171   -0.80463   -0.80403   -0.80301   -0.79787
  -0.79648   -0.79567   -0.79416   -0.79340   -0.79231   -0.79148   -0.78934   -0.78909
  -0.38243   -0.34475   -0.33932   -0.33425   -0.32875   -0.31924   -0.31131   -0.30959
   0.07536    0.07897    0.09810    0.10324    0.10847    0.12325    0.13167    0.13704
   0.15945    0.16345    0.16543    0.17210    0.19402    0.20143    0.20517    0.21552
   0.22421    0.23152    0.23998    0.24252    0.24416    0.25738    0.27937    0.28168
   0.45399    0.45532
 kpt#   4, nband= 50, wtk=  0.00463, kpt=  0.5000  0.0000  0.0000 (reduced coord)
  -1.94420   -1.94299   -1.94278   -1.94172   -0.80305   -0.80255   -0.79977   -0.79952
  -0.79803   -0.79733   -0.79552   -0.79326   -0.79208   -0.79129   -0.78989   -0.78967
  -0.37372   -0.34663   -0.33827   -0.33506   -0.33320   -0.31996   -0.31289   -0.31029
   0.07866    0.08322    0.10432    0.11027    0.11275    0.12069    0.12603    0.12866
   0.15171    0.16689    0.16832    0.17766    0.18184    0.18738    0.20909    0.21722
   0.22333    0.23535    0.23664    0.24324    0.24667    0.26025    0.27684    0.28235
   0.44856    0.45066
 kpt#   5, nband= 50, wtk=  0.00926, kpt=  0.0000  0.1667  0.0000 (reduced coord)
  -1.94423   -1.94303   -1.94272   -1.94170   -0.80645   -0.80615   -0.80587   -0.79712
  -0.79494   -0.79448   -0.79389   -0.79323   -0.79175   -0.78931   -0.78874   -0.78855
  -0.39372   -0.34638   -0.34303   -0.33712   -0.32024   -0.31184   -0.30846   -0.30803
   0.07209    0.07339    0.07845    0.10060    0.11286    0.11868    0.14814    0.15559
   0.15884    0.16025    0.16776    0.18273    0.19352    0.20226    0.20784    0.21751
   0.21957    0.22941    0.23108    0.23875    0.24230    0.26234    0.28211    0.28262
   0.45352    0.46601
 kpt#   6, nband= 50, wtk=  0.00926, kpt=  0.1667  0.1667  0.0000 (reduced coord)
  -1.94422   -1.94302   -1.94274   -1.94171   -0.80579   -0.80560   -0.80505   -0.79722
  -0.79565   -0.79450   -0.79390   -0.79335   -0.79181   -0.79048   -0.78897   -0.78856
  -0.38972   -0.34532   -0.34256   -0.33632   -0.32062   -0.31729   -0.30891   -0.30856
   0.07291    0.08055    0.08150    0.10232    0.10626    0.13011    0.14262    0.14764
   0.15676    0.15919    0.17061    0.18048    0.18612    0.20427    0.20943    0.21484
   0.22325    0.23031    0.23228    0.24116    0.24598    0.25147    0.28097    0.28132
   0.45273    0.46745
 kpt#   7, nband= 50, wtk=  0.00926, kpt=  0.3333  0.1667  0.0000 (reduced coord)
  -1.94420   -1.94299   -1.94277   -1.94172   -0.80447   -0.80355   -0.80288   -0.79874
  -0.79630   -0.79522   -0.79515   -0.79354   -0.79188   -0.79108   -0.78976   -0.78907
  -0.37942   -0.34366   -0.34156   -0.33460   -0.32884   -0.32124   -0.31124   -0.30956
   0.07725    0.08425    0.10106    0.10610    0.10847    0.12545    0.13229    0.13618
   0.15900    0.16082    0.16978    0.17382    0.19046    0.19900    0.20466    0.21254
   0.22178    0.22989    0.23612    0.23837    0.24732    0.25094    0.27732    0.28084
   0.44913    0.45756
 kpt#   8, nband= 50, wtk=  0.00926, kpt=  0.5000  0.1667  0.0000 (reduced coord)
  -1.94419   -1.94298   -1.94279   -1.94172   -0.80336   -0.80193   -0.80032   -0.80006
  -0.79835   -0.79749   -0.79467   -0.79339   -0.79187   -0.79072   -0.79024   -0.78963
  -0.37152   -0.34522   -0.34104   -0.33482   -0.33351   -0.32152   -0.31272   -0.31016
   0.08357    0.08440    0.10795    0.10957    0.11282    0.12287    0.12472    0.13373
   0.15550    0.16350    0.17167    0.17385    0.18435    0.18579    0.20875    0.21761
   0.21925    0.23094    0.23235    0.23951    0.24776    0.25332    0.27494    0.28130
   0.44905    0.45312
 kpt#   9, nband= 50, wtk=  0.00926, kpt= -0.3333  0.1667  0.0000 (reduced coord)
  -1.94420   -1.94299   -1.94277   -1.94172   -0.80433   -0.80341   -0.80297   -0.79898
  -0.79630   -0.79527   -0.79506   -0.79330   -0.79206   -0.79147   -0.78975   -0.78874
  -0.37935   -0.34368   -0.34168   -0.33438   -0.32888   -0.32126   -0.31126   -0.30963
   0.07684    0.08504    0.10115    0.10671    0.10828    0.12465    0.13228    0.13537
   0.15857    0.16113    0.16938    0.17416    0.19061    0.19959    0.20508    0.21262
   0.22190    0.23007    0.23636    0.23858    0.24720    0.24985    0.27741    0.28078
   0.45168    0.45784
 kpt#  10, nband= 50, wtk=  0.00926, kpt= -0.1667  0.1667  0.0000 (reduced coord)
  -1.94422   -1.94302   -1.94274   -1.94171   -0.80568   -0.80544   -0.80520   -0.79746
  -0.79564   -0.79434   -0.79374   -0.79334   -0.79182   -0.79104   -0.78898   -0.78819
  -0.38967   -0.34534   -0.34268   -0.33613   -0.32062   -0.31726   -0.30898   -0.30863
   0.07253    0.08062    0.08217    0.10220    0.10684    0.12928    0.14237    0.14688
   0.15661    0.15898    0.17109    0.18092    0.18598    0.20452    0.20957    0.21540
   0.22274    0.23102    0.23270    0.24205    0.24578    0.24969    0.28100    0.28131
   0.45438    0.46773
 kpt#  11, nband= 50, wtk=  0.00926, kpt=  0.0000  0.3333  0.0000 (reduced coord)
  -1.94420   -1.94297   -1.94279   -1.94172   -0.80445   -0.80417   -0.80362   -0.79922
  -0.79666   -0.79420   -0.79400   -0.79337   -0.79154   -0.79119   -0.78958   -0.78934
  -0.38174   -0.35021   -0.34343   -0.33790   -0.32277   -0.31546   -0.30946   -0.30882
   0.07434    0.08566    0.09993    0.10268    0.11883    0.13459    0.13785    0.14147
   0.14153    0.16311    0.16760    0.17653    0.18701    0.19674    0.20489    0.20546
   0.21058    0.22273    0.23594    0.23933    0.25207    0.26133    0.27888    0.27961
   0.44609    0.45857
 kpt#  12, nband= 50, wtk=  0.00926, kpt=  0.1667  0.3333  0.0000 (reduced coord)
  -1.94419   -1.94297   -1.94280   -1.94172   -0.80438   -0.80378   -0.80318   -0.79898
  -0.79719   -0.79547   -0.79349   -0.79320   -0.79176   -0.79104   -0.78987   -0.78920
  -0.37874   -0.34970   -0.34246   -0.33717   -0.32364   -0.31981   -0.30973   -0.30898
   0.07603    0.09272    0.10050    0.10294    0.11462    0.13113    0.13828    0.14374
   0.14534    0.16321    0.16996    0.17825    0.18671    0.18785    0.19829    0.21045
   0.21308    0.22794    0.23311    0.23861    0.25209    0.25283    0.27791    0.27909
   0.44369    0.45661
 kpt#  13, nband= 50, wtk=  0.00926, kpt=  0.3333  0.3333  0.0000 (reduced coord)
  -1.94418   -1.94295   -1.94282   -1.94174   -0.80382   -0.80323   -0.80135   -0.80001
  -0.79794   -0.79621   -0.79482   -0.79285   -0.79142   -0.79089   -0.79026   -0.78917
  -0.37107   -0.34864   -0.34088   -0.33572   -0.32882   -0.32500   -0.31117   -0.30974
   0.08222    0.09918    0.10241    0.11140    0.11479    0.12388    0.13242    0.14329
   0.14727    0.16361    0.17251    0.17863    0.18600    0.19221    0.19762    0.20590
   0.21854    0.22145    0.23400    0.23724    0.24137    0.24836    0.27475    0.27839
   0.44127    0.45460
 kpt#  14, nband= 50, wtk=  0.00926, kpt=  0.5000  0.3333  0.0000 (reduced coord)
  -1.94417   -1.94295   -1.94283   -1.94174   -0.80360   -0.80171   -0.80085   -0.80050
  -0.79943   -0.79627   -0.79508   -0.79323   -0.79157   -0.79040   -0.79012   -0.78943
  -0.36547   -0.34808   -0.34157   -0.33518   -0.33315   -0.32557   -0.31223   -0.31021
   0.08840    0.09633    0.10529    0.11623    0.11816    0.12039    0.12750    0.14532
   0.15202    0.16307    0.16367    0.17670    0.18341    0.19511    0.20649    0.21027
   0.21484    0.22580    0.22797    0.22846    0.24146    0.24570    0.27270    0.27787
   0.44525    0.44851
 kpt#  15, nband= 50, wtk=  0.00926, kpt= -0.3333  0.3333  0.0000 (reduced coord)
  -1.94418   -1.94295   -1.94282   -1.94174   -0.80360   -0.80316   -0.80137   -0.80034
  -0.79787   -0.79621   -0.79484   -0.79272   -0.79147   -0.79118   -0.79044   -0.78877
  -0.37096   -0.34873   -0.34093   -0.33559   -0.32889   -0.32495   -0.31119   -0.30979
   0.08239    0.09965    0.10217    0.11133    0.11563    0.12396    0.13114    0.14248
   0.14656    0.16320    0.17310    0.17838    0.18702    0.19219    0.19882    0.20691
   0.21818    0.22098    0.23436    0.23675    0.24069    0.24822    0.27486    0.27832
   0.44353    0.45448
 kpt#  16, nband= 50, wtk=  0.00926, kpt= -0.1667  0.3333  0.0000 (reduced coord)
  -1.94419   -1.94297   -1.94280   -1.94172   -0.80428   -0.80359   -0.80324   -0.79940
  -0.79707   -0.79517   -0.79338   -0.79330   -0.79230   -0.79102   -0.78998   -0.78881
  -0.37865   -0.34979   -0.34250   -0.33707   -0.32356   -0.31981   -0.30980   -0.30903
   0.07616    0.09259    0.10053    0.10338    0.11549    0.13070    0.13696    0.14296
   0.14483    0.16366    0.16953    0.17839    0.18756    0.18841    0.19926    0.21017
   0.21342    0.22749    0.23380    0.23791    0.25164    0.25268    0.27801    0.27903
   0.44523    0.45635
 kpt#  17, nband= 50, wtk=  0.00463, kpt=  0.0000  0.5000  0.0000 (reduced coord)
  -1.94418   -1.94290   -1.94288   -1.94173   -0.80244   -0.80221   -0.80206   -0.80151
  -0.79711   -0.79637   -0.79392   -0.79376   -0.79132   -0.79080   -0.79035   -0.78988
  -0.36569   -0.36509   -0.34045   -0.33973   -0.32032   -0.31972   -0.31013   -0.30908
   0.08235    0.08381    0.11376    0.11493    0.12669    0.12854    0.13730    0.13955
   0.13981    0.13988    0.17609    0.17769    0.17947    0.18003    0.20453    0.20875
   0.21104    0.21208    0.23817    0.24008    0.25978    0.26027    0.27746    0.27838
   0.44505    0.44779
 kpt#  18, nband= 50, wtk=  0.00926, kpt=  0.1667  0.5000  0.0000 (reduced coord)
  -1.94418   -1.94290   -1.94287   -1.94173   -0.80303   -0.80282   -0.80102   -0.80035
  -0.79823   -0.79767   -0.79306   -0.79287   -0.79183   -0.79108   -0.79028   -0.78965
  -0.36401   -0.36338   -0.33967   -0.33892   -0.32296   -0.32226   -0.31030   -0.30915
   0.08521    0.08670    0.11305    0.11381    0.12425    0.12677    0.13329    0.13509
   0.15155    0.15253    0.17199    0.17454    0.18125    0.18271    0.19780    0.19915
   0.21862    0.22090    0.23542    0.23697    0.25513    0.25557    0.27690    0.27772
   0.44365    0.44534
 kpt#  19, nband= 50, wtk=  0.00926, kpt=  0.3333  0.5000  0.0000 (reduced coord)
  -1.94416   -1.94292   -1.94286   -1.94175   -0.80330   -0.80302   -0.80017   -0.79983
  -0.79912   -0.79832   -0.79366   -0.79275   -0.79162   -0.79113   -0.78989   -0.78935
  -0.35995   -0.35927   -0.33826   -0.33745   -0.32823   -0.32729   -0.31118   -0.30988
   0.09167    0.09294    0.11051    0.11146    0.12570    0.12701    0.13314    0.13393
   0.15587    0.15721    0.17094    0.17346    0.18448    0.18582    0.20378    0.20510
   0.21274    0.21492    0.23461    0.23574    0.24346    0.24458    0.27470    0.27579
   0.44241    0.44390
 kpt#  20, nband= 50, wtk=  0.00463, kpt=  0.5000  0.5000  0.0000 (reduced coord)
  -1.94416   -1.94292   -1.94285   -1.94175   -0.80326   -0.80281   -0.80094   -0.80083
  -0.79789   -0.79715   -0.79487   -0.79384   -0.79098   -0.79063   -0.78978   -0.78932
  -0.35732   -0.35665   -0.33808   -0.33706   -0.33092   -0.32963   -0.31183   -0.31048
   0.09670    0.09737    0.10635    0.10760    0.12974    0.13157    0.13403    0.13496
   0.14841    0.15150    0.17172    0.17218    0.19425    0.19563    0.20501    0.20677
   0.21429    0.21569    0.22604    0.22638    0.23926    0.24054    0.27312    0.27464
   0.44752    0.44889
 kpt#  21, nband= 50, wtk=  0.00926, kpt=  0.0000  0.0000  0.1667 (reduced coord)
  -1.94423   -1.94305   -1.94270   -1.94170   -0.80652   -0.80623   -0.80549   -0.79655
  -0.79556   -0.79405   -0.79370   -0.79353   -0.79232   -0.78945   -0.78882   -0.78826
  -0.39350   -0.34721   -0.34070   -0.33644   -0.31759   -0.31489   -0.31214   -0.30684
   0.07092    0.07334    0.08544    0.09554    0.11312    0.11605    0.14301    0.15195
   0.16021    0.16722    0.17693    0.18399    0.19175    0.19919    0.20606    0.21369
   0.22006    0.23220    0.23312    0.23932    0.25103    0.26375    0.27237    0.27815
   0.45696    0.46430
 kpt#  22, nband= 50, wtk=  0.00926, kpt=  0.1667  0.0000  0.1667 (reduced coord)
  -1.94422   -1.94304   -1.94271   -1.94171   -0.80598   -0.80560   -0.80467   -0.79662
  -0.79629   -0.79432   -0.79383   -0.79333   -0.79228   -0.79085   -0.78881   -0.78832
  -0.38957   -0.34691   -0.33978   -0.33570   -0.31910   -0.31780   -0.31330   -0.30753
   0.07325    0.07838    0.08710    0.09670    0.11000    0.12618    0.13956    0.14994
   0.15738    0.15974    0.17441    0.18313    0.18679    0.19929    0.21027    0.21494
   0.22252    0.22967    0.23384    0.24300    0.25101    0.25441    0.27282    0.27737
   0.45796    0.46436
 kpt#  23, nband= 50, wtk=  0.00926, kpt=  0.3333  0.0000  0.1667 (reduced coord)
  -1.94420   -1.94301   -1.94276   -1.94172   -0.80468   -0.80360   -0.80270   -0.79826
  -0.79719   -0.79547   -0.79426   -0.79331   -0.79216   -0.79153   -0.78960   -0.78886
  -0.37952   -0.34618   -0.33845   -0.33471   -0.32952   -0.31828   -0.31438   -0.30926
   0.07730    0.08255    0.10143    0.10636    0.11103    0.12444    0.13189    0.14166
   0.15458    0.15881    0.16744    0.17631    0.19300    0.19560    0.20265    0.21573
   0.22337    0.22645    0.23783    0.24383    0.24557    0.25782    0.26986    0.27733
   0.45006    0.45266
 kpt#  24, nband= 50, wtk=  0.00926, kpt=  0.5000  0.0000  0.1667 (reduced coord)
  -1.94419   -1.94299   -1.94278   -1.94172   -0.80343   -0.80255   -0.80070   -0.79880
  -0.79849   -0.79801   -0.79411   -0.79312   -0.79195   -0.79114   -0.79020   -0.78949
  -0.37196   -0.34672   -0.33860   -0.33798   -0.33184   -0.31803   -0.31516   -0.31028
   0.08043    0.08473    0.10525    0.11343    0.11503    0.12608    0.13043    0.13181
   0.15135    0.16282    0.16701    0.17542    0.18175    0.18292    0.20976    0.21622
   0.22546    0.22957    0.23614    0.24359    0.24447    0.26057    0.26713    0.27759
   0.44454    0.44820
 kpt#  25, nband= 50, wtk=  0.00926, kpt= -0.3333  0.0000  0.1667 (reduced coord)
  -1.94420   -1.94301   -1.94276   -1.94172   -0.80468   -0.80359   -0.80276   -0.79827
  -0.79712   -0.79546   -0.79424   -0.79332   -0.79241   -0.79120   -0.78954   -0.78904
  -0.37953   -0.34617   -0.33846   -0.33469   -0.32951   -0.31826   -0.31441   -0.30925
   0.07735    0.08247    0.10141    0.10634    0.11101    0.12455    0.13191    0.14159
   0.15450    0.15893    0.16745    0.17630    0.19299    0.19555    0.20273    0.21565
   0.22330    0.22652    0.23785    0.24432    0.24512    0.25780    0.26983    0.27737
   0.44972    0.45281
 kpt#  26, nband= 50, wtk=  0.00926, kpt= -0.1667  0.0000  0.1667 (reduced coord)
  -1.94422   -1.94304   -1.94271   -1.94171   -0.80602   -0.80551   -0.80473   -0.79655
  -0.79632   -0.79435   -0.79386   -0.79331   -0.79236   -0.79065   -0.78871   -0.78853
  -0.38957   -0.34691   -0.33978   -0.33570   -0.31906   -0.31781   -0.31331   -0.30754
   0.07328    0.07836    0.08709    0.09666    0.10996    0.12624    0.13958    0.14993
   0.15744    0.15974    0.17439    0.18311    0.18687    0.19925    0.21023    0.21493
   0.22245    0.22969    0.23386    0.24317    0.25066    0.25461    0.27284    0.27740
   0.45754    0.46458
 kpt#  27, nband= 50, wtk=  0.00926, kpt=  0.0000  0.1667  0.1667 (reduced coord)
  -1.94422   -1.94303   -1.94272   -1.94171   -0.80583   -0.80540   -0.80506   -0.79755
  -0.79545   -0.79464   -0.79362   -0.79329   -0.79186   -0.79088   -0.78909   -0.78817
  -0.38952   -0.34652   -0.34192   -0.33672   -0.32003   -0.31481   -0.31314   -0.30713
   0.07523    0.08134    0.08294    0.10026    0.11468    0.12105    0.14413    0.14835
   0.15715    0.15979    0.17348    0.18535    0.19072    0.19517    0.20962    0.21580
   0.21761    0.22791    0.23013    0.24146    0.24333    0.26124    0.27223    0.27679
   0.45387    0.46691
 kpt#  28, nband= 50, wtk=  0.00926, kpt=  0.1667  0.1667  0.1667 (reduced coord)
  -1.94421   -1.94302   -1.94274   -1.94171   -0.80582   -0.80489   -0.80419   -0.79742
  -0.79619   -0.79476   -0.79392   -0.79317   -0.79183   -0.79160   -0.78890   -0.78843
  -0.38599   -0.34658   -0.34126   -0.33633   -0.32020   -0.31894   -0.31338   -0.30739
   0.07728    0.08373    0.08803    0.10127    0.11140    0.12827    0.14027    0.14675
   0.15586    0.15823    0.17079    0.17985    0.18771    0.20241    0.20962    0.21322
   0.21977    0.22702    0.23369    0.23943    0.24610    0.25213    0.27194    0.27674
   0.45156    0.46834
 kpt#  29, nband= 50, wtk=  0.00926, kpt=  0.3333  0.1667  0.1667 (reduced coord)
  -1.94419   -1.94299   -1.94277   -1.94172   -0.80505   -0.80341   -0.80289   -0.79830
  -0.79695   -0.79634   -0.79420   -0.79298   -0.79167   -0.79146   -0.78940   -0.78905
  -0.37697   -0.34627   -0.34109   -0.33690   -0.32756   -0.31934   -0.31364   -0.30886
   0.08084    0.08620    0.10316    0.10934    0.11164    0.12531    0.13457    0.14045
   0.15415    0.15963    0.16342    0.17805    0.19102    0.19759    0.20339    0.21548
   0.21919    0.22634    0.23553    0.23774    0.24407    0.25177    0.26902    0.27676
   0.44445    0.45528
 kpt#  30, nband= 50, wtk=  0.00926, kpt=  0.5000  0.1667  0.1667 (reduced coord)
  -1.94418   -1.94297   -1.94280   -1.94173   -0.80391   -0.80344   -0.80099   -0.79962
  -0.79803   -0.79735   -0.79375   -0.79282   -0.79146   -0.79092   -0.79021   -0.78949
  -0.37020   -0.34676   -0.34149   -0.34024   -0.32978   -0.31845   -0.31401   -0.30995
   0.08544    0.08599    0.10794    0.11237    0.11481    0.12832    0.13108    0.13624
   0.15335    0.15898    0.16785    0.17018    0.18374    0.18889    0.20861    0.21668
   0.22237    0.22764    0.23429    0.23703    0.24158    0.25462    0.26691    0.27659
   0.44256    0.44693
 kpt#  31, nband= 50, wtk=  0.00926, kpt= -0.3333  0.1667  0.1667 (reduced coord)
  -1.94419   -1.94299   -1.94277   -1.94172   -0.80469   -0.80367   -0.80301   -0.79794
  -0.79711   -0.79647   -0.79440   -0.79277   -0.79211   -0.79121   -0.78936   -0.78897
  -0.37691   -0.34634   -0.34099   -0.33692   -0.32750   -0.31936   -0.31365   -0.30895
   0.08050    0.08665    0.10352    0.10967    0.11179    0.12466    0.13429    0.13967
   0.15364    0.16006    0.16343    0.17841    0.19103    0.19785    0.20356    0.21559
   0.21952    0.22611    0.23526    0.23844    0.24410    0.25119    0.26883    0.27687
   0.44617    0.45429
 kpt#  32, nband= 50, wtk=  0.00926, kpt= -0.1667  0.1667  0.1667 (reduced coord)
  -1.94421   -1.94302   -1.94274   -1.94171   -0.80553   -0.80491   -0.80443   -0.79746
  -0.79597   -0.79474   -0.79427   -0.79300   -0.79230   -0.79130   -0.78886   -0.78836
  -0.38594   -0.34669   -0.34121   -0.33621   -0.32018   -0.31893   -0.31343   -0.30748
   0.07704    0.08380    0.08839    0.10167    0.11139    0.12782    0.13963    0.14637
   0.15564    0.15827    0.17143    0.18009    0.18763    0.20206    0.21011    0.21318
   0.21960    0.22714    0.23478    0.23981    0.24532    0.25168    0.27178    0.27688
   0.45283    0.46934
 kpt#  33, nband= 50, wtk=  0.00926, kpt=  0.0000  0.3333  0.1667 (reduced coord)
  -1.94419   -1.94298   -1.94279   -1.94173   -0.80410   -0.80373   -0.80316   -0.79971
  -0.79648   -0.79475   -0.79446   -0.79352   -0.79185   -0.79105   -0.78980   -0.78892
  -0.37844   -0.34896   -0.34416   -0.33816   -0.32236   -0.31611   -0.31369   -0.30883
   0.08216    0.08957    0.10343    0.10411    0.11898    0.12717    0.13782    0.14060
   0.14958    0.15975    0.16888    0.17746    0.18503    0.19666    0.20442    0.20640
   0.21440    0.22118    0.22676    0.23475    0.25130    0.26041    0.27130    0.27389
   0.44863    0.46138
 kpt#  34, nband= 50, wtk=  0.00926, kpt=  0.1667  0.3333  0.1667 (reduced coord)
  -1.94418   -1.94297   -1.94280   -1.94173   -0.80488   -0.80373   -0.80268   -0.79903
  -0.79695   -0.79624   -0.79384   -0.79281   -0.79184   -0.79102   -0.78948   -0.78914
  -0.37600   -0.34959   -0.34347   -0.33816   -0.32276   -0.32001   -0.31253   -0.30841
   0.08302    0.09459    0.10312    0.10701    0.11542    0.12813    0.13794    0.14412
   0.14876    0.15878    0.16614    0.18016    0.18514    0.19434    0.20178    0.20888
   0.21521    0.22192    0.22940    0.23227    0.24889    0.25425    0.27047    0.27400
   0.44512    0.45883
 kpt#  35, nband= 50, wtk=  0.00926, kpt=  0.3333  0.3333  0.1667 (reduced coord)
  -1.94417   -1.94295   -1.94282   -1.94174   -0.80503   -0.80366   -0.80292   -0.79973
  -0.79767   -0.79536   -0.79387   -0.79257   -0.79135   -0.79075   -0.78961   -0.78932
  -0.36975   -0.34969   -0.34421   -0.34000   -0.32535   -0.32144   -0.31192   -0.30901
   0.08698    0.09864    0.10801    0.11142    0.11663    0.12443    0.13793    0.14224
   0.14881    0.15872    0.16554    0.18328    0.18639    0.19566    0.20220    0.20451
   0.21473    0.21947    0.22957    0.23477    0.24010    0.24865    0.26797    0.27374
   0.43934    0.45509
 kpt#  36, nband= 50, wtk=  0.00926, kpt=  0.5000  0.3333  0.1667 (reduced coord)
  -1.94417   -1.94294   -1.94283   -1.94175   -0.80464   -0.80371   -0.80278   -0.80160
  -0.79684   -0.79505   -0.79364   -0.79280   -0.79112   -0.79024   -0.79012   -0.78940
  -0.36514   -0.34909   -0.34619   -0.34263   -0.32652   -0.32019   -0.31207   -0.30975
   0.09090    0.09818    0.10876    0.11541    0.11714    0.12393    0.13589    0.14453
   0.14856    0.16308    0.16334    0.17465    0.18803    0.19667    0.20221    0.21106
   0.21387    0.22102    0.22380    0.23146    0.23923    0.24685    0.26683    0.27345
   0.43947    0.44611
 kpt#  37, nband= 50, wtk=  0.00926, kpt= -0.3333  0.3333  0.1667 (reduced coord)
  -1.94417   -1.94295   -1.94281   -1.94174   -0.80464   -0.80378   -0.80324   -0.79959
  -0.79769   -0.79517   -0.79428   -0.79240   -0.79155   -0.79052   -0.79010   -0.78889
  -0.36965   -0.34985   -0.34399   -0.34009   -0.32535   -0.32143   -0.31189   -0.30911
   0.08706    0.09886    0.10767    0.11179    0.11715    0.12454    0.13696    0.14159
   0.14832    0.15831    0.16558    0.18386    0.18705    0.19570    0.20247    0.20549
   0.21445    0.21980    0.22918    0.23407    0.24009    0.24864    0.26779    0.27389
   0.44092    0.45402
 kpt#  38, nband= 50, wtk=  0.00926, kpt= -0.1667  0.3333  0.1667 (reduced coord)
  -1.94418   -1.94297   -1.94280   -1.94173   -0.80452   -0.80380   -0.80298   -0.79904
  -0.79676   -0.79618   -0.79410   -0.79272   -0.79227   -0.79073   -0.78960   -0.78893
  -0.37593   -0.34975   -0.34332   -0.33816   -0.32271   -0.32001   -0.31258   -0.30849
   0.08310    0.09463    0.10313    0.10722    0.11610    0.12779    0.13666    0.14385
   0.14809    0.15903    0.16668    0.18027    0.18523    0.19509    0.20181    0.20868
   0.21547    0.22299    0.22877    0.23179    0.24838    0.25453    0.27026    0.27417
   0.44632    0.45886
 kpt#  39, nband= 50, wtk=  0.00926, kpt=  0.0000  0.5000  0.1667 (reduced coord)
  -1.94417   -1.94291   -1.94287   -1.94173   -0.80234   -0.80207   -0.80189   -0.80159
  -0.79744   -0.79692   -0.79389   -0.79382   -0.79111   -0.79079   -0.79019   -0.78984
  -0.36348   -0.36289   -0.34117   -0.34056   -0.32037   -0.31974   -0.31199   -0.31102
   0.08984    0.09137    0.11307    0.11446    0.12170    0.12316    0.13950    0.14221
   0.14680    0.14706    0.16952    0.17290    0.18040    0.18211    0.20842    0.21048
   0.21188    0.21245    0.22911    0.23092    0.25791    0.25848    0.27125    0.27220
   0.44794    0.45122
 kpt#  40, nband= 50, wtk=  0.00926, kpt=  0.1667  0.5000  0.1667 (reduced coord)
  -1.94417   -1.94291   -1.94286   -1.94174   -0.80389   -0.80334   -0.80077   -0.80035
  -0.79824   -0.79756   -0.79293   -0.79277   -0.79131   -0.79087   -0.79036   -0.78952
  -0.36254   -0.36191   -0.34130   -0.34038   -0.32230   -0.32185   -0.31099   -0.31015
   0.09200    0.09321    0.11088    0.11213    0.12388    0.12595    0.13867    0.14023
   0.15187    0.15328    0.16557    0.16775    0.18598    0.18654    0.20163    0.20247
   0.21723    0.21899    0.22770    0.22893    0.25388    0.25456    0.27080    0.27139
   0.44583    0.44782
 kpt#  41, nband= 50, wtk=  0.00926, kpt=  0.3333  0.5000  0.1667 (reduced coord)
  -1.94416   -1.94292   -1.94285   -1.94175   -0.80454   -0.80419   -0.80202   -0.80182
  -0.79672   -0.79634   -0.79269   -0.79184   -0.79151   -0.79109   -0.78992   -0.78925
  -0.35989   -0.35930   -0.34307   -0.34201   -0.32377   -0.32335   -0.31068   -0.30973
   0.09679    0.09768    0.10995    0.11090    0.12451    0.12659    0.13765    0.13948
   0.15431    0.15639    0.16908    0.17145    0.19098    0.19253    0.19924    0.20065
   0.21296    0.21404    0.22832    0.22872    0.24559    0.24670    0.26930    0.26995
   0.44288    0.44363
 kpt#  42, nband= 50, wtk=  0.00926, kpt=  0.5000  0.5000  0.1667 (reduced coord)
  -1.94416   -1.94292   -1.94285   -1.94176   -0.80441   -0.80410   -0.80322   -0.80298
  -0.79548   -0.79501   -0.79351   -0.79269   -0.79096   -0.79059   -0.78973   -0.78926
  -0.35789   -0.35733   -0.34498   -0.34430   -0.32349   -0.32294   -0.31109   -0.30997
   0.10018    0.10064    0.10858    0.10969    0.12675    0.12861    0.13459    0.13538
   0.15587    0.15824    0.17108    0.17227    0.19630    0.19817    0.20077    0.20305
   0.20983    0.21118    0.22338    0.22384    0.24191    0.24328    0.26855    0.26979
   0.44322    0.44511
 kpt#  43, nband= 50, wtk=  0.00926, kpt= -0.3333  0.5000  0.1667 (reduced coord)
  -1.94416   -1.94292   -1.94285   -1.94175   -0.80451   -0.80427   -0.80203   -0.80174
  -0.79694   -0.79612   -0.79252   -0.79202   -0.79160   -0.79092   -0.78984   -0.78940
  -0.35992   -0.35929   -0.34274   -0.34235   -0.32396   -0.32311   -0.31077   -0.30966
   0.09660    0.09786    0.10992    0.11087    0.12479    0.12629    0.13826    0.13885
   0.15485    0.15592    0.16991    0.17067    0.19072    0.19281    0.19909    0.20081
   0.21318    0.21387    0.22811    0.22884    0.24564    0.24664    0.26917    0.27013
   0.44205    0.44435
 kpt#  44, nband= 50, wtk=  0.00926, kpt= -0.1667  0.5000  0.1667 (reduced coord)
  -1.94417   -1.94291   -1.94286   -1.94174   -0.80371   -0.80358   -0.80082   -0.80024
  -0.79818   -0.79757   -0.79303   -0.79272   -0.79140   -0.79068   -0.79017   -0.78979
  -0.36251   -0.36194   -0.34107   -0.34062   -0.32250   -0.32160   -0.31111   -0.31007
   0.09177    0.09345    0.11111    0.11185    0.12388    0.12598    0.13852    0.14036
   0.15179    0.15332    0.16588    0.16758    0.18573    0.18668    0.20144    0.20280
   0.21721    0.21902    0.22777    0.22878    0.25414    0.25426    0.27073    0.27153
   0.44539    0.44825
 kpt#  45, nband= 50, wtk=  0.00926, kpt=  0.0000 -0.3333  0.1667 (reduced coord)
  -1.94419   -1.94298   -1.94279   -1.94173   -0.80414   -0.80373   -0.80308   -0.79975
  -0.79645   -0.79475   -0.79443   -0.79338   -0.79173   -0.79139   -0.78960   -0.78911
  -0.37833   -0.34889   -0.34395   -0.33793   -0.32253   -0.31614   -0.31398   -0.30908
   0.08250    0.08999    0.10380    0.10465    0.11834    0.12717    0.13838    0.14117
   0.14824    0.15726    0.16778    0.17936    0.18678    0.19525    0.20696    0.20824
   0.21059    0.22158    0.22636    0.23549    0.25102    0.26030    0.27074    0.27401
   0.44635    0.46414
 kpt#  46, nband= 50, wtk=  0.00926, kpt=  0.1667 -0.3333  0.1667 (reduced coord)
  -1.94418   -1.94297   -1.94280   -1.94173   -0.80443   -0.80395   -0.80287   -0.79898
  -0.79699   -0.79609   -0.79389   -0.79256   -0.79241   -0.79106   -0.78944   -0.78898
  -0.37584   -0.34947   -0.34329   -0.33789   -0.32300   -0.31993   -0.31319   -0.30845
   0.08322    0.09528    0.10363    0.10742    0.11614    0.12641    0.13788    0.14447
   0.14712    0.15810    0.16601    0.18086    0.18623    0.19569    0.20100    0.20701
   0.21567    0.22291    0.22960    0.23200    0.24821    0.25491    0.26994    0.27396
   0.44423    0.46057
 kpt#  47, nband= 50, wtk=  0.00926, kpt=  0.3333 -0.3333  0.1667 (reduced coord)
  -1.94417   -1.94295   -1.94281   -1.94174   -0.80461   -0.80394   -0.80303   -0.79959
  -0.79771   -0.79527   -0.79422   -0.79219   -0.79154   -0.79093   -0.78996   -0.78887
  -0.36963   -0.34945   -0.34380   -0.33989   -0.32555   -0.32168   -0.31294   -0.30854
   0.08708    0.09981    0.10754    0.11171    0.11778    0.12387    0.13648    0.14167
   0.14839    0.15924    0.16601    0.18365    0.18687    0.19594    0.20175    0.20349
   0.21375    0.22158    0.22945    0.23430    0.23935    0.24920    0.26783    0.27324
   0.44013    0.45493
 kpt#  48, nband= 50, wtk=  0.00926, kpt=  0.5000 -0.3333  0.1667 (reduced coord)
  -1.94417   -1.94294   -1.94283   -1.94175   -0.80474   -0.80364   -0.80264   -0.80159
  -0.79693   -0.79517   -0.79361   -0.79248   -0.79122   -0.79048   -0.78996   -0.78948
  -0.36519   -0.34875   -0.34583   -0.34236   -0.32671   -0.32069   -0.31325   -0.30891
   0.09100    0.09898    0.10890    0.11504    0.11714    0.12373    0.13547    0.14480
   0.14910    0.16280    0.16327    0.17580    0.18895    0.19469    0.20313    0.20963
   0.21291    0.22185    0.22394    0.23181    0.23877    0.24707    0.26673    0.27273
   0.43985    0.44641
 kpt#  49, nband= 50, wtk=  0.00926, kpt= -0.3333 -0.3333  0.1667 (reduced coord)
  -1.94417   -1.94295   -1.94282   -1.94174   -0.80504   -0.80381   -0.80270   -0.79971
  -0.79773   -0.79540   -0.79377   -0.79239   -0.79147   -0.79059   -0.78997   -0.78927
  -0.36974   -0.34928   -0.34396   -0.33991   -0.32555   -0.32160   -0.31299   -0.30845
   0.08697    0.09954    0.10780    0.11135    0.11729    0.12379    0.13760    0.14219
   0.14893    0.15959    0.16598    0.18337    0.18601    0.19571    0.20133    0.20304
   0.21385    0.22118    0.22987    0.23483    0.23952    0.24916    0.26806    0.27312
   0.43847    0.45581
 kpt#  50, nband= 50, wtk=  0.00926, kpt= -0.1667 -0.3333  0.1667 (reduced coord)
  -1.94418   -1.94297   -1.94280   -1.94173   -0.80482   -0.80389   -0.80259   -0.79896
  -0.79696   -0.79631   -0.79367   -0.79264   -0.79201   -0.79102   -0.78941   -0.78937
  -0.37592   -0.34931   -0.34340   -0.33794   -0.32308   -0.31982   -0.31320   -0.30837
   0.08310    0.09524    0.10370    0.10715    0.11536    0.12691    0.13906    0.14457
   0.14802    0.15779    0.16553    0.18087    0.18600    0.19496    0.20095    0.20725
   0.21561    0.22187    0.23028    0.23214    0.24872    0.25461    0.27021    0.27384
   0.44302    0.46053
 kpt#  51, nband= 50, wtk=  0.00926, kpt=  0.0000 -0.1667  0.1667 (reduced coord)
  -1.94422   -1.94303   -1.94272   -1.94171   -0.80600   -0.80520   -0.80505   -0.79764
  -0.79530   -0.79466   -0.79357   -0.79324   -0.79210   -0.79070   -0.78901   -0.78839
  -0.38945   -0.34624   -0.34174   -0.33665   -0.32033   -0.31480   -0.31311   -0.30756
   0.07567    0.08147    0.08267    0.10186    0.11439    0.12044    0.14443    0.14831
   0.15571    0.15827    0.17357    0.18638    0.19061    0.19869    0.20658    0.21566
   0.21884    0.22631    0.23173    0.24054    0.24380    0.26135    0.27197    0.27646
   0.45292    0.46626
 kpt#  52, nband= 50, wtk=  0.00926, kpt=  0.1667 -0.1667  0.1667 (reduced coord)
  -1.94421   -1.94302   -1.94274   -1.94171   -0.80555   -0.80495   -0.80432   -0.79750
  -0.79597   -0.79485   -0.79402   -0.79294   -0.79228   -0.79155   -0.78876   -0.78846
  -0.38588   -0.34627   -0.34118   -0.33607   -0.32070   -0.31879   -0.31357   -0.30774
   0.07701    0.08406    0.08867    0.10285    0.11097    0.12743    0.14003    0.14593
   0.15487    0.15775    0.17150    0.18096    0.18778    0.20284    0.20857    0.21285
   0.22026    0.22617    0.23501    0.24025    0.24560    0.25207    0.27165    0.27635
   0.45137    0.46790
 kpt#  53, nband= 50, wtk=  0.00926, kpt=  0.3333 -0.1667  0.1667 (reduced coord)
  -1.94419   -1.94299   -1.94277   -1.94172   -0.80461   -0.80384   -0.80284   -0.79794
  -0.79703   -0.79661   -0.79433   -0.79264   -0.79200   -0.79156   -0.78934   -0.78895
  -0.37686   -0.34589   -0.34082   -0.33661   -0.32793   -0.31956   -0.31433   -0.30873
   0.08025    0.08743    0.10378    0.10993    0.11176    0.12430    0.13422    0.13953
   0.15365    0.16053    0.16389    0.17806    0.19127    0.19800    0.20247    0.21439
   0.21935    0.22734    0.23443    0.23835    0.24467    0.25163    0.26886    0.27622
   0.44551    0.45526
 kpt#  54, nband= 50, wtk=  0.00926, kpt=  0.5000 -0.1667  0.1667 (reduced coord)
  -1.94418   -1.94297   -1.94280   -1.94173   -0.80393   -0.80341   -0.80092   -0.79954
  -0.79813   -0.79744   -0.79360   -0.79278   -0.79165   -0.79084   -0.79005   -0.78972
  -0.37019   -0.34644   -0.34113   -0.33977   -0.33024   -0.31885   -0.31496   -0.30940
   0.08569    0.08626    0.10814    0.11226    0.11462    0.12854    0.13134    0.13563
   0.15331    0.16016    0.16714    0.17042    0.18565    0.18730    0.20867    0.21551
   0.22157    0.22825    0.23326    0.23725    0.24245    0.25478    0.26681    0.27595
   0.44301    0.44719
 kpt#  55, nband= 50, wtk=  0.00926, kpt= -0.3333 -0.1667  0.1667 (reduced coord)
  -1.94419   -1.94299   -1.94277   -1.94172   -0.80501   -0.80359   -0.80272   -0.79832
  -0.79697   -0.79628   -0.79414   -0.79286   -0.79204   -0.79109   -0.78940   -0.78927
  -0.37693   -0.34578   -0.34093   -0.33662   -0.32796   -0.31950   -0.31436   -0.30864
   0.08058    0.08692    0.10339    0.10951    0.11161    0.12520    0.13455    0.14011
   0.15417    0.16022    0.16377    0.17782    0.19119    0.19772    0.20220    0.21468
   0.21877    0.22748    0.23468    0.23789    0.24450    0.25218    0.26907    0.27615
   0.44374    0.45592
 kpt#  56, nband= 50, wtk=  0.00926, kpt= -0.1667 -0.1667  0.1667 (reduced coord)
  -1.94421   -1.94302   -1.94274   -1.94171   -0.80586   -0.80481   -0.80422   -0.79741
  -0.79617   -0.79482   -0.79378   -0.79302   -0.79227   -0.79121   -0.78889   -0.78866
  -0.38593   -0.34617   -0.34121   -0.33621   -0.32070   -0.31875   -0.31356   -0.30766
   0.07725    0.08401    0.08824    0.10238    0.11092    0.12802    0.14059    0.14641
   0.15507    0.15767    0.17092    0.18077    0.18793    0.20292    0.20827    0.21308
   0.22018    0.22590    0.23457    0.23929    0.24637    0.25259    0.27188    0.27624
   0.44994    0.46855
 kpt#  57, nband= 50, wtk=  0.00926, kpt=  0.0000  0.0000  0.3333 (reduced coord)
  -1.94420   -1.94307   -1.94269   -1.94172   -0.80440   -0.80403   -0.80287   -0.79819
  -0.79741   -0.79462   -0.79411   -0.79362   -0.79191   -0.79140   -0.78971   -0.78916
  -0.38096   -0.35037   -0.33763   -0.33528   -0.32290   -0.31790   -0.31590   -0.31022
   0.08211    0.08283    0.09399    0.11148    0.11967    0.12380    0.12569    0.13736
   0.14344    0.17269    0.18499    0.18590    0.19002    0.19069    0.19772    0.21338
   0.21443    0.22556    0.23963    0.24437    0.24974    0.25899    0.26246    0.26511
   0.45731    0.46333
 kpt#  58, nband= 50, wtk=  0.00926, kpt=  0.1667  0.0000  0.3333 (reduced coord)
  -1.94419   -1.94305   -1.94271   -1.94172   -0.80435   -0.80402   -0.80226   -0.79848
  -0.79781   -0.79511   -0.79391   -0.79344   -0.79206   -0.79141   -0.78979   -0.78896
  -0.37825   -0.35070   -0.33754   -0.33501   -0.32402   -0.31942   -0.31646   -0.30990
   0.08008    0.08961    0.09530    0.10922    0.11988    0.12424    0.13216    0.13774
   0.14808    0.16823    0.17558    0.18395    0.18720    0.19422    0.20248    0.20419
   0.21842    0.22603    0.23542    0.24682    0.25222    0.25573    0.25959    0.26495
   0.45247    0.45512
 kpt#  59, nband= 50, wtk=  0.00926, kpt=  0.3333  0.0000  0.3333 (reduced coord)
  -1.94418   -1.94301   -1.94276   -1.94173   -0.80431   -0.80347   -0.80102   -0.79963
  -0.79850   -0.79614   -0.79386   -0.79281   -0.79184   -0.79098   -0.79052   -0.78883
  -0.37156   -0.35128   -0.33762   -0.33570   -0.32902   -0.32038   -0.31561   -0.31034
   0.08219    0.09416    0.09963    0.11413    0.12036    0.12505    0.13519    0.14044
   0.15409    0.16319    0.17043    0.17528    0.18479    0.19079    0.19707    0.21090
   0.21676    0.22328    0.23299    0.24601    0.24892    0.25274    0.25876    0.26625
   0.44108    0.44615
 kpt#  60, nband= 50, wtk=  0.00926, kpt=  0.5000  0.0000  0.3333 (reduced coord)
  -1.94418   -1.94298   -1.94279   -1.94173   -0.80423   -0.80295   -0.80070   -0.79974
  -0.79933   -0.79665   -0.79386   -0.79225   -0.79159   -0.79149   -0.79009   -0.78920
  -0.36697   -0.35154   -0.33902   -0.33752   -0.33031   -0.32045   -0.31485   -0.31094
   0.08677    0.09074    0.10447    0.11811    0.11954    0.12242    0.13614    0.14782
   0.15589    0.16502    0.17109    0.17148    0.17534    0.17714    0.20877    0.20904
   0.21551    0.22377    0.23711    0.24158    0.24586    0.24778    0.26079    0.26725
   0.43659    0.44162
 kpt#  61, nband= 50, wtk=  0.00926, kpt= -0.3333  0.0000  0.3333 (reduced coord)
  -1.94418   -1.94301   -1.94276   -1.94173   -0.80425   -0.80359   -0.80101   -0.79971
  -0.79839   -0.79612   -0.79391   -0.79282   -0.79192   -0.79088   -0.79034   -0.78901
  -0.37157   -0.35127   -0.33766   -0.33567   -0.32899   -0.32040   -0.31561   -0.31034
   0.08221    0.09412    0.09961    0.11415    0.12024    0.12524    0.13511    0.14044
   0.15415    0.16311    0.17058    0.17525    0.18469    0.19086    0.19698    0.21103
   0.21669    0.22337    0.23296    0.24616    0.24874    0.25271    0.25871    0.26634
   0.44091    0.44620
 kpt#  62, nband= 50, wtk=  0.00926, kpt= -0.1667  0.0000  0.3333 (reduced coord)
  -1.94419   -1.94305   -1.94271   -1.94172   -0.80437   -0.80400   -0.80229   -0.79849
  -0.79779   -0.79511   -0.79384   -0.79345   -0.79221   -0.79121   -0.78970   -0.78914
  -0.37826   -0.35070   -0.33759   -0.33495   -0.32399   -0.31946   -0.31645   -0.30990
   0.08011    0.08956    0.09532    0.10919    0.11962    0.12451    0.13205    0.13790
   0.14803    0.16838    0.17546    0.18400    0.18718    0.19417    0.20246    0.20423
   0.21834    0.22610    0.23550    0.24689    0.25190    0.25578    0.25970    0.26498
   0.45198    0.45542
 kpt#  63, nband= 50, wtk=  0.00926, kpt=  0.0000  0.1667  0.3333 (reduced coord)
  -1.94419   -1.94305   -1.94272   -1.94173   -0.80414   -0.80338   -0.80285   -0.79919
  -0.79710   -0.79510   -0.79384   -0.79350   -0.79255   -0.79138   -0.78990   -0.78869
  -0.37789   -0.34969   -0.33929   -0.33669   -0.32178   -0.31948   -0.31625   -0.31057
   0.08625    0.08893    0.09738    0.11166    0.11981    0.12630    0.12752    0.14048
   0.14186    0.16456    0.17925    0.18570    0.18901    0.19232    0.20038    0.21206
   0.21614    0.22273    0.23226    0.24175    0.24677    0.25647    0.25929    0.26541
   0.45567    0.46613
 kpt#  64, nband= 50, wtk=  0.00926, kpt=  0.1667  0.1667  0.3333 (reduced coord)
  -1.94419   -1.94303   -1.94274   -1.94173   -0.80489   -0.80374   -0.80234   -0.79865
  -0.79752   -0.79579   -0.79379   -0.79301   -0.79200   -0.79155   -0.78964   -0.78877
  -0.37567   -0.35045   -0.34010   -0.33717   -0.32220   -0.31937   -0.31714   -0.30956
   0.08479    0.09428    0.09911    0.10948    0.12109    0.12519    0.13288    0.14066
   0.14727    0.16014    0.17348    0.18023    0.19105    0.19615    0.20399    0.20651
   0.21667    0.22209    0.23399    0.24019    0.24508    0.25211    0.25870    0.26649
   0.44855    0.46095
 kpt#  65, nband= 50, wtk=  0.00926, kpt=  0.3333  0.1667  0.3333 (reduced coord)
  -1.94418   -1.94300   -1.94277   -1.94174   -0.80529   -0.80415   -0.80239   -0.79983
  -0.79748   -0.79546   -0.79330   -0.79253   -0.79144   -0.79113   -0.78998   -0.78884
  -0.37011   -0.35174   -0.34196   -0.33997   -0.32482   -0.31809   -0.31546   -0.30952
   0.08644    0.09727    0.10399    0.11374    0.11968    0.12653    0.13896    0.14038
   0.15245    0.15744    0.16676    0.17857    0.18706    0.19313    0.19886    0.21167
   0.21986    0.22151    0.22896    0.23769    0.24313    0.25235    0.25452    0.26663
   0.43807    0.44782
 kpt#  66, nband= 50, wtk=  0.00926, kpt=  0.5000  0.1667  0.3333 (reduced coord)
  -1.94417   -1.94297   -1.94280   -1.94174   -0.80505   -0.80449   -0.80214   -0.80142
  -0.79693   -0.79544   -0.79288   -0.79211   -0.79113   -0.79105   -0.79011   -0.78913
  -0.36621   -0.35235   -0.34370   -0.34233   -0.32542   -0.31722   -0.31427   -0.31018
   0.09214    0.09222    0.10795    0.11727    0.11999    0.12373    0.13865    0.14998
   0.15057    0.16055    0.16248    0.17515    0.18169    0.18622    0.20782    0.20962
   0.21747    0.22429    0.23237    0.23484    0.23919    0.24914    0.25609    0.26648
   0.43446    0.44103
 kpt#  67, nband= 50, wtk=  0.00926, kpt= -0.3333  0.1667  0.3333 (reduced coord)
  -1.94418   -1.94300   -1.94277   -1.94174   -0.80487   -0.80436   -0.80266   -0.79968
  -0.79722   -0.79593   -0.79341   -0.79240   -0.79169   -0.79091   -0.78955   -0.78912
  -0.37009   -0.35168   -0.34198   -0.33996   -0.32478   -0.31797   -0.31560   -0.30963
   0.08639    0.09705    0.10438    0.11426    0.11952    0.12678    0.13831    0.13970
   0.15287    0.15721    0.16601    0.17971    0.18701    0.19300    0.19893    0.21190
   0.22011    0.22102    0.22869    0.23863    0.24307    0.25229    0.25407    0.26677
   0.43891    0.44704
 kpt#  68, nband= 50, wtk=  0.00926, kpt= -0.1667  0.1667  0.3333 (reduced coord)
  -1.94419   -1.94303   -1.94274   -1.94173   -0.80453   -0.80375   -0.80273   -0.79834
  -0.79745   -0.79627   -0.79368   -0.79307   -0.79230   -0.79116   -0.78945   -0.78893
  -0.37564   -0.35043   -0.34021   -0.33697   -0.32224   -0.31915   -0.31736   -0.30966
   0.08474    0.09415    0.09936    0.10983    0.12108    0.12512    0.13223    0.14091
   0.14700    0.16021    0.17337    0.18052    0.19071    0.19570    0.20422    0.20645
   0.21706    0.22233    0.23412    0.24105    0.24431    0.25242    0.25839    0.26642
   0.44952    0.45945
 kpt#  69, nband= 50, wtk=  0.00926, kpt=  0.0000  0.3333  0.3333 (reduced coord)
  -1.94417   -1.94298   -1.94279   -1.94174   -0.80329   -0.80259   -0.80180   -0.80082
  -0.79698   -0.79607   -0.79545   -0.79352   -0.79171   -0.79078   -0.79017   -0.78875
  -0.36928   -0.34745   -0.34583   -0.33995   -0.32107   -0.31907   -0.31766   -0.31232
   0.09620    0.10541    0.10588    0.11426    0.11944    0.12730    0.13415    0.13551
   0.14824    0.15804    0.16944    0.17651    0.18143    0.19672    0.20185    0.20730
   0.21214    0.21976    0.22228    0.22835    0.24719    0.25472    0.25793    0.26300
   0.45403    0.47208
 kpt#  70, nband= 50, wtk=  0.00926, kpt=  0.1667  0.3333  0.3333 (reduced coord)
  -1.94417   -1.94297   -1.94279   -1.94175   -0.80492   -0.80361   -0.80266   -0.80015
  -0.79677   -0.79607   -0.79406   -0.79252   -0.79153   -0.79078   -0.78994   -0.78882
  -0.36837   -0.34962   -0.34661   -0.34141   -0.32020   -0.31972   -0.31626   -0.31026
   0.09513    0.10568    0.10881    0.11431    0.12076    0.12608    0.13450    0.14144
   0.14938    0.15608    0.16394    0.17819    0.18691    0.19675    0.20197    0.20872
   0.21011    0.22034    0.22210    0.22613    0.24383    0.24994    0.25799    0.26502
   0.44723    0.46480
 kpt#  71, nband= 50, wtk=  0.00926, kpt=  0.3333  0.3333  0.3333 (reduced coord)
  -1.94416   -1.94296   -1.94281   -1.94175   -0.80613   -0.80500   -0.80416   -0.80234
  -0.79505   -0.79404   -0.79273   -0.79182   -0.79128   -0.79047   -0.78965   -0.78895
  -0.36572   -0.35224   -0.34947   -0.34579   -0.32031   -0.31614   -0.31359   -0.30891
   0.09570    0.10551    0.11446    0.11564    0.11971    0.12520    0.13498    0.14529
   0.14887    0.16187    0.16448    0.17840    0.18749    0.19508    0.20150    0.20640
   0.21263    0.21730    0.22157    0.22805    0.23831    0.24872    0.25435    0.26387
   0.43714    0.45149
 kpt#  72, nband= 50, wtk=  0.00926, kpt=  0.5000  0.3333  0.3333 (reduced coord)
  -1.94416   -1.94294   -1.94283   -1.94175   -0.80618   -0.80573   -0.80451   -0.80388
  -0.79405   -0.79334   -0.79218   -0.79177   -0.79083   -0.79022   -0.78976   -0.78908
  -0.36355   -0.35332   -0.35086   -0.34909   -0.31944   -0.31398   -0.31270   -0.30910
   0.09772    0.10471    0.11547    0.11642    0.12021    0.12502    0.13433    0.14363
   0.15340    0.16133    0.16891    0.17637    0.18761    0.19321    0.20336    0.20529
   0.21380    0.21679    0.22050    0.22834    0.23486    0.25021    0.25131    0.26299
   0.43431    0.44203
 kpt#  73, nband= 50, wtk=  0.00926, kpt= -0.3333  0.3333  0.3333 (reduced coord)
  -1.94416   -1.94296   -1.94281   -1.94175   -0.80570   -0.80516   -0.80450   -0.80223
  -0.79494   -0.79410   -0.79298   -0.79180   -0.79147   -0.79023   -0.78948   -0.78903
  -0.36569   -0.35234   -0.34911   -0.34600   -0.32030   -0.31610   -0.31361   -0.30903
   0.09570    0.10549    0.11460    0.11592    0.11958    0.12557    0.13428    0.14499
   0.14927    0.16099    0.16444    0.17853    0.18816    0.19440    0.20183    0.20649
   0.21334    0.21743    0.22142    0.22797    0.23797    0.24927    0.25377    0.26402
   0.43783    0.45057
 kpt#  74, nband= 50, wtk=  0.00926, kpt= -0.1667  0.3333  0.3333 (reduced coord)
  -1.94417   -1.94298   -1.94279   -1.94175   -0.80447   -0.80359   -0.80326   -0.79983
  -0.79722   -0.79562   -0.79432   -0.79242   -0.79194   -0.79048   -0.78980   -0.78887
  -0.36833   -0.34979   -0.34628   -0.34150   -0.32018   -0.31964   -0.31640   -0.31033
   0.09516    0.10562    0.10908    0.11462    0.12031    0.12627    0.13383    0.14182
   0.14911    0.15588    0.16412    0.17840    0.18678    0.19605    0.20134    0.20879
   0.21169    0.22025    0.22244    0.22621    0.24303    0.25076    0.25782    0.26481
   0.44787    0.46414
 kpt#  75, nband= 50, wtk=  0.00926, kpt=  0.0000  0.5000  0.3333 (reduced coord)
  -1.94416   -1.94292   -1.94285   -1.94175   -0.80242   -0.80215   -0.80143   -0.80131
  -0.79759   -0.79726   -0.79470   -0.79448   -0.79091   -0.79055   -0.78979   -0.78951
  -0.35756   -0.35702   -0.34404   -0.34361   -0.32025   -0.31956   -0.31598   -0.31515
   0.10748    0.10938    0.11619    0.11708    0.11755    0.11850    0.14217    0.14547
   0.14878    0.15084    0.16238    0.16393    0.18714    0.18847    0.19991    0.20226
   0.21214    0.21470    0.22209    0.22381    0.25263    0.25358    0.25763    0.25862
   0.45634    0.45992
 kpt#  76, nband= 50, wtk=  0.00926, kpt=  0.1667  0.5000  0.3333 (reduced coord)
  -1.94416   -1.94292   -1.94285   -1.94175   -0.80444   -0.80384   -0.80221   -0.80181
  -0.79656   -0.79613   -0.79330   -0.79303   -0.79076   -0.79062   -0.78994   -0.78928
  -0.35835   -0.35778   -0.34587   -0.34494   -0.32020   -0.31994   -0.31316   -0.31265
   0.10632    0.10755    0.11323    0.11477    0.12332    0.12463    0.14413    0.14495
   0.14789    0.14994    0.16507    0.16646    0.18889    0.18949    0.20228    0.20406
   0.20933    0.21047    0.22272    0.22322    0.24797    0.24882    0.25982    0.26062
   0.45178    0.45414
 kpt#  77, nband= 50, wtk=  0.00926, kpt=  0.3333  0.5000  0.3333 (reduced coord)
  -1.94416   -1.94292   -1.94285   -1.94176   -0.80600   -0.80551   -0.80437   -0.80418
  -0.79410   -0.79381   -0.79190   -0.79151   -0.79073   -0.79058   -0.78982   -0.78902
  -0.35894   -0.35852   -0.35024   -0.34907   -0.31766   -0.31741   -0.31054   -0.31011
   0.10678    0.10743    0.11297    0.11387    0.12425    0.12613    0.13885    0.13992
   0.15721    0.15905    0.17104    0.17231    0.18831    0.18926    0.20130    0.20260
   0.20767    0.20845    0.22214    0.22300    0.24471    0.24580    0.25771    0.25850
   0.44434    0.44598
 kpt#  78, nband= 50, wtk=  0.00926, kpt=  0.5000  0.5000  0.3333 (reduced coord)
  -1.94415   -1.94293   -1.94284   -1.94176   -0.80621   -0.80602   -0.80560   -0.80531
  -0.79293   -0.79261   -0.79173   -0.79125   -0.79083   -0.79021   -0.78957   -0.78904
  -0.35863   -0.35811   -0.35277   -0.35203   -0.31575   -0.31536   -0.31015   -0.30945
   0.10796    0.10840    0.11293    0.11396    0.12515    0.12752    0.13370    0.13489
   0.16591    0.16835    0.16947    0.17150    0.19319    0.19382    0.19507    0.19614
   0.20989    0.21028    0.22064    0.22190    0.24311    0.24443    0.25653    0.25749
   0.44219    0.44382
 kpt#  79, nband= 50, wtk=  0.00926, kpt= -0.3333  0.5000  0.3333 (reduced coord)
  -1.94416   -1.94292   -1.94285   -1.94176   -0.80589   -0.80569   -0.80446   -0.80402
  -0.79424   -0.79362   -0.79184   -0.79165   -0.79097   -0.79018   -0.78963   -0.78934
  -0.35913   -0.35834   -0.34972   -0.34960   -0.31775   -0.31727   -0.31069   -0.30999
   0.10675    0.10744    0.11288    0.11393    0.12404    0.12637    0.13859    0.14019
   0.15673    0.15953    0.17128    0.17215    0.18769    0.18985    0.20113    0.20255
   0.20797    0.20843    0.22170    0.22333    0.24494    0.24547    0.25790    0.25842
   0.44442    0.44590
 kpt#  80, nband= 50, wtk=  0.00926, kpt= -0.1667  0.5000  0.3333 (reduced coord)
  -1.94416   -1.94292   -1.94285   -1.94175   -0.80427   -0.80410   -0.80222   -0.80173
  -0.79663   -0.79597   -0.79333   -0.79310   -0.79095   -0.79026   -0.78973   -0.78963
  -0.35836   -0.35778   -0.34558   -0.34523   -0.32049   -0.31959   -0.31327   -0.31259
   0.10626    0.10754    0.11372    0.11429    0.12312    0.12488    0.14369    0.14503
   0.14775    0.15039    0.16551    0.16609    0.18852    0.18982    0.20222    0.20417
   0.20912    0.21081    0.22211    0.22368    0.24769    0.24902    0.25984    0.26068
   0.45150    0.45449
 kpt#  81, nband= 50, wtk=  0.00926, kpt=  0.0000 -0.3333  0.3333 (reduced coord)
  -1.94417   -1.94298   -1.94279   -1.94174   -0.80334   -0.80259   -0.80167   -0.80085
  -0.79701   -0.79602   -0.79547   -0.79342   -0.79157   -0.79124   -0.78981   -0.78897
  -0.36912   -0.34733   -0.34578   -0.33956   -0.32148   -0.31930   -0.31747   -0.31268
   0.09725    0.10590    0.10640    0.11475    0.11844    0.12628    0.13407    0.13667
   0.14633    0.15664    0.17269    0.17424    0.18286    0.19736    0.20140    0.20602
   0.21327    0.22042    0.22099    0.22829    0.24716    0.25515    0.25775    0.26273
   0.45160    0.47209
 kpt#  82, nband= 50, wtk=  0.00926, kpt=  0.1667 -0.3333  0.3333 (reduced coord)
  -1.94417   -1.94298   -1.94279   -1.94175   -0.80442   -0.80376   -0.80307   -0.79983
  -0.79727   -0.79560   -0.79430   -0.79239   -0.79173   -0.79101   -0.78937   -0.78910
  -0.36822   -0.34943   -0.34633   -0.34129   -0.32056   -0.31936   -0.31698   -0.31040
   0.09540    0.10679    0.10939    0.11507    0.11995    0.12468    0.13405    0.14308
   0.14834    0.15547    0.16402    0.17927    0.18639    0.19606    0.20061    0.20714
   0.21208    0.22061    0.22219    0.22701    0.24295    0.25110    0.25798    0.26453
   0.44579    0.46515
 kpt#  83, nband= 50, wtk=  0.00926, kpt=  0.3333 -0.3333  0.3333 (reduced coord)
  -1.94416   -1.94296   -1.94281   -1.94175   -0.80566   -0.80525   -0.80437   -0.80226
  -0.79503   -0.79408   -0.79279   -0.79187   -0.79122   -0.79075   -0.78936   -0.78900
  -0.36569   -0.35189   -0.34889   -0.34606   -0.32023   -0.31646   -0.31433   -0.30873
   0.09554    0.10651    0.11476    0.11633    0.11975    0.12432    0.13432    0.14504
   0.15087    0.16064    0.16453    0.17892    0.18724    0.19308    0.20196    0.20557
   0.21260    0.21823    0.22175    0.22874    0.23724    0.24953    0.25411    0.26357
   0.43716    0.45160
 kpt#  84, nband= 50, wtk=  0.00926, kpt=  0.5000 -0.3333  0.3333 (reduced coord)
  -1.94416   -1.94294   -1.94283   -1.94175   -0.80622   -0.80570   -0.80448   -0.80386
  -0.79419   -0.79331   -0.79199   -0.79161   -0.79080   -0.79060   -0.78948   -0.78930
  -0.36367   -0.35273   -0.35052   -0.34929   -0.31935   -0.31452   -0.31355   -0.30853
   0.09763    0.10529    0.11582    0.11735    0.11995    0.12439    0.13364    0.14342
   0.15446    0.16299    0.16791    0.17530    0.19006    0.19175    0.20329    0.20425
   0.21249    0.21711    0.22074    0.22883    0.23458    0.25037    0.25120    0.26240
   0.43504    0.44227
 kpt#  85, nband= 50, wtk=  0.00926, kpt= -0.3333 -0.3333  0.3333 (reduced coord)
  -1.94416   -1.94296   -1.94281   -1.94175   -0.80609   -0.80515   -0.80404   -0.80231
  -0.79511   -0.79403   -0.79257   -0.79183   -0.79114   -0.79060   -0.78951   -0.78924
  -0.36575   -0.35175   -0.34918   -0.34596   -0.32020   -0.31638   -0.31442   -0.30863
   0.09552    0.10644    0.11460    0.11619    0.11976    0.12397    0.13513    0.14516
   0.15048    0.16148    0.16469    0.17890    0.18651    0.19394    0.20110    0.20610
   0.21182    0.21805    0.22179    0.22866    0.23768    0.24888    0.25480    0.26346
   0.43646    0.45233
 kpt#  86, nband= 50, wtk=  0.00926, kpt= -0.1667 -0.3333  0.3333 (reduced coord)
  -1.94417   -1.94297   -1.94279   -1.94175   -0.80487   -0.80378   -0.80252   -0.80014
  -0.79679   -0.79598   -0.79402   -0.79249   -0.79136   -0.79108   -0.78970   -0.78908
  -0.36827   -0.34923   -0.34667   -0.34123   -0.32073   -0.31916   -0.31693   -0.31034
   0.09534    0.10676    0.10921    0.11473    0.12040    0.12451    0.13477    0.14240
   0.14871    0.15579    0.16383    0.17923    0.18648    0.19664    0.20140    0.20686
   0.21085    0.22050    0.22192    0.22688    0.24363    0.25021    0.25836    0.26474
   0.44506    0.46611
 kpt#  87, nband= 50, wtk=  0.00926, kpt=  0.0000 -0.1667  0.3333 (reduced coord)
  -1.94419   -1.94305   -1.94272   -1.94173   -0.80432   -0.80314   -0.80284   -0.79922
  -0.79705   -0.79506   -0.79405   -0.79348   -0.79218   -0.79164   -0.78973   -0.78891
  -0.37779   -0.34954   -0.33909   -0.33627   -0.32210   -0.32016   -0.31587   -0.31092
   0.08697    0.08906    0.09794    0.11212    0.11876    0.12538    0.12804    0.13978
   0.14231    0.16397    0.18201    0.18398    0.18927    0.19236    0.19928    0.21112
   0.21748    0.22456    0.23057    0.24026    0.24763    0.25716    0.25959    0.26469
   0.45492    0.46540
 kpt#  88, nband= 50, wtk=  0.00926, kpt=  0.1667 -0.1667  0.3333 (reduced coord)
  -1.94419   -1.94303   -1.94274   -1.94173   -0.80454   -0.80375   -0.80268   -0.79837
  -0.79726   -0.79640   -0.79373   -0.79314   -0.79200   -0.79145   -0.78929   -0.78908
  -0.37556   -0.35018   -0.33992   -0.33679   -0.32250   -0.31966   -0.31736   -0.30979
   0.08484    0.09475    0.09977    0.11027    0.12066    0.12424    0.13281    0.14023
   0.14753    0.16060    0.17285    0.18036    0.19071    0.19638    0.20385    0.20584
   0.21679    0.22188    0.23341    0.24160    0.24487    0.25333    0.25842    0.26567
   0.44842    0.46016
 kpt#  89, nband= 50, wtk=  0.00926, kpt=  0.3333 -0.1667  0.3333 (reduced coord)
  -1.94418   -1.94300   -1.94277   -1.94174   -0.80478   -0.80443   -0.80264   -0.79965
  -0.79714   -0.79609   -0.79320   -0.79252   -0.79142   -0.79127   -0.78974   -0.78894
  -0.37006   -0.35132   -0.34159   -0.33994   -0.32488   -0.31858   -0.31597   -0.30945
   0.08628    0.09758    0.10495    0.11405    0.11988    0.12599    0.13890    0.13958
   0.15324    0.15822    0.16536    0.17878    0.18721    0.19195    0.19962    0.21209
   0.21896    0.22118    0.22843    0.23849    0.24343    0.25283    0.25417    0.26623
   0.43875    0.44762
 kpt#  90, nband= 50, wtk=  0.00926, kpt=  0.5000 -0.1667  0.3333 (reduced coord)
  -1.94417   -1.94297   -1.94280   -1.94174   -0.80502   -0.80446   -0.80227   -0.80130
  -0.79675   -0.79571   -0.79264   -0.79196   -0.79148   -0.79107   -0.78992   -0.78930
  -0.36626   -0.35191   -0.34367   -0.34190   -0.32554   -0.31806   -0.31469   -0.30976
   0.09224    0.09248    0.10811    0.11803    0.11943    0.12338    0.13923    0.15011
   0.15088    0.16095    0.16184    0.17404    0.18374    0.18488    0.20863    0.20903
   0.21817    0.22310    0.23094    0.23491    0.23992    0.24874    0.25638    0.26619
   0.43523    0.44107
 kpt#  91, nband= 50, wtk=  0.00926, kpt= -0.3333 -0.1667  0.3333 (reduced coord)
  -1.94418   -1.94300   -1.94277   -1.94174   -0.80520   -0.80429   -0.80233   -0.79985
  -0.79732   -0.79557   -0.79320   -0.79254   -0.79161   -0.79087   -0.78997   -0.78905
  -0.37011   -0.35137   -0.34147   -0.34007   -0.32485   -0.31871   -0.31585   -0.30934
   0.08635    0.09771    0.10453    0.11357    0.11998    0.12590    0.13935    0.14034
   0.15291    0.15842    0.16608    0.17776    0.18739    0.19195    0.19932    0.21206
   0.21885    0.22149    0.22882    0.23763    0.24329    0.25280    0.25464    0.26618
   0.43779    0.44831
 kpt#  92, nband= 50, wtk=  0.00926, kpt= -0.1667 -0.1667  0.3333 (reduced coord)
  -1.94419   -1.94303   -1.94274   -1.94173   -0.80491   -0.80372   -0.80232   -0.79874
  -0.79734   -0.79577   -0.79388   -0.79299   -0.79195   -0.79147   -0.78957   -0.78903
  -0.37560   -0.35020   -0.33983   -0.33697   -0.32239   -0.31990   -0.31717   -0.30970
   0.08491    0.09482    0.09953    0.10989    0.12023    0.12479    0.13339    0.14016
   0.14763    0.16060    0.17296    0.18020    0.19098    0.19665    0.20361    0.20618
   0.21611    0.22184    0.23346    0.24056    0.24545    0.25293    0.25897    0.26576
   0.44724    0.46158
 kpt#  93, nband= 50, wtk=  0.00463, kpt=  0.0000  0.0000  0.5000 (reduced coord)
  -1.94418   -1.94308   -1.94269   -1.94173   -0.80176   -0.80162   -0.80138   -0.80101
  -0.79771   -0.79723   -0.79427   -0.79411   -0.79127   -0.79082   -0.79059   -0.79013
  -0.36444   -0.36372   -0.33566   -0.33487   -0.32231   -0.32208   -0.31452   -0.31446
   0.08952    0.08995    0.10520    0.10558    0.12331    0.12360    0.13064    0.13081
   0.14959    0.15074    0.17897    0.17977    0.19865    0.19996    0.20440    0.20675
   0.21096    0.21266    0.24475    0.24528    0.25001    0.25102    0.26142    0.26249
   0.45828    0.46142
 kpt#  94, nband= 50, wtk=  0.00926, kpt=  0.1667  0.0000  0.5000 (reduced coord)
  -1.94418   -1.94306   -1.94271   -1.94173   -0.80276   -0.80260   -0.80046   -0.80024
  -0.79825   -0.79794   -0.79349   -0.79341   -0.79137   -0.79111   -0.79029   -0.79004
  -0.36344   -0.36273   -0.33601   -0.33527   -0.32372   -0.32350   -0.31372   -0.31369
   0.08883    0.08916    0.10705    0.10730    0.12374    0.12436    0.13554    0.13608
   0.15259    0.15325    0.17640    0.17740    0.18789    0.18838    0.20358    0.20543
   0.21952    0.21986    0.24074    0.24090    0.25217    0.25291    0.25880    0.25986
   0.44969    0.45107
 kpt#  95, nband= 50, wtk=  0.00926, kpt=  0.3333  0.0000  0.5000 (reduced coord)
  -1.94417   -1.94301   -1.94276   -1.94174   -0.80377   -0.80355   -0.80027   -0.79998
  -0.79841   -0.79809   -0.79293   -0.79228   -0.79182   -0.79167   -0.78981   -0.78948
  -0.36124   -0.36052   -0.33706   -0.33646   -0.32574   -0.32560   -0.31276   -0.31273
   0.09108    0.09150    0.10788    0.10816    0.12228    0.12357    0.14511    0.14594
   0.15948    0.15976    0.17082    0.17241    0.18095    0.18139    0.20014    0.20115
   0.22158    0.22218    0.23420    0.23461    0.24977    0.25085    0.25909    0.25975
   0.43964    0.44033
 kpt#  96, nband= 50, wtk=  0.00463, kpt=  0.5000  0.0000  0.5000 (reduced coord)
  -1.94417   -1.94298   -1.94279   -1.94174   -0.80416   -0.80391   -0.80067   -0.80026
  -0.79798   -0.79738   -0.79354   -0.79274   -0.79137   -0.79122   -0.78967   -0.78926
  -0.36001   -0.35928   -0.33780   -0.33730   -0.32648   -0.32642   -0.31246   -0.31242
   0.09527    0.09620    0.10471    0.10558    0.12043    0.12197    0.14899    0.15010
   0.16384    0.16431    0.16751    0.16936    0.18594    0.18713    0.19409    0.19444
   0.21545    0.21682    0.23412    0.23532    0.24742    0.24816    0.26006    0.26058
   0.43542    0.43599
 kpt#  97, nband= 50, wtk=  0.00926, kpt=  0.0000  0.1667  0.5000 (reduced coord)
  -1.94417   -1.94305   -1.94272   -1.94174   -0.80208   -0.80157   -0.80131   -0.80095
  -0.79804   -0.79763   -0.79390   -0.79372   -0.79185   -0.79132   -0.79000   -0.78962
  -0.36256   -0.36183   -0.33765   -0.33681   -0.32185   -0.32154   -0.31533   -0.31504
   0.09461    0.09525    0.10749    0.10817    0.12494    0.12609    0.13134    0.13222
   0.14867    0.14983    0.17488    0.17563    0.19482    0.19650    0.20313    0.20487
   0.21555    0.21599    0.23954    0.24012    0.24782    0.24841    0.25879    0.25959
   0.45911    0.46182
 kpt#  98, nband= 50, wtk=  0.00926, kpt=  0.1667  0.1667  0.5000 (reduced coord)
  -1.94417   -1.94304   -1.94274   -1.94174   -0.80380   -0.80321   -0.80063   -0.80037
  -0.79785   -0.79729   -0.79355   -0.79290   -0.79164   -0.79096   -0.79003   -0.78971
  -0.36220   -0.36134   -0.33876   -0.33837   -0.32275   -0.32139   -0.31508   -0.31260
   0.09351    0.09403    0.10868    0.11073    0.12244    0.12989    0.13486    0.13669
   0.15057    0.15383    0.16912    0.17369    0.18983    0.19121    0.20417    0.20790
   0.21667    0.21863    0.23763    0.23809    0.24326    0.24990    0.25406    0.26269
   0.44675    0.45757
 kpt#  99, nband= 50, wtk=  0.00926, kpt=  0.3333  0.1667  0.5000 (reduced coord)
  -1.94417   -1.94300   -1.94277   -1.94174   -0.80502   -0.80458   -0.80186   -0.80159
  -0.79659   -0.79581   -0.79279   -0.79182   -0.79162   -0.79097   -0.78984   -0.78939
  -0.36112   -0.36015   -0.34185   -0.34144   -0.32200   -0.32152   -0.31288   -0.31127
   0.09444    0.09716    0.10730    0.11348    0.12171    0.12684    0.13883    0.14691
   0.15573    0.15949    0.16842    0.17391    0.18296    0.18676    0.20008    0.20669
   0.21821    0.22230    0.22756    0.23669    0.24004    0.24779    0.25658    0.25928
   0.43675    0.44335
 kpt# 100, nband= 50, wtk=  0.00926, kpt=  0.5000  0.1667  0.5000 (reduced coord)
  -1.94417   -1.94297   -1.94280   -1.94174   -0.80532   -0.80500   -0.80268   -0.80225
  -0.79578   -0.79518   -0.79271   -0.79191   -0.79123   -0.79097   -0.78961   -0.78920
  -0.36027   -0.35950   -0.34369   -0.34310   -0.32140   -0.32103   -0.31176   -0.31140
   0.09957    0.10009    0.10740    0.10780    0.12201    0.12368    0.14224    0.14339
   0.16385    0.16507    0.16917    0.17092    0.18846    0.18921    0.19680    0.19785
   0.21763    0.21915    0.22954    0.23108    0.24189    0.24323    0.25827    0.25854
   0.43473    0.43557
 kpt# 101, nband= 50, wtk=  0.00926, kpt= -0.3333  0.1667  0.5000 (reduced coord)
  -1.94417   -1.94300   -1.94277   -1.94174   -0.80474   -0.80461   -0.80208   -0.80151
  -0.79661   -0.79613   -0.79235   -0.79214   -0.79168   -0.79090   -0.78974   -0.78939
  -0.36177   -0.35935   -0.34230   -0.34104   -0.32194   -0.32147   -0.31299   -0.31137
   0.09417    0.09736    0.10748    0.11376    0.12273    0.12558    0.13808    0.14723
   0.15601    0.15970    0.16735    0.17467    0.18256    0.18655    0.20122    0.20590
   0.21875    0.22267    0.22704    0.23619    0.24078    0.24714    0.25725    0.25908
   0.43744    0.44259
 kpt# 102, nband= 50, wtk=  0.00926, kpt= -0.1667  0.1667  0.5000 (reduced coord)
  -1.94417   -1.94304   -1.94273   -1.94174   -0.80343   -0.80327   -0.80061   -0.80048
  -0.79816   -0.79746   -0.79330   -0.79291   -0.79176   -0.79086   -0.79011   -0.78961
  -0.36285   -0.36055   -0.33940   -0.33775   -0.32285   -0.32116   -0.31522   -0.31272
   0.09352    0.09388    0.10890    0.11109    0.12237    0.12900    0.13546    0.13679
   0.15130    0.15300    0.16865    0.17376    0.18905    0.19083    0.20534    0.20755
   0.21725    0.21926    0.23710    0.23879    0.24267    0.24924    0.25509    0.26230
   0.44779    0.45581
 kpt# 103, nband= 50, wtk=  0.00926, kpt=  0.0000  0.3333  0.5000 (reduced coord)
  -1.94416   -1.94299   -1.94278   -1.94175   -0.80243   -0.80202   -0.80120   -0.80091
  -0.79795   -0.79757   -0.79450   -0.79433   -0.79138   -0.79102   -0.78958   -0.78926
  -0.35740   -0.35662   -0.34300   -0.34213   -0.32068   -0.32019   -0.31706   -0.31655
   0.10538    0.10581    0.11625    0.11736    0.12424    0.12543    0.13882    0.13941
   0.14656    0.14764    0.16784    0.16941    0.17992    0.18247    0.20535    0.20707
   0.21960    0.22097    0.22532    0.22725    0.24351    0.24388    0.25605    0.25646
   0.46148    0.46329
 kpt# 104, nband= 50, wtk=  0.00926, kpt=  0.1667  0.3333  0.5000 (reduced coord)
  -1.94416   -1.94298   -1.94279   -1.94175   -0.80452   -0.80376   -0.80215   -0.80184
  -0.79612   -0.79598   -0.79378   -0.79284   -0.79122   -0.79078   -0.78963   -0.78929
  -0.35870   -0.35707   -0.34556   -0.34424   -0.31946   -0.31896   -0.31626   -0.31301
   0.10187    0.10724    0.11636    0.11745    0.12202    0.13185    0.13818    0.13941
   0.15035    0.15259    0.16390    0.16509    0.18532    0.19056    0.20491    0.20776
   0.21650    0.21850    0.22194    0.22261    0.24109    0.24783    0.24948    0.26228
   0.44799    0.46756
 kpt# 105, nband= 50, wtk=  0.00926, kpt=  0.3333  0.3333  0.5000 (reduced coord)
  -1.94416   -1.94296   -1.94281   -1.94175   -0.80630   -0.80573   -0.80416   -0.80398
  -0.79387   -0.79349   -0.79243   -0.79145   -0.79100   -0.79044   -0.78950   -0.78917
  -0.35998   -0.35846   -0.34979   -0.34869   -0.31698   -0.31586   -0.31255   -0.31031
   0.10405    0.10455    0.11651    0.11964    0.12207    0.13145    0.13382    0.13565
   0.15919    0.16102    0.16705    0.17024    0.18843    0.19116    0.20306    0.20546
   0.21264    0.21594    0.22033    0.22274    0.23765    0.24581    0.25035    0.25885
   0.43719    0.44900
 kpt# 106, nband= 50, wtk=  0.00926, kpt=  0.5000  0.3333  0.5000 (reduced coord)
  -1.94416   -1.94294   -1.94283   -1.94175   -0.80677   -0.80639   -0.80527   -0.80484
  -0.79303   -0.79253   -0.79176   -0.79117   -0.79091   -0.79033   -0.78936   -0.78892
  -0.36003   -0.35922   -0.35173   -0.35104   -0.31497   -0.31459   -0.31059   -0.31013
   0.10581    0.10605    0.11865    0.11894    0.12309    0.12464    0.13269    0.13334
   0.16355    0.16415    0.17262    0.17361    0.19178    0.19258    0.19655    0.19806
   0.21733    0.21795    0.22237    0.22312    0.23701    0.23755    0.25423    0.25444
   0.43665    0.43718
 kpt# 107, nband= 50, wtk=  0.00926, kpt= -0.3333  0.3333  0.5000 (reduced coord)
  -1.94416   -1.94296   -1.94281   -1.94175   -0.80591   -0.80579   -0.80464   -0.80378
  -0.79397   -0.79368   -0.79207   -0.79159   -0.79117   -0.79046   -0.78946   -0.78900
  -0.36059   -0.35763   -0.34948   -0.34912   -0.31696   -0.31576   -0.31261   -0.31047
   0.10395    0.10454    0.11683    0.12012    0.12214    0.13055    0.13371    0.13566
   0.15892    0.16181    0.16695    0.16985    0.18840    0.19091    0.20240    0.20545
   0.21299    0.21665    0.22081    0.22296    0.23654    0.24600    0.25107    0.25856
   0.43738    0.44837
 kpt# 108, nband= 50, wtk=  0.00926, kpt= -0.1667  0.3333  0.5000 (reduced coord)
  -1.94416   -1.94298   -1.94279   -1.94175   -0.80407   -0.80385   -0.80257   -0.80169
  -0.79635   -0.79612   -0.79360   -0.79271   -0.79136   -0.79089   -0.78954   -0.78919
  -0.35934   -0.35624   -0.34508   -0.34480   -0.31932   -0.31898   -0.31639   -0.31311
   0.10182    0.10712    0.11674    0.11771    0.12163    0.13223    0.13773    0.13987
   0.15048    0.15181    0.16377    0.16512    0.18506    0.19011    0.20497    0.20764
   0.21623    0.21927    0.22241    0.22361    0.23992    0.24777    0.25028    0.26188
   0.44840    0.46471
 kpt# 109, nband= 50, wtk=  0.00463, kpt=  0.0000  0.5000  0.5000 (reduced coord)
  -1.94415   -1.94293   -1.94284   -1.94176   -0.80234   -0.80223   -0.80148   -0.80131
  -0.79668   -0.79628   -0.79608   -0.79586   -0.79066   -0.79037   -0.78962   -0.78934
  -0.35050   -0.35006   -0.34960   -0.34914   -0.31934   -0.31895   -0.31848   -0.31810
   0.11339    0.11375    0.11484    0.11525    0.13684    0.13703    0.13927    0.13941
   0.14961    0.15023    0.15141    0.15189    0.18985    0.19054    0.19193    0.19262
   0.21974    0.22001    0.22211    0.22235    0.24829    0.24901    0.24974    0.25052
   0.46773    0.46912
 kpt# 110, nband= 50, wtk=  0.00926, kpt=  0.1667  0.5000  0.5000 (reduced coord)
  -1.94415   -1.94293   -1.94284   -1.94176   -0.80419   -0.80363   -0.80349   -0.80287
  -0.79497   -0.79467   -0.79429   -0.79401   -0.79063   -0.79029   -0.78959   -0.78927
  -0.35333   -0.35250   -0.35133   -0.35041   -0.31792   -0.31754   -0.31560   -0.31503
   0.10995    0.11042    0.11840    0.11856    0.13394    0.13440    0.13688    0.13735
   0.15392    0.15451    0.15690    0.15715    0.19187    0.19279    0.19559    0.19601
   0.21559    0.21600    0.21767    0.21827    0.24408    0.24535    0.25487    0.25575
   0.45725    0.45842
 kpt# 111, nband= 50, wtk=  0.00926, kpt=  0.3333  0.5000  0.5000 (reduced coord)
  -1.94415   -1.94293   -1.94284   -1.94176   -0.80625   -0.80586   -0.80567   -0.80522
  -0.79265   -0.79242   -0.79222   -0.79196   -0.79051   -0.79001   -0.78949   -0.78904
  -0.35674   -0.35593   -0.35504   -0.35418   -0.31389   -0.31359   -0.31197   -0.31146
   0.11079    0.11106    0.11653    0.11675    0.12931    0.13000    0.13517    0.13610
   0.16127    0.16260    0.16571    0.16653    0.19300    0.19404    0.19546    0.19639
   0.21273    0.21354    0.21608    0.21708    0.24304    0.24425    0.25267    0.25355
   0.44752    0.44831
 kpt# 112, nband= 50, wtk=  0.00463, kpt=  0.5000  0.5000  0.5000 (reduced coord)
  -1.94415   -1.94293   -1.94284   -1.94176   -0.80697   -0.80682   -0.80648   -0.80619
  -0.79189   -0.79167   -0.79145   -0.79126   -0.79033   -0.78976   -0.78937   -0.78886
  -0.35782   -0.35713   -0.35699   -0.35632   -0.31144   -0.31117   -0.31095   -0.31063
   0.11341    0.11370    0.11420    0.11445    0.12919    0.12986    0.13194    0.13256
   0.16525    0.16612    0.16890    0.16965    0.19230    0.19349    0.19396    0.19517
   0.21522    0.21614    0.21667    0.21746    0.24525    0.24578    0.24682    0.24727
   0.44603    0.44714
