 Fermi (or HOMO) energy (hartree) =   0.27625   Average Vxc (hartree)=  -0.44460
 Eigenvalues (hartree) for nkpt= 112  k points:
 kpt#   1, nband= 50, wtk=  0.00463, kpt=  0.0000  0.0000  0.0000 (reduced coord)
  -1.93800   -1.93724   -1.93715   -1.93713   -0.80684   -0.80490   -0.80428   -0.79498
  -0.79261   -0.79168   -0.79043   -0.79010   -0.78877   -0.78606   -0.78501   -0.78464
  -0.39725   -0.34968   -0.34254   -0.33972   -0.31311   -0.31190   -0.31145   -0.30406
   0.05966    0.06404    0.07541    0.09179    0.09671    0.09913    0.14991    0.16088
   0.16596    0.17282    0.17804    0.17955    0.18191    0.19509    0.20559    0.21687
   0.22104    0.23466    0.24089    0.24431    0.25545    0.25823    0.27577    0.27625
   0.45647    0.46071
 kpt#   2, nband= 50, wtk=  0.00926, kpt=  0.1667  0.0000  0.0000 (reduced coord)
  -1.93796   -1.93728   -1.93716   -1.93712   -0.80601   -0.80389   -0.80365   -0.79545
  -0.79273   -0.79149   -0.79082   -0.79035   -0.78878   -0.78684   -0.78546   -0.78531
  -0.39285   -0.34753   -0.34200   -0.33810   -0.31944   -0.31377   -0.31153   -0.30566
   0.06385    0.07245    0.07298    0.09338    0.09880    0.11255    0.14129    0.15693
   0.16101    0.16193    0.16912    0.17934    0.18178    0.20056    0.21144    0.21643
   0.22845    0.23125    0.23987    0.24284    0.24973    0.26000    0.27071    0.27305
   0.45952    0.46511
 kpt#   3, nband= 50, wtk=  0.00926, kpt=  0.3333  0.0000  0.0000 (reduced coord)
  -1.93785   -1.93739   -1.93717   -1.93712   -0.80382   -0.80210   -0.80122   -0.79703
  -0.79369   -0.79172   -0.79109   -0.79097   -0.78881   -0.78846   -0.78680   -0.78608
  -0.38131   -0.34199   -0.34188   -0.33425   -0.33202   -0.31959   -0.31253   -0.30956
   0.07393    0.07610    0.09566    0.09941    0.10420    0.11879    0.12774    0.14167
   0.15141    0.15979    0.16012    0.17633    0.18682    0.19208    0.21362    0.21707
   0.22331    0.22375    0.23942    0.24764    0.25246    0.25754    0.26637    0.26701
   0.46405    0.47068
 kpt#   4, nband= 50, wtk=  0.00463, kpt=  0.5000  0.0000  0.0000 (reduced coord)
  -1.93777   -1.93746   -1.93717   -1.93711   -0.80184   -0.80102   -0.79912   -0.79876
  -0.79427   -0.79313   -0.79212   -0.79090   -0.78841   -0.78803   -0.78795   -0.78670
  -0.37180   -0.34706   -0.33752   -0.33664   -0.33205   -0.32386   -0.31316   -0.31212
   0.08232    0.08333    0.10139    0.10241    0.11006    0.12014    0.12057    0.13237
   0.14624    0.15193    0.16929    0.17791    0.17997    0.19178    0.20005    0.21530
   0.22231    0.22722    0.23909    0.25123    0.25244    0.25470    0.26536    0.26707
   0.46501    0.47174
 kpt#   5, nband= 50, wtk=  0.00926, kpt=  0.0000  0.1667  0.0000 (reduced coord)
  -1.93794   -1.93724   -1.93721   -1.93713   -0.80565   -0.80399   -0.80378   -0.79591
  -0.79242   -0.79146   -0.79141   -0.79029   -0.78856   -0.78708   -0.78528   -0.78497
  -0.39240   -0.34818   -0.34182   -0.33942   -0.31692   -0.31404   -0.31299   -0.30505
   0.06950    0.06962    0.07095    0.09366    0.10167    0.11160    0.14391    0.14644
   0.15845    0.16925    0.17265    0.17957    0.18075    0.19941    0.21119    0.21924
   0.23039    0.23138    0.23640    0.23887    0.24847    0.25570    0.27313    0.27374
   0.45497    0.46599
 kpt#   6, nband= 50, wtk=  0.00926, kpt=  0.1667  0.1667  0.0000 (reduced coord)
  -1.93790   -1.93727   -1.93721   -1.93714   -0.80504   -0.80347   -0.80287   -0.79642
  -0.79257   -0.79174   -0.79107   -0.79064   -0.78854   -0.78809   -0.78559   -0.78514
  -0.38843   -0.34675   -0.34123   -0.33778   -0.32068   -0.31875   -0.31182   -0.30646
   0.06951    0.07563    0.07799    0.09505    0.10298    0.11961    0.13649    0.15113
   0.15436    0.15794    0.17209    0.17765    0.17781    0.19940    0.21416    0.21553
   0.22873    0.23456    0.23688    0.24061    0.24595    0.25200    0.26935    0.27103
   0.45805    0.46752
 kpt#   7, nband= 50, wtk=  0.00926, kpt=  0.3333  0.1667  0.0000 (reduced coord)
  -1.93780   -1.93737   -1.93721   -1.93714   -0.80340   -0.80192   -0.80076   -0.79794
  -0.79374   -0.79215   -0.79179   -0.79077   -0.78870   -0.78836   -0.78635   -0.78603
  -0.37807   -0.34297   -0.34103   -0.33417   -0.33230   -0.32298   -0.31254   -0.30990
   0.07614    0.08411    0.09584    0.10353    0.10804    0.12033    0.12689    0.14125
   0.15438    0.15443    0.16317    0.17341    0.18466    0.19187    0.20885    0.20984
   0.22244    0.22725    0.23736    0.24723    0.24800    0.24998    0.26600    0.26639
   0.46228    0.46818
 kpt#   8, nband= 50, wtk=  0.00926, kpt=  0.5000  0.1667  0.0000 (reduced coord)
  -1.93773   -1.93744   -1.93721   -1.93714   -0.80196   -0.80079   -0.79937   -0.79911
  -0.79479   -0.79392   -0.79177   -0.79061   -0.78809   -0.78764   -0.78731   -0.78693
  -0.36966   -0.34578   -0.34006   -0.33620   -0.33264   -0.32529   -0.31314   -0.31218
   0.08510    0.08966    0.09989    0.10437    0.11505    0.11855    0.12680    0.13570
   0.14734    0.15082    0.17123    0.17335    0.17544    0.19166    0.20120    0.21428
   0.21676    0.21905    0.23966    0.24808    0.24834    0.25082    0.26500    0.26630
   0.46384    0.46846
 kpt#   9, nband= 50, wtk=  0.00926, kpt= -0.3333  0.1667  0.0000 (reduced coord)
  -1.93780   -1.93737   -1.93721   -1.93714   -0.80341   -0.80192   -0.80076   -0.79794
  -0.79374   -0.79215   -0.79179   -0.79077   -0.78869   -0.78836   -0.78635   -0.78604
  -0.37807   -0.34298   -0.34103   -0.33417   -0.33229   -0.32298   -0.31254   -0.30990
   0.07614    0.08411    0.09584    0.10353    0.10804    0.12033    0.12689    0.14125
   0.15438    0.15443    0.16317    0.17341    0.18466    0.19187    0.20885    0.20984
   0.22244    0.22725    0.23736    0.24723    0.24800    0.24998    0.26600    0.26639
   0.46227    0.46818
 kpt#  10, nband= 50, wtk=  0.00926, kpt= -0.1667  0.1667  0.0000 (reduced coord)
  -1.93790   -1.93727   -1.93721   -1.93714   -0.80504   -0.80347   -0.80287   -0.79642
  -0.79257   -0.79174   -0.79107   -0.79064   -0.78854   -0.78808   -0.78559   -0.78515
  -0.38843   -0.34675   -0.34123   -0.33778   -0.32068   -0.31875   -0.31182   -0.30647
   0.06951    0.07563    0.07799    0.09505    0.10298    0.11961    0.13649    0.15113
   0.15436    0.15794    0.17208    0.17765    0.17781    0.19940    0.21416    0.21554
   0.22873    0.23456    0.23688    0.24061    0.24595    0.25201    0.26935    0.27103
   0.45804    0.46753
 kpt#  11, nband= 50, wtk=  0.00926, kpt=  0.0000  0.3333  0.0000 (reduced coord)
  -1.93779   -1.93736   -1.93722   -1.93715   -0.80237   -0.80232   -0.80144   -0.79797
  -0.79421   -0.79277   -0.79192   -0.79114   -0.78798   -0.78777   -0.78603   -0.78585
  -0.37901   -0.34759   -0.34019   -0.33889   -0.32759   -0.31975   -0.31230   -0.30761
   0.07250    0.08483    0.09528    0.09658    0.11063    0.12554    0.13023    0.13064
   0.14030    0.15783    0.17333    0.17346    0.19056    0.19216    0.20993    0.21058
   0.21829    0.22162    0.24148    0.24468    0.24954    0.25578    0.26801    0.26876
   0.45967    0.47442
 kpt#  12, nband= 50, wtk=  0.00926, kpt=  0.1667  0.3333  0.0000 (reduced coord)
  -1.93776   -1.93735   -1.93725   -1.93716   -0.80239   -0.80231   -0.80060   -0.79843
  -0.79401   -0.79380   -0.79169   -0.79083   -0.78820   -0.78781   -0.78630   -0.78556
  -0.37624   -0.34764   -0.33949   -0.33720   -0.32848   -0.32428   -0.31191   -0.30857
   0.07519    0.09219    0.09717    0.09941    0.11108    0.12416    0.12903    0.13396
   0.14034    0.16050    0.17326    0.17476    0.18260    0.19154    0.19700    0.21708
   0.21822    0.22255    0.24113    0.24411    0.24501    0.25027    0.26691    0.26790
   0.45911    0.46636
 kpt#  13, nband= 50, wtk=  0.00926, kpt=  0.3333  0.3333  0.0000 (reduced coord)
  -1.93768   -1.93734   -1.93732   -1.93718   -0.80215   -0.80170   -0.79957   -0.79938
  -0.79534   -0.79303   -0.79253   -0.79072   -0.78786   -0.78749   -0.78680   -0.78566
  -0.36915   -0.34720   -0.33889   -0.33461   -0.33280   -0.32957   -0.31245   -0.31090
   0.08400    0.09840    0.10280    0.11067    0.11692    0.12285    0.12544    0.13858
   0.14143    0.15927    0.16848    0.17146    0.18438    0.18707    0.19139    0.20802
   0.21211    0.22810    0.23108    0.23533    0.24693    0.24748    0.26490    0.26518
   0.45704    0.45765
 kpt#  14, nband= 50, wtk=  0.00926, kpt=  0.5000  0.3333  0.0000 (reduced coord)
  -1.93762   -1.93738   -1.93732   -1.93720   -0.80190   -0.80056   -0.80030   -0.79980
  -0.79488   -0.79414   -0.79174   -0.79153   -0.78727   -0.78707   -0.78676   -0.78644
  -0.36373   -0.34672   -0.34232   -0.33490   -0.33446   -0.32888   -0.31302   -0.31240
   0.09263    0.09986    0.10246    0.11440    0.11486    0.12593    0.13525    0.14168
   0.14553    0.15055    0.16046    0.17185    0.17446    0.19320    0.19556    0.20308
   0.20631    0.22013    0.23188    0.23565    0.24418    0.24858    0.26314    0.26372
   0.45465    0.45623
 kpt#  15, nband= 50, wtk=  0.00926, kpt= -0.3333  0.3333  0.0000 (reduced coord)
  -1.93768   -1.93734   -1.93732   -1.93718   -0.80215   -0.80170   -0.79957   -0.79938
  -0.79533   -0.79303   -0.79253   -0.79072   -0.78786   -0.78749   -0.78681   -0.78566
  -0.36915   -0.34720   -0.33889   -0.33461   -0.33280   -0.32957   -0.31245   -0.31090
   0.08400    0.09840    0.10280    0.11067    0.11692    0.12285    0.12544    0.13857
   0.14143    0.15927    0.16848    0.17146    0.18438    0.18708    0.19138    0.20802
   0.21210    0.22810    0.23108    0.23533    0.24693    0.24748    0.26491    0.26518
   0.45704    0.45766
 kpt#  16, nband= 50, wtk=  0.00926, kpt= -0.1667  0.3333  0.0000 (reduced coord)
  -1.93776   -1.93735   -1.93725   -1.93716   -0.80239   -0.80231   -0.80060   -0.79843
  -0.79401   -0.79380   -0.79169   -0.79083   -0.78819   -0.78781   -0.78630   -0.78556
  -0.37624   -0.34764   -0.33949   -0.33720   -0.32848   -0.32428   -0.31191   -0.30857
   0.07520    0.09219    0.09717    0.09941    0.11109    0.12416    0.12903    0.13397
   0.14033    0.16050    0.17326    0.17477    0.18260    0.19154    0.19699    0.21709
   0.21821    0.22255    0.24112    0.24412    0.24501    0.25027    0.26691    0.26790
   0.45910    0.46637
 kpt#  17, nband= 50, wtk=  0.00463, kpt=  0.0000  0.5000  0.0000 (reduced coord)
  -1.93760   -1.93755   -1.93722   -1.93716   -0.80032   -0.80030   -0.79798   -0.79796
  -0.79751   -0.79747   -0.79138   -0.79135   -0.78703   -0.78701   -0.78699   -0.78697
  -0.36088   -0.36083   -0.33899   -0.33897   -0.32670   -0.32667   -0.31046   -0.31043
   0.08372    0.08376    0.11099    0.11104    0.11593    0.11598    0.12564    0.12568
   0.14090    0.14098    0.17619    0.17623    0.18354    0.18362    0.20389    0.20394
   0.21795    0.21805    0.24767    0.24768    0.25365    0.25369    0.26577    0.26579
   0.46856    0.46889
 kpt#  18, nband= 50, wtk=  0.00926, kpt=  0.1667  0.5000  0.0000 (reduced coord)
  -1.93759   -1.93753   -1.93724   -1.93718   -0.80076   -0.80074   -0.79845   -0.79842
  -0.79693   -0.79692   -0.79110   -0.79108   -0.78740   -0.78737   -0.78658   -0.78655
  -0.35984   -0.35979   -0.33792   -0.33790   -0.32887   -0.32885   -0.31081   -0.31078
   0.08744    0.08748    0.11331    0.11336    0.11758    0.11759    0.12348    0.12353
   0.14641    0.14644    0.17433    0.17437    0.18277    0.18284    0.19907    0.19913
   0.21878    0.21887    0.24511    0.24512    0.24808    0.24809    0.26629    0.26630
   0.46130    0.46136
 kpt#  19, nband= 50, wtk=  0.00926, kpt=  0.3333  0.5000  0.0000 (reduced coord)
  -1.93754   -1.93748   -1.93729   -1.93722   -0.80121   -0.80120   -0.79978   -0.79975
  -0.79526   -0.79523   -0.79148   -0.79147   -0.78724   -0.78722   -0.78627   -0.78626
  -0.35721   -0.35716   -0.33650   -0.33648   -0.33258   -0.33255   -0.31195   -0.31193
   0.09519    0.09523    0.11287    0.11289    0.12172    0.12176    0.13125    0.13128
   0.15169    0.15171    0.16840    0.16846    0.17593    0.17602    0.20213    0.20220
   0.21374    0.21377    0.23283    0.23285    0.24607    0.24610    0.26429    0.26433
   0.45307    0.45316
 kpt#  20, nband= 50, wtk=  0.00463, kpt=  0.5000  0.5000  0.0000 (reduced coord)
  -1.93750   -1.93744   -1.93732   -1.93726   -0.80112   -0.80110   -0.80066   -0.80063
  -0.79347   -0.79344   -0.79293   -0.79291   -0.78671   -0.78669   -0.78639   -0.78639
  -0.35543   -0.35537   -0.33790   -0.33788   -0.33258   -0.33254   -0.31277   -0.31275
   0.09952    0.09956    0.10964    0.10967    0.13226    0.13230    0.13436    0.13438
   0.15186    0.15193    0.15792    0.15796    0.17975    0.17985    0.19757    0.19767
   0.21868    0.21871    0.22276    0.22283    0.24558    0.24563    0.26192    0.26198
   0.45063    0.45073
 kpt#  21, nband= 50, wtk=  0.00926, kpt=  0.0000  0.0000  0.1667 (reduced coord)
  -1.93795   -1.93730   -1.93715   -1.93712   -0.80603   -0.80412   -0.80331   -0.79552
  -0.79345   -0.79167   -0.79142   -0.78916   -0.78874   -0.78688   -0.78554   -0.78491
  -0.39282   -0.34718   -0.34282   -0.33821   -0.31760   -0.31347   -0.31279   -0.30658
   0.06475    0.06817    0.08419    0.09794    0.10063    0.10227    0.14458    0.15582
   0.16190    0.16862    0.17056    0.17948    0.18188    0.19394    0.20455    0.21767
   0.22446    0.22862    0.23500    0.24929    0.25569    0.25727    0.26543    0.27193
   0.45944    0.46276
 kpt#  22, nband= 50, wtk=  0.00926, kpt=  0.1667  0.0000  0.1667 (reduced coord)
  -1.93791   -1.93732   -1.93716   -1.93713   -0.80528   -0.80329   -0.80278   -0.79580
  -0.79395   -0.79174   -0.79143   -0.78933   -0.78870   -0.78778   -0.78611   -0.78496
  -0.38882   -0.34612   -0.34167   -0.33680   -0.32220   -0.31578   -0.31354   -0.30746
   0.06823    0.07618    0.08060    0.09789    0.10165    0.11689    0.14237    0.14692
   0.15529    0.16110    0.17147    0.17478    0.18630    0.19628    0.20884    0.21385
   0.22451    0.23318    0.23670    0.23858    0.25116    0.25868    0.26400    0.27063
   0.45865    0.46861
 kpt#  23, nband= 50, wtk=  0.00926, kpt=  0.3333  0.0000  0.1667 (reduced coord)
  -1.93781   -1.93740   -1.93718   -1.93713   -0.80329   -0.80153   -0.80109   -0.79699
  -0.79523   -0.79283   -0.79098   -0.79030   -0.78879   -0.78819   -0.78707   -0.78563
  -0.37837   -0.34386   -0.33922   -0.33594   -0.33113   -0.32057   -0.31476   -0.31026
   0.07693    0.08083    0.09987    0.10237    0.10498    0.11972    0.13329    0.14137
   0.14723    0.15224    0.16789    0.17703    0.18397    0.19382    0.20602    0.21667
   0.22199    0.22366    0.23581    0.24248    0.24969    0.25791    0.25874    0.26794
   0.45906    0.46605
 kpt#  24, nband= 50, wtk=  0.00926, kpt=  0.5000  0.0000  0.1667 (reduced coord)
  -1.93774   -1.93747   -1.93718   -1.93713   -0.80131   -0.80097   -0.79936   -0.79838
  -0.79562   -0.79479   -0.79098   -0.79045   -0.78846   -0.78839   -0.78718   -0.78641
  -0.36987   -0.34598   -0.34086   -0.33744   -0.32946   -0.32333   -0.31608   -0.31192
   0.08327    0.08591    0.10528    0.10600    0.10870    0.12505    0.12962    0.13297
   0.13713    0.15057    0.17175    0.17492    0.18217    0.19349    0.19984    0.21453
   0.22214    0.22462    0.23278    0.24589    0.24911    0.25549    0.25705    0.26768
   0.45826    0.46420
 kpt#  25, nband= 50, wtk=  0.00926, kpt= -0.3333  0.0000  0.1667 (reduced coord)
  -1.93781   -1.93740   -1.93717   -1.93713   -0.80329   -0.80153   -0.80109   -0.79699
  -0.79523   -0.79282   -0.79098   -0.79030   -0.78879   -0.78820   -0.78708   -0.78563
  -0.37837   -0.34386   -0.33923   -0.33594   -0.33113   -0.32057   -0.31475   -0.31025
   0.07693    0.08083    0.09986    0.10237    0.10497    0.11972    0.13329    0.14138
   0.14723    0.15224    0.16790    0.17703    0.18398    0.19382    0.20602    0.21668
   0.22198    0.22366    0.23581    0.24249    0.24969    0.25791    0.25874    0.26794
   0.45907    0.46579
 kpt#  26, nband= 50, wtk=  0.00926, kpt= -0.1667  0.0000  0.1667 (reduced coord)
  -1.93791   -1.93733   -1.93716   -1.93713   -0.80528   -0.80329   -0.80278   -0.79580
  -0.79395   -0.79174   -0.79142   -0.78933   -0.78870   -0.78778   -0.78611   -0.78496
  -0.38882   -0.34612   -0.34167   -0.33680   -0.32221   -0.31578   -0.31354   -0.30745
   0.06823    0.07618    0.08059    0.09789    0.10165    0.11689    0.14237    0.14692
   0.15529    0.16110    0.17148    0.17478    0.18630    0.19629    0.20884    0.21384
   0.22451    0.23319    0.23670    0.23859    0.25115    0.25869    0.26399    0.27063
   0.45866    0.46988
 kpt#  27, nband= 50, wtk=  0.00926, kpt=  0.0000  0.1667  0.1667 (reduced coord)
  -1.93790   -1.93729   -1.93720   -1.93713   -0.80513   -0.80311   -0.80301   -0.79662
  -0.79294   -0.79222   -0.79122   -0.78973   -0.78862   -0.78786   -0.78544   -0.78527
  -0.38835   -0.34585   -0.34295   -0.33761   -0.31874   -0.31743   -0.31444   -0.30704
   0.07290    0.07397    0.07959    0.09986    0.10422    0.11405    0.13983    0.14605
   0.15861    0.16238    0.16931    0.17701    0.17902    0.19863    0.21272    0.21775
   0.22624    0.22792    0.23382    0.24317    0.24579    0.25450    0.26302    0.27054
   0.45788    0.46600
 kpt#  28, nband= 50, wtk=  0.00926, kpt=  0.1667  0.1667  0.1667 (reduced coord)
  -1.93786   -1.93731   -1.93721   -1.93714   -0.80471   -0.80273   -0.80234   -0.79672
  -0.79363   -0.79227   -0.79119   -0.78991   -0.78872   -0.78828   -0.78577   -0.78518
  -0.38484   -0.34616   -0.34104   -0.33686   -0.32234   -0.32001   -0.31464   -0.30727
   0.07472    0.08099    0.08155    0.10095    0.10480    0.12173    0.13834    0.14364
   0.15439    0.15895    0.16413    0.17205    0.18558    0.20009    0.21036    0.21623
   0.22554    0.23122    0.23506    0.23830    0.24523    0.24892    0.26294    0.26914
   0.45825    0.46725
 kpt#  29, nband= 50, wtk=  0.00926, kpt=  0.3333  0.1667  0.1667 (reduced coord)
  -1.93777   -1.93738   -1.93721   -1.93715   -0.80353   -0.80160   -0.80100   -0.79731
  -0.79490   -0.79378   -0.79076   -0.79007   -0.78864   -0.78813   -0.78649   -0.78575
  -0.37570   -0.34503   -0.34004   -0.33809   -0.32865   -0.32260   -0.31564   -0.30891
   0.08017    0.08666    0.09933    0.10551    0.10988    0.12053    0.13224    0.14232
   0.14737    0.15328    0.16112    0.17442    0.18611    0.19462    0.20828    0.21154
   0.22061    0.22564    0.23502    0.24039    0.24385    0.24838    0.25915    0.26726
   0.45791    0.46399
 kpt#  30, nband= 50, wtk=  0.00926, kpt=  0.5000  0.1667  0.1667 (reduced coord)
  -1.93770   -1.93745   -1.93722   -1.93716   -0.80242   -0.80157   -0.79912   -0.79851
  -0.79554   -0.79512   -0.79040   -0.79008   -0.78801   -0.78783   -0.78707   -0.78658
  -0.36838   -0.34645   -0.34194   -0.34036   -0.32832   -0.32311   -0.31669   -0.31016
   0.08789    0.08898    0.10380    0.10718    0.11240    0.12755    0.13159    0.13752
   0.13843    0.14885    0.16518    0.17401    0.18214    0.19507    0.20137    0.21640
   0.21831    0.21848    0.23473    0.24124    0.24306    0.24915    0.25850    0.26628
   0.45544    0.46276
 kpt#  31, nband= 50, wtk=  0.00926, kpt= -0.3333  0.1667  0.1667 (reduced coord)
  -1.93777   -1.93739   -1.93721   -1.93715   -0.80353   -0.80161   -0.80101   -0.79731
  -0.79490   -0.79379   -0.79075   -0.79007   -0.78864   -0.78813   -0.78650   -0.78575
  -0.37570   -0.34502   -0.34005   -0.33810   -0.32865   -0.32260   -0.31564   -0.30891
   0.08016    0.08667    0.09933    0.10550    0.10988    0.12054    0.13224    0.14233
   0.14737    0.15329    0.16112    0.17442    0.18611    0.19462    0.20829    0.21154
   0.22061    0.22564    0.23502    0.24039    0.24385    0.24837    0.25915    0.26725
   0.45792    0.46398
 kpt#  32, nband= 50, wtk=  0.00926, kpt= -0.1667  0.1667  0.1667 (reduced coord)
  -1.93786   -1.93731   -1.93720   -1.93714   -0.80470   -0.80273   -0.80234   -0.79672
  -0.79363   -0.79227   -0.79119   -0.78990   -0.78872   -0.78828   -0.78577   -0.78517
  -0.38484   -0.34616   -0.34105   -0.33686   -0.32235   -0.32001   -0.31463   -0.30727
   0.07472    0.08099    0.08155    0.10095    0.10480    0.12173    0.13835    0.14363
   0.15440    0.15896    0.16412    0.17205    0.18558    0.20009    0.21037    0.21623
   0.22553    0.23122    0.23506    0.23829    0.24523    0.24893    0.26294    0.26914
   0.45825    0.46722
 kpt#  33, nband= 50, wtk=  0.00926, kpt=  0.0000  0.3333  0.1667 (reduced coord)
  -1.93775   -1.93735   -1.93726   -1.93716   -0.80259   -0.80209   -0.80033   -0.79863
  -0.79496   -0.79245   -0.79195   -0.79070   -0.78822   -0.78788   -0.78621   -0.78593
  -0.37597   -0.34596   -0.34217   -0.33795   -0.32789   -0.31963   -0.31569   -0.30887
   0.07909    0.08807    0.09779    0.10247    0.11136    0.12089    0.13002    0.13695
   0.14359    0.16224    0.16261    0.17243    0.18827    0.19288    0.21028    0.21092
   0.21880    0.22257    0.23122    0.24113    0.24418    0.25511    0.25998    0.26640
   0.46249    0.46918
 kpt#  34, nband= 50, wtk=  0.00926, kpt=  0.1667  0.3333  0.1667 (reduced coord)
  -1.93772   -1.93734   -1.93728   -1.93717   -0.80308   -0.80186   -0.80088   -0.79793
  -0.79526   -0.79312   -0.79155   -0.79023   -0.78838   -0.78775   -0.78615   -0.78581
  -0.37384   -0.34767   -0.34092   -0.33829   -0.32755   -0.32337   -0.31460   -0.30843
   0.08110    0.09273    0.10068    0.10453    0.11208    0.12181    0.13211    0.13652
   0.14177    0.15816    0.16665    0.17280    0.18215    0.19479    0.20462    0.21448
   0.21951    0.22284    0.23183    0.23807    0.24245    0.24772    0.26083    0.26501
   0.45988    0.46598
 kpt#  35, nband= 50, wtk=  0.00926, kpt=  0.3333  0.3333  0.1667 (reduced coord)
  -1.93765   -1.93734   -1.93733   -1.93720   -0.80325   -0.80191   -0.80144   -0.79863
  -0.79503   -0.79314   -0.79113   -0.78989   -0.78800   -0.78735   -0.78657   -0.78575
  -0.36826   -0.34856   -0.34281   -0.34166   -0.32633   -0.32491   -0.31444   -0.30877
   0.08753    0.10047    0.10515    0.10900    0.11720    0.12207    0.13352    0.13763
   0.14235    0.15265    0.16110    0.17904    0.18577    0.18965    0.20039    0.20730
   0.21510    0.22632    0.22772    0.23277    0.23908    0.24396    0.25802    0.26429
   0.45383    0.45898
 kpt#  36, nband= 50, wtk=  0.00926, kpt=  0.5000  0.3333  0.1667 (reduced coord)
  -1.93760   -1.93739   -1.93732   -1.93721   -0.80306   -0.80228   -0.80080   -0.80030
  -0.79391   -0.79369   -0.79038   -0.79037   -0.78729   -0.78704   -0.78658   -0.78644
  -0.36389   -0.34792   -0.34692   -0.34423   -0.32595   -0.32303   -0.31483   -0.30948
   0.09451    0.10216    0.10372    0.11081    0.12010    0.12435    0.13542    0.13711
   0.14746    0.15077    0.15707    0.17712    0.18287    0.19707    0.19817    0.20350
   0.20829    0.22006    0.22952    0.23014    0.23949    0.24422    0.25763    0.26298
   0.44965    0.45880
 kpt#  37, nband= 50, wtk=  0.00926, kpt= -0.3333  0.3333  0.1667 (reduced coord)
  -1.93765   -1.93735   -1.93732   -1.93720   -0.80324   -0.80191   -0.80145   -0.79863
  -0.79502   -0.79313   -0.79114   -0.78988   -0.78800   -0.78735   -0.78657   -0.78575
  -0.36826   -0.34856   -0.34281   -0.34167   -0.32633   -0.32490   -0.31444   -0.30877
   0.08752    0.10046    0.10515    0.10900    0.11720    0.12207    0.13351    0.13763
   0.14235    0.15264    0.16110    0.17904    0.18578    0.18965    0.20039    0.20730
   0.21510    0.22632    0.22772    0.23277    0.23908    0.24396    0.25802    0.26429
   0.45383    0.45897
 kpt#  38, nband= 50, wtk=  0.00926, kpt= -0.1667  0.3333  0.1667 (reduced coord)
  -1.93772   -1.93734   -1.93728   -1.93717   -0.80307   -0.80186   -0.80089   -0.79792
  -0.79525   -0.79313   -0.79155   -0.79022   -0.78838   -0.78775   -0.78615   -0.78581
  -0.37384   -0.34767   -0.34092   -0.33829   -0.32755   -0.32337   -0.31460   -0.30843
   0.08110    0.09273    0.10068    0.10453    0.11209    0.12180    0.13211    0.13652
   0.14177    0.15815    0.16665    0.17280    0.18215    0.19480    0.20461    0.21448
   0.21952    0.22284    0.23182    0.23806    0.24244    0.24772    0.26083    0.26500
   0.45987    0.46769
 kpt#  39, nband= 50, wtk=  0.00926, kpt=  0.0000  0.5000  0.1667 (reduced coord)
  -1.93758   -1.93752   -1.93724   -1.93718   -0.80059   -0.80057   -0.79895   -0.79893
  -0.79638   -0.79636   -0.79101   -0.79098   -0.78737   -0.78733   -0.78694   -0.78691
  -0.35912   -0.35907   -0.34008   -0.34005   -0.32615   -0.32612   -0.31220   -0.31217
   0.08931    0.08935    0.10974    0.10978    0.11468    0.11472    0.13319    0.13324
   0.14277    0.14284    0.17231    0.17236    0.18432    0.18441    0.20378    0.20383
   0.21881    0.21890    0.23655    0.23657    0.25219    0.25224    0.26178    0.26180
   0.47089    0.47143
 kpt#  40, nband= 50, wtk=  0.00926, kpt=  0.1667  0.5000  0.1667 (reduced coord)
  -1.93756   -1.93750   -1.93726   -1.93720   -0.80155   -0.80154   -0.79935   -0.79931
  -0.79556   -0.79554   -0.79065   -0.79063   -0.78739   -0.78736   -0.78671   -0.78668
  -0.35896   -0.35891   -0.34038   -0.34036   -0.32695   -0.32693   -0.31147   -0.31145
   0.09185    0.09189    0.11030    0.11034    0.11807    0.11810    0.13101    0.13104
   0.14762    0.14765    0.16717    0.16722    0.18664    0.18670    0.20277    0.20281
   0.21873    0.21880    0.23445    0.23446    0.24826    0.24828    0.26092    0.26094
   0.46170    0.46176
 kpt#  41, nband= 50, wtk=  0.00926, kpt=  0.3333  0.5000  0.1667 (reduced coord)
  -1.93752   -1.93746   -1.93730   -1.93724   -0.80242   -0.80241   -0.80091   -0.80089
  -0.79366   -0.79364   -0.79065   -0.79064   -0.78714   -0.78713   -0.78634   -0.78632
  -0.35789   -0.35785   -0.34352   -0.34350   -0.32562   -0.32561   -0.31115   -0.31113
   0.09821    0.09823    0.11160    0.11161    0.12062    0.12063    0.13446    0.13450
   0.15097    0.15100    0.16430    0.16435    0.18742    0.18748    0.20218    0.20225
   0.21411    0.21415    0.22884    0.22887    0.24240    0.24244    0.26005    0.26009
   0.45234    0.45243
 kpt#  42, nband= 50, wtk=  0.00926, kpt=  0.5000  0.5000  0.1667 (reduced coord)
  -1.93749   -1.93743   -1.93733   -1.93727   -0.80230   -0.80229   -0.80208   -0.80206
  -0.79192   -0.79190   -0.79174   -0.79173   -0.78660   -0.78657   -0.78645   -0.78644
  -0.35670   -0.35665   -0.34622   -0.34621   -0.32396   -0.32394   -0.31154   -0.31152
   0.10235    0.10238    0.11082    0.11083    0.12590    0.12594    0.12948    0.12953
   0.15785    0.15788    0.16371    0.16373    0.18631    0.18638    0.19945    0.19953
   0.21483    0.21488    0.22094    0.22102    0.24258    0.24262    0.25914    0.25919
   0.44920    0.44931
 kpt#  43, nband= 50, wtk=  0.00926, kpt= -0.3333  0.5000  0.1667 (reduced coord)
  -1.93752   -1.93746   -1.93730   -1.93724   -0.80242   -0.80241   -0.80091   -0.80089
  -0.79366   -0.79364   -0.79065   -0.79063   -0.78715   -0.78713   -0.78634   -0.78631
  -0.35789   -0.35785   -0.34352   -0.34351   -0.32562   -0.32561   -0.31115   -0.31113
   0.09820    0.09823    0.11160    0.11161    0.12062    0.12063    0.13446    0.13450
   0.15096    0.15100    0.16430    0.16434    0.18743    0.18748    0.20219    0.20225
   0.21410    0.21415    0.22885    0.22887    0.24241    0.24243    0.26005    0.26008
   0.45234    0.45242
 kpt#  44, nband= 50, wtk=  0.00926, kpt= -0.1667  0.5000  0.1667 (reduced coord)
  -1.93756   -1.93750   -1.93726   -1.93720   -0.80155   -0.80154   -0.79934   -0.79932
  -0.79556   -0.79555   -0.79065   -0.79062   -0.78739   -0.78736   -0.78671   -0.78667
  -0.35896   -0.35891   -0.34038   -0.34036   -0.32695   -0.32693   -0.31147   -0.31144
   0.09185    0.09188    0.11031    0.11034    0.11807    0.11810    0.13101    0.13105
   0.14762    0.14766    0.16717    0.16721    0.18664    0.18670    0.20278    0.20281
   0.21873    0.21881    0.23444    0.23445    0.24827    0.24829    0.26092    0.26093
   0.46170    0.46175
 kpt#  45, nband= 50, wtk=  0.00926, kpt=  0.0000 -0.3333  0.1667 (reduced coord)
  -1.93775   -1.93735   -1.93726   -1.93716   -0.80260   -0.80210   -0.80032   -0.79862
  -0.79495   -0.79246   -0.79196   -0.79070   -0.78821   -0.78788   -0.78621   -0.78594
  -0.37598   -0.34596   -0.34215   -0.33796   -0.32789   -0.31962   -0.31571   -0.30885
   0.07908    0.08807    0.09779    0.10246    0.11137    0.12087    0.13001    0.13697
   0.14363    0.16226    0.16257    0.17245    0.18831    0.19290    0.21021    0.21087
   0.21879    0.22264    0.23122    0.24112    0.24417    0.25513    0.25997    0.26641
   0.46249    0.46938
 kpt#  46, nband= 50, wtk=  0.00926, kpt=  0.1667 -0.3333  0.1667 (reduced coord)
  -1.93772   -1.93734   -1.93728   -1.93717   -0.80309   -0.80186   -0.80088   -0.79791
  -0.79525   -0.79313   -0.79156   -0.79023   -0.78836   -0.78775   -0.78615   -0.78581
  -0.37384   -0.34767   -0.34091   -0.33831   -0.32755   -0.32336   -0.31462   -0.30842
   0.08109    0.09272    0.10068    0.10453    0.11208    0.12180    0.13212    0.13654
   0.14176    0.15816    0.16661    0.17282    0.18218    0.19479    0.20459    0.21447
   0.21954    0.22283    0.23184    0.23806    0.24244    0.24771    0.26083    0.26502
   0.45986    0.46602
 kpt#  47, nband= 50, wtk=  0.00926, kpt=  0.3333 -0.3333  0.1667 (reduced coord)
  -1.93765   -1.93734   -1.93733   -1.93720   -0.80326   -0.80192   -0.80143   -0.79862
  -0.79502   -0.79314   -0.79114   -0.78989   -0.78799   -0.78736   -0.78657   -0.78576
  -0.36826   -0.34856   -0.34281   -0.34168   -0.32632   -0.32490   -0.31445   -0.30876
   0.08752    0.10045    0.10514    0.10901    0.11718    0.12209    0.13355    0.13763
   0.14234    0.15267    0.16107    0.17907    0.18580    0.18965    0.20036    0.20731
   0.21511    0.22631    0.22769    0.23277    0.23909    0.24395    0.25803    0.26428
   0.45378    0.45902
 kpt#  48, nband= 50, wtk=  0.00926, kpt=  0.5000 -0.3333  0.1667 (reduced coord)
  -1.93760   -1.93739   -1.93732   -1.93721   -0.80308   -0.80230   -0.80078   -0.80028
  -0.79391   -0.79370   -0.79038   -0.79037   -0.78728   -0.78702   -0.78660   -0.78645
  -0.36389   -0.34793   -0.34692   -0.34424   -0.32595   -0.32303   -0.31484   -0.30947
   0.09451    0.10215    0.10370    0.11078    0.12011    0.12437    0.13540    0.13713
   0.14751    0.15079    0.15705    0.17715    0.18288    0.19704    0.19822    0.20348
   0.20825    0.22001    0.22951    0.23015    0.23952    0.24423    0.25764    0.26297
   0.44959    0.45844
 kpt#  49, nband= 50, wtk=  0.00926, kpt= -0.3333 -0.3333  0.1667 (reduced coord)
  -1.93765   -1.93735   -1.93732   -1.93720   -0.80326   -0.80193   -0.80144   -0.79860
  -0.79503   -0.79313   -0.79115   -0.78988   -0.78800   -0.78735   -0.78657   -0.78575
  -0.36826   -0.34856   -0.34281   -0.34168   -0.32632   -0.32490   -0.31445   -0.30876
   0.08751    0.10044    0.10515    0.10900    0.11717    0.12209    0.13355    0.13763
   0.14234    0.15267    0.16107    0.17907    0.18580    0.18965    0.20036    0.20730
   0.21511    0.22631    0.22770    0.23277    0.23909    0.24395    0.25803    0.26428
   0.45377    0.45903
 kpt#  50, nband= 50, wtk=  0.00926, kpt= -0.1667 -0.3333  0.1667 (reduced coord)
  -1.93772   -1.93734   -1.93728   -1.93717   -0.80309   -0.80187   -0.80089   -0.79790
  -0.79525   -0.79313   -0.79156   -0.79023   -0.78837   -0.78774   -0.78616   -0.78581
  -0.37384   -0.34767   -0.34091   -0.33831   -0.32755   -0.32336   -0.31461   -0.30841
   0.08109    0.09272    0.10068    0.10454    0.11208    0.12180    0.13212    0.13654
   0.14177    0.15816    0.16661    0.17283    0.18218    0.19480    0.20460    0.21447
   0.21954    0.22283    0.23183    0.23805    0.24244    0.24772    0.26083    0.26501
   0.45986    0.46599
 kpt#  51, nband= 50, wtk=  0.00926, kpt=  0.0000 -0.1667  0.1667 (reduced coord)
  -1.93790   -1.93729   -1.93720   -1.93713   -0.80514   -0.80310   -0.80301   -0.79660
  -0.79296   -0.79221   -0.79122   -0.78974   -0.78861   -0.78786   -0.78544   -0.78527
  -0.38835   -0.34585   -0.34294   -0.33762   -0.31874   -0.31744   -0.31443   -0.30703
   0.07290    0.07398    0.07958    0.09985    0.10422    0.11405    0.13983    0.14603
   0.15862    0.16236    0.16935    0.17703    0.17906    0.19859    0.21269    0.21777
   0.22619    0.22793    0.23384    0.24317    0.24580    0.25451    0.26302    0.27054
   0.45785    0.46599
 kpt#  52, nband= 50, wtk=  0.00926, kpt=  0.1667 -0.1667  0.1667 (reduced coord)
  -1.93786   -1.93731   -1.93721   -1.93714   -0.80472   -0.80272   -0.80235   -0.79670
  -0.79363   -0.79228   -0.79118   -0.78990   -0.78871   -0.78828   -0.78578   -0.78518
  -0.38484   -0.34616   -0.34104   -0.33687   -0.32234   -0.32002   -0.31464   -0.30726
   0.07471    0.08098    0.08156    0.10095    0.10481    0.12173    0.13833    0.14365
   0.15438    0.15896    0.16415    0.17207    0.18560    0.20007    0.21036    0.21623
   0.22553    0.23121    0.23505    0.23829    0.24522    0.24893    0.26294    0.26915
   0.45824    0.46722
 kpt#  53, nband= 50, wtk=  0.00926, kpt=  0.3333 -0.1667  0.1667 (reduced coord)
  -1.93777   -1.93738   -1.93721   -1.93715   -0.80354   -0.80162   -0.80099   -0.79729
  -0.79489   -0.79380   -0.79075   -0.79007   -0.78863   -0.78814   -0.78650   -0.78575
  -0.37570   -0.34502   -0.34004   -0.33810   -0.32864   -0.32260   -0.31565   -0.30890
   0.08015    0.08666    0.09932    0.10550    0.10989    0.12054    0.13227    0.14231
   0.14739    0.15327    0.16111    0.17444    0.18612    0.19461    0.20829    0.21155
   0.22061    0.22562    0.23502    0.24037    0.24383    0.24840    0.25915    0.26726
   0.45789    0.46398
 kpt#  54, nband= 50, wtk=  0.00926, kpt=  0.5000 -0.1667  0.1667 (reduced coord)
  -1.93770   -1.93745   -1.93722   -1.93716   -0.80244   -0.80158   -0.79909   -0.79849
  -0.79555   -0.79513   -0.79041   -0.79008   -0.78799   -0.78783   -0.78709   -0.78659
  -0.36838   -0.34645   -0.34194   -0.34037   -0.32831   -0.32310   -0.31670   -0.31015
   0.08788    0.08897    0.10378    0.10717    0.11240    0.12756    0.13161    0.13752
   0.13846    0.14887    0.16517    0.17402    0.18215    0.19504    0.20140    0.21641
   0.21829    0.21847    0.23473    0.24125    0.24304    0.24918    0.25849    0.26628
   0.45541    0.46284
 kpt#  55, nband= 50, wtk=  0.00926, kpt= -0.3333 -0.1667  0.1667 (reduced coord)
  -1.93777   -1.93739   -1.93721   -1.93715   -0.80354   -0.80162   -0.80099   -0.79728
  -0.79490   -0.79381   -0.79076   -0.79007   -0.78864   -0.78813   -0.78650   -0.78575
  -0.37570   -0.34502   -0.34005   -0.33811   -0.32864   -0.32260   -0.31564   -0.30889
   0.08015    0.08667    0.09932    0.10549    0.10989    0.12053    0.13227    0.14232
   0.14739    0.15327    0.16112    0.17444    0.18613    0.19461    0.20829    0.21155
   0.22061    0.22562    0.23502    0.24038    0.24383    0.24840    0.25915    0.26725
   0.45789    0.46397
 kpt#  56, nband= 50, wtk=  0.00926, kpt= -0.1667 -0.1667  0.1667 (reduced coord)
  -1.93786   -1.93731   -1.93720   -1.93714   -0.80471   -0.80272   -0.80235   -0.79670
  -0.79363   -0.79228   -0.79118   -0.78991   -0.78871   -0.78828   -0.78578   -0.78517
  -0.38484   -0.34616   -0.34104   -0.33687   -0.32235   -0.32002   -0.31463   -0.30726
   0.07471    0.08098    0.08156    0.10095    0.10481    0.12173    0.13833    0.14364
   0.15439    0.15896    0.16415    0.17207    0.18561    0.20008    0.21035    0.21623
   0.22553    0.23122    0.23506    0.23829    0.24522    0.24893    0.26294    0.26915
   0.45824    0.46722
 kpt#  57, nband= 50, wtk=  0.00926, kpt=  0.0000  0.0000  0.3333 (reduced coord)
  -1.93782   -1.93744   -1.93714   -1.93712   -0.80378   -0.80199   -0.80075   -0.79739
  -0.79563   -0.79317   -0.79137   -0.78899   -0.78841   -0.78799   -0.78651   -0.78566
  -0.38059   -0.34842   -0.34048   -0.33461   -0.32332   -0.31741   -0.31643   -0.31366
   0.07819    0.08094    0.09804    0.11136    0.11200    0.12278    0.12580    0.14181
   0.14822    0.15425    0.16966    0.17015    0.18762    0.19254    0.19675    0.20682
   0.21364    0.23265    0.23780    0.24804    0.25176    0.25661    0.25899    0.26043
   0.46659    0.46872
 kpt#  58, nband= 50, wtk=  0.00926, kpt=  0.1667  0.0000  0.3333 (reduced coord)
  -1.93779   -1.93744   -1.93716   -1.93713   -0.80322   -0.80164   -0.80049   -0.79735
  -0.79630   -0.79363   -0.79119   -0.78958   -0.78830   -0.78781   -0.78693   -0.78540
  -0.37769   -0.34840   -0.33987   -0.33403   -0.32532   -0.31976   -0.31752   -0.31272
   0.07995    0.08606    0.09876    0.10324    0.11400    0.12580    0.13389    0.14366
   0.14853    0.15166    0.15844    0.18243    0.18588    0.18953    0.19607    0.20907
   0.21243    0.22980    0.23291    0.24069    0.25354    0.25455    0.25848    0.26319
   0.45920    0.46492
 kpt#  59, nband= 50, wtk=  0.00926, kpt=  0.3333  0.0000  0.3333 (reduced coord)
  -1.93771   -1.93746   -1.93719   -1.93716   -0.80183   -0.80054   -0.79996   -0.79764
  -0.79729   -0.79521   -0.79128   -0.79023   -0.78805   -0.78758   -0.78715   -0.78547
  -0.37022   -0.34832   -0.33935   -0.33614   -0.32851   -0.32105   -0.31907   -0.31334
   0.08405    0.09197    0.10191    0.10901    0.11297    0.12070    0.13980    0.14349
   0.14772    0.15008    0.16658    0.17864    0.17963    0.19305    0.19835    0.20274
   0.21255    0.22220    0.23234    0.23751    0.24676    0.25060    0.25826    0.26390
   0.45283    0.45712
 kpt#  60, nband= 50, wtk=  0.00926, kpt=  0.5000  0.0000  0.3333 (reduced coord)
  -1.93766   -1.93749   -1.93720   -1.93718   -0.80054   -0.80010   -0.79957   -0.79778
  -0.79761   -0.79682   -0.79102   -0.79093   -0.78784   -0.78782   -0.78635   -0.78605
  -0.36449   -0.34842   -0.34296   -0.33768   -0.32680   -0.32123   -0.32084   -0.31393
   0.08649    0.09395    0.10375    0.11159    0.11336    0.12389    0.13638    0.14123
   0.14802    0.15272    0.16888    0.17300    0.18266    0.18666    0.20056    0.20314
   0.21208    0.22541    0.23113    0.23475    0.24079    0.24977    0.25678    0.26356
   0.44962    0.45447
 kpt#  61, nband= 50, wtk=  0.00926, kpt= -0.3333  0.0000  0.3333 (reduced coord)
  -1.93771   -1.93746   -1.93718   -1.93716   -0.80182   -0.80054   -0.79996   -0.79765
  -0.79729   -0.79521   -0.79128   -0.79023   -0.78804   -0.78759   -0.78716   -0.78547
  -0.37022   -0.34832   -0.33935   -0.33614   -0.32851   -0.32105   -0.31906   -0.31333
   0.08405    0.09197    0.10191    0.10900    0.11296    0.12070    0.13979    0.14349
   0.14772    0.15008    0.16659    0.17865    0.17965    0.19305    0.19836    0.20274
   0.21255    0.22220    0.23234    0.23752    0.24675    0.25060    0.25826    0.26389
   0.45284    0.45710
 kpt#  62, nband= 50, wtk=  0.00926, kpt= -0.1667  0.0000  0.3333 (reduced coord)
  -1.93779   -1.93745   -1.93715   -1.93714   -0.80322   -0.80164   -0.80049   -0.79736
  -0.79630   -0.79363   -0.79119   -0.78958   -0.78830   -0.78781   -0.78693   -0.78539
  -0.37769   -0.34840   -0.33986   -0.33403   -0.32533   -0.31976   -0.31751   -0.31271
   0.07995    0.08605    0.09876    0.10324    0.11399    0.12579    0.13389    0.14367
   0.14853    0.15166    0.15845    0.18244    0.18587    0.18954    0.19607    0.20907
   0.21242    0.22980    0.23290    0.24070    0.25355    0.25455    0.25848    0.26318
   0.45921    0.46492
 kpt#  63, nband= 50, wtk=  0.00926, kpt=  0.0000  0.1667  0.3333 (reduced coord)
  -1.93777   -1.93742   -1.93719   -1.93714   -0.80356   -0.80094   -0.80088   -0.79854
  -0.79449   -0.79410   -0.79092   -0.78961   -0.78830   -0.78826   -0.78617   -0.78608
  -0.37715   -0.34801   -0.33991   -0.33581   -0.32256   -0.32199   -0.31653   -0.31350
   0.08477    0.08592    0.09734    0.11150    0.11327    0.12519    0.12557    0.14127
   0.14710    0.15160    0.16672    0.17373    0.18655    0.19118    0.19634    0.21339
   0.21543    0.22906    0.23286    0.24347    0.24975    0.25018    0.25371    0.25953
   0.46359    0.46738
 kpt#  64, nband= 50, wtk=  0.00926, kpt=  0.1667  0.1667  0.3333 (reduced coord)
  -1.93774   -1.93743   -1.93720   -1.93716   -0.80357   -0.80137   -0.80080   -0.79763
  -0.79539   -0.79430   -0.79089   -0.78961   -0.78826   -0.78798   -0.78647   -0.78567
  -0.37490   -0.34903   -0.33987   -0.33621   -0.32432   -0.32179   -0.31835   -0.31119
   0.08523    0.09063    0.09826    0.10809    0.11342    0.12600    0.13268    0.14173
   0.14628    0.15204    0.15903    0.17733    0.18574    0.19449    0.20110    0.20916
   0.21509    0.22563    0.23302    0.23797    0.24566    0.24937    0.25353    0.26182
   0.45894    0.46460
 kpt#  65, nband= 50, wtk=  0.00926, kpt=  0.3333  0.1667  0.3333 (reduced coord)
  -1.93768   -1.93744   -1.93722   -1.93718   -0.80332   -0.80175   -0.80072   -0.79743
  -0.79624   -0.79472   -0.79060   -0.78939   -0.78791   -0.78756   -0.78685   -0.78560
  -0.36905   -0.35005   -0.34261   -0.33971   -0.32468   -0.32100   -0.31851   -0.31040
   0.08758    0.09543    0.10442    0.10986    0.11378    0.12231    0.13691    0.14159
   0.14675    0.15208    0.16214    0.17555    0.18549    0.19570    0.20370    0.20546
   0.21495    0.22098    0.22793    0.23574    0.24215    0.24593    0.25003    0.26322
   0.45219    0.45575
 kpt#  66, nband= 50, wtk=  0.00926, kpt=  0.5000  0.1667  0.3333 (reduced coord)
  -1.93763   -1.93747   -1.93723   -1.93720   -0.80287   -0.80223   -0.80009   -0.79893
  -0.79598   -0.79461   -0.79009   -0.78961   -0.78765   -0.78756   -0.78641   -0.78614
  -0.36453   -0.35035   -0.34648   -0.34189   -0.32319   -0.31975   -0.31928   -0.31072
   0.09096    0.09447    0.10752    0.11227    0.11250    0.12484    0.13822    0.13915
   0.14765    0.15427    0.16022    0.17511    0.18881    0.18992    0.20164    0.20846
   0.21564    0.21996    0.22741    0.23389    0.23631    0.24639    0.24992    0.26239
   0.44753    0.45259
 kpt#  67, nband= 50, wtk=  0.00926, kpt= -0.3333  0.1667  0.3333 (reduced coord)
  -1.93768   -1.93744   -1.93721   -1.93719   -0.80331   -0.80176   -0.80073   -0.79742
  -0.79623   -0.79473   -0.79059   -0.78938   -0.78791   -0.78757   -0.78687   -0.78559
  -0.36905   -0.35005   -0.34261   -0.33972   -0.32469   -0.32100   -0.31851   -0.31039
   0.08758    0.09543    0.10442    0.10986    0.11377    0.12231    0.13691    0.14160
   0.14676    0.15208    0.16215    0.17556    0.18550    0.19570    0.20370    0.20546
   0.21495    0.22097    0.22794    0.23573    0.24215    0.24593    0.25003    0.26321
   0.45220    0.45574
 kpt#  68, nband= 50, wtk=  0.00926, kpt= -0.1667  0.1667  0.3333 (reduced coord)
  -1.93774   -1.93743   -1.93719   -1.93716   -0.80356   -0.80137   -0.80081   -0.79762
  -0.79539   -0.79431   -0.79089   -0.78960   -0.78826   -0.78798   -0.78647   -0.78567
  -0.37490   -0.34903   -0.33987   -0.33621   -0.32432   -0.32179   -0.31835   -0.31118
   0.08523    0.09063    0.09826    0.10809    0.11341    0.12600    0.13268    0.14174
   0.14628    0.15204    0.15904    0.17733    0.18575    0.19450    0.20110    0.20916
   0.21508    0.22564    0.23301    0.23796    0.24566    0.24938    0.25353    0.26181
   0.45894    0.46463
 kpt#  69, nband= 50, wtk=  0.00926, kpt=  0.0000  0.3333  0.3333 (reduced coord)
  -1.93765   -1.93737   -1.93731   -1.93720   -0.80234   -0.80118   -0.80003   -0.79866
  -0.79627   -0.79272   -0.79162   -0.79032   -0.78801   -0.78790   -0.78704   -0.78616
  -0.36762   -0.34642   -0.34260   -0.33926   -0.32696   -0.31982   -0.31969   -0.31410
   0.09440    0.09896    0.10388    0.11330    0.11588    0.11961    0.12596    0.13913
   0.14546    0.15824    0.16269    0.17033    0.18801    0.19127    0.20164    0.21059
   0.21309    0.22153    0.22182    0.23225    0.24143    0.24629    0.25267    0.25672
   0.46643    0.46720
 kpt#  70, nband= 50, wtk=  0.00926, kpt=  0.1667  0.3333  0.3333 (reduced coord)
  -1.93763   -1.93737   -1.93731   -1.93721   -0.80328   -0.80173   -0.80151   -0.79847
  -0.79538   -0.79267   -0.79095   -0.78967   -0.78810   -0.78760   -0.78654   -0.78622
  -0.36710   -0.34928   -0.34416   -0.34149   -0.32410   -0.32177   -0.31732   -0.31111
   0.09423    0.09918    0.10858    0.11231    0.11497    0.12161    0.12940    0.13908
   0.14317    0.15284    0.16527    0.17550    0.18378    0.19729    0.20269    0.21137
   0.21445    0.21803    0.22369    0.23127    0.23802    0.24270    0.24999    0.25742
   0.46039    0.46436
 kpt#  71, nband= 50, wtk=  0.00926, kpt=  0.3333  0.3333  0.3333 (reduced coord)
  -1.93758   -1.93739   -1.93731   -1.93724   -0.80423   -0.80324   -0.80253   -0.80052
  -0.79329   -0.79200   -0.78977   -0.78894   -0.78771   -0.78722   -0.78646   -0.78593
  -0.36519   -0.35247   -0.34879   -0.34722   -0.31999   -0.31893   -0.31497   -0.30856
   0.09475    0.10458    0.10952    0.11238    0.11642    0.12309    0.12959    0.13238
   0.14933    0.15820    0.16567    0.17887    0.18581    0.19714    0.20048    0.21008
   0.21585    0.21759    0.22331    0.22857    0.23315    0.24000    0.24432    0.25797
   0.45031    0.45646
 kpt#  72, nband= 50, wtk=  0.00926, kpt=  0.5000  0.3333  0.3333 (reduced coord)
  -1.93754   -1.93742   -1.93731   -1.93725   -0.80442   -0.80392   -0.80257   -0.80203
  -0.79246   -0.79165   -0.78912   -0.78883   -0.78716   -0.78700   -0.78632   -0.78621
  -0.36325   -0.35344   -0.35161   -0.35076   -0.31795   -0.31617   -0.31476   -0.30808
   0.09875    0.10145    0.11182    0.11472    0.11486    0.12233    0.12986    0.12991
   0.15804    0.15965    0.16404    0.17993    0.19176    0.19612    0.19693    0.20637
   0.21676    0.21687    0.21991    0.22193    0.23464    0.24196    0.24374    0.25756
   0.44430    0.45241
 kpt#  73, nband= 50, wtk=  0.00926, kpt= -0.3333  0.3333  0.3333 (reduced coord)
  -1.93758   -1.93740   -1.93731   -1.93724   -0.80422   -0.80324   -0.80254   -0.80051
  -0.79328   -0.79201   -0.78977   -0.78893   -0.78771   -0.78722   -0.78647   -0.78592
  -0.36519   -0.35247   -0.34879   -0.34722   -0.31999   -0.31893   -0.31497   -0.30855
   0.09475    0.10459    0.10952    0.11238    0.11642    0.12308    0.12959    0.13238
   0.14933    0.15819    0.16567    0.17887    0.18582    0.19714    0.20048    0.21008
   0.21585    0.21758    0.22331    0.22857    0.23315    0.24001    0.24432    0.25797
   0.45031    0.45656
 kpt#  74, nband= 50, wtk=  0.00926, kpt= -0.1667  0.3333  0.3333 (reduced coord)
  -1.93763   -1.93738   -1.93731   -1.93721   -0.80327   -0.80173   -0.80152   -0.79847
  -0.79538   -0.79267   -0.79095   -0.78966   -0.78810   -0.78761   -0.78655   -0.78621
  -0.36710   -0.34928   -0.34416   -0.34149   -0.32410   -0.32177   -0.31732   -0.31110
   0.09423    0.09917    0.10858    0.11230    0.11498    0.12161    0.12940    0.13909
   0.14316    0.15284    0.16527    0.17551    0.18378    0.19730    0.20270    0.21136
   0.21445    0.21803    0.22369    0.23127    0.23802    0.24271    0.25000    0.25742
   0.46050    0.46446
 kpt#  75, nband= 50, wtk=  0.00926, kpt=  0.0000  0.5000  0.3333 (reduced coord)
  -1.93751   -1.93745   -1.93731   -1.93725   -0.80097   -0.80095   -0.80008   -0.80005
  -0.79462   -0.79459   -0.79101   -0.79098   -0.78772   -0.78770   -0.78690   -0.78688
  -0.35444   -0.35439   -0.34334   -0.34331   -0.32434   -0.32432   -0.31643   -0.31640
   0.10338    0.10342    0.11127    0.11131    0.11287    0.11289    0.13939    0.13942
   0.14870    0.14876    0.16767    0.16775    0.18438    0.18448    0.20934    0.20935
   0.20967    0.20969    0.22300    0.22307    0.24728    0.24734    0.25042    0.25044
   0.46876    0.47308
 kpt#  76, nband= 50, wtk=  0.00926, kpt=  0.1667  0.5000  0.3333 (reduced coord)
  -1.93750   -1.93744   -1.93732   -1.93726   -0.80239   -0.80238   -0.80089   -0.80086
  -0.79334   -0.79332   -0.79023   -0.79021   -0.78749   -0.78747   -0.78682   -0.78680
  -0.35621   -0.35617   -0.34575   -0.34573   -0.32266   -0.32265   -0.31376   -0.31374
   0.10234    0.10237    0.11136    0.11139    0.11760    0.11762    0.13547    0.13549
   0.15092    0.15097    0.16725    0.16733    0.18911    0.18917    0.20481    0.20483
   0.21442    0.21443    0.22301    0.22307    0.24247    0.24251    0.25062    0.25065
   0.46257    0.46264
 kpt#  77, nband= 50, wtk=  0.00926, kpt=  0.3333  0.5000  0.3333 (reduced coord)
  -1.93747   -1.93741   -1.93735   -1.93728   -0.80390   -0.80389   -0.80284   -0.80282
  -0.79120   -0.79119   -0.78950   -0.78949   -0.78700   -0.78698   -0.78646   -0.78643
  -0.35839   -0.35836   -0.35116   -0.35115   -0.31801   -0.31800   -0.31056   -0.31055
   0.10413    0.10415    0.11227    0.11229    0.11994    0.11996    0.12781    0.12785
   0.15992    0.15996    0.17156    0.17162    0.19108    0.19113    0.20093    0.20097
   0.21391    0.21395    0.22281    0.22287    0.23809    0.23810    0.24927    0.24929
   0.45197    0.45205
 kpt#  78, nband= 50, wtk=  0.00926, kpt=  0.5000  0.5000  0.3333 (reduced coord)
  -1.93746   -1.93740   -1.93736   -1.93730   -0.80411   -0.80409   -0.80406   -0.80405
  -0.78996   -0.78994   -0.78975   -0.78973   -0.78652   -0.78650   -0.78639   -0.78635
  -0.35870   -0.35867   -0.35423   -0.35422   -0.31532   -0.31530   -0.30975   -0.30973
   0.10759    0.10760    0.11141    0.11143    0.11972    0.11975    0.12376    0.12382
   0.16845    0.16846    0.17389    0.17392    0.19274    0.19276    0.19621    0.19625
   0.21237    0.21243    0.21905    0.21913    0.23840    0.23843    0.25007    0.25010
   0.44724    0.44734
 kpt#  79, nband= 50, wtk=  0.00926, kpt= -0.3333  0.5000  0.3333 (reduced coord)
  -1.93747   -1.93741   -1.93735   -1.93728   -0.80390   -0.80389   -0.80283   -0.80282
  -0.79120   -0.79119   -0.78950   -0.78948   -0.78701   -0.78699   -0.78647   -0.78643
  -0.35839   -0.35836   -0.35116   -0.35115   -0.31801   -0.31800   -0.31056   -0.31054
   0.10413    0.10415    0.11227    0.11229    0.11994    0.11996    0.12780    0.12785
   0.15991    0.15996    0.17157    0.17162    0.19110    0.19113    0.20093    0.20097
   0.21391    0.21396    0.22281    0.22287    0.23809    0.23811    0.24927    0.24928
   0.45197    0.45205
 kpt#  80, nband= 50, wtk=  0.00926, kpt= -0.1667  0.5000  0.3333 (reduced coord)
  -1.93750   -1.93744   -1.93732   -1.93726   -0.80239   -0.80238   -0.80088   -0.80087
  -0.79334   -0.79332   -0.79023   -0.79021   -0.78749   -0.78747   -0.78682   -0.78679
  -0.35621   -0.35617   -0.34575   -0.34573   -0.32266   -0.32265   -0.31376   -0.31373
   0.10234    0.10237    0.11136    0.11139    0.11760    0.11762    0.13546    0.13549
   0.15092    0.15097    0.16725    0.16733    0.18912    0.18918    0.20480    0.20484
   0.21442    0.21443    0.22301    0.22307    0.24248    0.24252    0.25062    0.25063
   0.46258    0.46265
 kpt#  81, nband= 50, wtk=  0.00926, kpt=  0.0000 -0.3333  0.3333 (reduced coord)
  -1.93765   -1.93737   -1.93731   -1.93720   -0.80236   -0.80120   -0.80001   -0.79865
  -0.79627   -0.79274   -0.79162   -0.79031   -0.78800   -0.78790   -0.78705   -0.78617
  -0.36762   -0.34640   -0.34259   -0.33928   -0.32697   -0.31984   -0.31968   -0.31409
   0.09440    0.09893    0.10389    0.11332    0.11586    0.11961    0.12594    0.13915
   0.14544    0.15829    0.16268    0.17036    0.18805    0.19126    0.20163    0.21057
   0.21302    0.22159    0.22180    0.23227    0.24139    0.24628    0.25270    0.25673
   0.46644    0.46690
 kpt#  82, nband= 50, wtk=  0.00926, kpt=  0.1667 -0.3333  0.3333 (reduced coord)
  -1.93763   -1.93737   -1.93731   -1.93721   -0.80329   -0.80172   -0.80153   -0.79846
  -0.79537   -0.79268   -0.79095   -0.78966   -0.78808   -0.78760   -0.78655   -0.78622
  -0.36711   -0.34927   -0.34416   -0.34150   -0.32411   -0.32175   -0.31733   -0.31110
   0.09423    0.09915    0.10859    0.11231    0.11496    0.12161    0.12939    0.13909
   0.14318    0.15284    0.16526    0.17554    0.18380    0.19730    0.20269    0.21137
   0.21443    0.21800    0.22370    0.23128    0.23800    0.24270    0.25000    0.25743
   0.46037    0.46440
 kpt#  83, nband= 50, wtk=  0.00926, kpt=  0.3333 -0.3333  0.3333 (reduced coord)
  -1.93758   -1.93739   -1.93731   -1.93724   -0.80424   -0.80324   -0.80254   -0.80050
  -0.79327   -0.79202   -0.78977   -0.78893   -0.78769   -0.78723   -0.78647   -0.78593
  -0.36520   -0.35247   -0.34879   -0.34723   -0.31997   -0.31893   -0.31498   -0.30854
   0.09474    0.10456    0.10953    0.11237    0.11642    0.12308    0.12960    0.13239
   0.14936    0.15820    0.16565    0.17889    0.18582    0.19715    0.20048    0.21008
   0.21584    0.21757    0.22330    0.22856    0.23317    0.23997    0.24432    0.25799
   0.45027    0.45659
 kpt#  84, nband= 50, wtk=  0.00926, kpt=  0.5000 -0.3333  0.3333 (reduced coord)
  -1.93754   -1.93742   -1.93731   -1.93725   -0.80443   -0.80393   -0.80256   -0.80202
  -0.79244   -0.79166   -0.78912   -0.78885   -0.78713   -0.78699   -0.78634   -0.78622
  -0.36325   -0.35344   -0.35161   -0.35077   -0.31794   -0.31617   -0.31477   -0.30807
   0.09874    0.10143    0.11181    0.11470    0.11483    0.12238    0.12986    0.12993
   0.15806    0.15968    0.16401    0.17996    0.19180    0.19610    0.19695    0.20633
   0.21670    0.21689    0.21986    0.22196    0.23468    0.24195    0.24371    0.25758
   0.44425    0.45244
 kpt#  85, nband= 50, wtk=  0.00926, kpt= -0.3333 -0.3333  0.3333 (reduced coord)
  -1.93758   -1.93740   -1.93731   -1.93724   -0.80424   -0.80324   -0.80254   -0.80050
  -0.79327   -0.79202   -0.78977   -0.78893   -0.78770   -0.78722   -0.78647   -0.78593
  -0.36519   -0.35246   -0.34880   -0.34723   -0.31998   -0.31893   -0.31498   -0.30854
   0.09473    0.10457    0.10952    0.11237    0.11641    0.12307    0.12961    0.13239
   0.14936    0.15821    0.16565    0.17890    0.18582    0.19714    0.20049    0.21009
   0.21584    0.21757    0.22329    0.22856    0.23317    0.23998    0.24432    0.25798
   0.45026    0.45663
 kpt#  86, nband= 50, wtk=  0.00926, kpt= -0.1667 -0.3333  0.3333 (reduced coord)
  -1.93763   -1.93738   -1.93731   -1.93721   -0.80328   -0.80172   -0.80153   -0.79845
  -0.79537   -0.79269   -0.79095   -0.78966   -0.78810   -0.78759   -0.78655   -0.78622
  -0.36711   -0.34927   -0.34416   -0.34150   -0.32411   -0.32175   -0.31733   -0.31109
   0.09422    0.09915    0.10859    0.11231    0.11496    0.12161    0.12940    0.13909
   0.14318    0.15283    0.16527    0.17554    0.18380    0.19731    0.20269    0.21136
   0.21443    0.21800    0.22369    0.23127    0.23801    0.24272    0.25000    0.25742
   0.46037    0.46436
 kpt#  87, nband= 50, wtk=  0.00926, kpt=  0.0000 -0.1667  0.3333 (reduced coord)
  -1.93777   -1.93742   -1.93719   -1.93714   -0.80357   -0.80095   -0.80087   -0.79852
  -0.79451   -0.79409   -0.79091   -0.78961   -0.78830   -0.78825   -0.78617   -0.78609
  -0.37716   -0.34800   -0.33991   -0.33582   -0.32256   -0.32199   -0.31652   -0.31350
   0.08477    0.08592    0.09730    0.11151    0.11327    0.12519    0.12556    0.14126
   0.14709    0.15165    0.16671    0.17376    0.18660    0.19114    0.19638    0.21336
   0.21540    0.22900    0.23287    0.24350    0.24976    0.25017    0.25374    0.25953
   0.46357    0.46736
 kpt#  88, nband= 50, wtk=  0.00926, kpt=  0.1667 -0.1667  0.3333 (reduced coord)
  -1.93774   -1.93743   -1.93720   -1.93716   -0.80358   -0.80135   -0.80082   -0.79760
  -0.79539   -0.79432   -0.79088   -0.78960   -0.78826   -0.78798   -0.78648   -0.78568
  -0.37490   -0.34902   -0.33988   -0.33622   -0.32433   -0.32179   -0.31835   -0.31118
   0.08521    0.09065    0.09823    0.10810    0.11342    0.12598    0.13268    0.14175
   0.14628    0.15205    0.15905    0.17732    0.18576    0.19452    0.20109    0.20914
   0.21508    0.22559    0.23302    0.23799    0.24565    0.24938    0.25353    0.26183
   0.45891    0.46461
 kpt#  89, nband= 50, wtk=  0.00926, kpt=  0.3333 -0.1667  0.3333 (reduced coord)
  -1.93768   -1.93744   -1.93722   -1.93718   -0.80333   -0.80176   -0.80072   -0.79740
  -0.79623   -0.79475   -0.79059   -0.78939   -0.78791   -0.78754   -0.78688   -0.78559
  -0.36905   -0.35005   -0.34261   -0.33972   -0.32467   -0.32101   -0.31852   -0.31039
   0.08756    0.09544    0.10439    0.10987    0.11377    0.12231    0.13690    0.14163
   0.14678    0.15207    0.16215    0.17555    0.18549    0.19571    0.20370    0.20545
   0.21495    0.22098    0.22793    0.23573    0.24212    0.24593    0.25004    0.26323
   0.45216    0.45578
 kpt#  90, nband= 50, wtk=  0.00926, kpt=  0.5000 -0.1667  0.3333 (reduced coord)
  -1.93763   -1.93747   -1.93723   -1.93720   -0.80289   -0.80224   -0.80007   -0.79892
  -0.79596   -0.79463   -0.79008   -0.78962   -0.78765   -0.78754   -0.78643   -0.78615
  -0.36453   -0.35035   -0.34648   -0.34189   -0.32318   -0.31976   -0.31928   -0.31071
   0.09095    0.09447    0.10751    0.11225    0.11247    0.12488    0.13827    0.13913
   0.14763    0.15430    0.16021    0.17512    0.18883    0.18989    0.20168    0.20846
   0.21559    0.21996    0.22740    0.23391    0.23627    0.24637    0.24994    0.26240
   0.44750    0.45261
 kpt#  91, nband= 50, wtk=  0.00926, kpt= -0.3333 -0.1667  0.3333 (reduced coord)
  -1.93768   -1.93744   -1.93721   -1.93719   -0.80333   -0.80176   -0.80072   -0.79739
  -0.79623   -0.79475   -0.79059   -0.78939   -0.78791   -0.78755   -0.78688   -0.78559
  -0.36905   -0.35005   -0.34262   -0.33972   -0.32468   -0.32100   -0.31852   -0.31038
   0.08756    0.09544    0.10439    0.10987    0.11376    0.12231    0.13689    0.14163
   0.14678    0.15208    0.16215    0.17556    0.18550    0.19571    0.20371    0.20545
   0.21495    0.22097    0.22793    0.23574    0.24212    0.24593    0.25004    0.26322
   0.45216    0.45576
 kpt#  92, nband= 50, wtk=  0.00926, kpt= -0.1667 -0.1667  0.3333 (reduced coord)
  -1.93774   -1.93743   -1.93719   -1.93716   -0.80358   -0.80136   -0.80082   -0.79759
  -0.79539   -0.79432   -0.79088   -0.78961   -0.78826   -0.78797   -0.78648   -0.78567
  -0.37490   -0.34902   -0.33988   -0.33622   -0.32433   -0.32179   -0.31835   -0.31117
   0.08521    0.09065    0.09823    0.10810    0.11342    0.12597    0.13268    0.14175
   0.14628    0.15206    0.15905    0.17732    0.18577    0.19453    0.20109    0.20913
   0.21508    0.22559    0.23301    0.23799    0.24566    0.24938    0.25353    0.26182
   0.45892    0.46459
 kpt#  93, nband= 50, wtk=  0.00463, kpt=  0.0000  0.0000  0.5000 (reduced coord)
  -1.93764   -1.93762   -1.93714   -1.93712   -0.80078   -0.80077   -0.79919   -0.79918
  -0.79617   -0.79616   -0.79058   -0.79056   -0.78763   -0.78762   -0.78673   -0.78672
  -0.36375   -0.36375   -0.33361   -0.33361   -0.32163   -0.32162   -0.31933   -0.31932
   0.09361    0.09361    0.10143    0.10145    0.12528    0.12529    0.14027    0.14028
   0.14818    0.14818    0.15556    0.15557    0.17430    0.17431    0.21126    0.21127
   0.22068    0.22069    0.23884    0.23885    0.25151    0.25152    0.26115    0.26115
   0.47000    0.47027
 kpt#  94, nband= 50, wtk=  0.00926, kpt=  0.1667  0.0000  0.5000 (reduced coord)
  -1.93762   -1.93761   -1.93716   -1.93714   -0.80042   -0.80041   -0.79929   -0.79928
  -0.79666   -0.79665   -0.79048   -0.79047   -0.78780   -0.78780   -0.78647   -0.78646
  -0.36233   -0.36232   -0.33476   -0.33475   -0.32269   -0.32268   -0.31860   -0.31859
   0.09353    0.09354    0.10192    0.10193    0.12574    0.12575    0.13830    0.13830
   0.15384    0.15386    0.15809    0.15811    0.17450    0.17452    0.21087    0.21088
   0.21682    0.21683    0.23354    0.23356    0.25417    0.25418    0.25926    0.25927
   0.46138    0.46140
 kpt#  95, nband= 50, wtk=  0.00926, kpt=  0.3333  0.0000  0.5000 (reduced coord)
  -1.93759   -1.93757   -1.93719   -1.93717   -0.79995   -0.79994   -0.79903   -0.79902
  -0.79757   -0.79757   -0.79090   -0.79089   -0.78767   -0.78766   -0.78610   -0.78609
  -0.35894   -0.35894   -0.33762   -0.33762   -0.32409   -0.32408   -0.31782   -0.31781
   0.09360    0.09361    0.10394    0.10394    0.12146    0.12147    0.14526    0.14527
   0.15678    0.15680    0.16493    0.16494    0.17642    0.17644    0.20154    0.20155
   0.21615    0.21616    0.22862    0.22863    0.25065    0.25065    0.25853    0.25854
   0.45193    0.45195
 kpt#  96, nband= 50, wtk=  0.00463, kpt=  0.5000  0.0000  0.5000 (reduced coord)
  -1.93756   -1.93755   -1.93721   -1.93719   -0.79977   -0.79977   -0.79900   -0.79899
  -0.79770   -0.79769   -0.79143   -0.79142   -0.78738   -0.78738   -0.78600   -0.78599
  -0.35682   -0.35681   -0.33954   -0.33953   -0.32465   -0.32464   -0.31755   -0.31754
   0.09390    0.09391    0.10554    0.10555    0.11819    0.11820    0.15009    0.15010
   0.15997    0.15998    0.16544    0.16544    0.18138    0.18139    0.19002    0.19005
   0.21839    0.21840    0.22898    0.22899    0.24536    0.24536    0.25827    0.25828
   0.44844    0.44846
 kpt#  97, nband= 50, wtk=  0.00926, kpt=  0.0000  0.1667  0.5000 (reduced coord)
  -1.93761   -1.93759   -1.93717   -1.93715   -0.80124   -0.80122   -0.79881   -0.79880
  -0.79618   -0.79617   -0.79038   -0.79037   -0.78742   -0.78740   -0.78710   -0.78709
  -0.36176   -0.36175   -0.33531   -0.33530   -0.32204   -0.32203   -0.31940   -0.31939
   0.09887    0.09890    0.10342    0.10343    0.12334    0.12335    0.13465    0.13466
   0.14734    0.14737    0.16296    0.16300    0.17922    0.17924    0.20434    0.20442
   0.22337    0.22340    0.23464    0.23471    0.24957    0.24958    0.25486    0.25487
   0.46760    0.46762
 kpt#  98, nband= 50, wtk=  0.00926, kpt=  0.1667  0.1667  0.5000 (reduced coord)
  -1.93759   -1.93758   -1.93719   -1.93717   -0.80207   -0.80173   -0.79854   -0.79843
  -0.79653   -0.79616   -0.79049   -0.78973   -0.78761   -0.78742   -0.78689   -0.78659
  -0.36168   -0.36068   -0.33865   -0.33535   -0.32478   -0.32248   -0.31681   -0.31646
   0.09577    0.09997    0.10296    0.10575    0.12207    0.12475    0.13425    0.13817
   0.14719    0.15049    0.16366    0.16636    0.17915    0.17963    0.20488    0.21007
   0.21948    0.22030    0.22688    0.23470    0.24713    0.24944    0.25216    0.25758
   0.46009    0.46205
 kpt#  99, nband= 50, wtk=  0.00926, kpt=  0.3333  0.1667  0.5000 (reduced coord)
  -1.93756   -1.93754   -1.93722   -1.93720   -0.80255   -0.80254   -0.79992   -0.79910
  -0.79551   -0.79538   -0.79030   -0.78946   -0.78771   -0.78721   -0.78645   -0.78602
  -0.36010   -0.35901   -0.34280   -0.34080   -0.32238   -0.32228   -0.31534   -0.31398
   0.09392    0.10027    0.10346    0.10907    0.11925    0.12203    0.13636    0.14298
   0.15311    0.15776    0.16535    0.17278    0.17955    0.18256    0.20248    0.20819
   0.21490    0.21761    0.22462    0.22758    0.24309    0.24668    0.25280    0.25648
   0.45088    0.45123
 kpt# 100, nband= 50, wtk=  0.00926, kpt=  0.5000  0.1667  0.5000 (reduced coord)
  -1.93754   -1.93753   -1.93724   -1.93722   -0.80267   -0.80266   -0.80030   -0.80029
  -0.79480   -0.79477   -0.79004   -0.79002   -0.78725   -0.78724   -0.78605   -0.78604
  -0.35832   -0.35831   -0.34458   -0.34458   -0.32112   -0.32110   -0.31430   -0.31429
   0.09625    0.09627    0.10788    0.10791    0.11867    0.11869    0.14068    0.14070
   0.16344    0.16345    0.16738    0.16739    0.18211    0.18212    0.20308    0.20310
   0.21417    0.21418    0.22485    0.22486    0.24331    0.24332    0.25415    0.25416
   0.44654    0.44657
 kpt# 101, nband= 50, wtk=  0.00926, kpt= -0.3333  0.1667  0.5000 (reduced coord)
  -1.93756   -1.93754   -1.93722   -1.93720   -0.80256   -0.80254   -0.79993   -0.79910
  -0.79551   -0.79538   -0.79029   -0.78946   -0.78771   -0.78722   -0.78645   -0.78602
  -0.36010   -0.35901   -0.34280   -0.34080   -0.32237   -0.32228   -0.31534   -0.31398
   0.09392    0.10027    0.10346    0.10907    0.11926    0.12203    0.13636    0.14299
   0.15312    0.15776    0.16535    0.17277    0.17955    0.18256    0.20247    0.20818
   0.21489    0.21761    0.22461    0.22759    0.24308    0.24668    0.25280    0.25648
   0.45090    0.45122
 kpt# 102, nband= 50, wtk=  0.00926, kpt= -0.1667  0.1667  0.5000 (reduced coord)
  -1.93759   -1.93758   -1.93719   -1.93717   -0.80207   -0.80173   -0.79855   -0.79843
  -0.79653   -0.79616   -0.79049   -0.78972   -0.78761   -0.78742   -0.78689   -0.78659
  -0.36168   -0.36068   -0.33865   -0.33535   -0.32478   -0.32248   -0.31681   -0.31646
   0.09577    0.09997    0.10296    0.10575    0.12207    0.12474    0.13424    0.13817
   0.14720    0.15050    0.16365    0.16636    0.17914    0.17964    0.20489    0.21007
   0.21948    0.22030    0.22688    0.23470    0.24713    0.24945    0.25215    0.25758
   0.46009    0.46206
 kpt# 103, nband= 50, wtk=  0.00926, kpt=  0.0000  0.3333  0.5000 (reduced coord)
  -1.93752   -1.93750   -1.93726   -1.93724   -0.80146   -0.80144   -0.79959   -0.79958
  -0.79484   -0.79483   -0.79064   -0.79064   -0.78774   -0.78773   -0.78698   -0.78697
  -0.35623   -0.35621   -0.34069   -0.34068   -0.32196   -0.32195   -0.31996   -0.31995
   0.10620    0.10623    0.11157    0.11161    0.12026    0.12028    0.12862    0.12864
   0.14968    0.14972    0.17194    0.17196    0.18673    0.18677    0.19352    0.19354
   0.22219    0.22223    0.22683    0.22685    0.23874    0.23879    0.25027    0.25029
   0.46692    0.46694
 kpt# 104, nband= 50, wtk=  0.00926, kpt=  0.1667  0.3333  0.5000 (reduced coord)
  -1.93751   -1.93749   -1.93727   -1.93725   -0.80295   -0.80245   -0.80080   -0.79997
  -0.79404   -0.79347   -0.79030   -0.78948   -0.78757   -0.78725   -0.78708   -0.78680
  -0.35813   -0.35707   -0.34483   -0.34296   -0.32170   -0.32080   -0.31607   -0.31560
   0.10420    0.10516    0.11063    0.11284    0.11926    0.12109    0.13015    0.13078
   0.14823    0.15430    0.16921    0.17178    0.18610    0.19555    0.19728    0.20053
   0.21141    0.22288    0.22545    0.22788    0.23545    0.23977    0.24544    0.25289
   0.46004    0.46298
 kpt# 105, nband= 50, wtk=  0.00926, kpt=  0.3333  0.3333  0.5000 (reduced coord)
  -1.93749   -1.93748   -1.93729   -1.93727   -0.80431   -0.80408   -0.80262   -0.80185
  -0.79219   -0.79174   -0.78923   -0.78860   -0.78726   -0.78705   -0.78650   -0.78627
  -0.36000   -0.35903   -0.35043   -0.34922   -0.31730   -0.31696   -0.31226   -0.31112
   0.10078    0.10383    0.11235    0.11416    0.11887    0.12028    0.12673    0.12935
   0.16005    0.16129    0.17216    0.17600    0.18611    0.18994    0.20422    0.20589
   0.21289    0.21488    0.22392    0.22646    0.23005    0.23730    0.24749    0.24951
   0.44997    0.45113
 kpt# 106, nband= 50, wtk=  0.00926, kpt=  0.5000  0.3333  0.5000 (reduced coord)
  -1.93748   -1.93747   -1.93730   -1.93728   -0.80470   -0.80469   -0.80314   -0.80314
  -0.79126   -0.79123   -0.78862   -0.78860   -0.78694   -0.78693   -0.78611   -0.78610
  -0.36000   -0.36000   -0.35274   -0.35274   -0.31484   -0.31482   -0.31038   -0.31036
   0.10169    0.10171    0.11308    0.11310    0.11980    0.11982    0.12691    0.12693
   0.16878    0.16880    0.17359    0.17361    0.18820    0.18821    0.20396    0.20401
   0.21352    0.21356    0.22231    0.22234    0.23349    0.23353    0.24910    0.24914
   0.44470    0.44473
 kpt# 107, nband= 50, wtk=  0.00926, kpt= -0.3333  0.3333  0.5000 (reduced coord)
  -1.93749   -1.93748   -1.93729   -1.93727   -0.80431   -0.80408   -0.80263   -0.80184
  -0.79219   -0.79174   -0.78923   -0.78859   -0.78726   -0.78705   -0.78651   -0.78627
  -0.36000   -0.35904   -0.35043   -0.34922   -0.31730   -0.31696   -0.31226   -0.31112
   0.10079    0.10383    0.11235    0.11416    0.11886    0.12028    0.12673    0.12936
   0.16005    0.16129    0.17215    0.17600    0.18611    0.18995    0.20422    0.20589
   0.21289    0.21488    0.22392    0.22646    0.23005    0.23730    0.24749    0.24951
   0.44997    0.45114
 kpt# 108, nband= 50, wtk=  0.00926, kpt= -0.1667  0.3333  0.5000 (reduced coord)
  -1.93751   -1.93749   -1.93727   -1.93725   -0.80295   -0.80245   -0.80080   -0.79997
  -0.79404   -0.79347   -0.79030   -0.78948   -0.78757   -0.78726   -0.78708   -0.78680
  -0.35813   -0.35707   -0.34482   -0.34296   -0.32170   -0.32080   -0.31607   -0.31560
   0.10420    0.10516    0.11063    0.11285    0.11925    0.12109    0.13015    0.13078
   0.14823    0.15431    0.16922    0.17178    0.18609    0.19555    0.19728    0.20053
   0.21141    0.22288    0.22544    0.22788    0.23545    0.23977    0.24543    0.25289
   0.46004    0.46310
 kpt# 109, nband= 50, wtk=  0.00463, kpt=  0.0000  0.5000  0.5000 (reduced coord)
  -1.93741   -1.93741   -1.93737   -1.93733   -0.80085   -0.80085   -0.80083   -0.80082
  -0.79257   -0.79257   -0.79255   -0.79253   -0.78726   -0.78725   -0.78724   -0.78723
  -0.34852   -0.34851   -0.34848   -0.34847   -0.32102   -0.32101   -0.32100   -0.32099
   0.11107    0.11107    0.11108    0.11109    0.12421    0.12422    0.12423    0.12423
   0.16392    0.16393    0.16402    0.16403    0.18811    0.18812    0.18817    0.18817
   0.22074    0.22075    0.22075    0.22077    0.24232    0.24235    0.24238    0.24240
   0.47058    0.47061
 kpt# 110, nband= 50, wtk=  0.00926, kpt=  0.1667  0.5000  0.5000 (reduced coord)
  -1.93741   -1.93741   -1.93737   -1.93733   -0.80249   -0.80248   -0.80176   -0.80176
  -0.79175   -0.79174   -0.79084   -0.79083   -0.78720   -0.78719   -0.78707   -0.78706
  -0.35158   -0.35157   -0.35154   -0.35153   -0.31793   -0.31793   -0.31762   -0.31762
   0.11022    0.11022    0.11094    0.11095    0.12360    0.12361    0.12447    0.12447
   0.16409    0.16410    0.16543    0.16544    0.19253    0.19254    0.19308    0.19308
   0.21645    0.21646    0.22043    0.22043    0.23888    0.23889    0.24518    0.24519
   0.46388    0.46421
 kpt# 111, nband= 50, wtk=  0.00926, kpt=  0.3333  0.5000  0.5000 (reduced coord)
  -1.93741   -1.93741   -1.93737   -1.93733   -0.80432   -0.80431   -0.80380   -0.80379
  -0.78994   -0.78993   -0.78927   -0.78926   -0.78677   -0.78676   -0.78667   -0.78666
  -0.35640   -0.35639   -0.35637   -0.35636   -0.31279   -0.31279   -0.31250   -0.31250
   0.10971    0.10972    0.11005    0.11005    0.12210    0.12211    0.12258    0.12258
   0.17118    0.17118    0.17226    0.17227    0.19193    0.19194    0.19421    0.19422
   0.21661    0.21661    0.21901    0.21901    0.23966    0.23968    0.24177    0.24177
   0.45408    0.45433
 kpt# 112, nband= 50, wtk=  0.00463, kpt=  0.5000  0.5000  0.5000 (reduced coord)
  -1.93741   -1.93741   -1.93737   -1.93733   -0.80486   -0.80485   -0.80484   -0.80484
  -0.78909   -0.78908   -0.78906   -0.78905   -0.78639   -0.78639   -0.78636   -0.78635
  -0.35844   -0.35843   -0.35841   -0.35841   -0.31049   -0.31048   -0.31047   -0.31046
   0.10945    0.10946    0.10948    0.10949    0.12138    0.12139    0.12141    0.12142
   0.17745    0.17747    0.17749    0.17750    0.19004    0.19005    0.19009    0.19010
   0.21739    0.21740    0.21747    0.21747    0.24058    0.24059    0.24061    0.24062
   0.45095    0.45096
