 Fermi (or HOMO) energy (hartree) =   0.28462   Average Vxc (hartree)=  -0.44597
 Eigenvalues (hartree) for nkpt= 112  k points:
 kpt#   1, nband= 50, wtk=  0.00463, kpt=  0.0000  0.0000  0.0000 (reduced coord)
  -1.94201   -1.94118   -1.94084   -1.94025   -0.80641   -0.80574   -0.80520   -0.79438
  -0.79350   -0.79292   -0.79231   -0.79191   -0.79050   -0.78743   -0.78678   -0.78654
  -0.39973   -0.34751   -0.34489   -0.34146   -0.31101   -0.30816   -0.30735   -0.29967
   0.06408    0.06561    0.07554    0.09385    0.09867    0.10582    0.16029    0.16456
   0.16804    0.16898    0.17303    0.18502    0.19071    0.20626    0.21771    0.21818
   0.22981    0.23288    0.23387    0.23551    0.24936    0.26316    0.28273    0.28462
   0.45644    0.46160
 kpt#   2, nband= 50, wtk=  0.00926, kpt=  0.1667  0.0000  0.0000 (reduced coord)
  -1.94199   -1.94117   -1.94085   -1.94026   -0.80560   -0.80500   -0.80429   -0.79429
  -0.79378   -0.79347   -0.79242   -0.79198   -0.79060   -0.78807   -0.78767   -0.78695
  -0.39548   -0.34668   -0.34458   -0.34083   -0.31450   -0.31137   -0.30650   -0.30027
   0.06700    0.07200    0.07399    0.09502    0.09860    0.11712    0.14812    0.15870
   0.16230    0.16774    0.17092    0.18438    0.19037    0.20533    0.21821    0.21955
   0.23252    0.23387    0.23838    0.24376    0.24616    0.25173    0.28174    0.28380
   0.46182    0.47020
 kpt#   3, nband= 50, wtk=  0.00926, kpt=  0.3333  0.0000  0.0000 (reduced coord)
  -1.94195   -1.94115   -1.94090   -1.94028   -0.80357   -0.80331   -0.80158   -0.79584
  -0.79502   -0.79379   -0.79245   -0.79197   -0.79092   -0.79031   -0.78838   -0.78796
  -0.38477   -0.34459   -0.34440   -0.34020   -0.32677   -0.31152   -0.30674   -0.30199
   0.07104    0.07478    0.09279    0.10145    0.10353    0.11596    0.13412    0.14175
   0.15495    0.16795    0.16915    0.18787    0.18973    0.20678    0.21361    0.21475
   0.22586    0.23867    0.24102    0.24317    0.24587    0.25171    0.28157    0.28236
   0.45952    0.46307
 kpt#   4, nband= 50, wtk=  0.00463, kpt=  0.5000  0.0000  0.0000 (reduced coord)
  -1.94193   -1.94113   -1.94093   -1.94028   -0.80234   -0.80175   -0.79889   -0.79757
  -0.79607   -0.79489   -0.79364   -0.79194   -0.79072   -0.79000   -0.78921   -0.78857
  -0.37700   -0.34621   -0.34220   -0.34105   -0.33356   -0.31110   -0.30697   -0.30325
   0.07461    0.07949    0.09820    0.10619    0.10688    0.11619    0.12762    0.13353
   0.14754    0.16559    0.17675    0.17929    0.19520    0.19994    0.21705    0.21799
   0.22127    0.22894    0.24288    0.24367    0.25032    0.25250    0.28126    0.28299
   0.45502    0.46043
 kpt#   5, nband= 50, wtk=  0.00926, kpt=  0.0000  0.1667  0.0000 (reduced coord)
  -1.94199   -1.94116   -1.94086   -1.94026   -0.80546   -0.80490   -0.80442   -0.79486
  -0.79343   -0.79279   -0.79265   -0.79204   -0.79080   -0.78804   -0.78761   -0.78714
  -0.39524   -0.34792   -0.34395   -0.34101   -0.31451   -0.30976   -0.30742   -0.30072
   0.07085    0.07251    0.07332    0.09504    0.10824    0.10984    0.14912    0.15761
   0.16204    0.16825    0.17104    0.18389    0.18858    0.20781    0.21520    0.21832
   0.22597    0.23387    0.23417    0.24122    0.24422    0.26296    0.28068    0.28187
   0.45715    0.46321
 kpt#   6, nband= 50, wtk=  0.00926, kpt=  0.1667  0.1667  0.0000 (reduced coord)
  -1.94197   -1.94116   -1.94088   -1.94027   -0.80488   -0.80434   -0.80362   -0.79484
  -0.79411   -0.79353   -0.79225   -0.79184   -0.79073   -0.78946   -0.78798   -0.78693
  -0.39146   -0.34765   -0.34367   -0.34052   -0.31563   -0.31458   -0.30644   -0.30103
   0.07071    0.07659    0.07878    0.09597    0.10472    0.11997    0.14245    0.15658
   0.15933    0.16290    0.17117    0.18327    0.18695    0.20526    0.21503    0.21816
   0.22765    0.23412    0.23553    0.24439    0.24816    0.25076    0.28021    0.28125
   0.45812    0.46575
 kpt#   7, nband= 50, wtk=  0.00926, kpt=  0.3333  0.1667  0.0000 (reduced coord)
  -1.94194   -1.94114   -1.94092   -1.94028   -0.80339   -0.80277   -0.80158   -0.79675
  -0.79474   -0.79355   -0.79342   -0.79186   -0.79072   -0.79024   -0.78859   -0.78765
  -0.38193   -0.34646   -0.34361   -0.34035   -0.32696   -0.31403   -0.30633   -0.30203
   0.07304    0.08148    0.09454    0.10342    0.10819    0.11856    0.13190    0.14413
   0.15461    0.16149    0.17246    0.18519    0.18975    0.20255    0.21027    0.21330
   0.22481    0.23475    0.23799    0.24014    0.24800    0.24934    0.27920    0.28146
   0.45675    0.46105
 kpt#   8, nband= 50, wtk=  0.00926, kpt=  0.5000  0.1667  0.0000 (reduced coord)
  -1.94192   -1.94112   -1.94094   -1.94029   -0.80220   -0.80167   -0.79964   -0.79816
  -0.79589   -0.79557   -0.79292   -0.79197   -0.79050   -0.78938   -0.78908   -0.78865
  -0.37513   -0.34536   -0.34475   -0.34089   -0.33334   -0.31333   -0.30643   -0.30283
   0.07727    0.08419    0.09754    0.11031    0.11109    0.12028    0.12483    0.13864
   0.14885    0.16236    0.17646    0.17931    0.18749    0.19811    0.21628    0.21825
   0.22151    0.22752    0.23728    0.23828    0.24886    0.25057    0.27872    0.28237
   0.45763    0.45795
 kpt#   9, nband= 50, wtk=  0.00926, kpt= -0.3333  0.1667  0.0000 (reduced coord)
  -1.94194   -1.94114   -1.94092   -1.94028   -0.80333   -0.80274   -0.80157   -0.79681
  -0.79462   -0.79362   -0.79346   -0.79187   -0.79084   -0.79025   -0.78866   -0.78749
  -0.38183   -0.34637   -0.34364   -0.34039   -0.32703   -0.31408   -0.30634   -0.30202
   0.07271    0.08189    0.09471    0.10323    0.10845    0.11852    0.13209    0.14325
   0.15490    0.16139    0.17214    0.18486    0.18992    0.20294    0.20980    0.21389
   0.22640    0.23446    0.23775    0.23965    0.24769    0.24921    0.27924    0.28146
   0.45925    0.46133
 kpt#  10, nband= 50, wtk=  0.00926, kpt= -0.1667  0.1667  0.0000 (reduced coord)
  -1.94197   -1.94116   -1.94088   -1.94027   -0.80484   -0.80427   -0.80367   -0.79490
  -0.79410   -0.79337   -0.79232   -0.79199   -0.79049   -0.78978   -0.78803   -0.78676
  -0.39139   -0.34757   -0.34369   -0.34056   -0.31566   -0.31461   -0.30647   -0.30102
   0.07024    0.07705    0.07892    0.09582    0.10524    0.11961    0.14250    0.15593
   0.15930    0.16253    0.17166    0.18322    0.18705    0.20456    0.21574    0.21867
   0.22793    0.23435    0.23594    0.24402    0.24784    0.25026    0.28027    0.28129
   0.45952    0.46592
 kpt#  11, nband= 50, wtk=  0.00926, kpt=  0.0000  0.3333  0.0000 (reduced coord)
  -1.94194   -1.94112   -1.94094   -1.94027   -0.80317   -0.80252   -0.80228   -0.79666
  -0.79467   -0.79319   -0.79241   -0.79202   -0.79089   -0.79046   -0.78860   -0.78825
  -0.38297   -0.35286   -0.34184   -0.34017   -0.31966   -0.31391   -0.30725   -0.30334
   0.07434    0.08458    0.09723    0.09833    0.11649    0.12464    0.13188    0.14063
   0.14276    0.16178    0.17503    0.17746    0.18816    0.19928    0.20041    0.21875
   0.22355    0.23003    0.23600    0.24102    0.25580    0.26490    0.27656    0.27788
   0.45651    0.46833
 kpt#  12, nband= 50, wtk=  0.00926, kpt=  0.1667  0.3333  0.0000 (reduced coord)
  -1.94193   -1.94111   -1.94095   -1.94028   -0.80308   -0.80253   -0.80174   -0.79662
  -0.79556   -0.79401   -0.79189   -0.79145   -0.79121   -0.79067   -0.78880   -0.78769
  -0.38038   -0.35298   -0.34171   -0.34002   -0.31982   -0.31828   -0.30616   -0.30303
   0.07531    0.09146    0.09696    0.09896    0.11683    0.12587    0.12995    0.14175
   0.14480    0.16314    0.17512    0.17904    0.18650    0.19437    0.19757    0.21893
   0.22250    0.23219    0.23463    0.23998    0.25547    0.25603    0.27658    0.27854
   0.45346    0.46145
 kpt#  13, nband= 50, wtk=  0.00926, kpt=  0.3333  0.3333  0.0000 (reduced coord)
  -1.94191   -1.94110   -1.94096   -1.94030   -0.80289   -0.80196   -0.80058   -0.79813
  -0.79602   -0.79466   -0.79341   -0.79149   -0.79006   -0.78979   -0.78902   -0.78755
  -0.37402   -0.35303   -0.34163   -0.34014   -0.32681   -0.31956   -0.30528   -0.30263
   0.07994    0.09637    0.09751    0.10949    0.11995    0.12482    0.12765    0.14253
   0.14882    0.15715    0.17418    0.17769    0.18681    0.19861    0.19953    0.21226
   0.21819    0.22735    0.23559    0.23716    0.24698    0.24995    0.27570    0.27958
   0.45003    0.45623
 kpt#  14, nband= 50, wtk=  0.00926, kpt=  0.5000  0.3333  0.0000 (reduced coord)
  -1.94190   -1.94110   -1.94097   -1.94031   -0.80275   -0.80117   -0.80003   -0.79888
  -0.79717   -0.79446   -0.79377   -0.79207   -0.78949   -0.78913   -0.78856   -0.78824
  -0.36980   -0.35297   -0.34183   -0.34042   -0.33168   -0.31918   -0.30506   -0.30253
   0.08455    0.09563    0.09687    0.11774    0.12231    0.12400    0.12737    0.14384
   0.15253    0.15327    0.16736    0.17850    0.17987    0.20373    0.20816    0.20977
   0.21680    0.22826    0.22997    0.23260    0.24410    0.24686    0.27524    0.27971
   0.45254    0.45602
 kpt#  15, nband= 50, wtk=  0.00926, kpt= -0.3333  0.3333  0.0000 (reduced coord)
  -1.94191   -1.94110   -1.94096   -1.94030   -0.80280   -0.80197   -0.80052   -0.79821
  -0.79589   -0.79483   -0.79350   -0.79131   -0.79025   -0.78959   -0.78932   -0.78738
  -0.37388   -0.35302   -0.34165   -0.34016   -0.32695   -0.31954   -0.30530   -0.30262
   0.07987    0.09623    0.09779    0.10974    0.12054    0.12493    0.12725    0.14169
   0.14854    0.15655    0.17396    0.17787    0.18744    0.19863    0.20028    0.21335
   0.21763    0.22719    0.23545    0.23718    0.24654    0.24980    0.27576    0.27957
   0.45198    0.45616
 kpt#  16, nband= 50, wtk=  0.00926, kpt= -0.1667  0.3333  0.0000 (reduced coord)
  -1.94193   -1.94111   -1.94095   -1.94028   -0.80304   -0.80245   -0.80176   -0.79662
  -0.79579   -0.79352   -0.79234   -0.79151   -0.79128   -0.79048   -0.78896   -0.78750
  -0.38027   -0.35297   -0.34173   -0.34005   -0.31978   -0.31838   -0.30618   -0.30303
   0.07525    0.09145    0.09703    0.09914    0.11752    0.12541    0.12988    0.14108
   0.14467    0.16294    0.17490    0.17856    0.18726    0.19448    0.19823    0.21939
   0.22300    0.23121    0.23480    0.23998    0.25530    0.25573    0.27674    0.27854
   0.45490    0.46127
 kpt#  17, nband= 50, wtk=  0.00463, kpt=  0.0000  0.5000  0.0000 (reduced coord)
  -1.94192   -1.94104   -1.94103   -1.94028   -0.80122   -0.80084   -0.79967   -0.79921
  -0.79546   -0.79481   -0.79276   -0.79262   -0.79011   -0.78983   -0.78968   -0.78939
  -0.36681   -0.36638   -0.34047   -0.33999   -0.31865   -0.31848   -0.30602   -0.30588
   0.08311    0.08461    0.11140    0.11276    0.12544    0.12627    0.12765    0.12993
   0.13763    0.13803    0.17505    0.17775    0.18119    0.18380    0.21639    0.21758
   0.21992    0.22395    0.23713    0.24050    0.26404    0.26432    0.27489    0.27604
   0.45639    0.45891
 kpt#  18, nband= 50, wtk=  0.00926, kpt=  0.1667  0.5000  0.0000 (reduced coord)
  -1.94191   -1.94105   -1.94102   -1.94029   -0.80171   -0.80122   -0.79929   -0.79877
  -0.79652   -0.79594   -0.79172   -0.79141   -0.79079   -0.79047   -0.78903   -0.78876
  -0.36580   -0.36530   -0.34049   -0.33991   -0.32076   -0.32062   -0.30523   -0.30495
   0.08524    0.08678    0.11247    0.11334    0.12108    0.12347    0.12957    0.13112
   0.14533    0.14602    0.17321    0.17548    0.18140    0.18381    0.21005    0.21143
   0.22459    0.22715    0.23584    0.23801    0.25818    0.25856    0.27591    0.27665
   0.45291    0.45459
 kpt#  19, nband= 50, wtk=  0.00926, kpt=  0.3333  0.5000  0.0000 (reduced coord)
  -1.94190   -1.94107   -1.94100   -1.94031   -0.80246   -0.80180   -0.79916   -0.79840
  -0.79708   -0.79666   -0.79223   -0.79190   -0.78990   -0.78961   -0.78838   -0.78815
  -0.36357   -0.36290   -0.34067   -0.33979   -0.32479   -0.32431   -0.30417   -0.30361
   0.08964    0.09111    0.11011    0.11215    0.12463    0.12516    0.13499    0.13624
   0.15211    0.15305    0.16663    0.16818    0.18505    0.18772    0.21130    0.21260
   0.21622    0.21866    0.23606    0.23740    0.24641    0.24731    0.27616    0.27669
   0.44844    0.45033
 kpt#  20, nband= 50, wtk=  0.00463, kpt=  0.5000  0.5000  0.0000 (reduced coord)
  -1.94189   -1.94108   -1.94099   -1.94032   -0.80277   -0.80202   -0.79955   -0.79880
  -0.79643   -0.79608   -0.79317   -0.79278   -0.78902   -0.78857   -0.78849   -0.78810
  -0.36231   -0.36151   -0.34091   -0.33980   -0.32677   -0.32606   -0.30378   -0.30311
   0.09237    0.09366    0.10659    0.10898    0.13170    0.13274    0.13880    0.14001
   0.14794    0.14989    0.16325    0.16379    0.19179    0.19408    0.20579    0.20729
   0.22009    0.22151    0.23237    0.23367    0.23919    0.24155    0.27568    0.27659
   0.44833    0.45118
 kpt#  21, nband= 50, wtk=  0.00926, kpt=  0.0000  0.0000  0.1667 (reduced coord)
  -1.94199   -1.94119   -1.94084   -1.94026   -0.80564   -0.80494   -0.80430   -0.79475
  -0.79416   -0.79324   -0.79257   -0.79147   -0.79045   -0.78857   -0.78710   -0.78688
  -0.39541   -0.34615   -0.34606   -0.34096   -0.31133   -0.31118   -0.30930   -0.30062
   0.06820    0.06982    0.08478    0.09365    0.10545    0.10843    0.15297    0.15994
   0.16135    0.16548    0.17486    0.18626    0.18768    0.20618    0.21122    0.21887
   0.22632    0.22839    0.23788    0.24334    0.24863    0.26273    0.27241    0.27916
   0.45971    0.46469
 kpt#  22, nband= 50, wtk=  0.00926, kpt=  0.1667  0.0000  0.1667 (reduced coord)
  -1.94197   -1.94118   -1.94085   -1.94027   -0.80497   -0.80433   -0.80354   -0.79509
  -0.79401   -0.79372   -0.79247   -0.79159   -0.79059   -0.78953   -0.78757   -0.78706
  -0.39153   -0.34654   -0.34495   -0.34044   -0.31597   -0.31148   -0.30929   -0.30118
   0.07009    0.07816    0.08025    0.09556    0.10394    0.11931    0.14994    0.15432
   0.15581    0.16307    0.17341    0.17836    0.19598    0.20254    0.21437    0.22038
   0.22296    0.23136    0.23980    0.24474    0.24819    0.25204    0.27363    0.27939
   0.46224    0.47003
 kpt#  23, nband= 50, wtk=  0.00926, kpt=  0.3333  0.0000  0.1667 (reduced coord)
  -1.94193   -1.94115   -1.94090   -1.94029   -0.80359   -0.80244   -0.80155   -0.79638
  -0.79519   -0.79391   -0.79286   -0.79157   -0.79104   -0.79029   -0.78862   -0.78785
  -0.38181   -0.34660   -0.34327   -0.34015   -0.32690   -0.31136   -0.30920   -0.30271
   0.07595    0.07771    0.09654    0.10368    0.10569    0.11889    0.14056    0.14202
   0.15101    0.16144    0.17109    0.18079    0.19565    0.20219    0.20942    0.21861
   0.22549    0.22922    0.23719    0.24137    0.24790    0.25380    0.27216    0.28038
   0.45907    0.46560
 kpt#  24, nband= 50, wtk=  0.00926, kpt=  0.5000  0.0000  0.1667 (reduced coord)
  -1.94192   -1.94113   -1.94093   -1.94029   -0.80264   -0.80123   -0.79941   -0.79705
  -0.79685   -0.79571   -0.79239   -0.79162   -0.79077   -0.78990   -0.78959   -0.78851
  -0.37489   -0.34711   -0.34193   -0.34149   -0.33298   -0.31062   -0.30951   -0.30374
   0.07907    0.08029    0.10198    0.10635    0.11041    0.12099    0.13476    0.13567
   0.14508    0.16345    0.17363    0.17419    0.19239    0.19737    0.21847    0.22154
   0.22396    0.22683    0.23288    0.23826    0.25078    0.25431    0.27112    0.28094
   0.45614    0.46006
 kpt#  25, nband= 50, wtk=  0.00926, kpt= -0.3333  0.0000  0.1667 (reduced coord)
  -1.94193   -1.94115   -1.94090   -1.94029   -0.80365   -0.80231   -0.80164   -0.79634
  -0.79520   -0.79383   -0.79292   -0.79152   -0.79129   -0.79008   -0.78855   -0.78795
  -0.38181   -0.34659   -0.34327   -0.34014   -0.32690   -0.31137   -0.30920   -0.30271
   0.07603    0.07759    0.09657    0.10367    0.10569    0.11898    0.14047    0.14205
   0.15103    0.16148    0.17108    0.18070    0.19561    0.20223    0.20939    0.21895
   0.22503    0.22934    0.23715    0.24150    0.24787    0.25382    0.27216    0.28038
   0.45899    0.46477
 kpt#  26, nband= 50, wtk=  0.00926, kpt= -0.1667  0.0000  0.1667 (reduced coord)
  -1.94197   -1.94118   -1.94085   -1.94027   -0.80508   -0.80407   -0.80371   -0.79497
  -0.79409   -0.79376   -0.79247   -0.79152   -0.79070   -0.78946   -0.78746   -0.78719
  -0.39153   -0.34652   -0.34498   -0.34043   -0.31596   -0.31149   -0.30929   -0.30118
   0.07009    0.07821    0.08023    0.09552    0.10392    0.11936    0.15002    0.15431
   0.15585    0.16304    0.17336    0.17840    0.19590    0.20243    0.21456    0.22049
   0.22269    0.23147    0.23970    0.24476    0.24817    0.25208    0.27366    0.27938
   0.46218    0.46987
 kpt#  27, nband= 50, wtk=  0.00926, kpt=  0.0000  0.1667  0.1667 (reduced coord)
  -1.94197   -1.94117   -1.94086   -1.94027   -0.80461   -0.80439   -0.80369   -0.79563
  -0.79407   -0.79276   -0.79266   -0.79186   -0.79048   -0.78985   -0.78751   -0.78698
  -0.39130   -0.34678   -0.34566   -0.34088   -0.31466   -0.31089   -0.31018   -0.30128
   0.07431    0.07667    0.08134    0.09754    0.11029    0.11263    0.14939    0.15224
   0.15771    0.16298    0.17323    0.18413    0.18622    0.20771    0.21090    0.21886
   0.22404    0.23114    0.23376    0.24110    0.24485    0.26266    0.27226    0.27687
   0.45899    0.46613
 kpt#  28, nband= 50, wtk=  0.00926, kpt=  0.1667  0.1667  0.1667 (reduced coord)
  -1.94195   -1.94116   -1.94088   -1.94028   -0.80450   -0.80380   -0.80302   -0.79540
  -0.79458   -0.79363   -0.79226   -0.79161   -0.79100   -0.79026   -0.78756   -0.78713
  -0.38792   -0.34740   -0.34509   -0.34062   -0.31679   -0.31378   -0.30887   -0.30145
   0.07620    0.08060    0.08332    0.09868    0.10773    0.12106    0.14650    0.14917
   0.15624    0.16149    0.16812    0.17907    0.19412    0.20684    0.21135    0.21679
   0.22683    0.22789    0.23606    0.24034    0.24526    0.25428    0.27269    0.27787
   0.45784    0.46917
 kpt#  29, nband= 50, wtk=  0.00926, kpt=  0.3333  0.1667  0.1667 (reduced coord)
  -1.94192   -1.94114   -1.94092   -1.94029   -0.80368   -0.80230   -0.80187   -0.79658
  -0.79533   -0.79448   -0.79274   -0.79123   -0.79109   -0.78997   -0.78817   -0.78788
  -0.37944   -0.34750   -0.34514   -0.34102   -0.32601   -0.31280   -0.30819   -0.30236
   0.07891    0.08249    0.09838    0.10553    0.11002    0.12091    0.13719    0.14490
   0.15113    0.15749    0.16736    0.18262    0.19627    0.20258    0.20863    0.21494
   0.22355    0.22934    0.23314    0.24117    0.24253    0.25178    0.27129    0.27907
   0.45386    0.46382
 kpt#  30, nband= 50, wtk=  0.00926, kpt=  0.5000  0.1667  0.1667 (reduced coord)
  -1.94191   -1.94112   -1.94095   -1.94030   -0.80267   -0.80216   -0.80037   -0.79779
  -0.79626   -0.79556   -0.79202   -0.79124   -0.79029   -0.78951   -0.78928   -0.78848
  -0.37346   -0.34769   -0.34560   -0.34221   -0.33087   -0.31171   -0.30806   -0.30312
   0.08171    0.08470    0.10162    0.10929    0.11309    0.12603    0.13104    0.14011
   0.14700    0.15951    0.16803    0.17591    0.19480    0.19680    0.21524    0.21956
   0.22345    0.22637    0.23301    0.23464    0.24242    0.25329    0.27076    0.27928
   0.45394    0.45742
 kpt#  31, nband= 50, wtk=  0.00926, kpt= -0.3333  0.1667  0.1667 (reduced coord)
  -1.94192   -1.94114   -1.94092   -1.94029   -0.80343   -0.80248   -0.80200   -0.79612
  -0.79524   -0.79480   -0.79299   -0.79147   -0.79104   -0.78974   -0.78828   -0.78775
  -0.37934   -0.34755   -0.34500   -0.34111   -0.32606   -0.31287   -0.30819   -0.30235
   0.07841    0.08300    0.09853    0.10546    0.11024    0.12084    0.13719    0.14448
   0.15119    0.15776    0.16650    0.18280    0.19631    0.20295    0.20835    0.21508
   0.22520    0.22837    0.23306    0.24102    0.24253    0.25164    0.27107    0.27928
   0.45571    0.46401
 kpt#  32, nband= 50, wtk=  0.00926, kpt= -0.1667  0.1667  0.1667 (reduced coord)
  -1.94195   -1.94117   -1.94088   -1.94028   -0.80432   -0.80378   -0.80323   -0.79511
  -0.79452   -0.79375   -0.79249   -0.79181   -0.79111   -0.78999   -0.78768   -0.78699
  -0.38784   -0.34741   -0.34498   -0.34069   -0.31681   -0.31385   -0.30889   -0.30145
   0.07584    0.08077    0.08362    0.09874    0.10779    0.12099    0.14617    0.14951
   0.15568    0.16141    0.16828    0.17904    0.19416    0.20627    0.21207    0.21670
   0.22714    0.22827    0.23601    0.24064    0.24460    0.25431    0.27240    0.27813
   0.45890    0.46973
 kpt#  33, nband= 50, wtk=  0.00926, kpt=  0.0000  0.3333  0.1667 (reduced coord)
  -1.94193   -1.94112   -1.94094   -1.94028   -0.80270   -0.80223   -0.80200   -0.79760
  -0.79455   -0.79322   -0.79290   -0.79233   -0.79081   -0.79039   -0.78864   -0.78790
  -0.38001   -0.35194   -0.34402   -0.34106   -0.31909   -0.31362   -0.30946   -0.30367
   0.08184    0.08766    0.09999    0.10098    0.11668    0.12289    0.13273    0.13998
   0.14617    0.16656    0.16693    0.17671    0.19031    0.19712    0.20394    0.21414
   0.22371    0.22867    0.22972    0.23583    0.25412    0.26437    0.27085    0.27398
   0.45686    0.46727
 kpt#  34, nband= 50, wtk=  0.00926, kpt=  0.1667  0.3333  0.1667 (reduced coord)
  -1.94192   -1.94112   -1.94095   -1.94029   -0.80329   -0.80254   -0.80156   -0.79721
  -0.79538   -0.79424   -0.79230   -0.79141   -0.79099   -0.79025   -0.78831   -0.78783
  -0.37791   -0.35254   -0.34457   -0.34134   -0.31938   -0.31644   -0.30782   -0.30310
   0.08221    0.09265    0.09903    0.10330    0.11701    0.12539    0.13304    0.14208
   0.14503    0.16249    0.16583    0.18031    0.19023    0.19720    0.20153    0.21661
   0.22208    0.22683    0.23076    0.23422    0.25109    0.25839    0.27065    0.27471
   0.45365    0.46287
 kpt#  35, nband= 50, wtk=  0.00926, kpt=  0.3333  0.3333  0.1667 (reduced coord)
  -1.94190   -1.94110   -1.94096   -1.94031   -0.80354   -0.80267   -0.80175   -0.79853
  -0.79580   -0.79345   -0.79277   -0.79095   -0.79023   -0.78954   -0.78853   -0.78767
  -0.37267   -0.35337   -0.34628   -0.34276   -0.32371   -0.31608   -0.30603   -0.30259
   0.08535    0.09596    0.10240    0.10975    0.12054    0.12579    0.13340    0.14064
   0.14961    0.15340    0.16619    0.18664    0.19077    0.19586    0.20414    0.21166
   0.21600    0.22357    0.22992    0.23479    0.24573    0.25024    0.26953    0.27591
   0.44833    0.45810
 kpt#  36, nband= 50, wtk=  0.00926, kpt=  0.5000  0.3333  0.1667 (reduced coord)
  -1.94189   -1.94110   -1.94097   -1.94031   -0.80339   -0.80247   -0.80201   -0.79992
  -0.79547   -0.79355   -0.79212   -0.79143   -0.78938   -0.78906   -0.78853   -0.78817
  -0.36910   -0.35363   -0.34781   -0.34405   -0.32608   -0.31509   -0.30540   -0.30255
   0.08883    0.09634    0.10111    0.11847    0.11910    0.12522    0.13614    0.14038
   0.14712    0.15740    0.16447    0.17909    0.19031    0.20186    0.20713    0.20895
   0.21533    0.22363    0.22704    0.23083    0.24335    0.24761    0.26960    0.27625
   0.44857    0.45482
 kpt#  37, nband= 50, wtk=  0.00926, kpt= -0.3333  0.3333  0.1667 (reduced coord)
  -1.94190   -1.94110   -1.94096   -1.94031   -0.80322   -0.80277   -0.80207   -0.79833
  -0.79562   -0.79359   -0.79306   -0.79088   -0.79028   -0.78925   -0.78888   -0.78749
  -0.37250   -0.35343   -0.34622   -0.34285   -0.32376   -0.31613   -0.30602   -0.30260
   0.08527    0.09610    0.10233    0.11005    0.12095    0.12572    0.13300    0.14052
   0.14939    0.15292    0.16567    0.18713    0.19083    0.19650    0.20388    0.21252
   0.21613    0.22318    0.23016    0.23441    0.24549    0.25017    0.26932    0.27612
   0.44998    0.45823
 kpt#  38, nband= 50, wtk=  0.00926, kpt= -0.1667  0.3333  0.1667 (reduced coord)
  -1.94192   -1.94112   -1.94094   -1.94029   -0.80286   -0.80274   -0.80187   -0.79689
  -0.79533   -0.79429   -0.79265   -0.79156   -0.79104   -0.78993   -0.78852   -0.78764
  -0.37778   -0.35259   -0.34449   -0.34140   -0.31936   -0.31656   -0.30780   -0.30311
   0.08217    0.09278    0.09890    0.10356    0.11731    0.12533    0.13260    0.14230
   0.14441    0.16228    0.16570    0.18048    0.19054    0.19695    0.20228    0.21630
   0.22249    0.22713    0.23094    0.23357    0.25088    0.25849    0.27033    0.27500
   0.45491    0.46275
 kpt#  39, nband= 50, wtk=  0.00926, kpt=  0.0000  0.5000  0.1667 (reduced coord)
  -1.94191   -1.94105   -1.94102   -1.94029   -0.80111   -0.80072   -0.79999   -0.79960
  -0.79566   -0.79512   -0.79241   -0.79231   -0.79026   -0.78983   -0.78948   -0.78917
  -0.36508   -0.36467   -0.34226   -0.34186   -0.31798   -0.31777   -0.30704   -0.30687
   0.08952    0.09119    0.10969    0.11128    0.12120    0.12276    0.13260    0.13558
   0.14220    0.14269    0.17703    0.17765    0.17930    0.17973    0.21638    0.21772
   0.21992    0.22239    0.22966    0.23200    0.26211    0.26257    0.27093    0.27206
   0.45663    0.45937
 kpt#  40, nband= 50, wtk=  0.00926, kpt=  0.1667  0.5000  0.1667 (reduced coord)
  -1.94190   -1.94106   -1.94102   -1.94030   -0.80223   -0.80192   -0.79977   -0.79921
  -0.79600   -0.79546   -0.79148   -0.79121   -0.79030   -0.79013   -0.78924   -0.78868
  -0.36459   -0.36410   -0.34310   -0.34257   -0.31902   -0.31888   -0.30584   -0.30562
   0.09103    0.09248    0.10927    0.11083    0.12357    0.12494    0.13288    0.13512
   0.14637    0.14738    0.16874    0.17071    0.18614    0.18740    0.21114    0.21235
   0.22333    0.22454    0.22860    0.23018    0.25756    0.25794    0.27084    0.27194
   0.45378    0.45511
 kpt#  41, nband= 50, wtk=  0.00926, kpt=  0.3333  0.5000  0.1667 (reduced coord)
  -1.94189   -1.94107   -1.94100   -1.94031   -0.80326   -0.80298   -0.80097   -0.80047
  -0.79493   -0.79457   -0.79143   -0.79108   -0.78970   -0.78951   -0.78851   -0.78809
  -0.36333   -0.36268   -0.34529   -0.34458   -0.32029   -0.31992   -0.30421   -0.30377
   0.09440    0.09559    0.10986    0.11171    0.12354    0.12525    0.13907    0.14031
   0.14917    0.15034    0.16718    0.16867    0.19238    0.19470    0.20579    0.20730
   0.21726    0.21817    0.22951    0.23003    0.24853    0.24955    0.27106    0.27202
   0.44873    0.45072
 kpt#  42, nband= 50, wtk=  0.00926, kpt=  0.5000  0.5000  0.1667 (reduced coord)
  -1.94188   -1.94108   -1.94099   -1.94032   -0.80368   -0.80306   -0.80179   -0.80132
  -0.79394   -0.79370   -0.79214   -0.79185   -0.78894   -0.78849   -0.78847   -0.78808
  -0.36249   -0.36177   -0.34669   -0.34595   -0.32059   -0.32010   -0.30362   -0.30306
   0.09674    0.09782    0.10848    0.11065    0.12755    0.12889    0.13622    0.13688
   0.15363    0.15487    0.16792    0.16875    0.19551    0.19792    0.20304    0.20512
   0.21626    0.21729    0.22493    0.22632    0.24409    0.24578    0.27151    0.27260
   0.44789    0.45116
 kpt#  43, nband= 50, wtk=  0.00926, kpt= -0.3333  0.5000  0.1667 (reduced coord)
  -1.94189   -1.94107   -1.94100   -1.94031   -0.80347   -0.80274   -0.80097   -0.80048
  -0.79495   -0.79454   -0.79143   -0.79109   -0.78981   -0.78937   -0.78836   -0.78827
  -0.36331   -0.36269   -0.34526   -0.34463   -0.32024   -0.31995   -0.30421   -0.30377
   0.09426    0.09575    0.11004    0.11153    0.12382    0.12491    0.13925    0.14012
   0.14944    0.15008    0.16770    0.16819    0.19217    0.19496    0.20509    0.20789
   0.21741    0.21815    0.22919    0.23027    0.24850    0.24957    0.27116    0.27195
   0.44868    0.45066
 kpt#  44, nband= 50, wtk=  0.00926, kpt= -0.1667  0.5000  0.1667 (reduced coord)
  -1.94190   -1.94106   -1.94102   -1.94030   -0.80241   -0.80173   -0.79981   -0.79916
  -0.79589   -0.79554   -0.79155   -0.79125   -0.79041   -0.78989   -0.78903   -0.78893
  -0.36458   -0.36411   -0.34307   -0.34261   -0.31901   -0.31889   -0.30584   -0.30562
   0.09089    0.09265    0.10943    0.11069    0.12336    0.12508    0.13301    0.13500
   0.14641    0.14728    0.16914    0.17039    0.18620    0.18726    0.21132    0.21228
   0.22304    0.22495    0.22839    0.23023    0.25741    0.25806    0.27103    0.27177
   0.45331    0.45557
 kpt#  45, nband= 50, wtk=  0.00926, kpt=  0.0000 -0.3333  0.1667 (reduced coord)
  -1.94193   -1.94112   -1.94094   -1.94028   -0.80317   -0.80212   -0.80172   -0.79746
  -0.79438   -0.79321   -0.79282   -0.79233   -0.79089   -0.79040   -0.78854   -0.78824
  -0.37997   -0.35190   -0.34374   -0.34086   -0.31910   -0.31371   -0.30955   -0.30416
   0.08200    0.08826    0.10033    0.10157    0.11629    0.12377    0.13234    0.13978
   0.14533    0.16557    0.16583    0.17762    0.19034    0.19760    0.20292    0.21545
   0.22320    0.22779    0.23025    0.23643    0.25436    0.26405    0.27026    0.27435
   0.45657    0.47164
 kpt#  46, nband= 50, wtk=  0.00926, kpt=  0.1667 -0.3333  0.1667 (reduced coord)
  -1.94192   -1.94112   -1.94094   -1.94029   -0.80331   -0.80251   -0.80169   -0.79686
  -0.79516   -0.79434   -0.79239   -0.79145   -0.79104   -0.79026   -0.78864   -0.78768
  -0.37774   -0.35248   -0.34427   -0.34124   -0.31941   -0.31659   -0.30796   -0.30352
   0.08234    0.09325    0.09933    0.10403    0.11738    0.12513    0.13258    0.14142
   0.14494    0.16153    0.16524    0.18097    0.19076    0.19710    0.20139    0.21594
   0.22269    0.22627    0.23161    0.23398    0.25138    0.25819    0.26952    0.27546
   0.45483    0.46344
 kpt#  47, nband= 50, wtk=  0.00926, kpt=  0.3333 -0.3333  0.1667 (reduced coord)
  -1.94190   -1.94110   -1.94096   -1.94031   -0.80351   -0.80270   -0.80190   -0.79834
  -0.79537   -0.79371   -0.79287   -0.79073   -0.79028   -0.78947   -0.78909   -0.78750
  -0.37245   -0.35327   -0.34605   -0.34269   -0.32378   -0.31631   -0.30639   -0.30267
   0.08522    0.09684    0.10276    0.11003    0.12137    0.12504    0.13278    0.13978
   0.15077    0.15270    0.16563    0.18744    0.19081    0.19679    0.20346    0.21106
   0.21621    0.22378    0.22959    0.23444    0.24496    0.25081    0.26849    0.27637
   0.45072    0.45827
 kpt#  48, nband= 50, wtk=  0.00926, kpt=  0.5000 -0.3333  0.1667 (reduced coord)
  -1.94189   -1.94110   -1.94097   -1.94031   -0.80364   -0.80246   -0.80188   -0.79981
  -0.79523   -0.79352   -0.79223   -0.79135   -0.78931   -0.78895   -0.78871   -0.78841
  -0.36906   -0.35344   -0.34773   -0.34380   -0.32610   -0.31544   -0.30585   -0.30239
   0.08853    0.09740    0.10155    0.11760    0.11897    0.12561    0.13542    0.14076
   0.14718    0.15797    0.16465    0.18033    0.18994    0.20100    0.20739    0.20826
   0.21514    0.22399    0.22678    0.23015    0.24394    0.24696    0.26883    0.27629
   0.45010    0.45470
 kpt#  49, nband= 50, wtk=  0.00926, kpt= -0.3333 -0.3333  0.1667 (reduced coord)
  -1.94190   -1.94110   -1.94096   -1.94031   -0.80387   -0.80236   -0.80183   -0.79844
  -0.79559   -0.79354   -0.79256   -0.79101   -0.79004   -0.78965   -0.78886   -0.78769
  -0.37261   -0.35321   -0.34611   -0.34263   -0.32372   -0.31626   -0.30640   -0.30266
   0.08531    0.09668    0.10283    0.10981    0.12078    0.12524    0.13323    0.13993
   0.15090    0.15310    0.16614    0.18699    0.19076    0.19609    0.20381    0.20999
   0.21644    0.22414    0.22924    0.23470    0.24529    0.25088    0.26871    0.27617
   0.44900    0.45808
 kpt#  50, nband= 50, wtk=  0.00926, kpt= -0.1667 -0.3333  0.1667 (reduced coord)
  -1.94192   -1.94112   -1.94095   -1.94029   -0.80365   -0.80223   -0.80160   -0.79705
  -0.79511   -0.79441   -0.79213   -0.79128   -0.79094   -0.79050   -0.78851   -0.78790
  -0.37785   -0.35243   -0.34434   -0.34120   -0.31943   -0.31646   -0.30798   -0.30351
   0.08239    0.09311    0.09949    0.10377    0.11713    0.12510    0.13295    0.14147
   0.14536    0.16170    0.16534    0.18086    0.19037    0.19757    0.20060    0.21580
   0.22287    0.22623    0.23099    0.23460    0.25160    0.25808    0.26985    0.27520
   0.45350    0.46362
 kpt#  51, nband= 50, wtk=  0.00926, kpt=  0.0000 -0.1667  0.1667 (reduced coord)
  -1.94197   -1.94117   -1.94086   -1.94027   -0.80511   -0.80393   -0.80367   -0.79558
  -0.79371   -0.79296   -0.79262   -0.79196   -0.79067   -0.78943   -0.78751   -0.78733
  -0.39127   -0.34670   -0.34531   -0.34079   -0.31479   -0.31097   -0.31017   -0.30175
   0.07460    0.07683    0.08145    0.09892    0.11009    0.11216    0.14928    0.15202
   0.15754    0.16185    0.17262    0.18522    0.18596    0.20830    0.21114    0.21777
   0.22328    0.23135    0.23506    0.24024    0.24561    0.26264    0.27186    0.27691
   0.45915    0.46592
 kpt#  52, nband= 50, wtk=  0.00926, kpt=  0.1667 -0.1667  0.1667 (reduced coord)
  -1.94195   -1.94117   -1.94088   -1.94028   -0.80462   -0.80369   -0.80303   -0.79512
  -0.79441   -0.79364   -0.79251   -0.79180   -0.79082   -0.79024   -0.78788   -0.78702
  -0.38781   -0.34709   -0.34493   -0.34055   -0.31697   -0.31388   -0.30891   -0.30189
   0.07609    0.08081    0.08389    0.09976    0.10752    0.12074    0.14593    0.14984
   0.15514    0.16098    0.16827    0.17912    0.19389    0.20685    0.21266    0.21492
   0.22674    0.22870    0.23616    0.24046    0.24557    0.25413    0.27185    0.27826
   0.45952    0.46857
 kpt#  53, nband= 50, wtk=  0.00926, kpt=  0.3333 -0.1667  0.1667 (reduced coord)
  -1.94192   -1.94114   -1.94092   -1.94029   -0.80357   -0.80270   -0.80166   -0.79616
  -0.79525   -0.79454   -0.79289   -0.79124   -0.79103   -0.79012   -0.78849   -0.78769
  -0.37929   -0.34726   -0.34494   -0.34091   -0.32622   -0.31299   -0.30840   -0.30258
   0.07836    0.08358    0.09845    0.10582    0.11057    0.12036    0.13750    0.14393
   0.15131    0.15799    0.16671    0.18287    0.19642    0.20296    0.20884    0.21305
   0.22484    0.22984    0.23244    0.24090    0.24193    0.25215    0.27049    0.27931
   0.45634    0.46373
 kpt#  54, nband= 50, wtk=  0.00926, kpt=  0.5000 -0.1667  0.1667 (reduced coord)
  -1.94191   -1.94112   -1.94095   -1.94030   -0.80283   -0.80226   -0.80015   -0.79780
  -0.79603   -0.79547   -0.79199   -0.79125   -0.79022   -0.78973   -0.78913   -0.78878
  -0.37339   -0.34762   -0.34541   -0.34181   -0.33113   -0.31196   -0.30836   -0.30315
   0.08156    0.08532    0.10181    0.10945    0.11243    0.12661    0.13143    0.13947
   0.14676    0.16045    0.16769    0.17679    0.19503    0.19600    0.21623    0.21788
   0.22342    0.22586    0.23212    0.23544    0.24257    0.25314    0.27016    0.27920
   0.45510    0.45754
 kpt#  55, nband= 50, wtk=  0.00926, kpt= -0.3333 -0.1667  0.1667 (reduced coord)
  -1.94192   -1.94114   -1.94092   -1.94029   -0.80389   -0.80236   -0.80168   -0.79644
  -0.79535   -0.79430   -0.79269   -0.79130   -0.79074   -0.79031   -0.78842   -0.78787
  -0.37939   -0.34722   -0.34506   -0.34082   -0.32617   -0.31293   -0.30839   -0.30258
   0.07886    0.08298    0.09834    0.10597    0.11025    0.12063    0.13736    0.14438
   0.15128    0.15776    0.16750    0.18262    0.19640    0.20246    0.20893    0.21353
   0.22301    0.23089    0.23236    0.24093    0.24198    0.25237    0.27070    0.27911
   0.45449    0.46335
 kpt#  56, nband= 50, wtk=  0.00926, kpt= -0.1667 -0.1667  0.1667 (reduced coord)
  -1.94195   -1.94116   -1.94088   -1.94028   -0.80486   -0.80336   -0.80315   -0.79518
  -0.79458   -0.79362   -0.79231   -0.79162   -0.79067   -0.79042   -0.78779   -0.78720
  -0.38788   -0.34709   -0.34501   -0.34050   -0.31695   -0.31381   -0.30890   -0.30189
   0.07646    0.08064    0.08359    0.09968    0.10742    0.12088    0.14619    0.14963
   0.15575    0.16097    0.16807    0.17915    0.19385    0.20703    0.21262    0.21468
   0.22604    0.22897    0.23603    0.24003    0.24623    0.25415    0.27215    0.27801
   0.45836    0.46810
 kpt#  57, nband= 50, wtk=  0.00926, kpt=  0.0000  0.0000  0.3333 (reduced coord)
  -1.94193   -1.94122   -1.94083   -1.94029   -0.80358   -0.80277   -0.80202   -0.79681
  -0.79567   -0.79339   -0.79297   -0.79181   -0.79034   -0.78992   -0.78795   -0.78771
  -0.38354   -0.35296   -0.34286   -0.33998   -0.31632   -0.31258   -0.31075   -0.30437
   0.07885    0.08299    0.09457    0.10949    0.11560    0.12033    0.13007    0.14331
   0.14510    0.17073    0.17882    0.18159    0.18700    0.19438    0.20232    0.21694
   0.22091    0.23523    0.23558    0.24343    0.25104    0.25799    0.26256    0.26921
   0.46833    0.47051
 kpt#  58, nband= 50, wtk=  0.00926, kpt=  0.1667  0.0000  0.3333 (reduced coord)
  -1.94192   -1.94120   -1.94085   -1.94030   -0.80331   -0.80264   -0.80152   -0.79675
  -0.79607   -0.79370   -0.79280   -0.79187   -0.79047   -0.78998   -0.78843   -0.78764
  -0.38068   -0.35276   -0.34272   -0.33979   -0.31826   -0.31437   -0.31057   -0.30444
   0.07887    0.09002    0.09495    0.10285    0.11604    0.12570    0.13446    0.14448
   0.14740    0.16628    0.16845    0.18287    0.18926    0.19404    0.20613    0.21350
   0.22216    0.23244    0.23479    0.24282    0.24838    0.25448    0.26384    0.26976
   0.46603    0.47079
 kpt#  59, nband= 50, wtk=  0.00926, kpt=  0.3333  0.0000  0.3333 (reduced coord)
  -1.94190   -1.94116   -1.94091   -1.94031   -0.80301   -0.80188   -0.80015   -0.79766
  -0.79622   -0.79467   -0.79311   -0.79108   -0.79028   -0.79014   -0.78950   -0.78792
  -0.37369   -0.35252   -0.34194   -0.34008   -0.32546   -0.31543   -0.30983   -0.30501
   0.08154    0.09093    0.10076    0.11196    0.11489    0.12406    0.13659    0.14681
   0.14943    0.16108    0.16680    0.17950    0.18518    0.19656    0.20452    0.21247
   0.22213    0.22362    0.23744    0.24042    0.24446    0.25291    0.26159    0.27201
   0.45900    0.46385
 kpt#  60, nband= 50, wtk=  0.00926, kpt=  0.5000  0.0000  0.3333 (reduced coord)
  -1.94189   -1.94112   -1.94094   -1.94031   -0.80287   -0.80132   -0.79900   -0.79779
  -0.79747   -0.79521   -0.79272   -0.79103   -0.79042   -0.79021   -0.78926   -0.78855
  -0.36905   -0.35248   -0.34133   -0.34107   -0.32967   -0.31573   -0.30939   -0.30541
   0.08407    0.08940    0.10358    0.11533    0.11812    0.12892    0.13071    0.14499
   0.15229    0.16283    0.16695    0.17225    0.18406    0.19315    0.20271    0.21404
   0.22362    0.22632    0.23418    0.23527    0.24778    0.25366    0.25720    0.27301
   0.45500    0.45924
 kpt#  61, nband= 50, wtk=  0.00926, kpt= -0.3333  0.0000  0.3333 (reduced coord)
  -1.94190   -1.94116   -1.94091   -1.94031   -0.80305   -0.80187   -0.80014   -0.79765
  -0.79617   -0.79468   -0.79316   -0.79110   -0.79052   -0.78977   -0.78951   -0.78800
  -0.37369   -0.35251   -0.34194   -0.34008   -0.32545   -0.31543   -0.30983   -0.30500
   0.08153    0.09091    0.10073    0.11190    0.11501    0.12414    0.13658    0.14690
   0.14930    0.16118    0.16672    0.17937    0.18512    0.19668    0.20452    0.21260
   0.22186    0.22377    0.23740    0.24038    0.24453    0.25293    0.26159    0.27202
   0.45883    0.46362
 kpt#  62, nband= 50, wtk=  0.00926, kpt= -0.1667  0.0000  0.3333 (reduced coord)
  -1.94192   -1.94120   -1.94085   -1.94030   -0.80344   -0.80242   -0.80162   -0.79659
  -0.79624   -0.79363   -0.79283   -0.79190   -0.79057   -0.78987   -0.78836   -0.78772
  -0.38068   -0.35276   -0.34271   -0.33979   -0.31825   -0.31439   -0.31057   -0.30444
   0.07887    0.09005    0.09493    0.10283    0.11598    0.12576    0.13450    0.14480
   0.14709    0.16637    0.16841    0.18278    0.18925    0.19403    0.20615    0.21348
   0.22219    0.23240    0.23475    0.24288    0.24836    0.25451    0.26390    0.26972
   0.46594    0.47061
 kpt#  63, nband= 50, wtk=  0.00926, kpt=  0.0000  0.1667  0.3333 (reduced coord)
  -1.94192   -1.94120   -1.94086   -1.94030   -0.80296   -0.80244   -0.80181   -0.79777
  -0.79532   -0.79327   -0.79269   -0.79246   -0.79076   -0.78985   -0.78837   -0.78745
  -0.38041   -0.35229   -0.34408   -0.34128   -0.31509   -0.31492   -0.31090   -0.30482
   0.08603    0.08641    0.09697    0.10961    0.11605    0.12047    0.12969    0.14359
   0.14833    0.16238    0.17560    0.18471    0.18739    0.18870    0.20604    0.21933
   0.22190    0.22653    0.23278    0.24193    0.24807    0.25661    0.26260    0.26770
   0.46520    0.47085
 kpt#  64, nband= 50, wtk=  0.00926, kpt=  0.1667  0.1667  0.3333 (reduced coord)
  -1.94191   -1.94118   -1.94088   -1.94030   -0.80347   -0.80264   -0.80141   -0.79732
  -0.79559   -0.79396   -0.79261   -0.79188   -0.79079   -0.78978   -0.78812   -0.78768
  -0.37813   -0.35264   -0.34477   -0.34135   -0.31773   -0.31413   -0.31082   -0.30433
   0.08452    0.09306    0.09813    0.10486    0.11714    0.12434    0.13429    0.14461
   0.14831    0.15997    0.16585    0.18278    0.18906    0.19882    0.20818    0.21439
   0.22187    0.22654    0.23141    0.23977    0.24306    0.25374    0.26329    0.26891
   0.46021    0.47191
 kpt#  65, nband= 50, wtk=  0.00926, kpt=  0.3333  0.1667  0.3333 (reduced coord)
  -1.94190   -1.94114   -1.94092   -1.94031   -0.80371   -0.80267   -0.80141   -0.79832
  -0.79563   -0.79342   -0.79256   -0.79097   -0.79057   -0.78954   -0.78863   -0.78803
  -0.37247   -0.35316   -0.34595   -0.34299   -0.32256   -0.31293   -0.30972   -0.30426
   0.08640    0.09377    0.10384    0.11115    0.11830    0.12394    0.13859    0.14215
   0.14800    0.16161    0.16208    0.18107    0.18974    0.20119    0.20301    0.21539
   0.21918    0.22640    0.22921    0.23690    0.23873    0.25305    0.25860    0.27111
   0.45268    0.46272
 kpt#  66, nband= 50, wtk=  0.00926, kpt=  0.5000  0.1667  0.3333 (reduced coord)
  -1.94189   -1.94112   -1.94095   -1.94032   -0.80354   -0.80260   -0.80138   -0.79965
  -0.79501   -0.79402   -0.79131   -0.79058   -0.79000   -0.78983   -0.78919   -0.78846
  -0.36860   -0.35350   -0.34611   -0.34540   -0.32473   -0.31217   -0.30904   -0.30457
   0.08882    0.09251    0.10612    0.11414    0.11766    0.13028    0.13536    0.14455
   0.14504    0.16342    0.16483    0.17401    0.18840    0.19675    0.20856    0.21083
   0.22224    0.22572    0.22874    0.23445    0.23920    0.25290    0.25584    0.27164
   0.45103    0.45508
 kpt#  67, nband= 50, wtk=  0.00926, kpt= -0.3333  0.1667  0.3333 (reduced coord)
  -1.94190   -1.94114   -1.94092   -1.94031   -0.80346   -0.80264   -0.80182   -0.79807
  -0.79545   -0.79364   -0.79275   -0.79115   -0.79052   -0.78933   -0.78849   -0.78814
  -0.37236   -0.35314   -0.34578   -0.34321   -0.32264   -0.31284   -0.30986   -0.30425
   0.08636    0.09392    0.10364    0.11120    0.11834    0.12444    0.13848    0.14157
   0.14841    0.16088    0.16174    0.18153    0.19015    0.20093    0.20313    0.21564
   0.21938    0.22607    0.22884    0.23769    0.23859    0.25300    0.25817    0.27140
   0.45422    0.46173
 kpt#  68, nband= 50, wtk=  0.00926, kpt= -0.1667  0.1667  0.3333 (reduced coord)
  -1.94191   -1.94118   -1.94088   -1.94030   -0.80319   -0.80266   -0.80176   -0.79698
  -0.79555   -0.79431   -0.79250   -0.79201   -0.79094   -0.78956   -0.78817   -0.78763
  -0.37804   -0.35260   -0.34464   -0.34148   -0.31786   -0.31402   -0.31094   -0.30432
   0.08453    0.09330    0.09780    0.10526    0.11649    0.12505    0.13408    0.14428
   0.14829    0.16026    0.16547    0.18308    0.18859    0.19865    0.20816    0.21485
   0.22274    0.22592    0.23145    0.24007    0.24275    0.25411    0.26278    0.26905
   0.46123    0.47265
 kpt#  69, nband= 50, wtk=  0.00926, kpt=  0.0000  0.3333  0.3333 (reduced coord)
  -1.94190   -1.94114   -1.94093   -1.94031   -0.80205   -0.80125   -0.80094   -0.79926
  -0.79519   -0.79422   -0.79356   -0.79190   -0.79048   -0.78965   -0.78936   -0.78771
  -0.37181   -0.35020   -0.34949   -0.34391   -0.31724   -0.31294   -0.31248   -0.30660
   0.09576    0.10213    0.10417    0.11141    0.11732    0.12350    0.13057    0.13318
   0.15262    0.15976    0.16797    0.17379    0.18630    0.19752    0.20254    0.20906
   0.20990    0.22939    0.23019    0.23566    0.24961    0.25532    0.26214    0.26439
   0.46050    0.46859
 kpt#  70, nband= 50, wtk=  0.00926, kpt=  0.1667  0.3333  0.3333 (reduced coord)
  -1.94190   -1.94113   -1.94094   -1.94031   -0.80339   -0.80245   -0.80152   -0.79901
  -0.79485   -0.79400   -0.79242   -0.79135   -0.79034   -0.78957   -0.78877   -0.78778
  -0.37095   -0.35184   -0.35054   -0.34509   -0.31701   -0.31365   -0.31021   -0.30528
   0.09587    0.10102    0.10719    0.11202    0.11807    0.12453    0.13271    0.13697
   0.14993    0.15829    0.16257    0.17990    0.18827    0.19759    0.20545    0.20851
   0.21528    0.22399    0.22885    0.23119    0.24555    0.25352    0.26180    0.26544
   0.45549    0.46626
 kpt#  71, nband= 50, wtk=  0.00926, kpt=  0.3333  0.3333  0.3333 (reduced coord)
  -1.94189   -1.94111   -1.94096   -1.94032   -0.80448   -0.80379   -0.80297   -0.80103
  -0.79341   -0.79209   -0.79149   -0.79052   -0.79017   -0.78904   -0.78830   -0.78791
  -0.36851   -0.35416   -0.35308   -0.34857   -0.31753   -0.31104   -0.30781   -0.30373
   0.09657    0.10159    0.11227    0.11321    0.11973    0.12562    0.13141    0.14098
   0.14599    0.16296    0.16640    0.18156    0.18918    0.19884    0.20508    0.20831
   0.21377    0.21942    0.22569    0.23045    0.24004    0.25196    0.25632    0.26686
   0.44790    0.46089
 kpt#  72, nband= 50, wtk=  0.00926, kpt=  0.5000  0.3333  0.3333 (reduced coord)
  -1.94188   -1.94109   -1.94097   -1.94032   -0.80456   -0.80427   -0.80359   -0.80241
  -0.79266   -0.79192   -0.79055   -0.79030   -0.78930   -0.78897   -0.78853   -0.78805
  -0.36659   -0.35508   -0.35458   -0.35095   -0.31758   -0.30934   -0.30690   -0.30334
   0.09902    0.10090    0.11244    0.11541    0.11885    0.12638    0.13135    0.13931
   0.14986    0.16743    0.16988    0.17536    0.19364    0.19713    0.20349    0.20811
   0.21310    0.21680    0.22606    0.22795    0.23857    0.25209    0.25335    0.26755
   0.44700    0.45198
 kpt#  73, nband= 50, wtk=  0.00926, kpt= -0.3333  0.3333  0.3333 (reduced coord)
  -1.94189   -1.94111   -1.94096   -1.94032   -0.80403   -0.80379   -0.80353   -0.80088
  -0.79297   -0.79234   -0.79186   -0.79068   -0.79005   -0.78882   -0.78852   -0.78775
  -0.36831   -0.35447   -0.35270   -0.34875   -0.31756   -0.31110   -0.30781   -0.30373
   0.09652    0.10192    0.11192    0.11318    0.11975    0.12612    0.13115    0.14070
   0.14645    0.16208    0.16612    0.18169    0.18994    0.19822    0.20513    0.20825
   0.21454    0.21945    0.22601    0.23043    0.23962    0.25218    0.25576    0.26714
   0.44927    0.46066
 kpt#  74, nband= 50, wtk=  0.00926, kpt= -0.1667  0.3333  0.3333 (reduced coord)
  -1.94190   -1.94113   -1.94094   -1.94031   -0.80287   -0.80262   -0.80205   -0.79870
  -0.79488   -0.79389   -0.79265   -0.79141   -0.79055   -0.78929   -0.78881   -0.78773
  -0.37080   -0.35214   -0.35016   -0.34522   -0.31704   -0.31380   -0.31015   -0.30527
   0.09594    0.10131    0.10696    0.11210    0.11761    0.12512    0.13217    0.13744
   0.14942    0.15798    0.16271    0.18014    0.18835    0.19700    0.20538    0.20888
   0.21543    0.22435    0.22885    0.23147    0.24522    0.25384    0.26142    0.26547
   0.45656    0.46650
 kpt#  75, nband= 50, wtk=  0.00926, kpt=  0.0000  0.5000  0.3333 (reduced coord)
  -1.94189   -1.94107   -1.94100   -1.94031   -0.80116   -0.80085   -0.80031   -0.80003
  -0.79549   -0.79513   -0.79282   -0.79260   -0.79012   -0.78959   -0.78902   -0.78868
  -0.36033   -0.35998   -0.34712   -0.34685   -0.31602   -0.31574   -0.30969   -0.30944
   0.10486    0.10660    0.11271    0.11409    0.11597    0.11734    0.14157    0.14217
   0.14370    0.14503    0.16947    0.17099    0.18521    0.18618    0.20109    0.20262
   0.21886    0.22072    0.23211    0.23345    0.25646    0.25732    0.25855    0.25961
   0.45998    0.46238
 kpt#  76, nband= 50, wtk=  0.00926, kpt=  0.1667  0.5000  0.3333 (reduced coord)
  -1.94189   -1.94107   -1.94100   -1.94032   -0.80293   -0.80249   -0.80125   -0.80055
  -0.79447   -0.79410   -0.79152   -0.79133   -0.78977   -0.78958   -0.78910   -0.78846
  -0.36105   -0.36058   -0.34897   -0.34853   -0.31532   -0.31504   -0.30782   -0.30766
   0.10419    0.10541    0.11129    0.11286    0.12152    0.12261    0.13840    0.13939
   0.14752    0.14931    0.16761    0.16900    0.18982    0.19030    0.20340    0.20434
   0.21643    0.21745    0.22984    0.23063    0.25266    0.25337    0.26000    0.26139
   0.45692    0.45826
 kpt#  77, nband= 50, wtk=  0.00926, kpt=  0.3333  0.5000  0.3333 (reduced coord)
  -1.94188   -1.94108   -1.94099   -1.94032   -0.80456   -0.80427   -0.80322   -0.80272
  -0.79246   -0.79211   -0.79055   -0.79022   -0.78923   -0.78908   -0.78868   -0.78800
  -0.36208   -0.36143   -0.35272   -0.35210   -0.31349   -0.31296   -0.30511   -0.30479
   0.10513    0.10583    0.11226    0.11415    0.12273    0.12432    0.13452    0.13498
   0.15538    0.15743    0.17177    0.17310    0.19308    0.19345    0.20174    0.20368
   0.21233    0.21353    0.22560    0.22637    0.24883    0.24947    0.25931    0.26065
   0.45109    0.45304
 kpt#  78, nband= 50, wtk=  0.00926, kpt=  0.5000  0.5000  0.3333 (reduced coord)
  -1.94188   -1.94108   -1.94099   -1.94032   -0.80513   -0.80469   -0.80419   -0.80382
  -0.79142   -0.79121   -0.79063   -0.79046   -0.78875   -0.78840   -0.78823   -0.78793
  -0.36230   -0.36165   -0.35470   -0.35402   -0.31241   -0.31179   -0.30407   -0.30358
   0.10671    0.10765    0.11247    0.11438    0.12340    0.12515    0.13054    0.13097
   0.16175    0.16329    0.17555    0.17718    0.19312    0.19429    0.19743    0.20028
   0.21390    0.21573    0.22059    0.22213    0.24645    0.24751    0.26009    0.26098
   0.44898    0.45296
 kpt#  79, nband= 50, wtk=  0.00926, kpt= -0.3333  0.5000  0.3333 (reduced coord)
  -1.94188   -1.94108   -1.94099   -1.94032   -0.80473   -0.80409   -0.80320   -0.80275
  -0.79244   -0.79206   -0.79064   -0.79022   -0.78949   -0.78874   -0.78842   -0.78830
  -0.36201   -0.36147   -0.35273   -0.35212   -0.31338   -0.31307   -0.30516   -0.30474
   0.10494    0.10607    0.11285    0.11351    0.12266    0.12435    0.13426    0.13529
   0.15529    0.15746    0.17192    0.17301    0.19245    0.19402    0.20163    0.20375
   0.21230    0.21371    0.22509    0.22683    0.24865    0.24953    0.25967    0.26041
   0.45109    0.45294
 kpt#  80, nband= 50, wtk=  0.00926, kpt= -0.1667  0.5000  0.3333 (reduced coord)
  -1.94189   -1.94107   -1.94100   -1.94032   -0.80306   -0.80240   -0.80115   -0.80063
  -0.79442   -0.79408   -0.79167   -0.79126   -0.79003   -0.78920   -0.78890   -0.78875
  -0.36100   -0.36061   -0.34896   -0.34856   -0.31527   -0.31509   -0.30785   -0.30762
   0.10414    0.10551    0.11176    0.11235    0.12170    0.12246    0.13838    0.13926
   0.14746    0.14943    0.16794    0.16873    0.18980    0.19025    0.20313    0.20467
   0.21615    0.21776    0.22952    0.23093    0.25206    0.25390    0.26038    0.26108
   0.45664    0.45855
 kpt#  81, nband= 50, wtk=  0.00926, kpt=  0.0000 -0.3333  0.3333 (reduced coord)
  -1.94190   -1.94114   -1.94093   -1.94031   -0.80251   -0.80134   -0.80052   -0.79905
  -0.79507   -0.79413   -0.79351   -0.79217   -0.79026   -0.78993   -0.78900   -0.78810
  -0.37178   -0.35002   -0.34946   -0.34356   -0.31725   -0.31297   -0.31265   -0.30711
   0.09652    0.10243    0.10468    0.11219    0.11650    0.12400    0.13020    0.13369
   0.15105    0.15840    0.17047    0.17178    0.18631    0.19811    0.20162    0.20905
   0.20966    0.22879    0.23091    0.23621    0.25025    0.25486    0.26151    0.26495
   0.45958    0.47042
 kpt#  82, nband= 50, wtk=  0.00926, kpt=  0.1667 -0.3333  0.3333 (reduced coord)
  -1.94190   -1.94113   -1.94094   -1.94031   -0.80331   -0.80238   -0.80192   -0.79858
  -0.79486   -0.79377   -0.79250   -0.79148   -0.79044   -0.78962   -0.78860   -0.78800
  -0.37077   -0.35187   -0.35018   -0.34500   -0.31697   -0.31379   -0.31039   -0.30572
   0.09636    0.10167    0.10740    0.11288    0.11758    0.12413    0.13252    0.13830
   0.14813    0.15748    0.16274    0.18077    0.18740    0.19704    0.20579    0.20837
   0.21468    0.22278    0.22922    0.23300    0.24590    0.25296    0.26126    0.26602
   0.45609    0.46787
 kpt#  83, nband= 50, wtk=  0.00926, kpt=  0.3333 -0.3333  0.3333 (reduced coord)
  -1.94189   -1.94111   -1.94096   -1.94032   -0.80437   -0.80371   -0.80332   -0.80082
  -0.79271   -0.79258   -0.79152   -0.79043   -0.79018   -0.78921   -0.78860   -0.78777
  -0.36827   -0.35421   -0.35258   -0.34878   -0.31735   -0.31128   -0.30815   -0.30392
   0.09625    0.10297    0.11244    0.11330    0.12006    0.12513    0.13108    0.14024
   0.14713    0.16245    0.16619    0.18207    0.18974    0.19786    0.20564    0.20874
   0.21178    0.21945    0.22532    0.23115    0.23987    0.25184    0.25540    0.26761
   0.44974    0.46067
 kpt#  84, nband= 50, wtk=  0.00926, kpt=  0.5000 -0.3333  0.3333 (reduced coord)
  -1.94188   -1.94109   -1.94097   -1.94032   -0.80480   -0.80426   -0.80347   -0.80229
  -0.79244   -0.79186   -0.79062   -0.79021   -0.78915   -0.78883   -0.78868   -0.78851
  -0.36654   -0.35480   -0.35433   -0.35115   -0.31733   -0.30975   -0.30728   -0.30330
   0.09837    0.10197    0.11312    0.11585    0.11925    0.12558    0.13027    0.13870
   0.15084    0.16911    0.16991    0.17599    0.19310    0.19749    0.20279    0.20608
   0.21413    0.21577    0.22554    0.22804    0.23913    0.25183    0.25263    0.26771
   0.44828    0.45224
 kpt#  85, nband= 50, wtk=  0.00926, kpt= -0.3333 -0.3333  0.3333 (reduced coord)
  -1.94189   -1.94111   -1.94096   -1.94032   -0.80477   -0.80351   -0.80308   -0.80091
  -0.79317   -0.79224   -0.79130   -0.79039   -0.79008   -0.78925   -0.78852   -0.78801
  -0.36844   -0.35395   -0.35291   -0.34862   -0.31730   -0.31124   -0.30816   -0.30391
   0.09634    0.10255    0.11268    0.11356    0.12009    0.12450    0.13139    0.14057
   0.14661    0.16323    0.16656    0.18197    0.18890    0.19853    0.20520    0.20929
   0.21110    0.21936    0.22501    0.23097    0.24028    0.25159    0.25606    0.26734
   0.44832    0.46081
 kpt#  86, nband= 50, wtk=  0.00926, kpt= -0.1667 -0.3333  0.3333 (reduced coord)
  -1.94190   -1.94113   -1.94094   -1.94031   -0.80371   -0.80220   -0.80160   -0.79882
  -0.79476   -0.79391   -0.79229   -0.79147   -0.79025   -0.78971   -0.78858   -0.78816
  -0.37090   -0.35163   -0.35049   -0.34491   -0.31694   -0.31365   -0.31045   -0.30572
   0.09632    0.10133    0.10769    0.11280    0.11813    0.12344    0.13307    0.13766
   0.14868    0.15788    0.16255    0.18056    0.18728    0.19768    0.20576    0.20815
   0.21443    0.22255    0.22917    0.23266    0.24619    0.25264    0.26178    0.26591
   0.45500    0.46797
 kpt#  87, nband= 50, wtk=  0.00926, kpt=  0.0000 -0.1667  0.3333 (reduced coord)
  -1.94192   -1.94120   -1.94086   -1.94030   -0.80352   -0.80193   -0.80180   -0.79755
  -0.79531   -0.79337   -0.79279   -0.79234   -0.79055   -0.78994   -0.78826   -0.78779
  -0.38040   -0.35208   -0.34403   -0.34086   -0.31543   -0.31515   -0.31073   -0.30522
   0.08622    0.08689    0.09754    0.11038    0.11568    0.12034    0.12948    0.14389
   0.14718    0.16221    0.17750    0.18352    0.18684    0.18736    0.20584    0.21943
   0.22176    0.22795    0.23270    0.24088    0.24884    0.25661    0.26255    0.26772
   0.46544    0.47104
 kpt#  88, nband= 50, wtk=  0.00926, kpt=  0.1667 -0.1667  0.3333 (reduced coord)
  -1.94191   -1.94118   -1.94088   -1.94030   -0.80358   -0.80241   -0.80166   -0.79676
  -0.79560   -0.79434   -0.79244   -0.79189   -0.79088   -0.78970   -0.78835   -0.78768
  -0.37803   -0.35238   -0.34457   -0.34117   -0.31801   -0.31429   -0.31086   -0.30470
   0.08478    0.09351    0.09843    0.10561    0.11662    0.12410    0.13476    0.14449
   0.14746    0.16053    0.16555    0.18257    0.18795    0.19900    0.20720    0.21545
   0.22243    0.22522    0.23165    0.23980    0.24372    0.25430    0.26256    0.26909
   0.46160    0.47147
 kpt#  89, nband= 50, wtk=  0.00926, kpt=  0.3333 -0.1667  0.3333 (reduced coord)
  -1.94190   -1.94114   -1.94092   -1.94031   -0.80365   -0.80262   -0.80170   -0.79805
  -0.79529   -0.79365   -0.79252   -0.79105   -0.79049   -0.78958   -0.78893   -0.78794
  -0.37231   -0.35294   -0.34564   -0.34308   -0.32260   -0.31318   -0.30996   -0.30446
   0.08649    0.09418    0.10389    0.11154    0.11856    0.12401    0.13840    0.14162
   0.14810    0.16103    0.16288    0.18100    0.18977    0.20031    0.20391    0.21600
   0.21859    0.22413    0.22960    0.23713    0.23916    0.25299    0.25817    0.27146
   0.45466    0.46237
 kpt#  90, nband= 50, wtk=  0.00926, kpt=  0.5000 -0.1667  0.3333 (reduced coord)
  -1.94189   -1.94112   -1.94095   -1.94032   -0.80366   -0.80270   -0.80125   -0.79959
  -0.79488   -0.79379   -0.79135   -0.79046   -0.79012   -0.78983   -0.78933   -0.78862
  -0.36853   -0.35331   -0.34586   -0.34542   -0.32466   -0.31253   -0.30930   -0.30461
   0.08933    0.09220    0.10614    0.11441    0.11811    0.12985    0.13583    0.14413
   0.14459    0.16479    0.16549    0.17426    0.18711    0.19707    0.20679    0.21242
   0.22188    0.22562    0.22732    0.23458    0.23936    0.25245    0.25586    0.27167
   0.45211    0.45551
 kpt#  91, nband= 50, wtk=  0.00926, kpt= -0.3333 -0.1667  0.3333 (reduced coord)
  -1.94190   -1.94114   -1.94092   -1.94031   -0.80392   -0.80257   -0.80141   -0.79822
  -0.79539   -0.79356   -0.79239   -0.79088   -0.79040   -0.78978   -0.78892   -0.78804
  -0.37242   -0.35297   -0.34580   -0.34286   -0.32251   -0.31329   -0.30983   -0.30447
   0.08655    0.09395    0.10403    0.11158    0.11855    0.12369    0.13840    0.14223
   0.14769    0.16189    0.16311    0.18034    0.18938    0.20064    0.20367    0.21607
   0.21818    0.22449    0.22997    0.23645    0.23913    0.25314    0.25856    0.27119
   0.45309    0.46302
 kpt#  92, nband= 50, wtk=  0.00926, kpt= -0.1667 -0.1667  0.3333 (reduced coord)
  -1.94191   -1.94118   -1.94088   -1.94030   -0.80387   -0.80226   -0.80148   -0.79702
  -0.79565   -0.79396   -0.79262   -0.79179   -0.79067   -0.78987   -0.78824   -0.78784
  -0.37811   -0.35244   -0.34466   -0.34105   -0.31787   -0.31443   -0.31074   -0.30471
   0.08478    0.09330    0.09873    0.10519    0.11725    0.12348    0.13500    0.14495
   0.14728    0.16038    0.16590    0.18206    0.18849    0.19912    0.20730    0.21487
   0.22178    0.22573    0.23164    0.23944    0.24400    0.25395    0.26319    0.26889
   0.46045    0.47171
 kpt#  93, nband= 50, wtk=  0.00463, kpt=  0.0000  0.0000  0.5000 (reduced coord)
  -1.94190   -1.94124   -1.94083   -1.94030   -0.80145   -0.80109   -0.79988   -0.79973
  -0.79561   -0.79542   -0.79315   -0.79289   -0.78954   -0.78933   -0.78877   -0.78851
  -0.36752   -0.36739   -0.34036   -0.34014   -0.31592   -0.31579   -0.30877   -0.30863
   0.09043    0.09063    0.10418    0.10422    0.12746    0.12757    0.13140    0.13193
   0.14563    0.14580    0.17573    0.17786    0.18924    0.18976    0.21341    0.21494
   0.21952    0.22131    0.23739    0.23847    0.25498    0.25550    0.26406    0.26476
   0.47425    0.47538
 kpt#  94, nband= 50, wtk=  0.00926, kpt=  0.1667  0.0000  0.5000 (reduced coord)
  -1.94190   -1.94121   -1.94085   -1.94031   -0.80189   -0.80148   -0.79926   -0.79902
  -0.79631   -0.79615   -0.79239   -0.79218   -0.78978   -0.78964   -0.78881   -0.78862
  -0.36605   -0.36595   -0.34047   -0.34025   -0.31771   -0.31753   -0.30842   -0.30828
   0.08956    0.08966    0.10737    0.10764    0.12687    0.12779    0.13206    0.13266
   0.14932    0.14992    0.17470    0.17647    0.18548    0.18591    0.21158    0.21294
   0.22485    0.22579    0.23486    0.23545    0.25104    0.25149    0.26432    0.26498
   0.46845    0.46936
 kpt#  95, nband= 50, wtk=  0.00926, kpt=  0.3333  0.0000  0.5000 (reduced coord)
  -1.94189   -1.94116   -1.94091   -1.94032   -0.80244   -0.80195   -0.79844   -0.79797
  -0.79691   -0.79680   -0.79173   -0.79165   -0.79029   -0.79013   -0.78878   -0.78869
  -0.36273   -0.36272   -0.34076   -0.34052   -0.32141   -0.32116   -0.30786   -0.30775
   0.08973    0.08975    0.11045    0.11110    0.12531    0.12697    0.13752    0.13799
   0.15528    0.15617    0.17133    0.17281    0.18554    0.18604    0.20330    0.20426
   0.22514    0.22570    0.23618    0.23700    0.24479    0.24506    0.26466    0.26514
   0.45913    0.46039
 kpt#  96, nband= 50, wtk=  0.00463, kpt=  0.5000  0.0000  0.5000 (reduced coord)
  -1.94188   -1.94112   -1.94095   -1.94032   -0.80263   -0.80211   -0.79860   -0.79816
  -0.79636   -0.79598   -0.79252   -0.79235   -0.78973   -0.78937   -0.78924   -0.78889
  -0.36088   -0.36083   -0.34097   -0.34071   -0.32343   -0.32313   -0.30762   -0.30751
   0.09066    0.09073    0.11025    0.11105    0.12459    0.12650    0.14056    0.14124
   0.16047    0.16130    0.17032    0.17192    0.18567    0.18709    0.19582    0.19624
   0.22211    0.22279    0.23721    0.23726    0.24589    0.24671    0.26320    0.26336
   0.45440    0.45586
 kpt#  97, nband= 50, wtk=  0.00926, kpt=  0.0000  0.1667  0.5000 (reduced coord)
  -1.94190   -1.94121   -1.94086   -1.94031   -0.80146   -0.80084   -0.80017   -0.79975
  -0.79589   -0.79565   -0.79270   -0.79242   -0.78984   -0.78958   -0.78880   -0.78840
  -0.36571   -0.36554   -0.34201   -0.34177   -0.31580   -0.31562   -0.30938   -0.30908
   0.09561    0.09595    0.10630    0.10687    0.12293    0.12366    0.13617    0.13695
   0.14417    0.14423    0.17215    0.17336    0.19536    0.19587    0.20209    0.20516
   0.22617    0.22662    0.23496    0.23633    0.25007    0.25069    0.26303    0.26357
   0.47086    0.47183
 kpt#  98, nband= 50, wtk=  0.00926, kpt=  0.1667  0.1667  0.5000 (reduced coord)
  -1.94189   -1.94119   -1.94088   -1.94031   -0.80261   -0.80207   -0.79981   -0.79895
  -0.79599   -0.79542   -0.79211   -0.79194   -0.78998   -0.78923   -0.78889   -0.78851
  -0.36509   -0.36451   -0.34373   -0.34157   -0.31828   -0.31467   -0.30956   -0.30749
   0.09423    0.09472    0.10844    0.11009    0.12243    0.12781    0.13489    0.13651
   0.14724    0.14772    0.16965    0.17095    0.19231    0.19497    0.20613    0.21307
   0.22168    0.22641    0.23043    0.23693    0.24251    0.24994    0.26171    0.26551
   0.46180    0.47227
 kpt#  99, nband= 50, wtk=  0.00926, kpt=  0.3333  0.1667  0.5000 (reduced coord)
  -1.94189   -1.94115   -1.94092   -1.94032   -0.80344   -0.80309   -0.80066   -0.79999
  -0.79465   -0.79428   -0.79142   -0.79096   -0.79008   -0.78958   -0.78878   -0.78861
  -0.36320   -0.36221   -0.34615   -0.34352   -0.31928   -0.31599   -0.30812   -0.30641
   0.09358    0.09576    0.11041    0.11187    0.12505    0.12909    0.13293    0.13981
   0.15108    0.15556    0.17081    0.17386    0.18787    0.19375    0.20166    0.21164
   0.22159    0.22548    0.23006    0.23464    0.23569    0.24598    0.26266    0.26368
   0.45328    0.46062
 kpt# 100, nband= 50, wtk=  0.00926, kpt=  0.5000  0.1667  0.5000 (reduced coord)
  -1.94188   -1.94111   -1.94095   -1.94032   -0.80365   -0.80321   -0.80127   -0.80090
  -0.79373   -0.79339   -0.79135   -0.79117   -0.78969   -0.78933   -0.78910   -0.78877
  -0.36136   -0.36129   -0.34652   -0.34621   -0.31818   -0.31779   -0.30684   -0.30669
   0.09573    0.09580    0.11020    0.11121    0.12606    0.12746    0.13532    0.13639
   0.16172    0.16198    0.17229    0.17353    0.18643    0.18666    0.20218    0.20396
   0.22145    0.22263    0.23212    0.23279    0.24055    0.24158    0.26243    0.26276
   0.45143    0.45288
 kpt# 101, nband= 50, wtk=  0.00926, kpt= -0.3333  0.1667  0.5000 (reduced coord)
  -1.94189   -1.94115   -1.94092   -1.94032   -0.80344   -0.80282   -0.80106   -0.79979
  -0.79479   -0.79422   -0.79130   -0.79097   -0.79034   -0.78960   -0.78877   -0.78844
  -0.36311   -0.36209   -0.34603   -0.34376   -0.31954   -0.31571   -0.30832   -0.30635
   0.09367    0.09574    0.11025    0.11227    0.12563    0.12775    0.13291    0.14050
   0.15110    0.15520    0.16951    0.17442    0.18816    0.19436    0.20224    0.21082
   0.22233    0.22544    0.22956    0.23441    0.23583    0.24600    0.26230    0.26418
   0.45473    0.45958
 kpt# 102, nband= 50, wtk=  0.00926, kpt= -0.1667  0.1667  0.5000 (reduced coord)
  -1.94189   -1.94119   -1.94088   -1.94031   -0.80250   -0.80193   -0.80006   -0.79883
  -0.79604   -0.79561   -0.79206   -0.79170   -0.79022   -0.78945   -0.78882   -0.78831
  -0.36511   -0.36432   -0.34363   -0.34176   -0.31847   -0.31443   -0.30979   -0.30741
   0.09439    0.09468    0.10867    0.11001    0.12213    0.12766    0.13527    0.13631
   0.14710    0.14789    0.16946    0.17048    0.19185    0.19567    0.20576    0.21359
   0.22220    0.22695    0.23064    0.23653    0.24165    0.25031    0.26221    0.26495
   0.46298    0.47202
 kpt# 103, nband= 50, wtk=  0.00926, kpt=  0.0000  0.3333  0.5000 (reduced coord)
  -1.94189   -1.94114   -1.94093   -1.94032   -0.80146   -0.80081   -0.80037   -0.79987
  -0.79572   -0.79547   -0.79268   -0.79244   -0.79007   -0.78979   -0.78873   -0.78833
  -0.36067   -0.36049   -0.34680   -0.34661   -0.31488   -0.31468   -0.31093   -0.31059
   0.10544    0.10553    0.11445    0.11540    0.12021    0.12148    0.13674    0.13772
   0.14364    0.14380    0.17372    0.17459    0.17991    0.18267    0.20570    0.20582
   0.22450    0.22495    0.23239    0.23365    0.24578    0.24685    0.25877    0.25984
   0.46699    0.46771
 kpt# 104, nband= 50, wtk=  0.00926, kpt=  0.1667  0.3333  0.5000 (reduced coord)
  -1.94188   -1.94113   -1.94094   -1.94032   -0.80325   -0.80248   -0.80125   -0.80031
  -0.79458   -0.79378   -0.79200   -0.79154   -0.78990   -0.78931   -0.78875   -0.78836
  -0.36147   -0.36083   -0.34914   -0.34777   -0.31524   -0.31242   -0.31016   -0.30834
   0.10292    0.10766    0.11223    0.11468    0.12292    0.12518    0.13592    0.13696
   0.14592    0.14776    0.16893    0.16963    0.18967    0.19184    0.20424    0.21156
   0.21904    0.22123    0.22728    0.22843    0.24460    0.24745    0.25713    0.26263
   0.45728    0.47155
 kpt# 105, nband= 50, wtk=  0.00926, kpt=  0.3333  0.3333  0.5000 (reduced coord)
  -1.94188   -1.94111   -1.94096   -1.94032   -0.80480   -0.80429   -0.80314   -0.80242
  -0.79211   -0.79175   -0.79085   -0.79053   -0.78951   -0.78884   -0.78864   -0.78824
  -0.36225   -0.36125   -0.35304   -0.35146   -0.31300   -0.31062   -0.30743   -0.30591
   0.10503    0.10557    0.11264    0.11586    0.12312    0.12756    0.13041    0.13260
   0.15644    0.15808    0.17090    0.17559    0.18926    0.19153    0.20706    0.21046
   0.21443    0.21912    0.22450    0.22538    0.23810    0.24513    0.25851    0.25979
   0.44876    0.46100
 kpt# 106, nband= 50, wtk=  0.00926, kpt=  0.5000  0.3333  0.5000 (reduced coord)
  -1.94188   -1.94109   -1.94097   -1.94033   -0.80517   -0.80483   -0.80396   -0.80366
  -0.79131   -0.79113   -0.79005   -0.78996   -0.78920   -0.78883   -0.78856   -0.78823
  -0.36174   -0.36160   -0.35452   -0.35425   -0.31091   -0.31050   -0.30573   -0.30548
   0.10718    0.10746    0.11222    0.11354    0.12485    0.12585    0.12906    0.12982
   0.16430    0.16528    0.17760    0.17855    0.18396    0.18462    0.20404    0.20571
   0.21948    0.22092    0.22568    0.22655    0.23677    0.23795    0.25863    0.25916
   0.44887    0.45012
 kpt# 107, nband= 50, wtk=  0.00926, kpt= -0.3333  0.3333  0.5000 (reduced coord)
  -1.94188   -1.94111   -1.94096   -1.94032   -0.80459   -0.80417   -0.80353   -0.80231
  -0.79212   -0.79177   -0.79062   -0.79046   -0.78994   -0.78919   -0.78846   -0.78794
  -0.36208   -0.36109   -0.35307   -0.35168   -0.31320   -0.31030   -0.30772   -0.30584
   0.10514    0.10577    0.11234    0.11608    0.12305    0.12764    0.13069    0.13174
   0.15682    0.15865    0.16993    0.17522    0.18968    0.19149    0.20731    0.21012
   0.21398    0.21955    0.22508    0.22607    0.23715    0.24533    0.25899    0.25933
   0.45001    0.46016
 kpt# 108, nband= 50, wtk=  0.00926, kpt= -0.1667  0.3333  0.5000 (reduced coord)
  -1.94188   -1.94113   -1.94093   -1.94032   -0.80299   -0.80249   -0.80155   -0.80020
  -0.79461   -0.79390   -0.79182   -0.79150   -0.79009   -0.78956   -0.78864   -0.78816
  -0.36144   -0.36058   -0.34923   -0.34787   -0.31543   -0.31213   -0.31046   -0.30824
   0.10304    0.10793    0.11231    0.11427    0.12274    0.12561    0.13577    0.13630
   0.14643    0.14794    0.16833    0.16956    0.18983    0.19170    0.20390    0.21139
   0.21954    0.22127    0.22827    0.22900    0.24350    0.24767    0.25758    0.26204
   0.45822    0.47193
 kpt# 109, nband= 50, wtk=  0.00463, kpt=  0.0000  0.5000  0.5000 (reduced coord)
  -1.94188   -1.94108   -1.94099   -1.94033   -0.80131   -0.80101   -0.80043   -0.80014
  -0.79442   -0.79419   -0.79409   -0.79394   -0.78964   -0.78922   -0.78895   -0.78853
  -0.35402   -0.35384   -0.35341   -0.35323   -0.31325   -0.31298   -0.31279   -0.31253
   0.11145    0.11177    0.11284    0.11307    0.12974    0.13060    0.13183    0.13261
   0.15389    0.15423    0.15567    0.15605    0.19104    0.19194    0.19214    0.19303
   0.22839    0.22854    0.22989    0.23001    0.25048    0.25086    0.25212    0.25249
   0.46884    0.46970
 kpt# 110, nband= 50, wtk=  0.00926, kpt=  0.1667  0.5000  0.5000 (reduced coord)
  -1.94188   -1.94108   -1.94098   -1.94033   -0.80306   -0.80244   -0.80210   -0.80146
  -0.79318   -0.79293   -0.79230   -0.79209   -0.78955   -0.78909   -0.78887   -0.78843
  -0.35578   -0.35545   -0.35516   -0.35485   -0.31148   -0.31116   -0.31101   -0.31074
   0.10926    0.11003    0.11528    0.11604    0.12844    0.12937    0.13150    0.13198
   0.15541    0.15593    0.15935    0.15970    0.19413    0.19466    0.19632    0.19704
   0.22083    0.22144    0.22605    0.22649    0.25059    0.25140    0.25407    0.25490
   0.46165    0.46189
 kpt# 111, nband= 50, wtk=  0.00926, kpt=  0.3333  0.5000  0.5000 (reduced coord)
  -1.94188   -1.94108   -1.94098   -1.94033   -0.80503   -0.80454   -0.80425   -0.80376
  -0.79115   -0.79083   -0.79070   -0.79029   -0.78914   -0.78863   -0.78850   -0.78804
  -0.35894   -0.35845   -0.35823   -0.35777   -0.30834   -0.30799   -0.30779   -0.30745
   0.11072    0.11166    0.11524    0.11589    0.12646    0.12687    0.12849    0.12916
   0.16222    0.16291    0.16815    0.16885    0.19422    0.19498    0.19758    0.19866
   0.21607    0.21662    0.22209    0.22277    0.24964    0.25048    0.25234    0.25320
   0.45504    0.45560
 kpt# 112, nband= 50, wtk=  0.00463, kpt=  0.5000  0.5000  0.5000 (reduced coord)
  -1.94188   -1.94108   -1.94098   -1.94033   -0.80571   -0.80543   -0.80505   -0.80478
  -0.79055   -0.79039   -0.79002   -0.78992   -0.78865   -0.78827   -0.78809   -0.78772
  -0.36039   -0.35987   -0.35960   -0.35912   -0.30692   -0.30659   -0.30630   -0.30595
   0.11301    0.11370    0.11460    0.11530    0.12486    0.12533    0.12664    0.12710
   0.16834    0.16876    0.17108    0.17147    0.19276    0.19415    0.19488    0.19623
   0.21838    0.21869    0.22048    0.22082    0.24876    0.24969    0.24972    0.25060
   0.45384    0.45456
